diamond 11 20年06月28日8时400百帕流场
20 06 28  8  400 
2.500 -2.500  .0 180.0   90.0 .0  73 37
     -3.10     -4.20     -5.30     -6.40     -7.40     -8.50     -9.50    -10.50    -11.50    -12.50
    -13.40    -14.30    -15.20    -16.10    -16.90    -17.70    -18.50    -19.30    -19.90    -20.60
    -21.20    -21.80    -22.30    -22.80    -23.30    -23.70    -24.10    -24.40    -24.70    -24.90
    -25.10    -25.20    -25.30    -25.30    -25.30    -25.20    -25.10    -24.90    -24.70    -24.50
    -24.20    -23.80    -23.40    -23.00    -22.50    -22.00    -21.40    -20.80    -20.20    -19.50
    -18.80    -18.00    -17.20    -16.40    -15.60    -14.70    -13.80    -12.80    -11.90    -10.90
     -9.90     -8.80     -7.80     -6.70     -5.70     -4.60     -3.50     -2.40     -1.30     -0.20
      0.90      2.00      3.10
     -7.20     -8.10     -9.00     -9.70    -10.40    -11.10    -11.70    -12.20    -12.70    -13.10
    -13.40    -13.70    -13.90    -14.10    -14.20    -14.30    -14.40    -14.40    -14.40    -14.40
    -14.40    -14.40    -14.30    -14.30    -14.20    -14.20    -14.10    -14.10    -14.10    -14.10
    -14.10    -14.10    -14.20    -14.20    -14.30    -14.40    -14.50    -14.60    -14.70    -14.80
    -14.90    -15.00    -15.00    -15.10    -15.10    -15.10    -15.10    -15.00    -14.90    -14.80
    -14.50    -14.30    -13.90    -13.60    -13.10    -12.60    -12.00    -11.40    -10.70    -10.00
     -9.20     -8.40     -7.50     -6.60     -5.60     -4.60     -3.60     -2.60     -1.60     -0.60
      0.40      1.40      2.40
     -8.40     -8.60     -8.90     -9.00     -9.00     -9.00     -8.90     -8.60     -8.40     -8.00
     -7.60     -7.10     -6.50     -5.90     -5.30     -4.60     -3.90     -3.20     -2.50     -1.70
     -1.00     -0.40      0.30      0.90      1.40      1.90      2.30      2.70      3.00      3.20
      3.40      3.40      3.40      3.30      3.20      3.00      2.70      2.30      1.90      1.40
      0.90      0.30     -0.30     -0.90     -1.60     -2.20     -2.90     -3.60     -4.20     -4.70
     -5.30     -5.70     -6.10     -6.30     -6.50     -6.60     -6.50     -6.30     -6.00     -5.60
     -5.10     -4.50     -3.80     -3.00     -2.10     -1.20     -0.30      0.60      1.60      2.50
      3.30      4.10      4.80
     -0.90     -0.50     -0.20      0.20      0.50      0.90      1.20      1.60      2.00      2.40
      2.90      3.40      3.90      4.40      5.00      5.60      6.20      6.80      7.40      7.90
      8.50      8.90      9.30      9.70     10.00     10.20     10.50     10.60     10.80     10.90
     11.10     11.20     11.40     11.60     11.70     11.90     12.10     12.30     12.40     12.50
     12.50     12.40     12.30     12.00     11.60     11.20     10.60     10.00      9.30      8.50
      7.70      6.80      6.00      5.30      4.60      3.90      3.40      3.00      2.70      2.50
      2.40      2.40      2.50      2.70      3.00      3.30      3.70      4.00      4.40      4.70
      4.90      5.10      5.20
     11.90     12.40     12.80     13.00     13.00     13.00     12.80     12.50     12.20     11.90
     11.60     11.30     11.10     10.80     10.70     10.50     10.30     10.10      9.90      9.60
      9.30      8.80      8.30      7.70      7.10      6.60      6.00      5.50      5.20      5.10
      5.10      5.30      5.80      6.50      7.40      8.50      9.70     11.00     12.40     13.70
     15.00     16.20     17.30     18.10     18.80     19.20     19.40     19.40     19.10     18.70
     18.20     17.50     16.80     16.00     15.30     14.50     13.70     12.90     12.20     11.50
     10.70     10.00      9.20      8.40      7.50      6.70      5.80      4.90      4.00      3.20
      2.30      1.60      0.80
     20.80     21.00     21.00     20.60     20.00     19.20     18.20     17.10     15.90     14.70
     13.60     12.50     11.50     10.70      9.90      9.20      8.60      7.90      7.20      6.30
      5.30      4.20      3.10      1.80      0.60     -0.50     -1.50     -2.10     -2.50     -2.40
     -2.00     -1.10      0.10      1.70      3.60      5.60      7.80     10.00     12.20     14.20
     16.10     17.70     19.10     20.20     21.00     21.50     21.80     21.80     21.60     21.20
     20.80     20.30     19.90     19.40     19.00     18.60     18.20     17.70     17.20     16.40
     15.50     14.20     12.70     11.00      8.90      6.70      4.30      1.90     -0.40     -2.60
     -4.50     -6.10     -7.40
     20.20     20.30     20.20     19.70     19.00     18.00     16.80     15.30     13.80     12.20
     10.70      9.20      8.00      6.80      5.90      5.20      4.50      3.90      3.20      2.50
      1.70      0.80     -0.20     -1.10     -2.00     -2.60     -2.90     -2.70     -2.00     -0.70
      1.00      3.20      5.60      8.30     11.00     13.50     15.90     17.90     19.60     20.80
     21.70     22.20     22.40     22.20     21.70     21.00     20.20     19.30     18.30     17.40
     16.70     16.10     15.70     15.60     15.60     15.70     15.90     16.00     15.90     15.50
     14.70     13.40     11.50      9.10      6.20      2.90     -0.70     -4.30     -7.80    -10.90
    -13.50    -15.40    -16.50
     12.40     13.00     13.60     14.00     14.20     14.00     13.50     12.60     11.50     10.10
      8.50      6.80      5.20      3.60      2.20      1.10      0.10     -0.60     -1.10     -1.50
     -1.80     -2.00     -2.00     -1.90     -1.60     -0.90      0.20      1.90      4.00      6.70
      9.70     12.90     16.10     19.10     21.70     23.70     25.10     25.80     25.90     25.50
     24.60     23.40     22.00     20.50     18.80     17.20     15.60     14.20     12.90     11.90
     11.10     10.70     10.60     10.70     11.00     11.40     11.90     12.20     12.20     11.90
     11.10      9.70      7.60      4.90      1.70     -2.10     -6.10    -10.20    -14.10    -17.50
    -20.10    -21.90    -22.40
      2.70      4.20      5.90      7.70      9.40     10.80     11.70     12.10     11.90     11.20
      9.90      8.20      6.00      3.70      1.30     -1.10     -3.20     -5.00     -6.20     -6.90
     -7.00     -6.60     -5.70     -4.30     -2.70     -0.60      1.60      4.20      7.00      9.90
     12.90     15.70     18.10     20.00     21.20     21.70     21.40     20.50     19.10     17.40
     15.60     13.70     12.00     10.50      9.20      8.10      7.30      6.70      6.30      6.20
      6.40      6.70      7.20      7.80      8.40      8.90      9.20      9.40      9.30      8.90
      8.00      6.70      4.80      2.40     -0.50     -3.70     -7.10    -10.50    -13.70    -16.40
    -18.40    -19.60    -19.80
     -5.20     -3.40     -1.00      1.70      4.50      7.10      9.40     11.20     12.50     13.10
     13.00     12.10     10.50      8.00      4.90      1.40     -2.30     -5.70     -8.40    -10.30
    -11.20    -11.00     -9.80     -7.90     -5.50     -2.80     -0.20      2.20      4.40      6.30
      7.80      9.00      9.70     10.00      9.60      8.70      7.40      5.70      3.90      2.10
      0.50     -0.70     -1.60     -2.20     -2.40     -2.40     -2.10     -1.50     -0.70      0.40
      1.50      2.60      3.50      4.20      4.80      5.10      5.40      5.50      5.60      5.60
      5.30      4.80      4.00      2.90      1.50      0.00     -1.60     -3.00     -4.30     -5.20
     -5.80     -6.10     -5.90
    -11.20     -9.60     -7.20     -4.40     -1.40      1.60      4.40      7.10      9.60     11.80
     13.70     15.00     15.50     14.80     12.80      9.80      5.90      1.60     -2.60     -6.00
     -8.40     -9.40     -9.20     -7.90     -6.00     -3.90     -2.10     -0.70      0.10      0.40
      0.40      0.40      0.30      0.10     -0.20     -0.70     -1.60     -2.70     -3.90     -5.10
     -6.00     -6.70     -7.20     -7.50     -7.50     -7.30     -6.80     -6.00     -4.90     -3.80
     -2.70     -1.90     -1.60     -1.70     -2.10     -2.50     -2.80     -2.60     -2.00     -0.90
      0.40      1.70      3.00      4.00      5.00      5.90      7.10      8.40      9.90     11.40
     12.70     13.60     13.90
    -15.80    -13.80    -11.20     -8.20     -5.40     -2.80     -0.60      1.50      3.80      6.50
      9.70     13.10     16.20     18.60     19.80     19.40     17.60     14.50     10.70      6.80
      3.40      0.90     -0.50     -1.00     -0.90     -0.70     -0.90     -1.60     -2.70     -4.00
     -4.90     -5.10     -4.50     -3.30     -1.80     -0.60      0.10      0.10     -0.40     -1.30
     -2.30     -3.20     -4.00     -4.60     -5.00     -5.30     -5.20     -4.90     -4.30     -3.70
     -3.40     -3.70     -4.70     -6.50     -8.60    -10.70    -12.10    -12.40    -11.50     -9.50
     -6.70     -3.50     -0.30      3.00      6.20      9.70     13.30     17.20     21.00     24.50
     27.10     28.50     28.20
    -16.70    -13.50     -9.80     -6.10     -3.30     -1.60     -0.90     -0.80     -0.70      0.30
      2.60      6.20     10.70     15.50     19.70     22.90     24.50     24.60     23.40     21.20
     18.60     15.90     13.40     11.20      9.10      6.70      3.90      0.40     -3.20     -6.30
     -8.20     -8.50     -7.00     -4.30     -1.20      1.50      3.10      3.50      2.90      1.70
      0.50     -0.50     -1.00     -1.30     -1.30     -1.40     -1.40     -1.40     -1.30     -1.30
     -1.60     -2.50     -4.20     -6.70     -9.70    -12.60    -14.90    -16.00    -15.50    -13.70
    -10.80     -7.20     -3.30      0.80      5.10      9.60     14.40     19.20     23.80     27.50
     29.80     30.20     28.50
     -9.20     -5.20     -0.80      2.90      5.20      5.70      4.60      2.40     -0.10     -1.70
     -1.70      0.30      4.00      8.80     14.00     19.00     23.10     26.10     28.00     28.70
     28.40     27.30     25.30     22.70     19.30     15.00      9.90      4.20     -1.50     -6.20
     -9.20     -9.90     -8.60     -5.90     -3.00     -0.60      0.40      0.30     -0.70     -1.80
     -2.40     -2.20     -1.30      0.10      1.40      2.10      2.10      1.40      0.20     -1.00
     -1.90     -2.50     -3.00     -3.70     -4.80     -6.30     -7.70     -8.60     -8.80     -8.00
     -6.40     -4.20     -1.60      1.30      4.60      8.10     11.80     15.30     18.40     20.40
     21.00     19.70     16.50
      8.40     11.10     13.30     14.50     14.60     13.40     11.20      8.20      5.20      2.70
      1.50      1.90      3.80      6.70     10.30     13.90     17.50     20.90     24.10     26.80
     28.70     29.60     29.10     27.20     23.80     19.10     13.30      7.20      1.50     -3.00
     -5.70     -6.50     -5.80     -4.40     -3.10     -2.40     -2.50     -3.10     -3.70     -3.70
     -2.90     -1.10      1.50      4.20      6.30      7.20      6.40      3.90      0.60     -2.60
     -4.60     -4.80     -3.30     -0.80      1.80      3.60      4.50      4.60      4.30      4.00
      3.90      4.00      4.50      5.30      6.30      7.60      8.70      9.60      9.90      9.60
      8.40      6.30      3.20
     28.80     27.60     24.90     21.40     17.90     15.00     13.10     11.80     10.80     10.00
      9.50      9.50      9.90     10.50     11.10     11.70     12.50     13.90     16.10     18.90
     21.60     23.70     24.40     23.40     20.60     16.50     11.70      7.20      3.80      2.10
      1.90      2.50      3.30      3.40      2.90      1.80      0.90      0.50      0.90      2.10
      3.80      5.80      8.00     10.20     11.80     12.30     11.10      7.90      3.50     -1.10
     -4.10     -4.60     -2.40      1.50      5.80      9.30     11.40     12.10     11.80     11.10
     10.20      9.30      8.70      8.30      8.10      7.80      7.20      6.10      4.60      3.00
      1.50      0.10     -1.40
     38.60     33.40     26.30     18.90     12.90      9.70      9.20     10.50     12.20     13.50
     14.00     13.80     13.20     12.00     10.40      8.60      7.20      6.80      7.80     10.00
     12.60     15.00     16.20     15.90     14.00     11.00      7.90      5.80      5.60      7.30
     10.00     12.40     13.40     12.70     10.60      8.40      7.00      6.80      7.60      8.60
      9.30      9.40      9.40      9.80     10.80     11.90     12.50     11.70      9.40      6.10
      3.10      1.30      1.40      3.00      5.00      6.70      7.60      7.80      7.50      7.20
      6.90      6.70      6.80      7.00      7.50      7.70      7.40      6.40      5.20      4.00
      3.40      3.20      3.50
     32.00     25.60     17.70     10.10      4.80      2.90      3.90      6.30      8.60      9.70
      9.70      9.00      7.80      6.10      4.10      2.10      0.80      0.70      1.80      3.90
      6.30      8.50     10.00     10.60     10.10      8.80      7.60      7.50      9.10     12.30
     15.80     18.10     18.20     16.30     13.30     10.50      8.80      8.20      8.10      7.60
      6.20      4.10      2.30      1.60      2.80      5.80      9.50     12.70     14.20     13.60
     11.10      7.70      4.40      1.60     -0.20     -1.20     -1.60     -1.20     -0.40      0.60
      1.80      2.90      4.10      5.60      7.10      8.40      9.10      9.10      8.80      8.50
      8.60      9.10      9.90
     17.50     13.00      8.00      3.80      1.40      1.20      2.20      3.20      3.30      2.50
      1.50      0.80      0.40     -0.10     -0.80     -1.40     -1.30     -0.10      1.80      3.80
      5.50      6.90      8.20      9.50     10.80     11.80     12.80     14.00     15.80     17.80
     19.00     18.70     16.80     13.80     10.90      8.70      7.40      6.50      5.30      3.40
      1.00     -1.40     -3.00     -3.10     -1.30      2.30      6.90     11.40     14.40     14.80
     12.50      8.10      2.70     -1.90     -4.80     -5.40     -3.90     -1.10      2.00      4.90
      6.90      8.40      9.50     10.50     11.40     12.00     12.20     11.80     11.30     11.00
     11.00     11.30     12.20
      7.80      6.10      4.90      4.70      5.20      5.80      5.50      3.80      1.20     -1.10
     -1.80     -0.70      1.40      3.40      4.70      5.60      6.80      8.40     10.10     11.20
     11.30     11.00     11.10     12.30     14.40     17.10     19.90     22.20     23.50     23.20
     21.00     17.40     13.50     10.40      9.00      8.80      8.90      8.40      7.00      5.20
      3.80      3.20      3.40      4.20      5.30      6.80      8.60     10.20     11.20     10.90
      8.70      5.10      1.20     -1.40     -1.40      1.50      6.50     12.10     17.00     20.20
     21.70     22.00     21.60     20.80     19.60     18.10     16.20     14.40     13.00     12.10
     11.90     12.20     13.30
      5.90      6.10      7.30      9.10     10.90     11.70     10.50      7.60      4.30      2.30
      2.90      6.00     10.50     14.60     17.50     19.20     20.40     21.40     22.20     22.10
     21.00     19.50     18.30     18.20     19.50     22.00     25.10     27.80     28.90     27.20
     22.90     17.30     12.50     10.10     10.30     11.90     13.30     13.60     13.00     12.60
     13.00     14.30     15.50     15.90     15.20     13.70     11.90     10.40      9.40      8.70
      8.20      7.70      7.50      8.60     11.60     16.50     22.30     27.40     30.90     32.20
     31.90     30.70     29.10     27.30     25.10     22.50     20.00     18.00     16.90     16.50
     16.90     17.70     19.20
      6.40      7.40      8.90     10.90     12.80     13.90     13.70     12.20     10.50      9.60
     10.50     13.40     17.50     21.70     24.80     26.70     27.60     27.90     27.90     27.70
     27.20     26.50     25.70     25.00     24.90     25.70     27.50     29.70     30.70     29.10
     24.70     19.00     14.30     12.20     12.60     14.00     15.10     15.50     15.80     16.90
     18.70     20.30     20.70     19.60     17.40     14.80     12.60     11.20     11.10     12.30
     14.60     17.60     20.50     23.30     26.00     28.60     30.80     31.90     31.60     30.10
     28.10     26.40     25.20     24.20     23.10     22.00     21.30     21.30     22.20     23.50
     24.90     26.30     27.50
      6.50      7.40      8.30      9.30     10.70     12.30     13.80     14.90     15.30     15.10
     14.80     15.00     16.40     18.70     21.10     22.60     23.00     22.60     22.30     22.60
     23.80     25.40     26.80     27.30     26.90     26.40     26.60     27.60     28.40     27.50
     24.40     20.00     16.10     13.80     12.90     12.50     12.00     11.70     12.60     14.80
     17.10     18.10     17.00     14.60     12.30     11.20     11.40     12.70     14.70     17.60
     21.50     25.80     29.30     31.10     31.10     29.80     27.70     25.20     22.20     19.20
     16.60     15.20     15.10     15.70     16.60     17.50     18.80     20.70     23.10     25.50
     27.40     28.50     29.00
      7.80      7.90      7.70      7.80      8.30      9.60     11.60     13.70     15.20     15.10
     13.40     11.40     10.50     11.10     12.50     13.20     12.70     11.50     10.70     11.10
     12.90     15.80     18.80     21.10     22.00     21.70     21.00     20.70     20.70     20.20
     18.60     16.10     13.70     12.00     10.70      9.20      7.60      6.90      8.10     10.60
     13.00     13.50     11.90      9.60      8.40      9.30     11.60     14.20     16.50     18.70
     21.30     24.30     26.40     26.70     25.00     22.20     19.20     16.50     13.60     10.50
      7.90      6.60      7.20      8.90     10.90     12.50     13.70     15.10     16.90     18.70
     19.80     20.10     19.70
      8.40      7.20      6.60      6.50      6.60      6.90      7.60      8.70      9.60      9.20
      7.50      5.80      5.20      5.80      6.50      6.10      4.60      3.00      2.20      2.40
      3.40      5.10      7.40     10.00     11.90     12.30     11.30      9.90      8.80      8.20
      7.60      7.00      6.80      7.00      7.00      6.30      5.10      4.50      5.40      7.60
      9.70     10.40      9.40      8.20      8.10      9.60     11.90     13.70     14.30     14.20
     14.50     15.30     16.10     16.00     14.90     13.40     12.30     11.20      9.20      6.00
      2.60      0.90      1.70      4.50      7.40      8.90      9.00      8.50      8.40      8.70
      9.00      8.40      7.20
      3.40      1.90      1.90      2.70      3.10      2.70      2.10      1.80      1.60      0.80
     -0.10     -0.30      0.90      2.60      3.10      1.80     -0.20     -1.30     -0.90      0.10
      0.30     -0.20     -0.40      0.60      2.00      2.50      1.50     -0.40     -2.00     -2.60
     -2.40     -1.70     -0.10      2.00      3.80      4.30      3.50      2.60      2.70      4.00
      5.80      6.90      6.90      6.40      6.50      7.50      8.80      9.60      9.00      7.70
      6.70      6.50      6.90      7.30      7.30      7.20      7.20      6.60      4.30      0.30
     -3.80     -5.80     -4.30     -0.40      3.70      5.90      5.80      4.50      3.30      2.90
      2.70      1.80      0.30
     -5.70     -5.90     -4.60     -3.10     -2.50     -2.90     -3.40     -3.50     -3.90     -5.00
     -6.10     -5.60     -3.40     -1.10     -0.60     -2.30     -4.30     -4.60     -3.10     -1.30
     -1.10     -2.80     -4.90     -5.80     -5.50     -5.20     -5.70     -6.80     -7.40     -6.90
     -5.60     -3.80     -1.60      0.90      2.70      2.90      1.30     -0.60     -1.50     -0.70
      1.10      2.50      2.80      2.10      1.40      1.70      2.60      3.40      3.30      2.20
      1.30      1.00      1.50      2.10      2.30      2.20      1.70      0.40     -2.30     -5.90
     -9.10    -10.10     -8.20     -4.30     -0.20      2.30      2.80      1.80      0.50     -0.30
     -0.70     -1.10     -2.10
    -10.80     -9.00     -7.00     -6.00     -6.40     -6.80     -6.10     -4.70     -4.10     -5.40
     -7.30     -7.80     -6.50     -5.00     -4.80     -6.20     -7.80     -8.20     -7.50     -6.70
     -7.00     -8.80    -10.90    -12.20    -12.10    -11.20    -10.60     -9.90     -8.70     -6.40
     -3.60     -1.00      1.20      2.80      3.10      1.50     -1.30     -3.90     -4.70     -3.70
     -1.80     -0.50     -0.80     -2.30     -3.70     -3.80     -2.50     -1.10     -0.80     -1.60
     -2.50     -2.80     -2.40     -2.00     -1.90     -2.50     -3.60     -5.00     -6.30     -7.10
     -7.10     -6.30     -4.90     -3.50     -2.20     -1.30     -1.40     -2.60     -4.50     -6.10
     -6.70     -6.40     -5.70
     -8.90     -6.30     -4.50     -4.60     -6.00     -6.60     -5.10     -2.30     -0.70     -1.80
     -4.30     -6.30     -7.10     -7.50     -8.00     -8.60     -9.20    -10.10    -11.70    -13.70
    -15.50    -16.90    -17.90    -17.90    -16.60    -14.50    -12.60    -11.10     -9.40     -6.70
     -3.40     -0.30      1.90      2.60      1.60     -0.90     -3.60     -5.10     -5.00     -3.70
     -2.30     -1.90     -3.00     -5.00     -6.40     -6.20     -4.50     -2.90     -2.70     -3.80
     -5.00     -5.40     -5.30     -5.00     -5.00     -5.30     -6.10     -6.60     -5.80     -3.20
      0.20      2.50      2.30      0.20     -2.30     -4.10     -5.60     -7.60    -10.30    -12.60
    -13.20    -12.20    -10.30
     -6.60     -5.00     -3.60     -3.50     -4.30     -4.40     -2.70      0.00      1.70      1.10
     -1.00     -3.50     -6.20     -8.90    -10.60    -10.50     -9.30     -9.40    -12.00    -15.90
    -18.70    -19.60    -19.10    -17.70    -15.10    -11.90     -9.50     -8.80     -9.00     -8.40
     -6.50     -3.90     -2.10     -1.80     -3.00     -4.60     -5.50     -4.90     -3.60     -2.80
     -3.00     -3.90     -5.20     -6.60     -7.30     -6.60     -4.70     -3.40     -3.50     -4.50
     -5.20     -5.30     -5.20     -5.30     -5.20     -5.00     -5.20     -5.20     -3.70      0.00
      4.30      6.50      4.90      0.80     -3.40     -6.00     -7.50     -9.20    -11.30    -12.70
    -12.60    -11.40    -10.30
     -8.70     -8.50     -7.30     -5.80     -4.90     -4.10     -2.80     -1.20     -0.20     -0.20
     -1.00     -2.60     -5.70     -9.90    -12.80    -12.40     -9.70     -8.00     -9.30    -12.40
    -14.50    -14.50    -13.50    -11.70     -8.80     -5.10     -2.60     -2.80     -4.90     -6.70
     -6.90     -6.10     -5.50     -5.80     -6.60     -7.00     -5.90     -3.80     -2.30     -2.80
     -4.60     -6.10     -6.50     -6.60     -6.40     -5.80     -4.70     -3.90     -4.10     -4.30
     -3.80     -3.00     -3.10     -3.70     -3.90     -3.20     -2.80     -2.90     -2.30     -0.10
      2.50      3.10      0.50     -3.50     -6.60     -7.50     -7.20     -6.80     -6.50     -5.80
     -4.70     -4.10     -5.30
    -10.20    -10.60     -9.70     -8.00     -6.70     -6.00     -5.60     -5.20     -4.90     -4.70
     -4.30     -4.30     -5.90     -9.40    -12.70    -13.00    -10.40     -7.70     -7.30     -8.40
     -9.00     -8.70     -8.40     -7.80     -5.80     -2.30      0.90      1.80      0.80     -0.60
     -1.50     -2.30     -3.40     -4.50     -5.30     -5.10     -3.50     -1.50     -0.70     -2.20
     -4.50     -5.50     -4.60     -3.40     -3.20     -3.60     -4.00     -4.60     -5.40     -5.20
     -3.60     -2.10     -2.20     -3.40     -3.80     -2.50     -1.00     -0.50     -0.50      0.00
      0.30     -1.30     -4.60     -8.00     -9.50     -8.90     -7.00     -4.70     -2.20      0.00
      1.40      1.00     -1.30
     -6.10     -5.90     -5.90     -6.00     -6.30     -6.80     -7.30     -7.60     -8.10     -8.60
     -8.20     -7.10     -6.50     -7.80    -10.20    -11.40    -10.50     -8.80     -7.90     -8.10
     -8.30     -8.70     -9.70    -10.70    -10.00     -7.20     -3.70     -0.80      1.40      3.10
      3.80      2.80      0.80     -0.80     -1.20     -0.80      0.20      1.30      1.40      0.10
     -1.70     -2.00     -0.80      0.40      0.10     -1.30     -3.20     -5.40     -7.50     -7.80
     -6.00     -3.90     -3.70     -5.00     -5.50     -3.80     -1.40      0.10      0.80      1.00
      0.20     -2.40     -5.90     -8.80    -10.10    -10.00     -8.60     -6.00     -3.00     -0.80
     -0.10     -0.80     -2.00
     -1.30     -0.50     -0.90     -2.20     -3.70     -4.50     -4.90     -5.30     -6.70     -8.60
     -9.60     -8.80     -7.20     -6.80     -8.10     -9.80    -10.30     -9.80     -9.60    -10.00
    -10.70    -11.80    -13.40    -14.60    -14.40    -13.10    -11.40     -9.20     -5.90     -1.80
      1.00      1.00     -0.70     -1.60     -1.00      0.00      0.90      1.60      2.10      1.90
      1.00      0.30      0.40      0.40     -0.30     -1.60     -3.70     -6.60     -9.60    -10.60
     -8.90     -6.30     -5.70     -6.90     -7.80     -6.60     -4.50     -2.80     -1.80     -1.10
     -1.60     -3.40     -5.60     -7.40     -9.00    -10.40    -10.80     -9.10     -6.20     -4.50
     -4.60     -5.00     -4.10
     -3.50     -2.70     -2.30     -2.30     -1.90     -1.20     -0.50     -1.00     -3.00     -5.70
     -7.60     -7.80     -7.10     -6.90     -7.70     -8.80     -9.10     -9.00     -9.10     -9.80
    -10.80    -11.80    -12.40    -12.20    -11.50    -11.60    -13.40    -15.30    -14.90    -11.80
     -8.50     -7.50     -8.00     -7.90     -6.30     -4.50     -3.30     -2.10     -0.40      0.90
      0.70     -0.60     -2.20     -3.40     -4.10     -4.50     -5.40     -7.80    -10.50    -11.50
     -9.90     -7.60     -7.20     -8.70     -9.90     -9.60     -8.50     -7.70     -7.10     -6.50
     -6.30     -6.60     -6.60     -6.50     -7.50     -9.80    -11.50    -10.50     -7.60     -5.80
     -6.00     -6.10     -4.20
    -10.00     -9.50     -7.80     -5.30     -2.50      0.00      0.90      0.00     -2.00     -3.70
     -4.40     -4.70     -5.30     -6.20     -6.60     -6.20     -5.40     -5.20     -5.80     -6.60
     -7.30     -7.60     -7.30     -6.00     -4.70     -5.30     -9.30    -14.70    -18.20    -17.90
    -15.70    -14.00    -13.50    -12.70    -11.10     -9.50     -8.40     -7.00     -4.70     -2.60
     -1.90     -3.20     -5.20     -6.80     -7.40     -7.20     -7.30     -8.50    -10.20    -10.80
     -9.70     -8.80     -9.60    -11.30    -11.90    -11.00     -9.80     -9.40     -9.40     -9.20
     -9.00     -8.70     -7.70     -6.50     -6.60     -8.60    -10.50     -9.90     -7.30     -5.50
     -5.40     -5.30     -4.00
    -11.40    -10.90     -8.80     -5.80     -3.00     -1.40     -1.80     -3.70     -5.00     -4.40
     -2.50     -1.60     -2.60     -3.80     -3.40     -1.30      0.10     -0.50     -2.40     -3.80
     -4.10     -4.00     -4.10     -3.90     -3.60     -4.10     -7.10    -11.80    -15.70    -16.80
    -15.60    -13.80    -12.50    -11.40    -10.30     -9.50     -9.20     -8.70     -7.50     -6.00
     -5.10     -5.30     -6.30     -7.50     -8.40     -8.70     -8.90     -9.50    -10.00    -10.00
     -9.70    -10.40    -12.30    -13.60    -12.60     -9.80     -7.40     -6.60     -6.70     -6.90
     -7.40     -8.00     -8.10     -7.40     -7.10     -8.10     -9.20     -9.00     -7.70     -6.70
     -6.40     -6.10     -5.20
    -25.10    -24.90    -24.70    -24.50    -24.20    -23.80    -23.40    -23.00    -22.50    -22.00
    -21.40    -20.80    -20.20    -19.50    -18.80    -18.00    -17.20    -16.40    -15.60    -14.70
    -13.80    -12.80    -11.90    -10.90     -9.90     -8.80     -7.80     -6.70     -5.70     -4.60
     -3.50     -2.40     -1.30     -0.20      0.90      2.00      3.10      4.20      5.30      6.40
      7.40      8.50      9.50     10.50     11.50     12.50     13.40     14.30     15.20     16.10
     16.90     17.70     18.50     19.30     19.90     20.60     21.20     21.80     22.30     22.80
     23.30     23.70     24.10     24.40     24.70     24.90     25.10     25.20     25.30     25.30
     25.30     25.20     25.10
    -24.60    -23.90    -23.20    -22.40    -21.50    -20.70    -19.80    -18.90    -18.00    -17.10
    -16.20    -15.20    -14.30    -13.50    -12.60    -11.80    -10.90    -10.20     -9.40     -8.70
     -8.00     -7.30     -6.70     -6.00     -5.40     -4.90     -4.30     -3.80     -3.30     -2.80
     -2.30     -1.80     -1.30     -0.80     -0.20      0.30      0.90      1.50      2.10      2.70
      3.40      4.10      4.80      5.60      6.40      7.20      8.00      8.90      9.80     10.70
     11.70     12.60     13.60     14.50     15.40     16.30     17.20     18.10     18.90     19.60
     20.30     21.00     21.60     22.10     22.60     23.00     23.30     23.60     23.80     23.90
     23.90     23.90     23.80
    -21.00    -19.70    -18.40    -17.10    -15.70    -14.30    -13.00    -11.60    -10.30     -9.00
     -7.70     -6.50     -5.40     -4.40     -3.40     -2.50     -1.80     -1.10     -0.50     -0.10
      0.30      0.50      0.70      0.70      0.70      0.60      0.50      0.30      0.00     -0.30
     -0.60     -0.90     -1.20     -1.40     -1.70     -1.90     -2.10     -2.30     -2.30     -2.30
     -2.20     -2.10     -1.80     -1.40     -0.90     -0.30      0.40      1.20      2.10      3.20
      4.30      5.50      6.80      8.20      9.60     11.00     12.40     13.80     15.20     16.50
     17.70     18.80     19.80     20.60     21.30     21.90     22.20     22.40     22.50     22.30
     22.00     21.60     21.10
    -14.30    -13.00    -11.80    -10.50     -9.20     -7.90     -6.60     -5.30     -4.00     -2.70
     -1.50     -0.30      0.80      1.80      2.70      3.40      4.00      4.50      4.80      4.90
      4.90      4.80      4.60      4.30      3.90      3.50      3.00      2.60      2.10      1.60
      1.10      0.70      0.20     -0.20     -0.60     -1.00     -1.40     -1.80     -2.20     -2.60
     -3.00     -3.30     -3.60     -3.90     -4.00     -4.10     -4.00     -3.70     -3.30     -2.70
     -1.90     -1.00      0.20      1.50      3.00      4.60      6.20      7.90      9.60     11.30
     12.90     14.40     15.70     16.90     17.80     18.50     19.00     19.20     19.10     18.80
     18.20     17.40     16.50
     -6.80     -6.40     -6.00     -5.60     -5.10     -4.60     -4.00     -3.30     -2.50     -1.60
     -0.70      0.30      1.20      2.00      2.70      3.30      3.70      3.80      3.80      3.60
      3.30      2.80      2.30      1.70      1.30      0.90      0.60      0.50      0.50      0.80
      1.10      1.50      2.00      2.50      3.00      3.40      3.70      3.70      3.60      3.30
      2.90      2.20      1.40      0.40     -0.60     -1.50     -2.50     -3.20     -3.90     -4.30
     -4.40     -4.30     -3.90     -3.30     -2.40     -1.30      0.00      1.30      2.80      4.20
      5.70      7.00      8.30      9.40     10.40     11.20     11.80     12.10     12.30     12.20
     11.80     11.30     10.40
     -1.60     -2.50     -3.50     -4.40     -5.20     -5.80     -6.20     -6.20     -6.00     -5.40
     -4.60     -3.70     -2.70     -1.70     -0.90     -0.40     -0.10     -0.10     -0.50     -1.10
     -1.90     -2.80     -3.70     -4.30     -4.70     -4.80     -4.40     -3.60     -2.40     -0.90
      0.90      2.80      4.70      6.60      8.20      9.60     10.60     11.20     11.30     11.00
     10.30      9.20      7.80      6.20      4.40      2.60      0.80     -0.90     -2.30     -3.50
     -4.40     -5.00     -5.20     -5.20     -5.00     -4.60     -4.20     -3.70     -3.20     -2.70
     -2.20     -1.80     -1.30     -0.80     -0.30      0.40      1.10      1.80      2.70      3.50
      4.20      4.80      5.10
      0.70     -1.40     -3.60     -5.80     -7.80     -9.50    -10.80    -11.50    -11.60    -11.10
    -10.10     -8.80     -7.30     -5.70     -4.40     -3.40     -3.00     -3.00     -3.60     -4.60
     -5.80     -7.00     -8.10     -8.70     -8.60     -7.90     -6.40     -4.20     -1.50      1.60
      4.90      8.00     10.90     13.30     15.20     16.40     16.90     16.80     16.20     15.00
     13.30     11.30      9.10      6.80      4.40      2.20      0.20     -1.60     -3.00     -4.00
     -4.60     -5.00     -5.10     -5.10     -5.10     -5.10     -5.40     -5.90     -6.60     -7.60
     -8.70     -9.90    -11.00    -11.80    -12.20    -12.10    -11.40    -10.10     -8.10     -5.70
     -3.00     -0.20      2.40
      2.40     -0.10     -3.00     -6.00     -8.90    -11.50    -13.70    -15.10    -15.70    -15.40
    -14.40    -12.80    -10.70     -8.60     -6.60     -5.10     -4.20     -4.00     -4.40     -5.40
     -6.60     -7.80     -8.60     -8.60     -7.70     -5.80     -2.80      1.10      5.40      9.90
     14.20     17.80     20.50     22.20     22.70     22.30     21.00     19.00     16.50     13.60
     10.60      7.60      4.70      2.00     -0.40     -2.50     -4.00     -5.10     -5.60     -5.60
     -5.30     -4.80     -4.20     -3.70     -3.50     -3.80     -4.60     -6.00     -8.00    -10.40
    -13.20    -16.10    -18.90    -21.20    -22.90    -23.50    -23.10    -21.30    -18.30    -14.20
     -9.20     -3.70      1.90
      5.30      3.40      0.80     -2.30     -5.70     -9.10    -12.10    -14.50    -16.10    -16.70
    -16.40    -15.40    -13.70    -11.70     -9.70     -7.80     -6.50     -5.70     -5.40     -5.70
     -6.20     -6.60     -6.40     -5.50     -3.40     -0.10      4.20      9.20     14.50     19.50
     23.80     26.70     28.30     28.20     26.80     24.20     20.80     17.00     13.10      9.30
      5.70      2.40     -0.50     -2.90     -4.80     -6.10     -6.80     -6.90     -6.30     -5.40
     -4.20     -3.00     -1.90     -1.30     -1.30     -1.90     -3.20     -5.40     -8.20    -11.70
    -15.50    -19.60    -23.50    -26.90    -29.50    -30.90    -30.80    -29.10    -25.50    -20.40
    -13.80     -6.20      1.80
      9.00      8.40      6.70      4.10      0.70     -3.00     -6.70    -10.10    -12.80    -14.80
    -16.10    -16.60    -16.50    -15.90    -14.90    -13.60    -12.10    -10.70     -9.30     -8.00
     -6.80     -5.40     -3.60     -1.20      2.10      6.10     10.80     15.80     20.70     24.90
     27.90     29.30     29.10     27.20     24.20     20.30     16.10     11.90      8.20      4.80
      1.90     -0.60     -2.70     -4.40     -5.50     -6.00     -5.80     -5.00     -3.60     -2.10
     -0.70      0.50      1.20      1.20      0.70     -0.50     -2.20     -4.70     -7.70    -11.30
    -15.30    -19.50    -23.60    -27.30    -30.20    -32.00    -32.20    -30.70    -27.40    -22.30
    -15.50     -7.60      1.00
     11.20     12.20     11.70      9.90      6.90      3.30     -0.50     -4.10     -7.40    -10.30
    -12.90    -15.30    -17.40    -19.10    -20.10    -20.40    -19.70    -18.10    -15.80    -12.90
     -9.50     -5.70     -1.70      2.50      6.90     11.20     15.50     19.40     22.70     25.20
     26.50     26.30     24.70     21.80     18.10     13.90     10.00      6.60      3.90      1.80
      0.00     -1.60     -3.10     -4.20     -4.80     -4.60     -3.60     -1.90      0.00      1.70
      2.90      3.30      2.90      2.00      0.80     -0.60     -2.10     -3.80     -6.00     -8.80
    -12.10    -15.80    -19.60    -23.00    -25.60    -27.20    -27.30    -26.00    -23.20    -19.00
    -13.60     -7.20     -0.20
     12.10     14.40     15.00     13.70     10.90      7.50      4.00      0.80     -1.90     -4.40
     -7.20    -10.50    -14.20    -18.00    -21.40    -23.80    -24.80    -24.30    -22.20    -18.70
    -14.00     -8.40     -2.40      3.50      8.80     13.30     16.90     19.50     21.50     22.80
     23.40     23.10     21.50     18.80     15.10     11.10      7.20      4.10      1.80      0.10
     -1.20     -2.60     -3.90     -5.00     -5.40     -4.70     -2.90     -0.30      2.20      3.90
      4.20      3.30      1.40     -0.80     -2.40     -3.30     -3.40     -3.20     -3.40     -4.50
     -6.60     -9.60    -12.80    -15.70    -17.80    -18.70    -18.40    -17.10    -14.90    -12.20
     -9.10     -5.80     -2.20
     13.90     17.70     18.90     17.40     13.90      9.50      5.60      2.80      1.20      0.10
     -1.40     -3.80     -7.50    -12.00    -16.80    -21.00    -24.10    -25.60    -25.20    -22.90
    -18.70    -13.00     -6.40      0.20      6.00     10.20     12.90     14.60     16.20     18.00
     20.10     21.90     22.50     21.20     17.90     13.20      8.30      4.00      1.00     -0.90
     -2.20     -3.40     -4.70     -5.80     -6.10     -5.10     -2.70      0.30      3.00      4.40
      3.70      1.10     -2.60     -6.00     -8.00     -7.90     -6.00     -3.20     -0.80      0.20
     -0.50     -2.50     -5.20     -7.60     -9.00     -9.30     -8.50     -7.30     -6.10     -5.40
     -5.30     -5.70     -6.00
     18.60     23.80     25.10     22.20     16.50      9.80      4.20      1.00      0.20      1.00
      1.90      1.60     -0.50     -4.20     -8.90    -13.80    -18.00    -21.20    -23.00    -23.00
    -20.90    -16.80    -11.30     -5.50     -0.80      2.00      3.30      4.00      5.70      9.40
     14.90     20.70     24.80     25.50     22.40     16.40      9.30      3.30     -0.60     -2.20
     -2.50     -2.40     -2.80     -3.50     -4.00     -3.60     -2.00      0.40      2.80      3.80
      2.60     -0.70     -5.30     -9.60    -11.90    -11.40     -8.20     -3.60      0.80      3.50
      4.00      2.90      1.00     -0.60     -1.40     -1.20     -0.50      0.10     -0.10     -1.60
     -4.40     -8.10    -11.50
     24.10     29.70     30.00     25.20     16.90      7.80      0.50     -3.30     -3.30     -0.90
      2.20      4.10      3.90      1.60     -2.10     -6.30    -10.40    -14.00    -17.00    -18.80
    -18.90    -17.10    -13.90    -10.40     -8.00     -7.50     -8.40     -8.80     -6.60     -0.60
      8.50     18.40     25.70     27.90     24.40     16.70      7.70      0.50     -3.30     -3.50
     -1.50      0.80      2.00      1.60      0.00     -1.80     -2.60     -2.10     -0.50      1.00
      1.40     -0.30     -3.70     -7.70    -10.50    -10.70     -8.00     -3.50      1.10      4.30
      5.40      4.90      3.80      3.00      2.90      3.30      3.60      3.30      1.80     -1.10
     -5.60    -11.20    -16.30
     25.70     29.80     28.40     22.10     13.00      3.70     -3.20     -6.30     -5.50     -2.10
      1.90      4.60      5.10      3.40      0.50     -2.60     -5.30     -7.80    -10.10    -12.30
    -13.70    -14.10    -13.50    -12.90    -13.30    -15.20    -17.50    -18.00    -14.50     -6.00
      5.90     18.00     26.40     28.50     23.90     15.00      5.20     -2.10     -5.00     -3.70
      0.10      4.20      6.40      5.70      2.50     -2.10     -6.20     -8.30     -7.60     -4.50
     -0.80      1.60      1.40     -1.20     -4.50     -6.50     -5.90     -3.10      0.50      3.20
      4.20      4.00      3.50      3.30      3.60      3.90      3.60      2.70      0.80     -2.10
     -6.60    -12.40    -17.70
     20.90     21.80     18.60     12.70      5.90      0.00     -3.80     -5.00     -3.60     -0.70
      2.40      4.10      3.70      1.50     -1.10     -3.10     -4.10     -4.40     -5.10     -6.50
     -8.50    -10.50    -12.40    -14.70    -17.60    -20.80    -22.60    -20.90    -14.30     -3.10
     10.10     21.60     28.10     28.00     22.10     13.10      4.20     -2.00     -4.20     -2.80
      0.80      4.70      7.10      6.50      2.70     -3.40    -10.00    -14.30    -14.60    -10.50
     -3.80      2.40      5.40      4.20      0.40     -3.30     -4.70     -3.30     -0.50      1.90
      2.90      2.80      2.70      2.90      3.30      3.00      2.00      0.60     -1.00     -2.90
     -6.20    -11.00    -15.80
     12.20      9.80      5.60      1.70     -0.60     -1.20     -0.90     -0.20      0.70      1.70
      2.50      2.10      0.20     -2.60     -5.00     -5.80     -4.90     -3.20     -2.20     -2.70
     -4.70     -7.80    -11.70    -16.50    -21.40    -25.00    -24.90    -19.50     -8.90      4.50
     17.00     25.30     27.60     24.50     18.10     10.80      4.50      0.00     -2.20     -2.50
     -0.90      1.80      4.40      5.40      3.40     -1.70     -8.50    -14.50    -16.70    -13.90
     -7.40     -0.30      3.90      3.60      0.10     -3.70     -5.20     -3.70     -0.50      2.20
      3.40      3.60      3.80      4.30      4.50      3.50      1.40     -0.80     -2.30     -3.30
     -5.30     -9.00    -12.90
      4.10     -0.10     -4.10     -5.50     -3.80     -0.40      2.40      3.50      3.20      2.30
      1.20     -0.50     -3.20     -6.00     -7.80     -7.40     -5.10     -2.30     -0.50     -0.50
     -2.10     -5.30    -10.00    -16.10    -22.50    -26.50    -25.10    -17.10     -4.00      9.90
     20.10     23.90     21.80     16.50     11.00      6.90      4.00      1.20     -1.70     -4.00
     -4.50     -2.40      1.60      5.40      6.70      4.10     -1.80     -8.80    -13.80    -14.70
    -11.50     -6.50     -2.60     -1.60     -3.00     -4.60     -4.20     -1.60      2.00      4.50
      5.50      5.50      5.80      6.50      6.50      4.70      1.50     -1.70     -3.40     -4.10
     -5.30     -7.70    -10.10
     -0.40     -4.60     -7.70     -7.60     -4.30     -0.10      2.70      3.10      2.00      1.00
      0.20     -1.00     -3.20     -5.80     -7.20     -6.20     -3.50     -0.80      0.60      0.40
     -0.70     -2.80     -6.40    -12.20    -19.00    -23.60    -22.70    -14.80     -2.30      9.90
     17.00     17.20     12.70      7.30      4.10      3.40      3.10      1.10     -2.70     -6.40
     -7.40     -4.60      1.20      7.20     10.50      9.40      4.20     -3.40    -10.70    -15.10
    -15.80    -13.10     -9.10     -5.50     -2.90     -0.80      1.80      4.80      7.20      8.10
      7.40      6.50      6.20      6.50      6.00      3.70      0.10     -3.20     -4.90     -5.20
     -5.60     -6.70     -6.80
     -1.40     -4.40     -6.70     -6.50     -3.90     -1.10      0.00     -0.50     -1.00      0.00
      1.80      2.70      1.40     -1.20     -3.10     -2.80     -0.90      0.60      0.70     -0.20
     -1.10     -1.70     -3.50     -7.60    -13.30    -17.90    -17.90    -12.20     -2.70      6.30
     10.70      9.80      5.60      2.10      1.40      2.80      3.60      1.40     -3.10     -7.10
     -7.40     -3.30      3.30      9.00     11.40      9.60      4.40     -2.70    -10.00    -15.60
    -17.90    -16.10    -11.00     -4.20      2.30      7.30     10.70     12.40     12.50     10.90
      8.30      5.80      4.30      3.30      2.10     -0.20     -3.00     -5.10     -5.70     -5.30
     -5.10     -4.90     -3.10
     -0.30     -2.40     -4.40     -4.60     -3.10     -1.90     -2.20     -3.10     -2.60      0.50
      5.10      8.20      7.80      4.80      1.80      0.70      1.10      1.30      0.30     -1.40
     -2.60     -3.00     -3.90     -6.30     -9.90    -12.80    -12.80     -9.30     -3.50      2.00
      4.80      4.40      2.20      0.90      1.90      4.10      5.00      2.60     -1.90     -5.40
     -4.90     -0.30      5.40      9.00      8.70      5.40      0.70     -4.30     -9.30    -13.40
    -15.40    -13.60     -7.90      0.10      7.80     13.20     15.70     15.70     14.10     11.50
      8.30      5.10      2.30     -0.10     -2.20     -4.10     -5.20     -5.30     -4.60     -3.90
     -3.70     -3.10     -0.60
      1.50     -0.90     -3.30     -3.70     -2.30     -1.00     -1.20     -2.40     -2.00      1.50
      6.80     11.00     11.40      8.50      4.80      2.50      1.80      1.40      0.30     -1.40
     -3.00     -4.40     -6.10     -8.10     -9.70     -9.90     -8.70     -6.50     -3.90     -1.60
     -0.10      0.30     -0.30     -0.40      0.90      3.40      4.90      3.60      0.00     -2.80
     -2.30      1.50      5.60      6.90      4.80      1.10     -2.00     -4.00     -5.80     -7.90
     -9.20     -8.00     -3.50      2.90      8.60     12.00     13.00     12.30     11.10      9.50
      7.50      4.90      1.90     -1.20     -3.70     -4.90     -4.50     -3.20     -2.10     -2.10
     -2.80     -2.60     -0.40
      2.40     -1.10     -4.10     -4.10     -1.50      1.30      2.10      0.90      0.00      1.60
      5.60      9.60     10.80      8.80      5.30      2.60      1.50      1.20      0.80      0.00
     -1.30     -3.40     -6.20     -8.70     -9.30     -7.70     -5.50     -4.30     -4.40     -4.60
     -4.10     -3.30     -3.30     -3.50     -2.50      0.40      3.30      3.80      1.40     -1.40
     -1.80      0.70      3.60      4.00      1.70     -0.90     -1.80     -1.20     -1.00     -2.10
     -3.40     -3.20     -0.80      2.50      5.10      6.30      6.40      6.10      5.90      5.70
      5.30      4.30      2.40     -0.10     -2.30     -3.00     -2.20     -0.70     -0.30     -1.50
     -3.20     -3.40     -1.40
      1.30     -3.00     -5.70     -4.60     -0.70      3.30      4.90      3.80      1.70      1.20
      3.40      6.70      8.40      7.40      4.80      2.50      1.40      1.00      0.90      0.90
      0.80     -0.50     -3.10     -5.80     -6.70     -5.20     -3.40     -3.60     -5.40     -6.80
     -6.30     -4.90     -4.50     -5.10     -4.40     -1.20      2.70      4.10      1.90     -1.40
     -2.70     -1.00      1.40      1.80      0.20     -1.20     -0.70      0.90      1.50      0.30
     -1.40     -1.60     -0.40      1.10      1.80      2.00      2.10      2.20      1.80      1.30
      1.50      2.50      3.20      2.40      0.60     -0.70     -0.80     -0.20     -0.50     -2.30
     -4.30     -4.40     -2.10
     -2.00     -5.30     -5.90     -3.40      0.50      3.90      5.30      4.40      2.30      1.20
      2.60      5.40      7.20      6.50      4.50      2.90      2.10      1.40      0.50      0.20
      0.90      1.50      0.50     -1.90     -3.70     -3.80     -3.70     -4.90     -7.00     -7.80
     -6.20     -3.60     -2.50     -2.80     -2.30      0.50      3.80      4.40      1.50     -2.10
     -3.20     -1.20      1.20      1.50     -0.10     -1.30     -0.60      0.80      0.80     -0.90
     -2.50     -2.10     -0.50      0.70      0.90      1.10      1.70      1.30     -0.90     -3.20
     -2.60      1.40      5.70      6.80      4.40      0.90     -1.10     -1.60     -2.00     -3.30
     -5.00     -5.00     -2.80
     -5.50     -6.60     -4.40     -0.90      1.90      3.40      3.80      3.00      1.50      1.20
      3.10      6.10      7.60      6.50      4.40      3.30      3.20      2.30      0.30     -1.10
     -0.50      1.30      1.70     -0.20     -3.00     -4.80     -5.80     -6.90     -8.00     -7.50
     -4.60     -1.30      0.30      0.20      0.60      2.50      4.20      3.40      0.20     -2.60
     -2.20      0.70      3.00      2.60      0.40     -1.20     -0.80      0.00     -0.90     -3.00
     -4.00     -2.50     -0.10      1.10      1.00      1.30      2.10      0.80     -3.40     -7.20
     -5.50      2.20     10.30     12.70      8.60      2.20     -2.10     -3.40     -3.40     -4.00
     -5.20     -5.50     -3.70
     -7.40     -6.50     -2.90      0.40      2.10      2.70      2.70      1.70      0.20      0.20
      3.00      7.00      8.70      6.90      4.00      2.80      3.30      2.90      0.70     -1.40
     -1.40      0.20      0.80     -1.20     -4.30     -6.40     -7.00     -7.00     -6.80     -5.40
     -2.60      0.00      0.90      0.40      0.30      1.20      1.80      0.60     -1.60     -2.30
     -0.20      3.00      4.60      3.50      1.00     -0.30     -0.10     -0.10     -1.90     -4.30
     -4.70     -2.10      0.90      1.70      0.80      0.70      1.40     -0.30     -5.80    -10.10
     -6.90      3.80     14.50     17.20     11.30      2.80     -3.00     -4.90     -4.90     -4.80
     -5.10     -5.30     -3.90
     -7.30     -5.80     -3.10     -0.80      0.90      2.70      3.70      2.40     -0.60     -1.70
      1.40      6.60      9.20      7.40      3.70      1.50      1.50      1.70      0.60     -0.80
     -0.90     -0.20     -0.40     -2.50     -4.80     -5.80     -5.20     -4.30     -3.50     -2.30
     -0.50      0.70      0.20     -1.40     -2.40     -2.10     -1.70     -2.10     -2.50     -1.30
      1.40      3.80      4.20      2.70      1.20      0.90      1.20      0.40     -2.30     -5.00
     -4.90     -1.60      1.80      2.30      0.80      0.30      1.10     -0.60     -6.20    -10.50
     -6.80      4.50     15.10     17.10     10.60      2.00     -3.90     -6.40     -6.80     -6.00
     -4.70     -3.30     -1.40
     -6.00     -4.90     -3.90     -2.80     -0.10      4.00      6.40      4.30     -0.70     -3.60
     -1.20      4.40      8.20      7.30      3.50      0.20     -1.20     -1.20     -0.90     -0.50
      0.10      0.20     -0.70     -2.10     -3.00     -2.70     -1.90     -1.50     -1.30     -0.50
      1.10      2.00      0.90     -1.70     -3.60     -3.90     -3.30     -2.90     -2.20     -0.40
      1.80      2.90      2.30      1.20      1.10      2.10      2.70      1.30     -1.80     -4.60
     -4.40     -1.10      2.20      2.80      1.30      0.90      1.90      0.80     -3.80     -7.70
     -4.70      4.60     12.70     13.30      7.40      0.40     -4.50     -7.50     -8.70     -7.30
     -3.80     -0.20      2.50
     -4.60     -3.30     -3.10     -2.40      0.80      5.60      7.90      5.10     -0.80     -4.70
     -3.50      1.10      5.00      5.50      3.00     -0.50     -3.20     -4.10     -2.90     -0.90
      0.40      0.40     -0.20     -0.40      0.20      0.80      0.40     -1.10     -2.30     -1.60
      1.00      3.30      3.10      0.40     -2.20     -3.20     -3.00     -2.70     -2.10     -0.70
      1.10      1.70      1.10      0.70      1.60      3.30      4.10      2.90      0.20     -2.20
     -2.40     -0.30      2.10      2.40      1.30      1.10      2.30      2.20     -0.60     -2.90
     -0.50      5.70     10.20      9.30      4.60     -0.20     -4.20     -7.60     -9.50     -7.90
     -3.30      1.40      4.40
     -3.20     -1.30     -0.60      0.40      2.80      5.60      6.40      3.60     -0.90     -4.10
     -4.20     -2.00      0.70      2.40      1.90     -0.70     -3.80     -5.30     -4.10     -1.70
     -0.30     -0.20      0.00      1.30      3.10      3.50      1.70     -1.50     -3.80     -3.50
     -0.40      3.10      4.10      2.10     -0.70     -2.30     -2.70     -3.00     -3.10     -2.10
     -0.10      1.30      1.40      1.40      2.30      3.90      4.80      4.40      2.90      1.20
      0.40      0.70      1.40      1.30      0.50      0.20      1.20      1.70      1.10      1.00
      3.60      7.50      9.00      6.90      3.30      0.00     -3.10     -6.70     -8.90     -7.60
     -3.60      0.20      2.70
     -2.20     -0.30      1.20      2.50      3.60      3.80      2.90      1.30     -0.30     -1.70
     -2.90     -3.30     -2.10     -0.20      0.70     -0.70     -3.50     -5.00     -4.10     -2.40
     -1.70     -1.80     -1.00      1.60      4.30      5.40      4.20      1.60     -0.90     -2.00
     -0.80      1.80      3.20      2.00     -0.60     -2.40     -3.10     -3.70     -4.30     -3.50
     -1.10      1.10      1.90      1.80      2.20      3.30      4.00      4.00      3.50      2.50
      1.50      0.70      0.50      0.30     -0.20     -0.50     -0.20      0.30      0.90      2.40
      5.10      7.40      7.30      4.80      2.10      0.00     -2.60     -5.60     -7.20     -6.40
     -4.10     -2.00      0.10
     -1.80     -1.10      0.40      2.30      2.90      2.10      0.90      0.90      1.30      0.80
     -1.10     -2.80     -2.50     -1.00     -0.10     -1.10     -2.80     -3.70     -3.30     -2.80
     -3.30     -3.80     -2.80      0.30      3.80      6.60      8.20      8.50      6.90      4.00
      1.70      1.50      2.10      1.50     -0.50     -2.20     -2.90     -3.40     -4.00     -3.60
     -1.60      0.50      1.30      1.10      1.20      1.90      2.30      1.90      1.20      0.50
     -0.20     -0.60     -0.50     -0.10      0.20      0.10      0.00      0.00      0.50      1.90
      3.80      4.80      4.00      2.10      0.50     -1.00     -2.90     -4.70     -5.30     -4.40
     -3.30     -2.40     -0.60
     -1.70     -2.40     -1.20      1.30      2.90      2.70      2.20      2.60      2.90      1.70
     -0.70     -2.00     -1.70     -0.80     -0.90     -1.60     -1.90     -1.70     -1.60     -2.50
     -4.10     -5.10     -4.30     -1.50      2.40      6.80     11.20     14.30     14.00     10.10
      5.50      3.00      2.70      2.30      0.70     -1.00     -1.60     -1.80     -2.30     -2.50
     -1.60     -0.50      0.00     -0.10      0.40      1.10      1.20      0.10     -1.20     -2.10
     -2.20     -1.80     -0.90      0.10      0.80      1.10      1.10      1.10      1.30      1.80
      2.30      2.10      1.20      0.10     -0.80     -2.00     -3.50     -4.20     -3.60     -2.40
     -1.70     -1.10      0.50
     -1.10     -2.10     -0.90      2.30      4.80      5.30      4.90      4.40      3.30      0.80
     -1.40     -1.80     -1.20     -1.20     -2.10     -2.10     -0.60      0.80      0.60     -1.30
     -3.50     -5.00     -4.80     -2.60      1.40      6.60     11.50     14.70     14.70     11.50
      7.30      4.90      4.30      3.80      2.20      0.50     -0.10     -0.10     -0.50     -1.10
     -1.20     -0.90     -0.70     -0.60      0.20      1.10      1.10      0.10     -1.20     -1.90
     -1.80     -1.20     -0.20      0.70      1.20      1.50      1.80      2.30      2.80      2.80
      2.30      1.60      0.70     -0.10     -1.10     -2.60     -3.80     -3.80     -2.50     -1.40
     -1.00     -0.40      1.00
     -0.10     -0.20      1.70      5.00      7.10      6.80      5.50      4.40      2.70      0.30
     -1.40     -1.50     -1.20     -2.20     -3.10     -2.00      0.70      2.50      1.80     -0.30
     -2.50     -4.50     -5.50     -3.80      1.00      6.80     10.80     11.70     10.50      8.50
      6.80      5.90      5.40      4.60      3.10      1.70      1.10      0.80      0.20     -0.70
     -1.10     -1.00     -0.90     -0.80     -0.30      0.30      0.60      0.60      0.60      0.60
      0.60      0.60      1.00      1.70      2.00      1.90      2.20      2.90      3.50      3.60
      2.90      2.00      1.10      0.10     -1.30     -2.90     -3.90     -3.40     -2.10     -1.40
     -1.50     -1.10      0.30
