diamond 4 20年06月29日8时300百帕温度场
20 06 29  8  300 
2.500  -2.500  .0  180.0   90.0  .0
73  37
    -43.56    -43.56    -43.56    -43.56    -43.56    -43.56    -43.56    -43.56    -43.56    -43.56
    -43.56    -43.56    -43.56    -43.56    -43.56    -43.56    -43.56    -43.56    -43.56    -43.56
    -43.56    -43.56    -43.56    -43.56    -43.56    -43.56    -43.56    -43.56    -43.56    -43.56
    -43.56    -43.56    -43.56    -43.56    -43.56    -43.56    -43.56    -43.56    -43.56    -43.56
    -43.56    -43.56    -43.56    -43.56    -43.56    -43.56    -43.56    -43.56    -43.56    -43.56
    -43.56    -43.56    -43.56    -43.56    -43.56    -43.56    -43.56    -43.56    -43.56    -43.56
    -43.56    -43.56    -43.56    -43.56    -43.56    -43.56    -43.56    -43.56    -43.56    -43.56
    -43.56    -43.56    -43.56
    -45.66    -45.66    -45.56    -45.56    -45.46    -45.46    -45.36    -45.26    -45.16    -45.16
    -45.06    -44.96    -44.86    -44.76    -44.66    -44.56    -44.46    -44.36    -44.26    -44.16
    -44.06    -43.96    -43.86    -43.76    -43.66    -43.56    -43.36    -43.26    -43.16    -43.06
    -42.96    -42.86    -42.76    -42.66    -42.56    -42.46    -42.36    -42.26    -42.16    -42.06
    -41.96    -41.86    -41.76    -41.76    -41.66    -41.66    -41.56    -41.56    -41.46    -41.46
    -41.46    -41.46    -41.46    -41.36    -41.36    -41.46    -41.46    -41.46    -41.46    -41.46
    -41.56    -41.56    -41.56    -41.66    -41.66    -41.76    -41.76    -41.86    -41.96    -41.96
    -42.06    -42.16    -42.16
    -46.96    -46.86    -46.76    -46.66    -46.56    -46.56    -46.46    -46.36    -46.26    -46.16
    -46.16    -46.06    -45.96    -45.86    -45.76    -45.66    -45.56    -45.46    -45.36    -45.16
    -45.06    -44.96    -44.76    -44.56    -44.36    -44.26    -44.06    -43.86    -43.66    -43.36
    -43.16    -42.96    -42.76    -42.56    -42.36    -42.16    -41.96    -41.76    -41.66    -41.46
    -41.36    -41.16    -41.06    -40.96    -40.86    -40.76    -40.76    -40.66    -40.66    -40.66
    -40.56    -40.56    -40.66    -40.66    -40.66    -40.76    -40.76    -40.86    -40.96    -40.96
    -41.06    -41.16    -41.26    -41.36    -41.56    -41.66    -41.76    -41.86    -41.96    -42.06
    -42.26    -42.36    -42.46
    -46.56    -46.46    -46.36    -46.26    -46.16    -46.06    -45.96    -45.96    -45.96    -45.86
    -45.86    -45.96    -45.96    -45.96    -45.96    -46.06    -46.06    -46.06    -46.06    -46.06
    -45.96    -45.86    -45.76    -45.66    -45.46    -45.26    -45.06    -44.76    -44.46    -44.26
    -43.96    -43.66    -43.36    -43.06    -42.86    -42.56    -42.36    -42.16    -41.96    -41.76
    -41.66    -41.56    -41.46    -41.36    -41.26    -41.26    -41.26    -41.26    -41.26    -41.26
    -41.26    -41.36    -41.36    -41.46    -41.56    -41.66    -41.76    -41.86    -41.96    -42.06
    -42.16    -42.36    -42.46    -42.66    -42.76    -42.96    -43.06    -43.26    -43.36    -43.46
    -43.56    -43.66    -43.76
    -45.76    -45.56    -45.36    -45.26    -45.06    -44.96    -44.86    -44.86    -44.86    -44.86
    -44.96    -45.06    -45.16    -45.36    -45.56    -45.76    -45.96    -46.16    -46.26    -46.46
    -46.46    -46.46    -46.46    -46.36    -46.16    -45.96    -45.66    -45.36    -45.06    -44.66
    -44.36    -43.96    -43.66    -43.36    -43.06    -42.86    -42.56    -42.46    -42.26    -42.16
    -42.16    -42.06    -42.06    -42.06    -42.06    -42.06    -42.16    -42.16    -42.26    -42.36
    -42.46    -42.46    -42.56    -42.66    -42.86    -42.96    -43.06    -43.16    -43.36    -43.46
    -43.66    -43.76    -43.96    -44.16    -44.26    -44.46    -44.56    -44.66    -44.76    -44.86
    -44.96    -44.96    -44.96
    -45.56    -45.36    -45.16    -44.96    -44.76    -44.66    -44.56    -44.46    -44.46    -44.46
    -44.56    -44.66    -44.86    -45.06    -45.26    -45.56    -45.86    -46.06    -46.36    -46.46
    -46.56    -46.66    -46.56    -46.46    -46.26    -45.96    -45.56    -45.16    -44.76    -44.36
    -43.96    -43.56    -43.26    -43.06    -42.86    -42.66    -42.56    -42.46    -42.36    -42.36
    -42.36    -42.26    -42.26    -42.26    -42.26    -42.26    -42.36    -42.36    -42.46    -42.66
    -42.76    -42.96    -43.06    -43.26    -43.46    -43.66    -43.86    -44.06    -44.26    -44.36
    -44.56    -44.76    -44.96    -45.06    -45.26    -45.36    -45.46    -45.46    -45.56    -45.56
    -45.56    -45.56    -45.46
    -45.56    -45.46    -45.36    -45.26    -45.16    -45.06    -45.06    -45.06    -45.06    -45.16
    -45.26    -45.36    -45.46    -45.56    -45.76    -45.86    -46.06    -46.16    -46.26    -46.36
    -46.36    -46.26    -46.06    -45.76    -45.46    -45.06    -44.56    -44.06    -43.66    -43.26
    -42.86    -42.66    -42.56    -42.56    -42.56    -42.66    -42.76    -42.76    -42.86    -42.76
    -42.66    -42.56    -42.36    -42.16    -42.06    -41.86    -41.86    -41.86    -41.96    -42.06
    -42.36    -42.66    -42.96    -43.36    -43.66    -44.06    -44.36    -44.66    -44.96    -45.26
    -45.46    -45.56    -45.66    -45.76    -45.76    -45.66    -45.56    -45.46    -45.36    -45.26
    -45.16    -45.16    -45.16
    -44.96    -44.96    -44.96    -44.96    -45.06    -45.16    -45.36    -45.56    -45.86    -46.06
    -46.26    -46.46    -46.56    -46.56    -46.56    -46.56    -46.46    -46.36    -46.26    -46.06
    -45.96    -45.66    -45.36    -44.96    -44.46    -43.96    -43.36    -42.86    -42.36    -41.96
    -41.76    -41.76    -41.86    -42.16    -42.46    -42.86    -43.26    -43.56    -43.66    -43.66
    -43.56    -43.26    -42.96    -42.46    -42.06    -41.76    -41.56    -41.46    -41.56    -41.76
    -42.16    -42.56    -43.16    -43.76    -44.26    -44.86    -45.36    -45.86    -46.26    -46.56
    -46.76    -46.96    -46.86    -46.76    -46.46    -46.06    -45.56    -45.06    -44.56    -44.16
    -43.86    -43.76    -43.86
    -43.86    -43.76    -43.76    -43.76    -43.96    -44.16    -44.56    -45.06    -45.56    -46.06
    -46.56    -46.96    -47.16    -47.26    -47.26    -47.06    -46.86    -46.66    -46.46    -46.16
    -45.96    -45.76    -45.46    -45.16    -44.66    -44.06    -43.46    -42.86    -42.26    -41.86
    -41.56    -41.56    -41.66    -42.06    -42.46    -42.96    -43.46    -43.86    -44.16    -44.36
    -44.26    -44.06    -43.76    -43.26    -42.86    -42.46    -42.16    -41.96    -42.06    -42.26
    -42.66    -43.16    -43.76    -44.36    -44.96    -45.56    -46.16    -46.66    -47.26    -47.66
    -48.06    -48.26    -48.26    -47.96    -47.36    -46.56    -45.56    -44.56    -43.46    -42.56
    -41.96    -41.76    -41.86
    -42.96    -42.86    -42.76    -42.66    -42.66    -42.86    -43.16    -43.66    -44.26    -45.06
    -45.76    -46.46    -46.96    -47.36    -47.46    -47.46    -47.26    -47.16    -46.96    -46.86
    -46.86    -46.86    -46.86    -46.76    -46.46    -46.06    -45.56    -44.86    -44.26    -43.66
    -43.16    -42.76    -42.56    -42.56    -42.66    -42.76    -42.96    -43.26    -43.46    -43.66
    -43.86    -43.96    -43.96    -43.86    -43.66    -43.46    -43.26    -43.06    -42.96    -43.06
    -43.26    -43.56    -43.96    -44.36    -44.76    -45.16    -45.56    -45.96    -46.56    -47.06
    -47.66    -48.16    -48.46    -48.36    -47.96    -47.06    -45.86    -44.36    -42.76    -41.46
    -40.46    -39.96    -40.06
    -42.76    -42.86    -42.76    -42.56    -42.26    -42.06    -41.96    -42.16    -42.66    -43.36
    -44.26    -45.26    -46.16    -46.86    -47.36    -47.66    -47.66    -47.66    -47.66    -47.76
    -47.96    -48.26    -48.56    -48.76    -48.76    -48.56    -48.26    -47.66    -47.06    -46.36
    -45.76    -45.16    -44.56    -43.96    -43.36    -42.76    -42.36    -41.96    -41.86    -41.96
    -42.26    -42.76    -43.16    -43.56    -43.86    -43.96    -43.96    -43.76    -43.66    -43.56
    -43.56    -43.66    -43.76    -43.86    -43.86    -43.86    -43.86    -43.96    -44.26    -44.76
    -45.46    -46.36    -47.06    -47.56    -47.56    -47.06    -46.06    -44.66    -43.16    -41.56
    -40.36    -39.66    -39.56
    -43.06    -43.56    -43.76    -43.36    -42.66    -41.86    -41.26    -40.86    -41.06    -41.66
    -42.66    -43.86    -45.06    -46.16    -47.06    -47.66    -47.96    -48.06    -48.16    -48.36
    -48.56    -48.96    -49.36    -49.66    -49.86    -49.76    -49.36    -48.96    -48.46    -48.06
    -47.66    -47.16    -46.56    -45.76    -44.66    -43.46    -42.26    -41.26    -40.66    -40.46
    -40.76    -41.36    -42.16    -42.96    -43.56    -43.86    -43.96    -43.86    -43.76    -43.56
    -43.56    -43.66    -43.76    -43.76    -43.66    -43.36    -43.06    -42.66    -42.46    -42.66
    -43.16    -44.06    -45.06    -46.06    -46.66    -46.86    -46.46    -45.66    -44.56    -43.26
    -42.16    -41.36    -41.06
    -43.86    -44.86    -45.06    -44.46    -43.16    -41.76    -40.46    -39.66    -39.66    -40.26
    -41.36    -42.76    -44.16    -45.36    -46.36    -47.16    -47.56    -47.86    -47.96    -48.16
    -48.46    -48.76    -49.16    -49.36    -49.36    -49.06    -48.66    -48.16    -47.76    -47.56
    -47.56    -47.56    -47.36    -46.66    -45.46    -43.96    -42.46    -41.16    -40.26    -39.96
    -40.16    -40.76    -41.56    -42.36    -43.06    -43.46    -43.66    -43.66    -43.56    -43.56
    -43.66    -43.96    -44.36    -44.66    -44.66    -44.36    -43.86    -43.26    -42.76    -42.46
    -42.66    -43.26    -44.16    -45.26    -46.16    -46.86    -47.16    -46.96    -46.46    -45.66
    -44.86    -44.16    -43.76
    -45.26    -46.36    -46.46    -45.46    -43.56    -41.46    -39.66    -38.66    -38.66    -39.36
    -40.56    -41.96    -43.16    -44.06    -44.86    -45.46    -46.06    -46.46    -46.76    -47.06
    -47.46    -47.76    -48.16    -48.36    -48.26    -47.76    -47.16    -46.56    -46.16    -46.26
    -46.56    -46.86    -46.76    -46.16    -44.96    -43.36    -41.86    -40.76    -40.06    -39.96
    -40.26    -40.76    -41.46    -42.06    -42.56    -42.86    -43.06    -43.16    -43.26    -43.36
    -43.76    -44.26    -44.86    -45.36    -45.66    -45.56    -45.26    -44.86    -44.36    -44.06
    -44.06    -44.26    -44.76    -45.46    -46.26    -46.96    -47.46    -47.76    -47.66    -47.36
    -46.86    -46.26    -45.86
    -46.16    -47.66    -47.76    -46.36    -43.96    -41.26    -39.06    -38.06    -38.06    -38.96
    -40.16    -41.16    -41.86    -42.26    -42.66    -42.96    -43.56    -44.16    -44.66    -45.16
    -45.56    -45.96    -46.36    -46.56    -46.56    -46.26    -45.76    -45.36    -45.26    -45.66
    -46.16    -46.46    -46.16    -45.06    -43.46    -41.66    -40.26    -39.46    -39.36    -39.66
    -40.16    -40.66    -41.06    -41.26    -41.56    -41.76    -41.86    -42.06    -42.26    -42.66
    -43.26    -43.96    -44.66    -45.16    -45.46    -45.56    -45.66    -45.66    -45.76    -45.76
    -45.66    -45.56    -45.46    -45.46    -45.56    -45.96    -46.46    -46.86    -47.06    -47.06
    -46.76    -46.36    -46.06
    -45.16    -47.06    -47.46    -46.26    -43.76    -40.96    -38.76    -37.76    -37.96    -38.86
    -39.96    -40.66    -40.86    -40.76    -40.66    -40.96    -41.56    -42.26    -42.86    -43.26
    -43.56    -43.76    -43.86    -44.06    -44.16    -44.16    -44.06    -44.16    -44.66    -45.56
    -46.36    -46.66    -45.96    -44.26    -42.06    -40.06    -38.66    -38.26    -38.66    -39.36
    -39.96    -40.36    -40.36    -40.16    -40.06    -39.96    -39.96    -40.06    -40.56    -41.36
    -42.36    -43.36    -43.96    -44.26    -44.26    -44.36    -44.66    -45.26    -45.86    -46.06
    -45.86    -45.16    -44.26    -43.36    -42.86    -42.76    -43.16    -43.76    -44.36    -44.66
    -44.86    -44.86    -44.86
    -41.86    -44.06    -44.86    -44.06    -42.16    -39.86    -38.16    -37.56    -38.06    -39.06
    -39.96    -40.46    -40.36    -40.16    -40.06    -40.36    -40.96    -41.76    -42.36    -42.66
    -42.66    -42.46    -42.26    -42.06    -41.96    -41.96    -42.06    -42.56    -43.56    -44.86
    -45.96    -46.26    -45.46    -43.56    -41.26    -39.26    -38.26    -38.26    -39.06    -39.86
    -40.36    -40.36    -39.96    -39.46    -38.86    -38.36    -37.96    -37.96    -38.46    -39.66
    -41.16    -42.56    -43.36    -43.36    -43.06    -42.96    -43.36    -44.16    -44.86    -44.86
    -44.06    -42.46    -40.56    -39.06    -38.16    -38.06    -38.56    -39.46    -40.46    -41.36
    -42.16    -42.96    -43.76
    -37.96    -39.66    -40.46    -40.26    -39.36    -38.26    -37.76    -37.96    -38.66    -39.56
    -40.06    -40.26    -39.96    -39.76    -39.76    -40.06    -40.66    -41.46    -42.26    -42.66
    -42.76    -42.66    -42.36    -42.06    -41.66    -41.26    -41.16    -41.56    -42.56    -43.76
    -44.76    -44.96    -44.06    -42.36    -40.46    -39.06    -38.66    -39.16    -40.06    -40.76
    -41.06    -40.76    -40.16    -39.56    -38.76    -37.96    -37.16    -36.66    -36.86    -37.96
    -39.66    -41.26    -42.16    -42.16    -41.76    -41.66    -42.26    -43.06    -43.36    -42.56
    -40.66    -38.16    -35.86    -34.16    -33.46    -33.66    -34.36    -35.46    -36.86    -38.26
    -39.86    -41.56    -43.16
    -35.36    -35.96    -36.46    -36.66    -36.86    -37.16    -37.86    -38.76    -39.56    -39.76
    -39.56    -38.86    -38.26    -37.86    -37.66    -37.76    -38.26    -38.96    -39.96    -40.96
    -41.76    -42.46    -42.76    -42.86    -42.56    -42.26    -41.96    -42.16    -42.76    -43.66
    -44.06    -43.66    -42.46    -40.66    -39.16    -38.36    -38.56    -39.26    -40.06    -40.56
    -40.66    -40.26    -39.86    -39.36    -38.86    -38.06    -37.06    -36.06    -35.66    -36.26
    -37.66    -38.96    -39.86    -39.96    -40.06    -40.46    -41.46    -42.06    -41.66    -39.86
    -36.96    -33.96    -31.76    -30.76    -30.76    -31.36    -32.16    -33.06    -34.36    -35.96
    -37.96    -40.26    -42.66
    -34.36    -34.26    -34.46    -35.06    -35.96    -37.06    -38.26    -39.16    -39.26    -38.56
    -37.26    -35.76    -34.56    -33.76    -33.36    -33.16    -33.26    -33.76    -34.66    -36.16
    -37.76    -39.36    -40.66    -41.66    -42.16    -42.36    -42.46    -42.86    -43.56    -44.16
    -44.06    -42.86    -40.86    -38.76    -37.16    -36.56    -36.66    -37.06    -37.56    -37.86
    -37.86    -37.56    -37.36    -37.26    -37.26    -36.96    -36.16    -35.06    -34.26    -34.26
    -34.86    -35.86    -36.76    -37.46    -38.26    -39.56    -40.96    -41.36    -40.06    -37.16
    -33.66    -30.86    -29.46    -29.46    -30.16    -30.86    -31.26    -31.76    -32.56    -33.96
    -36.06    -38.56    -41.16
    -34.36    -34.46    -34.86    -35.56    -36.46    -37.26    -37.76    -37.56    -36.76    -35.26
    -33.36    -31.66    -30.36    -29.46    -28.96    -28.56    -28.26    -28.36    -28.96    -30.26
    -31.96    -33.96    -35.76    -37.46    -38.66    -39.56    -40.36    -41.36    -42.36    -43.06
    -42.66    -41.06    -38.56    -36.16    -34.46    -33.56    -33.26    -33.26    -33.16    -33.26
    -33.16    -33.06    -32.96    -32.96    -33.26    -33.56    -33.36    -32.66    -31.86    -31.46
    -31.76    -32.66    -33.86    -35.26    -37.06    -39.06    -40.46    -40.36    -38.26    -34.76
    -31.36    -29.36    -29.06    -29.76    -30.56    -30.76    -30.66    -30.66    -31.16    -32.26
    -34.06    -36.26    -38.56
    -35.36    -35.86    -36.46    -36.96    -36.96    -36.56    -35.56    -34.16    -32.66    -31.16
    -29.76    -28.46    -27.56    -26.96    -26.66    -26.36    -25.96    -25.76    -25.96    -26.76
    -27.86    -29.36    -30.96    -32.46    -33.86    -34.86    -35.86    -36.86    -38.06    -38.86
    -38.56    -37.06    -34.76    -32.56    -31.26    -30.46    -29.86    -29.26    -28.76    -28.66
    -28.66    -28.66    -28.46    -28.36    -28.66    -29.16    -29.36    -29.16    -28.56    -28.26
    -28.76    -29.96    -31.66    -33.66    -35.86    -37.76    -38.76    -38.16    -35.76    -32.66
    -30.26    -29.36    -29.86    -30.66    -30.86    -30.36    -29.76    -29.56    -30.06    -30.96
    -32.26    -33.86    -35.76
    -37.16    -37.66    -37.76    -37.36    -36.36    -34.86    -32.86    -30.96    -29.56    -28.66
    -28.06    -27.36    -26.86    -26.56    -26.46    -26.46    -26.16    -25.86    -25.86    -26.16
    -26.76    -27.56    -28.46    -29.46    -30.26    -30.96    -31.36    -31.86    -32.66    -33.26
    -33.16    -31.96    -30.36    -29.06    -28.36    -28.06    -27.46    -26.66    -25.86    -25.66
    -25.76    -25.96    -25.76    -25.56    -25.66    -26.06    -26.36    -26.36    -25.96    -25.96
    -26.66    -28.06    -29.86    -31.86    -33.66    -34.96    -35.36    -34.56    -32.86    -30.96
    -30.06    -30.26    -31.06    -31.46    -30.96    -29.96    -29.26    -29.16    -29.66    -30.36
    -31.06    -32.06    -33.36
    -38.96    -38.76    -37.66    -36.26    -34.76    -33.16    -31.36    -29.76    -28.86    -28.46
    -28.26    -27.66    -26.96    -26.56    -26.66    -26.76    -26.56    -26.26    -26.16    -26.36
    -26.86    -27.26    -27.66    -28.06    -28.46    -28.76    -28.76    -28.76    -28.96    -29.26
    -29.16    -28.46    -27.46    -26.76    -26.56    -26.66    -26.26    -25.46    -24.66    -24.36
    -24.66    -24.96    -25.06    -24.96    -25.06    -25.26    -25.36    -25.16    -24.96    -25.06
    -25.86    -27.06    -28.46    -29.76    -30.76    -31.36    -31.36    -30.96    -30.36    -30.06
    -30.46    -31.26    -31.86    -31.86    -31.06    -30.16    -29.66    -29.76    -30.06    -30.26
    -30.46    -30.86    -31.86
    -39.26    -38.16    -36.06    -34.26    -33.06    -32.16    -31.36    -30.36    -29.76    -29.36
    -28.86    -27.96    -26.86    -26.26    -26.26    -26.26    -26.06    -25.66    -25.56    -25.86
    -26.46    -26.76    -26.76    -26.76    -27.16    -27.56    -27.76    -27.66    -27.66    -27.76
    -27.76    -27.26    -26.56    -25.96    -25.76    -25.86    -25.66    -25.06    -24.36    -24.16
    -24.36    -24.76    -25.06    -25.26    -25.36    -25.36    -25.26    -25.06    -25.16    -25.46
    -26.06    -26.76    -27.46    -28.06    -28.46    -28.76    -28.86    -29.06    -29.56    -30.26
    -31.06    -31.76    -31.86    -31.56    -30.96    -30.56    -30.46    -30.66    -30.56    -30.36
    -30.26    -30.56    -31.36
    -37.76    -36.26    -34.06    -32.46    -31.96    -31.96    -31.76    -31.06    -30.36    -29.76
    -28.96    -27.86    -26.76    -26.26    -26.06    -25.96    -25.46    -24.96    -24.96    -25.46
    -26.06    -26.16    -25.86    -25.66    -26.06    -26.66    -27.16    -27.26    -27.16    -27.16
    -27.16    -26.86    -26.16    -25.46    -25.16    -25.16    -25.16    -25.06    -24.76    -24.66
    -24.66    -24.86    -25.06    -25.36    -25.36    -25.16    -24.96    -25.06    -25.46    -26.06
    -26.46    -26.66    -26.86    -27.36    -27.76    -28.16    -28.56    -29.26    -30.26    -31.36
    -32.06    -32.16    -31.66    -31.06    -30.76    -30.76    -30.96    -30.96    -30.66    -30.36
    -30.36    -30.96    -31.66
    -35.36    -33.96    -32.36    -31.46    -31.56    -31.86    -31.66    -30.86    -29.96    -29.26
    -28.66    -27.96    -27.46    -27.06    -26.76    -26.26    -25.66    -25.26    -25.56    -26.16
    -26.66    -26.56    -26.06    -25.76    -25.86    -26.36    -26.66    -26.66    -26.36    -26.16
    -25.96    -25.76    -25.26    -24.76    -24.56    -24.76    -25.16    -25.56    -25.76    -25.76
    -25.66    -25.56    -25.56    -25.66    -25.46    -25.06    -24.66    -24.86    -25.66    -26.36
    -26.66    -26.66    -26.86    -27.56    -28.36    -28.96    -29.56    -30.56    -31.76    -32.86
    -33.26    -32.86    -31.96    -31.06    -30.66    -30.66    -30.76    -30.66    -30.46    -30.46
    -30.86    -31.56    -32.16
    -33.26    -32.26    -31.46    -31.16    -31.36    -31.56    -31.16    -30.26    -29.46    -28.96
    -28.76    -28.66    -28.56    -28.26    -27.66    -26.76    -26.06    -26.06    -26.56    -27.16
    -27.56    -27.36    -27.06    -26.66    -26.56    -26.46    -26.16    -25.76    -25.36    -25.06
    -24.96    -24.86    -24.66    -24.46    -24.66    -25.16    -25.86    -26.56    -27.06    -27.26
    -27.06    -26.86    -26.66    -26.46    -26.16    -25.66    -25.26    -25.46    -26.26    -26.96
    -27.16    -27.26    -27.66    -28.56    -29.46    -30.06    -30.66    -31.66    -32.86    -33.86
    -34.06    -33.46    -32.46    -31.36    -30.66    -30.26    -30.36    -30.46    -30.76    -31.16
    -31.76    -32.26    -32.56
    -31.86    -31.26    -30.86    -30.96    -31.26    -31.36    -30.96    -30.26    -29.56    -29.06
    -28.96    -29.06    -29.26    -28.96    -28.06    -27.06    -26.46    -26.56    -27.16    -27.56
    -27.66    -27.56    -27.66    -27.56    -27.16    -26.46    -25.76    -25.16    -24.96    -25.16
    -25.26    -25.36    -25.26    -25.36    -25.66    -26.26    -26.96    -27.46    -27.96    -28.16
    -28.16    -27.96    -27.66    -27.46    -27.26    -26.96    -26.66    -26.96    -27.66    -28.26
    -28.56    -28.66    -29.06    -29.76    -30.36    -30.66    -31.06    -31.96    -33.16    -33.86
    -33.86    -33.26    -32.36    -31.36    -30.46    -29.96    -30.16    -30.86    -31.76    -32.46
    -32.96    -33.06    -32.86
    -31.16    -30.76    -30.76    -30.96    -31.36    -31.46    -31.26    -30.66    -29.86    -29.16
    -28.86    -28.96    -29.36    -29.26    -28.56    -27.66    -27.16    -27.36    -27.66    -27.66
    -27.46    -27.46    -27.86    -28.16    -27.76    -26.76    -25.76    -25.36    -25.56    -26.26
    -26.86    -27.06    -26.96    -26.76    -26.96    -27.26    -27.56    -27.86    -28.16    -28.46
    -28.56    -28.36    -28.06    -27.96    -28.06    -28.06    -28.06    -28.36    -28.96    -29.66
    -29.96    -30.06    -30.26    -30.46    -30.46    -30.46    -30.86    -31.66    -32.46    -32.76
    -32.46    -32.06    -31.56    -30.86    -30.06    -29.56    -29.96    -31.16    -32.56    -33.56
    -33.86    -33.56    -33.06
    -31.06    -30.76    -30.86    -31.16    -31.56    -31.86    -31.76    -31.06    -30.06    -29.16
    -28.76    -28.96    -29.36    -29.56    -29.26    -28.76    -28.56    -28.76    -28.86    -28.56
    -28.26    -28.26    -28.86    -29.26    -28.96    -28.06    -27.06    -26.56    -26.76    -27.56
    -28.36    -28.66    -28.26    -27.86    -27.56    -27.66    -27.66    -27.76    -27.96    -28.36
    -28.56    -28.36    -28.06    -28.06    -28.36    -28.66    -28.76    -28.96    -29.46    -30.16
    -30.56    -30.56    -30.46    -30.16    -29.86    -29.66    -30.06    -30.66    -31.16    -31.16
    -30.86    -30.66    -30.66    -30.36    -29.86    -29.36    -29.66    -30.86    -32.26    -33.36
    -33.76    -33.46    -32.86
    -31.06    -30.86    -30.96    -31.36    -31.86    -32.26    -32.06    -31.36    -30.26    -29.46
    -29.26    -29.56    -29.96    -30.06    -29.86    -29.56    -29.66    -30.06    -30.26    -30.16
    -29.86    -29.96    -30.16    -30.46    -30.36    -29.86    -28.96    -28.26    -27.96    -28.26
    -28.86    -29.16    -28.76    -28.26    -27.86    -27.86    -27.86    -27.96    -28.16    -28.56
    -28.76    -28.46    -28.16    -28.26    -28.76    -29.06    -29.16    -29.06    -29.36    -29.96
    -30.26    -30.16    -29.86    -29.36    -29.06    -28.96    -29.06    -29.46    -29.76    -29.76
    -29.66    -29.86    -30.16    -30.16    -29.76    -29.36    -29.36    -30.06    -31.06    -32.06
    -32.46    -32.36    -32.06
    -30.86    -30.76    -30.86    -31.26    -31.86    -32.26    -32.16    -31.46    -30.66    -30.26
    -30.26    -30.56    -30.56    -30.26    -29.96    -29.76    -29.96    -30.46    -30.76    -30.96
    -30.96    -30.86    -30.66    -30.46    -30.56    -30.56    -30.16    -29.46    -28.76    -28.56
    -28.86    -29.06    -28.86    -28.46    -28.26    -28.36    -28.46    -28.56    -28.86    -29.16
    -29.16    -28.96    -28.66    -28.86    -29.36    -29.66    -29.56    -29.16    -29.16    -29.46
    -29.76    -29.66    -29.36    -29.06    -28.76    -28.56    -28.46    -28.56    -28.66    -28.86
    -29.16    -29.56    -29.86    -29.86    -29.56    -29.26    -29.06    -29.26    -29.76    -30.36
    -30.86    -30.96    -30.76
    -30.56    -30.46    -30.56    -30.86    -31.36    -31.66    -31.76    -31.36    -30.96    -30.76
    -30.76    -30.76    -30.46    -30.06    -29.76    -29.76    -29.96    -30.26    -30.46    -30.76
    -30.86    -30.56    -29.86    -29.26    -29.26    -29.56    -29.86    -29.66    -29.16    -28.96
    -29.06    -29.16    -29.06    -28.96    -29.06    -29.16    -29.26    -29.36    -29.56    -29.76
    -29.76    -29.46    -29.16    -29.36    -29.86    -30.16    -29.86    -29.36    -29.16    -29.26
    -29.46    -29.46    -29.26    -29.16    -28.86    -28.56    -28.16    -27.96    -28.06    -28.36
    -28.66    -28.96    -29.06    -29.06    -28.96    -28.86    -28.86    -28.86    -28.96    -29.36
    -29.86    -29.96    -29.86
    -30.36    -30.56    -30.56    -30.66    -30.66    -30.76    -30.86    -30.86    -30.76    -30.56
    -30.36    -30.06    -29.76    -29.66    -29.76    -30.16    -30.36    -30.26    -30.06    -30.06
    -30.16    -29.96    -29.26    -28.46    -28.06    -28.36    -29.06    -29.46    -29.56    -29.46
    -29.46    -29.36    -29.36    -29.46    -29.66    -29.76    -29.76    -29.86    -30.06    -30.36
    -30.36    -30.06    -29.76    -29.76    -30.06    -30.36    -30.16    -29.76    -29.36    -29.26
    -29.26    -29.36    -29.26    -29.16    -28.86    -28.36    -27.96    -27.76    -27.86    -28.06
    -28.26    -28.26    -28.36    -28.36    -28.46    -28.56    -28.56    -28.46    -28.66    -28.96
    -29.46    -29.66    -29.46
    -30.56    -30.76    -30.86    -30.56    -30.26    -30.06    -30.06    -30.26    -30.26    -30.06
    -29.76    -29.36    -29.26    -29.36    -29.96    -30.46    -30.76    -30.36    -29.86    -29.56
    -29.76    -30.06    -29.76    -29.06    -28.46    -28.46    -28.96    -29.66    -30.06    -30.16
    -29.96    -29.76    -29.76    -29.86    -29.96    -29.96    -29.86    -29.96    -30.26    -30.66
    -30.86    -30.66    -30.36    -30.16    -30.26    -30.46    -30.46    -30.16    -29.86    -29.66
    -29.46    -29.26    -29.16    -28.96    -28.56    -28.16    -27.86    -27.86    -28.06    -28.16
    -28.16    -28.16    -28.26    -28.46    -28.56    -28.46    -28.26    -28.26    -28.46    -28.96
    -29.26    -29.36    -29.16
    -30.86    -30.96    -30.76    -30.46    -29.96    -29.76    -29.86    -30.06    -30.26    -30.16
    -29.96    -29.66    -29.46    -29.46    -29.86    -30.36    -30.66    -30.46    -29.86    -29.56
    -29.86    -30.46    -30.66    -30.36    -29.76    -29.56    -29.76    -30.26    -30.66    -30.56
    -30.36    -30.06    -30.06    -30.06    -30.06    -29.96    -29.86    -30.06    -30.36    -30.76
    -30.96    -30.96    -30.86    -30.76    -30.76    -30.86    -30.86    -30.66    -30.46    -30.16
    -29.86    -29.56    -29.26    -29.06    -28.76    -28.46    -28.26    -28.26    -28.46    -28.56
    -28.46    -28.46    -28.66    -28.86    -28.86    -28.56    -28.26    -28.36    -28.76    -29.06
    -29.16    -29.06    -28.76
