diamond 4 20年06月26日20时700百帕温度场
20 06 26  20  700 
2.500  -2.500  .0  180.0   90.0  .0
73  37
    -10.46    -10.46    -10.46    -10.46    -10.46    -10.46    -10.46    -10.46    -10.46    -10.46
    -10.46    -10.46    -10.46    -10.46    -10.46    -10.46    -10.46    -10.46    -10.46    -10.46
    -10.46    -10.46    -10.46    -10.46    -10.46    -10.46    -10.46    -10.46    -10.46    -10.46
    -10.46    -10.46    -10.46    -10.46    -10.46    -10.46    -10.46    -10.46    -10.46    -10.46
    -10.46    -10.46    -10.46    -10.46    -10.46    -10.46    -10.46    -10.46    -10.46    -10.46
    -10.46    -10.46    -10.46    -10.46    -10.46    -10.46    -10.46    -10.46    -10.46    -10.46
    -10.46    -10.46    -10.46    -10.46    -10.46    -10.46    -10.46    -10.46    -10.46    -10.46
    -10.46    -10.46    -10.46
     -7.86     -7.86     -7.86     -7.96     -7.96     -8.06     -8.06     -8.16     -8.16     -8.26
     -8.26     -8.36     -8.46     -8.46     -8.56     -8.56     -8.66     -8.76     -8.76     -8.86
     -8.96     -8.96     -9.06     -9.06     -9.16     -9.26     -9.26     -9.36     -9.36     -9.46
     -9.46     -9.56     -9.56     -9.66     -9.66     -9.76     -9.86     -9.86     -9.96     -9.96
    -10.06    -10.16    -10.16    -10.26    -10.36    -10.36    -10.46    -10.56    -10.66    -10.76
    -10.76    -10.86    -10.96    -11.06    -11.16    -11.26    -11.36    -11.46    -11.56    -11.66
    -11.76    -11.86    -11.96    -12.06    -12.06    -12.16    -12.26    -12.26    -12.36    -12.36
    -12.36    -12.46    -12.46
     -5.56     -5.56     -5.66     -5.76     -5.86     -5.96     -6.16     -6.26     -6.36     -6.56
     -6.66     -6.86     -6.96     -7.16     -7.36     -7.46     -7.66     -7.76     -7.86     -8.06
     -8.16     -8.26     -8.36     -8.46     -8.56     -8.66     -8.76     -8.76     -8.76     -8.86
     -8.86     -8.86     -8.76     -8.76     -8.76     -8.66     -8.66     -8.66     -8.56     -8.56
     -8.46     -8.46     -8.46     -8.46     -8.46     -8.46     -8.56     -8.56     -8.66     -8.86
     -8.96     -9.16     -9.26     -9.46     -9.76     -9.96    -10.16    -10.46    -10.76    -10.96
    -11.26    -11.56    -11.76    -12.06    -12.26    -12.56    -12.76    -12.96    -13.06    -13.16
    -13.36    -13.36    -13.46
     -4.56     -4.66     -4.66     -4.76     -4.86     -5.06     -5.16     -5.36     -5.56     -5.76
     -6.06     -6.26     -6.46     -6.76     -6.96     -7.26     -7.46     -7.66     -7.96     -8.16
     -8.36     -8.56     -8.66     -8.86     -8.96     -9.06     -9.16     -9.26     -9.26     -9.16
     -9.16     -9.06     -8.86     -8.76     -8.46     -8.26     -7.96     -7.76     -7.46     -7.16
     -6.86     -6.56     -6.36     -6.06     -5.96     -5.76     -5.66     -5.66     -5.66     -5.76
     -5.86     -6.06     -6.36     -6.66     -7.06     -7.46     -7.86     -8.36     -8.86     -9.46
     -9.96    -10.46    -10.96    -11.46    -11.96    -12.36    -12.76    -13.06    -13.36    -13.56
    -13.76    -13.86    -13.86
     -4.96     -4.86     -4.86     -4.86     -4.96     -5.06     -5.16     -5.36     -5.56     -5.76
     -5.96     -6.26     -6.46     -6.76     -6.96     -7.26     -7.46     -7.66     -7.96     -8.16
     -8.36     -8.56     -8.76     -8.96     -9.16     -9.26     -9.36     -9.46     -9.46     -9.46
     -9.36     -9.16     -8.86     -8.56     -8.16     -7.76     -7.26     -6.66     -6.16     -5.56
     -4.96     -4.46     -3.86     -3.46     -3.06     -2.66     -2.46     -2.26     -2.26     -2.26
     -2.46     -2.76     -3.06     -3.56     -4.06     -4.66     -5.36     -6.06     -6.86     -7.66
     -8.56     -9.36    -10.16    -10.96    -11.66    -12.36    -12.96    -13.36    -13.76    -14.06
    -14.16    -14.26    -14.26
     -5.96     -5.76     -5.66     -5.66     -5.66     -5.66     -5.86     -5.96     -6.16     -6.36
     -6.56     -6.86     -7.06     -7.26     -7.36     -7.56     -7.76     -7.86     -7.96     -8.16
     -8.26     -8.36     -8.56     -8.66     -8.86     -8.96     -9.06     -9.06     -9.06     -8.96
     -8.76     -8.46     -8.06     -7.56     -7.06     -6.36     -5.66     -4.96     -4.16     -3.46
     -2.66     -1.96     -1.36     -0.76     -0.26      0.14      0.44      0.54      0.64      0.54
      0.44      0.14     -0.26     -0.76     -1.36     -2.16     -2.96     -3.86     -4.86     -5.86
     -6.96     -8.16     -9.26    -10.36    -11.46    -12.46    -13.26    -13.96    -14.46    -14.86
    -14.96    -14.96    -14.76
     -6.76     -6.76     -6.66     -6.66     -6.76     -6.86     -6.96     -7.16     -7.36     -7.56
     -7.76     -8.06     -8.26     -8.36     -8.56     -8.66     -8.66     -8.66     -8.76     -8.76
     -8.76     -8.76     -8.86     -8.86     -8.96     -8.96     -8.86     -8.76     -8.56     -8.36
     -7.96     -7.46     -6.86     -6.26     -5.56     -4.76     -3.96     -3.16     -2.36     -1.56
     -0.76     -0.06      0.54      1.04      1.44      1.74      1.94      2.04      2.14      2.04
      1.94      1.64      1.34      1.04      0.54     -0.06     -0.76     -1.56     -2.56     -3.66
     -4.96     -6.36     -7.86     -9.36    -10.76    -12.16    -13.36    -14.36    -15.06    -15.56
    -15.76    -15.66    -15.36
     -7.06     -7.16     -7.26     -7.36     -7.46     -7.56     -7.66     -7.86     -8.06     -8.36
     -8.56     -8.86     -9.06     -9.26     -9.36     -9.36     -9.36     -9.36     -9.36     -9.36
     -9.36     -9.36     -9.36     -9.36     -9.36     -9.26     -9.06     -8.76     -8.36     -7.86
     -7.26     -6.66     -5.96     -5.16     -4.36     -3.56     -2.76     -2.06     -1.26     -0.56
      0.04      0.64      1.14      1.54      1.84      2.04      2.24      2.24      2.34      2.34
      2.24      2.14      2.14      1.94      1.84      1.54      1.14      0.64     -0.16     -1.16
     -2.46     -3.96     -5.66     -7.46     -9.26    -10.96    -12.56    -13.86    -14.76    -15.36
    -15.56    -15.46    -15.06
     -5.96     -6.16     -6.36     -6.46     -6.46     -6.46     -6.56     -6.56     -6.66     -6.86
     -7.06     -7.36     -7.56     -7.76     -7.96     -7.96     -8.06     -8.06     -8.16     -8.26
     -8.36     -8.56     -8.76     -8.86     -8.86     -8.66     -8.36     -7.96     -7.46     -6.86
     -6.16     -5.56     -4.86     -4.16     -3.46     -2.86     -2.26     -1.56     -0.96     -0.46
      0.14      0.54      0.94      1.34      1.64      1.84      2.04      2.14      2.24      2.34
      2.44      2.54      2.64      2.74      2.74      2.74      2.64      2.44      1.94      1.14
      0.04     -1.36     -2.96     -4.76     -6.66     -8.46    -10.16    -11.46    -12.46    -12.96
    -13.26    -13.16    -12.86
     -3.46     -3.46     -3.46     -3.46     -3.36     -3.16     -2.96     -2.76     -2.76     -2.76
     -2.96     -3.26     -3.56     -3.76     -3.96     -4.16     -4.36     -4.56     -4.96     -5.36
     -5.96     -6.56     -6.96     -7.36     -7.46     -7.26     -6.86     -6.36     -5.76     -5.06
     -4.46     -3.96     -3.36     -2.96     -2.46     -1.96     -1.56     -1.06     -0.56     -0.06
      0.34      0.74      1.04      1.34      1.54      1.74      1.94      2.14      2.34      2.64
      2.74      2.94      3.14      3.24      3.34      3.44      3.44      3.44      3.24      2.74
      2.04      1.04     -0.26     -1.76     -3.26     -4.76     -6.16     -7.26     -8.06     -8.56
     -8.76     -8.86     -8.96
     -0.36     -0.26     -0.06      0.14      0.44      0.94      1.34      1.74      2.04      2.04
      1.84      1.54      1.14      0.74      0.34     -0.06     -0.46     -1.06     -1.86     -2.86
     -3.96     -5.06     -5.86     -6.46     -6.66     -6.46     -5.96     -5.26     -4.56     -3.86
     -3.26     -2.66     -2.26     -1.76     -1.36     -0.86     -0.46      0.04      0.44      0.84
      1.14      1.24      1.34      1.34      1.34      1.34      1.44      1.64      1.94      2.24
      2.54      2.84      3.04      3.14      3.14      3.14      3.14      3.14      3.24      3.14
      3.04      2.64      2.04      1.14      0.24     -0.76     -1.66     -2.46     -2.96     -3.46
     -3.86     -4.46     -5.16
      1.44      1.64      1.84      2.14      2.64      3.24      3.94      4.64      5.04      5.14
      4.94      4.54      3.94      3.34      2.74      2.14      1.44      0.44     -0.76     -2.16
     -3.66     -5.16     -6.26     -7.06     -7.26     -7.06     -6.56     -5.76     -4.96     -4.06
     -3.26     -2.56     -1.86     -1.06     -0.36      0.24      0.84      1.24      1.64      1.84
      1.84      1.74      1.54      1.14      0.74      0.44      0.34      0.44      0.74      1.24
      1.74      2.14      2.34      2.34      2.14      1.84      1.64      1.54      1.74      2.04
      2.44      2.84      3.04      2.94      2.64      2.14      1.64      1.24      0.74      0.24
     -0.46     -1.46     -2.76
      1.64      1.84      2.04      2.34      2.84      3.44      4.24      4.94      5.44      5.64
      5.44      5.04      4.44      3.74      3.04      2.34      1.44      0.34     -0.96     -2.56
     -4.26     -5.86     -7.16     -7.96     -8.26     -8.16     -7.66     -6.86     -5.96     -4.96
     -3.96     -2.76     -1.56     -0.46      0.64      1.44      2.04      2.34      2.54      2.54
      2.44      2.14      1.84      1.24      0.74      0.14     -0.16     -0.26      0.04      0.54
      1.04      1.54      1.74      1.64      1.14      0.44     -0.26     -0.66     -0.66     -0.16
      0.64      1.64      2.44      3.04      3.24      3.14      2.94      2.64      2.24      1.64
      0.84     -0.36     -1.96
      1.44      1.74      1.94      2.24      2.54      2.84      3.34      3.84      4.34      4.54
      4.54      4.24      3.74      3.14      2.54      1.94      1.14      0.14     -1.16     -2.66
     -4.36     -5.96     -7.36     -8.26     -8.66     -8.56     -8.06     -7.16     -5.96     -4.76
     -3.36     -1.86     -0.46      0.84      1.84      2.54      2.84      2.94      2.94      3.04
      3.04      3.14      2.94      2.64      2.14      1.54      0.94      0.64      0.54      0.74
      1.14      1.54      1.74      1.54      0.84     -0.16     -1.36     -2.26     -2.66     -2.36
     -1.46     -0.16      1.04      1.94      2.44      2.54      2.44      2.14      1.84      1.34
      0.64     -0.56     -1.96
      2.14      2.64      2.94      3.04      2.94      2.74      2.64      2.74      3.04      3.24
      3.44      3.44      3.24      2.94      2.54      2.04      1.34      0.34     -0.96     -2.56
     -4.26     -5.96     -7.46     -8.46     -8.86     -8.46     -7.46     -5.96     -4.26     -2.66
     -1.06      0.24      1.44      2.34      2.94      3.24      3.24      3.24      3.24      3.54
      4.14      4.64      4.94      4.84      4.34      3.64      2.84      2.04      1.54      1.24
      1.34      1.54      1.74      1.74      1.24      0.34     -0.96     -2.26     -2.96     -3.06
     -2.26     -1.16      0.04      0.94      1.44      1.44      1.24      0.94      0.64      0.24
     -0.46     -1.46     -2.56
      3.14      3.84      4.24      4.14      3.64      2.94      2.44      2.14      2.14      2.44
      2.74      3.04      3.14      3.14      3.04      2.64      1.94      0.84     -0.66     -2.56
     -4.46     -6.26     -7.86     -8.86     -8.96     -8.16     -6.36     -3.96     -1.56      0.44
      1.84      2.74      3.24      3.44      3.54      3.44      3.34      3.44      3.84      4.64
      5.54      6.24      6.54      6.24      5.54      4.64      3.64      2.74      2.04      1.44
      1.14      1.14      1.54      1.84      1.94      1.54      0.54     -0.66     -1.66     -2.06
     -1.66     -0.86      0.04      0.64      0.84      0.74      0.34     -0.16     -0.66     -1.36
     -2.16     -3.06     -3.96
      3.54      4.24      4.54      4.34      3.74      3.04      2.34      1.94      1.94      2.24
      2.54      2.74      3.04      3.24      3.34      3.24      2.64      1.44     -0.26     -2.16
     -3.96     -5.66     -7.06     -7.86     -7.86     -6.66     -4.46     -1.56      1.14      3.24
      4.34      4.64      4.64      4.44      4.24      4.14      4.14      4.54      5.44      6.54
      7.44      7.74      7.34      6.24      5.04      3.94      3.24      2.74      2.34      1.84
      1.44      1.24      1.54      2.14      2.74      2.84      2.24      1.24      0.14     -0.56
     -0.56     -0.16      0.24      0.64      0.64      0.44     -0.06     -0.76     -1.76     -2.86
     -3.96     -4.86     -5.36
      3.34      3.94      4.14      4.14      3.74      3.24      2.74      2.54      2.54      2.74
      2.94      2.94      3.04      3.34      3.74      3.94      3.64      2.54      1.04     -0.56
     -1.86     -2.96     -3.76     -4.46     -4.56     -3.66     -1.66      1.04      3.54      5.24
      6.14      6.54      6.54      6.34      6.14      5.84      5.84      6.44      7.64      9.04
      9.84      9.64      8.24      6.24      4.44      3.24      2.84      3.04      3.14      3.04
      2.64      2.34      2.34      2.84      3.44      3.84      3.54      2.64      1.54      0.74
      0.24      0.14      0.14      0.24      0.34      0.34      0.04     -0.86     -2.16     -3.76
     -5.06     -5.66     -5.56
      3.74      4.24      4.54      4.64      4.64      4.34      3.94      3.74      3.64      3.84
      3.84      3.64      3.54      3.84      4.44      5.14      5.24      4.44      3.14      1.94
      1.14      0.84      0.44     -0.16     -0.46     -0.16      1.14      3.14      5.04      6.54
      7.64      8.44      9.04      9.14      8.54      7.54      7.04      7.44      9.14     11.14
     12.34     11.94     10.04      7.54      5.24      3.94      3.54      3.84      4.14      4.14
      3.84      3.44      3.24      3.54      4.14      4.64      4.64      4.04      3.14      2.24
      1.44      0.74      0.24     -0.06     -0.06      0.14      0.04     -0.76     -2.36     -4.26
     -5.66     -5.66     -4.56
      5.24      5.84      6.24      6.54      6.54      6.24      5.54      4.94      4.74      4.84
      5.04      4.84      4.64      4.74      5.54      6.64      7.34      6.94      5.84      4.64
      4.04      3.74      3.34      2.74      2.14      2.14      3.14      4.54      5.94      7.14
      8.34      9.74     10.84     11.04      9.64      7.54      6.04      6.44      8.64     11.54
     13.44     13.54     11.74      9.34      7.14      5.84      5.14      4.84      4.64      4.34
      4.04      3.84      3.84      4.24      4.94      5.64      6.04      6.04      5.64      4.94
      4.04      2.84      1.54      0.54      0.04      0.04     -0.16     -1.06     -2.86     -4.86
     -6.06     -5.56     -3.36
      7.74      8.34      8.64      8.74      8.64      7.94      6.84      5.84      5.34      5.64
      6.04      6.14      5.84      5.84      6.84      8.44      9.74      9.84      9.04      7.94
      7.14      6.54      5.74      4.64      3.94      4.24      5.34      6.64      7.34      7.74
      8.54      9.94     11.24     11.24      9.44      6.54      4.64      4.94      7.54     10.84
     13.04     13.24     11.74      9.94      8.64      7.74      6.94      6.04      5.14      4.44
      4.24      4.44      4.94      5.54      6.44      7.24      8.04      8.54      8.74      8.44
      7.74      6.24      4.24      2.24      0.84      0.04     -0.56     -1.56     -3.16     -4.96
     -5.76     -4.96     -2.46
     10.44     10.74     10.44     10.14      9.64      8.84      7.54      6.44      6.04      6.44
      7.14      7.34      7.04      6.94      8.04      9.94     11.74     12.54     12.34     11.94
     11.64     11.14      9.94      8.44      7.64      8.24      9.74     10.74     10.44      9.44
      8.94      9.74     10.94     11.34     10.04      7.74      6.14      6.64      8.84     11.24
     12.34     11.74     10.14      9.04      8.74      8.94      8.64      7.74      6.74      6.04
      6.04      6.54      7.14      7.84      8.54      9.24      9.94     10.54     11.14     11.34
     10.84      9.54      7.34      4.74      2.44      0.94     -0.06     -0.96     -1.96     -3.06
     -3.36     -2.46     -0.36
     12.84     12.34     11.34     10.44      9.64      8.84      7.84      7.14      7.04      7.74
      8.54      8.84      8.64      8.64      9.64     11.44     13.04     14.04     14.64     15.64
     16.94     17.44     16.34     14.44     13.24     13.84     15.34     15.94     14.64     12.24
     10.54     10.54     11.74     12.84     12.94     12.34     11.74     12.04     12.94     13.54
     12.94     11.14      9.24      8.34      8.64      9.54     10.04      9.74      9.14      8.74
      8.84      9.24      9.64      9.94     10.24     10.64     11.04     11.54     12.04     12.44
     12.34     11.44      9.64      7.34      4.94      3.14      2.14      1.64      1.44      1.44
      1.64      2.34      3.54
     13.94     12.84     11.34     10.04      9.04      8.34      7.94      7.94      8.34      9.14
     10.04     10.64     10.84     11.14     11.94     13.04     13.74     14.24     15.24     17.64
     20.64     22.44     21.64     19.34     17.64     17.84     19.14     19.44     17.74     14.84
     12.74     12.24     13.34     14.84     16.24     16.94     17.24     17.24     16.84     16.14
     14.64     12.64     10.64      9.54      9.54     10.24     10.84     11.04     10.84     10.74
     10.64     10.64     10.64     10.74     10.84     11.04     11.24     11.64     12.04     12.34
     12.34     11.84     10.84      9.34      7.74      6.34      5.74      5.74      6.24      6.74
      7.14      7.34      7.64
     13.44     12.24     10.94      9.64      8.64      8.04      8.04      8.54      9.24     10.14
     11.14     12.04     12.94     13.64     14.34     14.64     14.44     14.14     15.04     17.74
     21.34     23.64     22.94     20.24     18.04     17.94     18.94     19.24     17.84     15.64
     13.94     13.44     13.94     15.04     16.54     17.74     18.34     17.94     17.04     16.34
     15.84     14.94     13.54     12.14     11.24     11.04     11.24     11.44     11.44     11.14
     10.74     10.44     10.24     10.34     10.64     10.94     11.14     11.44     11.74     11.94
     11.84     11.54     11.14     10.54      9.94      9.34      9.14      9.34      9.94     10.34
     10.44     10.14      9.94
     12.24     11.54     10.94     10.14      9.14      8.54      8.54      9.04      9.64     10.24
     11.24     12.44     13.74     14.64     15.24     15.44     15.24     14.94     15.34     17.24
     20.04     21.64     20.74     18.14     16.04     15.84     16.64     16.74     15.74     14.44
     13.64     13.24     13.04     13.24     14.14     15.14     15.54     14.94     14.24     14.34
     15.34     15.84     15.34     13.84     12.44     11.64     11.64     11.74     11.54     11.04
     10.44      9.94      9.94     10.24     10.74     11.04     11.04     11.14     11.34     11.54
     11.44     11.24     11.14     11.04     11.04     11.04     11.14     11.34     11.54     11.54
     11.14     10.54     10.24
     11.94     11.84     11.84     11.44     10.54      9.84      9.64      9.84      9.94     10.04
     10.74     11.94     13.14     13.84     14.24     14.94     15.74     16.24     16.54     17.24
     18.34     19.04     18.14     16.24     14.94     14.84     15.14     14.74     13.64     12.74
     12.44     12.34     11.84     11.64     12.24     13.14     13.34     12.54     11.94     12.44
     13.84     14.94     14.64     13.44     12.44     12.04     12.14     12.14     11.74     11.04
     10.34     10.14     10.44     10.94     11.24     11.24     10.84     10.64     10.84     11.14
     11.24     11.34     11.34     11.54     11.64     11.74     11.84     11.94     11.84     11.44
     10.84     10.34     10.24
     12.94     13.04     13.14     12.74     11.94     11.24     10.94     10.74     10.44     10.14
     10.54     11.54     12.34     12.54     12.74     13.74     15.64     17.04     17.24     16.94
     16.94     17.04     16.74     15.84     15.24     15.24     15.04     14.04     12.64     11.94
     11.94     12.04     11.84     11.94     12.84     13.74     13.74     12.84     11.94     12.04
     12.84     13.34     12.94     12.34     12.14     12.34     12.54     12.14     11.44     10.74
     10.34     10.44     10.84     11.24     11.24     10.94     10.34     10.04     10.24     10.74
     11.34     11.74     12.04     12.14     12.14     12.24     12.34     12.34     12.04     11.54
     11.04     10.84     10.84
     13.84     13.94     13.74     13.34     12.64     11.94     11.64     11.44     10.94     10.64
     10.94     11.84     12.44     12.24     12.14     13.14     15.14     16.64     16.64     15.94
     15.54     15.84     16.04     15.84     15.44     15.14     14.64     13.54     12.44     11.94
     12.14     12.44     12.64     13.14     14.14     14.94     14.74     13.64     12.74     12.44
     12.44     12.44     12.14     12.04     12.24     12.44     12.24     11.54     10.64     10.04
      9.94     10.24     10.44     10.54     10.44     10.14      9.94      9.84     10.14     10.74
     11.44     12.04     12.34     12.54     12.64     12.84     12.84     12.74     12.34     11.84
     11.54     11.54     11.54
     13.64     13.74     13.54     13.14     12.64     12.04     11.64     11.44     11.24     11.14
     11.44     12.14     12.74     12.84     12.74     13.34     14.54     15.34     15.24     14.74
     14.64     15.04     15.24     14.94     14.14     13.54     13.04     12.44     11.94     12.04
     12.34     12.64     12.94     13.44     14.14     14.44     13.94     13.04     12.24     12.04
     11.94     12.04     12.24     12.54     12.54     12.14     11.34     10.64     10.14      9.84
      9.94     10.04      9.94      9.74      9.64      9.74     10.14     10.34     10.64     11.04
     11.44     11.74     11.84     12.04     12.54     13.04     13.24     12.94     12.44     12.04
     11.94     11.94     11.64
     12.74     12.84     12.84     12.84     12.54     11.84     11.24     11.04     11.24     11.44
     11.54     11.94     12.44     12.84     13.14     13.34     13.74     13.94     13.84     13.84
     14.04     14.34     14.04     13.24     12.24     11.54     11.24     11.04     11.04     11.34
     11.74     12.04     12.24     12.54     12.84     12.74     12.24     11.64     11.24     10.94
     10.94     11.24     12.04     12.54     12.24     11.24     10.44     10.14     10.24     10.34
     10.34     10.24     10.04      9.74      9.74     10.14     10.74     11.14     11.34     11.44
     11.54     11.24     10.84     10.94     11.84     12.74     13.04     12.74     12.24     12.04
     12.04     12.14     11.74
     11.84     12.04     12.14     12.34     12.24     11.54     10.74     10.54     11.04     11.44
     11.44     11.24     11.34     11.84     12.44     12.64     12.54     12.44     12.64     13.04
     13.34     13.24     12.54     11.64     10.94     10.64     10.44     10.24     10.04     10.14
     10.54     11.04     11.34     11.64     11.84     11.84     11.54     11.14     10.74     10.14
      9.64      9.94     10.84     11.44     11.14     10.14      9.74     10.14     10.64     10.74
     10.44     10.34     10.34     10.24     10.24     10.54     11.04     11.34     11.54     11.74
     11.64     11.14     10.34     10.24     11.04     12.14     12.54     12.24     12.04     12.14
     12.34     12.34     11.94
     11.34     11.34     11.34     11.44     11.44     10.94     10.34     10.24     10.94     11.54
     11.54     10.84     10.54     10.74     11.24     11.44     11.34     11.34     11.64     12.14
     12.34     11.94     11.24     10.64     10.44     10.54     10.54     10.04      9.54      9.34
      9.64     10.24     10.84     11.24     11.54     11.54     11.34     11.14     10.54      9.74
      9.04      9.04      9.74     10.34     10.14      9.44      9.44     10.14     10.54     10.34
      9.94      9.84     10.14     10.24     10.24     10.34     10.54     10.74     11.04     11.54
     11.84     11.34     10.44     10.14     10.74     11.54     11.74     11.54     11.64     12.14
     12.34     12.24     11.84
     10.64     10.64     10.44     10.34     10.44     10.34     10.04     10.14     10.74     11.54
     11.64     11.04     10.44     10.24     10.34     10.54     10.54     10.74     11.04     11.34
     11.54     11.44     11.04     10.64     10.44     10.54     10.64     10.24      9.54      9.24
      9.54     10.14     10.64     10.84     10.94     10.84     10.64     10.34     10.04      9.54
      9.14      9.14      9.54      9.94      9.74      9.34      9.34      9.84     10.04      9.74
      9.34      9.44      9.74      9.84      9.84      9.74      9.84      9.94     10.34     10.94
     11.44     11.24     10.54     10.24     10.64     11.04     10.94     10.84     11.14     11.74
     11.94     11.54     11.14
      9.94     10.14     10.04      9.94     10.04     10.14     10.04     10.04     10.34     10.94
     11.24     11.04     10.44      9.94      9.64      9.64      9.94     10.34     10.74     11.24
     11.74     12.14     12.14     11.54     10.84     10.64     10.74     10.54     10.14      9.84
     10.04     10.54     10.74     10.44     10.14      9.84      9.54      9.24      9.24      9.64
     10.04     10.14     10.04      9.94      9.64      9.34      9.24      9.44      9.64      9.54
      9.44      9.54      9.64      9.64      9.54      9.44      9.44      9.54      9.84     10.34
     10.64     10.54     10.14     10.04     10.44     10.64     10.44     10.24     10.64     11.24
     11.24     10.74     10.44
      9.74     10.24     10.34     10.24     10.24     10.34     10.14      9.84      9.74      9.94
     10.14     10.24     10.04      9.54      9.04      8.74      9.04      9.74     10.44     11.14
     12.04     12.94     13.14     12.44     11.44     11.04     11.24     11.24     10.74     10.34
     10.64     11.04     10.94     10.24      9.74      9.54      9.34      9.14      9.44     10.24
     10.94     10.94     10.34      9.84      9.54      9.34      9.14      9.14      9.34      9.54
      9.74      9.94      9.94      9.94      9.84      9.74      9.74      9.74      9.84      9.94
     10.04      9.94      9.84     10.04     10.34     10.44     10.24     10.24     10.54     10.94
     10.84     10.54     10.44
      9.74     10.34     10.44     10.44     10.54     10.44     10.24      9.74      9.34      9.14
      9.14      9.34      9.34      9.04      8.44      8.04      8.14      8.74      9.54     10.44
     11.54     12.54     13.04     12.64     11.94     11.84     12.04     11.84     11.04     10.54
     10.64     11.04     10.74     10.04      9.74      9.94     10.04      9.94     10.04     10.74
     11.34     11.14     10.24      9.54      9.44      9.54      9.44      9.24      9.34      9.64
      9.84     10.14     10.44     10.74     10.64     10.44     10.24     10.14     10.14     10.14
     10.04      9.94     10.14     10.34     10.54     10.54     10.44     10.44     10.64     10.74
     10.64     10.54     10.64
