diamond 4 20年06月27日8时700百帕温度场
20 06 27  8  700 
2.500  -2.500  .0  180.0   90.0  .0
73  37
    -12.96    -12.96    -12.96    -12.96    -12.96    -12.96    -12.96    -12.96    -12.96    -12.96
    -12.96    -12.96    -12.96    -12.96    -12.96    -12.96    -12.96    -12.96    -12.96    -12.96
    -12.96    -12.96    -12.96    -12.96    -12.96    -12.96    -12.96    -12.96    -12.96    -12.96
    -12.96    -12.96    -12.96    -12.96    -12.96    -12.96    -12.96    -12.96    -12.96    -12.96
    -12.96    -12.96    -12.96    -12.96    -12.96    -12.96    -12.96    -12.96    -12.96    -12.96
    -12.96    -12.96    -12.96    -12.96    -12.96    -12.96    -12.96    -12.96    -12.96    -12.96
    -12.96    -12.96    -12.96    -12.96    -12.96    -12.96    -12.96    -12.96    -12.96    -12.96
    -12.96    -12.96    -12.96
    -11.86    -11.96    -12.06    -12.16    -12.26    -12.36    -12.46    -12.56    -12.66    -12.76
    -12.86    -12.96    -13.06    -13.16    -13.26    -13.26    -13.36    -13.46    -13.56    -13.56
    -13.66    -13.66    -13.76    -13.76    -13.86    -13.86    -13.86    -13.96    -13.96    -13.96
    -13.96    -13.96    -13.96    -13.96    -13.96    -13.96    -13.96    -13.86    -13.86    -13.86
    -13.76    -13.76    -13.76    -13.66    -13.66    -13.56    -13.56    -13.46    -13.46    -13.36
    -13.36    -13.26    -13.16    -13.16    -13.06    -12.96    -12.96    -12.86    -12.76    -12.66
    -12.66    -12.56    -12.46    -12.36    -12.26    -12.16    -12.06    -11.96    -11.86    -11.76
    -11.66    -11.56    -11.46
     -8.66     -8.76     -8.96     -9.06     -9.26     -9.36     -9.56     -9.76     -9.96    -10.16
    -10.36    -10.56    -10.76    -10.96    -11.06    -11.26    -11.46    -11.66    -11.76    -11.96
    -12.06    -12.16    -12.26    -12.36    -12.46    -12.46    -12.56    -12.56    -12.56    -12.56
    -12.56    -12.56    -12.56    -12.56    -12.46    -12.46    -12.36    -12.26    -12.26    -12.16
    -12.06    -11.96    -11.86    -11.76    -11.76    -11.66    -11.56    -11.46    -11.36    -11.36
    -11.26    -11.16    -11.16    -11.06    -11.06    -10.96    -10.96    -10.86    -10.86    -10.76
    -10.76    -10.66    -10.66    -10.56    -10.56    -10.46    -10.36    -10.26    -10.16     -9.96
     -9.86     -9.66     -9.56
     -5.46     -5.46     -5.56     -5.66     -5.86     -5.96     -6.26     -6.46     -6.76     -7.06
     -7.36     -7.66     -8.06     -8.36     -8.66     -9.06     -9.36     -9.66     -9.86    -10.06
    -10.36    -10.46    -10.66    -10.76    -10.86    -10.86    -10.86    -10.86    -10.86    -10.86
    -10.76    -10.66    -10.66    -10.56    -10.36    -10.26    -10.16     -9.96     -9.86     -9.66
     -9.46     -9.26     -9.06     -8.86     -8.76     -8.56     -8.36     -8.26     -8.16     -8.06
     -7.96     -7.96     -7.96     -7.96     -8.06     -8.16     -8.26     -8.46     -8.66     -8.76
     -8.96     -9.16     -9.36     -9.46     -9.56     -9.66     -9.76     -9.76     -9.76     -9.66
     -9.56     -9.36     -9.16
     -4.36     -4.26     -4.16     -4.16     -4.26     -4.36     -4.56     -4.76     -5.06     -5.36
     -5.76     -6.16     -6.56     -7.06     -7.46     -7.96     -8.36     -8.76     -9.06     -9.36
     -9.66     -9.86     -9.96    -10.06    -10.06    -10.06    -10.06     -9.96     -9.86     -9.76
     -9.56     -9.46     -9.26     -9.06     -8.86     -8.66     -8.46     -8.16     -7.96     -7.56
     -7.26     -6.96     -6.56     -6.16     -5.76     -5.46     -5.06     -4.76     -4.46     -4.26
     -4.16     -4.16     -4.16     -4.36     -4.56     -4.96     -5.36     -5.86     -6.46     -7.06
     -7.66     -8.26     -8.86     -9.36     -9.86    -10.26    -10.66    -10.86    -10.96    -10.96
    -10.96    -10.76    -10.56
     -5.66     -5.46     -5.26     -5.16     -5.06     -4.96     -4.96     -5.06     -5.16     -5.36
     -5.66     -5.96     -6.36     -6.86     -7.26     -7.76     -8.26     -8.66     -9.06     -9.36
     -9.56     -9.76     -9.86     -9.86     -9.76     -9.56     -9.46     -9.16     -8.96     -8.76
     -8.46     -8.26     -7.96     -7.76     -7.46     -7.16     -6.86     -6.56     -6.16     -5.76
     -5.26     -4.76     -4.26     -3.66     -3.16     -2.56     -2.06     -1.46     -1.06     -0.76
     -0.46     -0.36     -0.46     -0.66     -0.96     -1.46     -2.16     -3.06     -3.96     -5.06
     -6.06     -7.26     -8.36     -9.36    -10.26    -11.06    -11.66    -12.16    -12.36    -12.46
    -12.46    -12.26    -11.96
     -7.36     -7.26     -7.16     -6.96     -6.76     -6.56     -6.46     -6.26     -6.26     -6.26
     -6.36     -6.56     -6.86     -7.26     -7.66     -8.16     -8.56     -8.96     -9.26     -9.56
     -9.66     -9.66     -9.56     -9.46     -9.16     -8.86     -8.46     -8.06     -7.66     -7.26
     -6.86     -6.56     -6.16     -5.86     -5.46     -5.16     -4.76     -4.36     -3.96     -3.56
     -3.06     -2.56     -1.96     -1.36     -0.86     -0.26      0.34      0.84      1.34      1.74
      2.04      2.14      2.24      2.04      1.74      1.24      0.44     -0.46     -1.56     -2.86
     -4.26     -5.76     -7.26     -8.76    -10.06    -11.16    -12.06    -12.76    -13.06    -13.16
    -13.06    -12.76    -12.26
     -6.96     -7.06     -7.16     -7.26     -7.26     -7.16     -7.06     -6.96     -6.96     -6.96
     -7.16     -7.46     -7.86     -8.26     -8.66     -9.16     -9.56     -9.86     -9.96    -10.06
     -9.96     -9.76     -9.46     -9.06     -8.56     -7.96     -7.36     -6.86     -6.26     -5.66
     -5.16     -4.76     -4.26     -3.86     -3.46     -2.96     -2.56     -2.16     -1.76     -1.26
     -0.86     -0.46     -0.06      0.34      0.74      1.04      1.34      1.74      2.04      2.34
      2.54      2.74      2.84      2.84      2.74      2.44      1.94      1.14      0.24     -1.06
     -2.46     -4.16     -5.86     -7.66     -9.36    -10.86    -12.06    -12.96    -13.46    -13.56
    -13.36    -12.86    -12.26
     -3.96     -4.36     -4.66     -4.96     -5.16     -5.36     -5.56     -5.76     -6.06     -6.56
     -7.16     -7.76     -8.46     -9.16     -9.76    -10.16    -10.46    -10.66    -10.66    -10.56
    -10.36     -9.96     -9.46     -8.86     -8.26     -7.56     -6.86     -6.06     -5.36     -4.76
     -4.16     -3.56     -3.06     -2.56     -2.06     -1.66     -1.16     -0.76     -0.36      0.04
      0.44      0.64      0.84      1.04      1.14      1.24      1.34      1.44      1.54      1.74
      1.84      2.04      2.14      2.34      2.44      2.44      2.34      2.04      1.44      0.64
     -0.56     -2.16     -3.96     -5.96     -8.06     -9.96    -11.66    -12.86    -13.66    -13.86
    -13.66    -13.16    -12.36
     -0.46     -0.76     -1.06     -1.26     -1.56     -1.76     -1.96     -2.46     -3.06     -3.86
     -4.86     -5.96     -7.06     -7.96     -8.66     -9.16     -9.46     -9.66     -9.76     -9.66
     -9.56     -9.46     -9.16     -8.76     -8.26     -7.56     -6.86     -5.96     -5.16     -4.36
     -3.66     -2.96     -2.36     -1.86     -1.46     -1.06     -0.56     -0.16      0.24      0.54
      0.74      0.94      0.94      0.94      0.94      0.84      0.84      0.84      0.94      1.14
      1.34      1.44      1.64      1.84      2.04      2.14      2.34      2.44      2.44      2.14
      1.44      0.34     -1.16     -3.16     -5.26     -7.56     -9.56    -11.26    -12.36    -12.86
    -12.86    -12.26    -11.56
      1.44      1.24      1.24      1.34      1.54      1.84      1.94      1.84      1.34      0.54
     -0.46     -1.66     -2.76     -3.66     -4.46     -4.96     -5.36     -5.76     -6.16     -6.56
     -7.06     -7.56     -7.96     -8.16     -8.06     -7.76     -7.16     -6.26     -5.26     -4.26
     -3.26     -2.46     -1.76     -1.16     -0.76     -0.36      0.04      0.44      0.74      1.04
      1.14      1.14      1.04      0.74      0.54      0.24      0.24      0.34      0.54      0.94
      1.24      1.54      1.74      1.74      1.74      1.84      1.94      2.14      2.44      2.64
      2.74      2.44      1.74      0.44     -1.26     -3.16     -5.16     -6.96     -8.26     -8.96
     -9.16     -8.86     -8.36
      1.34      1.24      1.34      1.84      2.54      3.44      4.24      4.74      4.84      4.44
      3.84      2.94      2.14      1.54      0.94      0.54      0.04     -0.66     -1.56     -2.66
     -3.86     -5.06     -6.26     -7.16     -7.76     -7.86     -7.56     -6.76     -5.66     -4.36
     -3.06     -1.86     -0.96     -0.26      0.24      0.64      0.94      1.24      1.64      1.94
      2.04      1.94      1.64      1.04      0.44     -0.06     -0.36     -0.26      0.04      0.54
      1.14      1.64      1.84      1.74      1.44      1.04      0.74      0.64      0.94      1.44
      2.14      2.74      3.14      3.04      2.44      1.34      0.04     -1.26     -2.36     -3.16
     -3.56     -3.66     -3.66
      0.94      0.74      0.84      1.24      2.14      3.14      4.14      5.04      5.44      5.54
      5.34      5.04      4.74      4.44      4.14      3.74      3.24      2.34      1.24     -0.16
     -1.66     -3.26     -4.86     -6.26     -7.36     -7.96     -7.86     -7.26     -5.96     -4.36
     -2.76     -1.16     -0.06      0.74      1.24      1.44      1.64      1.94      2.34      2.64
      2.94      2.94      2.64      1.94      1.04      0.24     -0.36     -0.66     -0.46      0.14
      0.74      1.34      1.64      1.44      0.94      0.04     -0.76     -1.26     -1.36     -0.96
     -0.06      1.04      2.24      3.14      3.64      3.74      3.44      2.84      2.14      1.44
      0.94      0.44     -0.06
      1.24      1.14      1.14      1.24      1.54      2.14      2.74      3.24      3.64      3.94
      4.04      4.14      4.24      4.24      4.24      3.84      3.24      2.34      1.34      0.04
     -1.26     -2.66     -4.26     -5.76     -7.16     -7.96     -8.06     -7.26     -5.66     -3.66
     -1.46      0.34      1.54      2.24      2.44      2.34      2.24      2.24      2.54      2.94
      3.44      3.74      3.74      3.24      2.44      1.34      0.44     -0.16     -0.36     -0.06
      0.44      0.94      1.24      1.14      0.54     -0.36     -1.36     -2.36     -2.86     -2.76
     -2.06     -0.96      0.34      1.54      2.64      3.24      3.64      3.64      3.44      2.94
      2.24      1.44      0.64
      1.94      2.24      2.24      2.04      1.84      1.64      1.54      1.64      1.84      2.04
      2.34      2.64      2.94      3.24      3.24      3.04      2.44      1.54      0.54     -0.46
     -1.66     -2.96     -4.56     -6.26     -7.76     -8.46     -8.16     -6.66     -4.26     -1.46
      1.04      2.94      3.94      4.24      3.94      3.44      2.94      2.74      2.74      3.14
      3.74      4.34      4.74      4.54      4.04      3.04      1.94      1.04      0.44      0.14
      0.24      0.54      0.74      0.84      0.54     -0.06     -0.96     -1.86     -2.46     -2.66
     -2.36     -1.56     -0.66      0.34      1.14      1.64      2.04      2.14      2.04      1.64
      0.94      0.04     -0.86
      2.34      3.04      3.24      3.04      2.54      2.04      1.64      1.54      1.54      1.74
      1.94      2.34      2.74      3.14      3.34      3.24      2.74      1.94      0.74     -0.46
     -1.96     -3.66     -5.66     -7.66     -9.06     -9.56     -8.46     -5.96     -2.46      0.94
      3.74      5.44      5.94      5.74      5.14      4.44      3.94      3.54      3.54      3.84
      4.44      5.04      5.54      5.54      5.14      4.24      3.14      2.14      1.24      0.64
      0.34      0.34      0.54      0.74      0.84      0.64      0.04     -0.56     -1.16     -1.46
     -1.26     -0.76     -0.16      0.34      0.54      0.64      0.54      0.44      0.14     -0.36
     -1.16     -1.96     -2.56
      2.54      3.34      3.64      3.54      3.24      2.94      2.74      2.64      2.64      2.64
      2.84      2.94      3.24      3.64      4.04      4.14      3.94      3.04      1.74     -0.06
     -2.06     -4.16     -6.46     -8.56     -9.96    -10.06     -8.46     -5.46     -1.56      2.04
      4.74      6.14      6.44      6.14      5.64      5.14      4.64      4.44      4.54      4.94
      5.54      6.14      6.44      6.14      5.54      4.54      3.54      2.64      1.84      1.24
      0.84      0.74      0.94      1.34      1.64      1.64      1.34      0.74      0.04     -0.36
     -0.26      0.04      0.44      0.64      0.64      0.34      0.04     -0.46     -1.16     -1.96
     -2.86     -3.36     -3.36
      2.94      3.54      3.84      4.14      4.24      4.24      4.04      3.94      3.74      3.74
      3.64      3.54      3.54      3.74      4.14      4.54      4.54      3.84      2.44      0.44
     -1.66     -3.66     -5.56     -7.26     -8.26     -8.26     -7.06     -4.66     -1.56      1.54
      3.94      5.64      6.44      6.74      6.54      6.14      5.54      5.14      5.24      5.94
      6.84      7.54      7.64      6.84      5.64      4.34      3.34      2.64      2.24      1.84
      1.64      1.64      1.84      2.34      2.74      2.94      2.64      1.94      1.14      0.54
      0.24      0.24      0.44      0.54      0.54      0.34      0.04     -0.56     -1.56     -2.86
     -3.86     -4.26     -3.66
      3.84      4.24      4.84      5.44      5.74      5.64      5.24      4.84      4.44      4.44
      4.34      4.24      4.04      3.94      4.24      4.74      4.94      4.44      3.14      1.34
     -0.36     -1.56     -2.36     -2.96     -3.46     -3.76     -3.66     -2.76     -1.26      0.84
      3.24      5.64      7.74      9.04      9.14      8.04      6.54      5.34      5.34      6.54
      8.14      9.34      9.24      8.04      6.14      4.44      3.34      2.74      2.44      2.24
      2.04      2.04      2.24      2.74      3.34      3.74      3.74      3.44      2.84      2.24
      1.64      1.14      0.74      0.44      0.34      0.44      0.44     -0.16     -1.36     -3.06
     -4.56     -4.96     -3.96
      5.14      5.84      6.64      7.34      7.64      7.24      6.34      5.44      4.94      5.04
      5.44      5.54      5.24      4.94      5.14      5.74      6.24      6.14      5.04      3.54
      2.34      1.84      1.94      2.14      1.94      1.44      0.54     -0.06     -0.16      0.84
      3.14      6.34      9.44     11.44     11.34      9.44      6.64      4.74      4.64      6.34
      8.74     10.44     10.54      9.14      7.14      5.34      4.14      3.44      3.04      2.54
      2.14      1.94      2.14      2.54      3.24      3.84      4.44      5.04      5.34      5.34
      4.84      3.84      2.64      1.54      1.04      1.04      1.04      0.54     -0.96     -2.96
     -4.66     -5.16     -3.96
      7.14      8.04      8.84      9.44      9.44      8.74      7.44      6.04      5.54      6.04
      6.84      7.24      6.94      6.54      6.64      7.54      8.64      9.04      8.34      7.14
      6.04      5.64      5.64      5.84      5.64      5.04      4.04      2.74      1.64      1.54
      2.84      5.54      8.44     10.34     10.04      7.94      5.04      3.14      3.44      5.54
      8.34     10.24     10.54      9.54      8.04      6.74      5.84      5.14      4.34      3.64
      3.14      2.94      3.04      3.34      3.84      4.44      5.44      6.64      7.84      8.54
      8.54      7.44      5.74      4.04      2.84      2.34      2.04      1.24     -0.36     -2.36
     -4.06     -4.36     -3.16
      9.84     10.44     10.74     10.84     10.64      9.74      8.34      7.04      6.64      7.24
      8.24      8.64      8.34      7.84      8.14      9.34     10.94     11.74     11.64     10.84
     10.04      9.44      8.94      8.24      7.74      7.44      6.94      5.94      4.54      3.14
      2.64      3.24      4.64      5.64      5.64      4.54      3.14      2.54      3.44      5.54
      7.74      9.04      9.34      8.94      8.54      8.24      7.94      7.44      6.64      5.94
      5.74      5.74      5.94      6.14      6.24      6.44      7.14      8.24      9.54     10.64
     10.84     10.14      8.54      6.74      5.24      4.34      3.54      2.34      0.74     -1.16
     -2.26     -2.26     -0.86
     12.44     12.44     12.04     11.44     10.94     10.14      9.14      8.24      8.04      8.74
      9.74     10.14      9.74      9.24      9.64     10.94     12.44     13.34     13.64     13.74
     13.84     13.74     12.84     11.44     10.44     10.24     10.54     10.44      9.04      6.84
      4.44      2.74      2.14      2.24      2.74      3.34      3.94      4.84      6.04      7.24
      8.14      8.44      8.54      8.74      9.14      9.64      9.84      9.54      8.94      8.64
      8.74      9.04      9.24      9.24      9.04      9.04      9.34      9.84     10.44     11.04
     11.24     10.94      9.94      8.74      7.64      6.64      5.64      4.24      2.64      1.34
      0.74      1.24      2.64
     14.04     13.54     12.44     11.34     10.34      9.74      9.34      9.24      9.54     10.54
     11.54     11.94     11.74     11.54     11.94     12.84     13.74     14.14     14.44     15.44
     16.94     17.84     17.14     15.44     14.04     13.84     14.64     15.14     14.24     11.94
      8.94      6.24      4.44      3.94      4.64      6.14      7.84      9.24      9.94     10.14
      9.94      9.64      9.54      9.84     10.44     10.84     10.94     10.54     10.24     10.24
     10.44     10.54     10.44     10.24     10.24     10.44     10.74     10.94     10.84     10.74
     10.64     10.54     10.34      9.84      9.34      8.74      7.94      6.74      5.54      4.64
      4.44      5.14      6.24
     14.54     13.94     12.64     10.94      9.54      8.84      8.94      9.54     10.34     11.44
     12.64     13.44     13.64     13.74     14.14     14.74     15.04     14.94     15.14     16.54
     18.74     20.24     19.84     18.04     16.44     16.14     17.04     17.64     17.24     15.64
     13.54     11.34      9.64      8.84      8.94     10.04     11.44     12.34     12.54     12.24
     11.84     11.64     11.74     11.94     12.04     11.84     11.44     10.94     10.74     10.64
     10.64     10.34      9.74      9.44      9.64     10.44     11.14     11.34     11.04     10.54
     10.34     10.34     10.34     10.24     10.14      9.94      9.54      8.94      8.24      7.74
      7.74      8.24      8.84
     14.64     14.24     13.04     11.04      9.24      8.24      8.44      9.14      9.94     10.84
     11.94     12.94     13.54     13.94     14.64     15.44     16.04     16.04     16.24     17.34
     19.14     20.24     19.54     17.64     16.04     15.84     16.54     17.04     16.74     15.94
     15.04     14.04     12.94     11.94     11.44     11.64     12.14     12.54     12.74     12.64
     12.64     12.94     13.14     13.24     12.94     12.44     11.84     11.34     11.14     10.94
     10.64     10.14      9.44      9.14      9.44     10.24     11.04     11.24     11.04     10.74
     10.54     10.44     10.44     10.44     10.34     10.44     10.44     10.24     10.04      9.94
      9.94     10.04     10.24
     14.74     14.74     13.74     11.84      9.74      8.64      8.54      8.84      9.04      9.24
      9.94     10.84     11.64     12.34     13.44     14.94     16.34     17.04     17.24     17.74
     18.54     18.64     17.54     15.74     14.54     14.44     14.94     15.04     14.44     13.94
     13.64     13.44     12.94     11.94     11.24     10.94     11.34     11.84     12.24     12.34
     12.44     12.54     12.74     12.84     12.74     12.44     12.24     11.94     11.64     11.34
     10.94     10.64     10.34     10.34     10.54     10.84     11.04     11.14     11.04     10.94
     10.94     11.04     10.94     10.94     10.94     11.14     11.14     11.14     11.14     11.14
     11.14     11.04     10.84
     14.84     14.84     14.24     12.74     10.94      9.64      9.34      9.14      8.74      8.34
      8.54      9.34     10.24     11.14     12.44     14.34     16.34     17.54     17.74     17.64
     17.64     17.14     16.04     14.74     14.04     14.14     14.34     13.94     13.14     12.44
     12.34     12.34     12.04     11.34     10.74     10.74     11.44     12.44     12.94     12.74
     12.14     11.54     11.34     11.54     11.84     12.14     12.24     12.14     11.64     11.14
     10.84     10.84     11.04     11.34     11.44     11.24     11.04     10.94     11.04     11.24
     11.44     11.54     11.74     11.94     12.34     12.54     12.44     12.24     11.94     11.94
     11.94     11.64     11.24
     14.34     14.24     13.94     13.14     11.74     10.74     10.34     10.04      9.54      9.04
      9.14      9.94     10.84     11.74     12.84     14.54     16.24     17.24     17.34     17.04
     16.74     16.44     15.74     14.94     14.54     14.54     14.34     13.74     12.94     12.34
     12.24     12.34     12.24     11.84     11.54     11.64     12.44     13.34     13.74     13.04
     11.84     10.84     10.54     10.84     11.34     11.74     11.84     11.64     11.14     10.54
     10.14     10.24     10.54     10.84     10.94     10.84     10.74     10.84     11.14     11.54
     11.74     11.84     12.14     12.84     13.64     14.14     13.94     13.24     12.64     12.44
     12.24     11.94     11.44
     13.44     13.14     13.04     12.64     11.84     11.14     10.84     10.84     10.64     10.44
     10.64     11.34     12.14     12.84     13.54     14.54     15.44     16.04     16.14     16.14
     15.94     15.74     15.24     14.64     14.24     13.84     13.44     12.94     12.44     12.14
     12.14     12.34     12.54     12.54     12.24     12.04     12.24     12.74     12.84     12.04
     11.04     10.44     10.64     11.04     11.34     11.34     11.24     11.04     10.74     10.34
     10.04      9.84      9.84      9.84      9.94     10.14     10.34     10.74     11.24     11.54
     11.64     11.54     11.84     12.74     13.94     14.64     14.44     13.74     12.94     12.54
     12.34     12.04     11.54
     12.44     12.04     12.04     11.84     11.34     10.84     10.84     11.14     11.34     11.34
     11.44     11.84     12.44     12.84     13.14     13.34     13.74     14.24     14.74     15.14
     15.14     14.74     14.04     13.24     12.54     11.84     11.34     11.04     11.04     11.04
     11.14     11.44     11.94     12.14     11.84     11.24     10.84     10.74     10.64     10.14
      9.84     10.14     10.84     11.34     11.24     10.84     10.64     10.54     10.54     10.44
     10.34     10.14      9.74      9.44      9.54      9.94     10.24     10.44     10.84     11.14
     11.14     10.84     11.04     11.84     13.04     13.84     13.94     13.44     12.94     12.54
     12.24     11.94     11.54
     11.44     11.24     11.34     11.14     10.74     10.44     10.54     10.94     11.14     11.24
     11.24     11.34     11.64     11.84     11.74     11.64     11.74     12.34     13.34     14.14
     14.14     13.54     12.64     11.94     11.14     10.24      9.64      9.54      9.94     10.14
     10.14     10.24     10.84     11.34     11.14     10.44      9.74      9.44      9.34      9.14
      9.14      9.84     10.64     10.94     10.64     10.24     10.04     10.04     10.04     10.14
     10.24     10.14      9.74      9.54      9.74     10.04     10.14     10.04     10.14     10.44
     10.54     10.34     10.34     10.94     11.84     12.54     12.84     12.84     12.64     12.44
     12.04     11.74     11.54
     10.64     10.74     10.74     10.64     10.34     10.14     10.14     10.34     10.64     10.84
     10.84     10.74     10.74     10.84     10.74     10.54     10.54     11.04     12.14     12.94
     12.94     12.44     12.04     11.64     11.04     10.04      9.24      9.24      9.74     10.04
      9.94      9.94     10.24     10.64     10.54      9.94      9.54      9.54      9.64      9.54
      9.54      9.84     10.24     10.34     10.04      9.84      9.84      9.74      9.44      9.34
      9.54      9.54      9.44      9.34      9.64      9.94      9.84      9.64      9.74     10.14
     10.34     10.24     10.14     10.44     11.14     11.64     11.84     12.14     12.34     12.14
     11.74     11.44     11.34
     10.14     10.24     10.24     10.24     10.04      9.84      9.64      9.74     10.14     10.54
     10.64     10.44     10.04     10.04     10.04     10.04     10.14     10.44     11.04     11.54
     11.64     11.64     11.84     11.94     11.44     10.44      9.54      9.44      9.94     10.24
     10.14     10.04     10.04     10.04      9.64      9.14      9.04      9.64     10.34     10.44
     10.24     10.04     10.04      9.84      9.74      9.74      9.84      9.64      9.34      9.14
      9.34      9.44      9.24      9.24      9.44      9.74      9.74      9.64      9.84     10.34
     10.54     10.24     10.14     10.34     10.74     10.94     11.14     11.44     11.74     11.64
     11.34     11.14     11.14
      9.94      9.94      9.84      9.84      9.74      9.44      9.04      9.04      9.64     10.34
     10.44      9.84      9.14      8.94      9.24      9.64      9.94     10.14     10.44     10.74
     10.94     11.14     11.44     11.54     11.24     10.54      9.94      9.84      9.94     10.04
      9.84      9.64      9.54      9.24      8.54      8.04      8.24      9.24     10.34     10.74
     10.54     10.14      9.84      9.64      9.44      9.44      9.54      9.54      9.54      9.74
      9.94     10.04      9.74      9.64      9.84     10.04     10.04      9.94     10.14     10.64
     10.64     10.34     10.14     10.24     10.44     10.44     10.54     10.94     11.34     11.34
     11.14     11.14     11.24
     10.04      9.74      9.54      9.54      9.34      8.94      8.44      8.54      9.24      9.94
      9.94      9.04      8.04      7.84      8.34      9.04      9.54      9.94     10.34     10.74
     10.94     10.94     10.84     10.74     10.54     10.54     10.64     10.64     10.24      9.64
      9.24      9.14      9.24      8.94      8.34      7.84      8.04      9.04     10.24     10.74
     10.44      9.84      9.44      9.24      8.94      8.74      8.74      8.94      9.44     10.04
     10.34     10.34     10.14     10.14     10.44     10.44     10.24      9.94     10.14     10.54
     10.64     10.34     10.14     10.14     10.24     10.14     10.24     10.64     11.04     11.14
     11.14     11.34     11.54
     10.04      9.64      9.24      9.14      9.04      8.74      8.34      8.34      8.84      9.24
      9.14      8.34      7.64      7.54      7.84      8.54      9.14      9.84     10.44     11.04
     11.24     11.14     10.74     10.44     10.54     11.24     11.94     11.94     10.94      9.64
      8.94      8.94      9.24      9.34      9.14      8.84      8.94      9.54     10.24     10.54
     10.24      9.64      9.14      8.94      8.54      8.14      8.04      8.44      9.24      9.84
      9.94      9.84      9.84     10.24     10.64     10.54     10.14      9.74      9.84     10.24
     10.44     10.34     10.14     10.14     10.14     10.14     10.34     10.64     10.84     10.84
     10.94     11.34     11.64
