diamond 4 20年06月29日8时700百帕温度场
20 06 29  8  700 
2.500  -2.500  .0  180.0   90.0  .0
73  37
     -6.86     -6.86     -6.86     -6.86     -6.86     -6.86     -6.86     -6.86     -6.86     -6.86
     -6.86     -6.86     -6.86     -6.86     -6.86     -6.86     -6.86     -6.86     -6.86     -6.86
     -6.86     -6.86     -6.86     -6.86     -6.86     -6.86     -6.86     -6.86     -6.86     -6.86
     -6.86     -6.86     -6.86     -6.86     -6.86     -6.86     -6.86     -6.86     -6.86     -6.86
     -6.86     -6.86     -6.86     -6.86     -6.86     -6.86     -6.86     -6.86     -6.86     -6.86
     -6.86     -6.86     -6.86     -6.86     -6.86     -6.86     -6.86     -6.86     -6.86     -6.86
     -6.86     -6.86     -6.86     -6.86     -6.86     -6.86     -6.86     -6.86     -6.86     -6.86
     -6.86     -6.86     -6.86
     -7.46     -7.56     -7.66     -7.76     -7.86     -7.96     -8.06     -8.16     -8.26     -8.36
     -8.46     -8.56     -8.66     -8.66     -8.76     -8.76     -8.86     -8.86     -8.96     -8.96
     -9.06     -9.06     -9.06     -9.06     -9.06     -9.06     -9.16     -9.16     -9.16     -9.16
     -9.06     -9.06     -9.06     -9.06     -9.06     -8.96     -8.96     -8.96     -8.86     -8.86
     -8.76     -8.76     -8.66     -8.66     -8.56     -8.46     -8.46     -8.36     -8.26     -8.16
     -8.06     -8.06     -7.96     -7.86     -7.76     -7.66     -7.56     -7.46     -7.36     -7.26
     -7.16     -7.06     -6.96     -6.96     -6.86     -6.76     -6.66     -6.56     -6.46     -6.36
     -6.26     -6.26     -6.16
     -8.46     -8.76     -8.96     -9.16     -9.46     -9.56     -9.76     -9.96    -10.06    -10.16
    -10.26    -10.36    -10.36    -10.46    -10.46    -10.46    -10.46    -10.46    -10.46    -10.46
    -10.46    -10.36    -10.36    -10.36    -10.36    -10.36    -10.36    -10.26    -10.26    -10.26
    -10.26    -10.26    -10.26    -10.16    -10.16    -10.16    -10.06    -10.06    -10.06     -9.96
     -9.86     -9.86     -9.76     -9.66     -9.56     -9.46     -9.36     -9.26     -9.06     -8.96
     -8.86     -8.66     -8.56     -8.36     -8.26     -8.06     -7.86     -7.76     -7.56     -7.36
     -7.26     -7.06     -6.96     -6.76     -6.56     -6.46     -6.36     -6.16     -6.06     -5.96
     -5.86     -5.76     -5.66
    -10.36    -10.86    -11.16    -11.56    -11.76    -12.06    -12.16    -12.26    -12.36    -12.36
    -12.26    -12.16    -12.06    -11.86    -11.76    -11.56    -11.36    -11.16    -10.96    -10.76
    -10.56    -10.36    -10.26    -10.06     -9.96     -9.86     -9.76     -9.76     -9.66     -9.66
     -9.56     -9.56     -9.56     -9.56     -9.56     -9.56     -9.56     -9.46     -9.46     -9.46
     -9.46     -9.36     -9.36     -9.26     -9.26     -9.16     -9.06     -9.06     -8.96     -8.86
     -8.76     -8.66     -8.56     -8.36     -8.26     -8.16     -7.96     -7.86     -7.66     -7.56
     -7.36     -7.26     -7.06     -6.86     -6.76     -6.56     -6.46     -6.26     -6.16     -6.06
     -5.96     -5.86     -5.76
    -12.46    -12.96    -13.46    -13.86    -14.16    -14.36    -14.46    -14.46    -14.46    -14.26
    -13.96    -13.66    -13.26    -12.86    -12.36    -11.86    -11.46    -10.96    -10.56    -10.06
     -9.66     -9.36     -8.96     -8.66     -8.46     -8.16     -7.96     -7.76     -7.66     -7.46
     -7.36     -7.26     -7.16     -7.06     -7.06     -6.96     -6.96     -6.96     -6.96     -6.86
     -6.86     -6.96     -6.96     -6.96     -6.96     -6.96     -7.06     -7.06     -7.06     -7.16
     -7.26     -7.26     -7.36     -7.46     -7.46     -7.56     -7.56     -7.66     -7.66     -7.66
     -7.66     -7.56     -7.56     -7.46     -7.36     -7.26     -7.16     -6.96     -6.86     -6.76
     -6.66     -6.56     -6.46
    -12.56    -13.16    -13.66    -14.16    -14.46    -14.76    -14.86    -14.86    -14.76    -14.56
    -14.16    -13.76    -13.26    -12.66    -12.06    -11.46    -10.86    -10.26     -9.76     -9.16
     -8.66     -8.16     -7.66     -7.26     -6.76     -6.36     -5.96     -5.46     -5.06     -4.66
     -4.26     -3.96     -3.66     -3.46     -3.26     -3.06     -2.96     -2.86     -2.86     -2.86
     -2.86     -2.96     -2.96     -3.06     -3.16     -3.26     -3.46     -3.66     -3.86     -4.06
     -4.36     -4.66     -5.06     -5.36     -5.66     -6.06     -6.36     -6.66     -6.96     -7.16
     -7.36     -7.56     -7.76     -7.86     -7.86     -7.86     -7.86     -7.86     -7.76     -7.66
     -7.56     -7.46     -7.36
     -9.56    -10.06    -10.56    -10.96    -11.46    -11.76    -12.16    -12.36    -12.46    -12.46
    -12.36    -12.16    -11.86    -11.46    -11.06    -10.56    -10.06     -9.56     -9.06     -8.56
     -8.06     -7.46     -6.96     -6.36     -5.66     -4.96     -4.16     -3.46     -2.66     -1.86
     -1.16     -0.56      0.04      0.44      0.84      1.04      1.24      1.24      1.24      1.24
      1.14      1.04      1.04      0.84      0.74      0.64      0.34      0.14     -0.26     -0.66
     -1.16     -1.66     -2.26     -2.86     -3.46     -4.06     -4.56     -5.16     -5.56     -6.06
     -6.46     -6.86     -7.26     -7.56     -7.86     -8.16     -8.36     -8.46     -8.56     -8.56
     -8.56     -8.46     -8.26
     -4.46     -4.76     -5.16     -5.56     -6.06     -6.66     -7.26     -7.76     -8.36     -8.86
     -9.26     -9.46     -9.66     -9.76     -9.66     -9.56     -9.26     -9.06     -8.66     -8.26
     -7.76     -7.26     -6.56     -5.86     -4.96     -4.06     -3.06     -1.96     -0.86      0.14
      1.14      2.04      2.74      3.34      3.74      4.04      4.14      4.14      4.04      3.94
      3.84      3.74      3.74      3.64      3.64      3.54      3.34      3.14      2.74      2.14
      1.54      0.84      0.04     -0.76     -1.46     -2.16     -2.76     -3.36     -3.86     -4.36
     -4.86     -5.46     -6.06     -6.76     -7.36     -8.06     -8.56     -9.16     -9.46     -9.76
     -9.86     -9.86     -9.76
     -0.36     -0.46     -0.56     -0.86     -1.26     -1.76     -2.46     -3.26     -4.16     -5.16
     -6.06     -6.86     -7.56     -8.06     -8.46     -8.66     -8.76     -8.66     -8.56     -8.26
     -7.76     -7.26     -6.56     -5.66     -4.76     -3.66     -2.56     -1.36     -0.26      0.74
      1.74      2.64      3.44      4.04      4.44      4.74      4.84      4.84      4.74      4.54
      4.44      4.44      4.44      4.64      4.74      4.94      4.94      4.84      4.54      4.04
      3.34      2.54      1.74      0.94      0.14     -0.46     -0.96     -1.46     -1.86     -2.36
     -2.96     -3.76     -4.66     -5.66     -6.86     -7.96     -9.16    -10.16    -10.96    -11.56
    -11.96    -12.06    -11.86
      0.54      0.64      0.84      0.94      1.04      0.84      0.44     -0.26     -1.26     -2.36
     -3.56     -4.66     -5.76     -6.66     -7.36     -7.86     -8.26     -8.36     -8.46     -8.36
     -7.96     -7.46     -6.76     -5.96     -4.96     -3.86     -2.86     -1.86     -0.96     -0.16
      0.54      1.14      1.74      2.34      2.84      3.24      3.54      3.74      3.74      3.64
      3.54      3.54      3.64      3.84      4.24      4.64      4.94      5.14      5.04      4.64
      4.14      3.44      2.74      2.04      1.54      1.24      0.94      0.74      0.44      0.04
     -0.66     -1.66     -2.96     -4.46     -6.06     -7.86     -9.56    -11.16    -12.46    -13.46
    -14.06    -14.26    -14.16
     -1.26     -0.96     -0.36      0.24      0.74      1.04      1.14      0.84      0.24     -0.56
     -1.66     -2.76     -3.86     -4.96     -5.86     -6.66     -7.36     -7.96     -8.36     -8.66
     -8.66     -8.36     -7.66     -6.76     -5.76     -4.66     -3.66     -2.86     -2.36     -1.96
     -1.66     -1.36     -0.86     -0.26      0.44      1.24      1.94      2.54      2.74      2.84
      2.64      2.54      2.44      2.54      2.74      3.24      3.64      4.04      4.14      4.04
      3.84      3.34      2.94      2.64      2.54      2.54      2.64      2.74      2.64      2.34
      1.64      0.54     -0.86     -2.56     -4.56     -6.66     -8.76    -10.76    -12.46    -13.86
    -14.76    -15.16    -15.06
     -3.06     -2.66     -2.06     -1.36     -0.66      0.04      0.44      0.74      0.74      0.34
     -0.26     -1.06     -1.96     -2.96     -3.96     -5.06     -6.06     -7.16     -8.16     -8.96
     -9.46     -9.46     -9.06     -8.16     -7.06     -5.86     -4.76     -3.96     -3.46     -3.36
     -3.36     -3.36     -3.06     -2.36     -1.36     -0.06      1.14      2.24      2.84      3.04
      2.94      2.54      2.14      1.84      1.84      2.04      2.44      2.74      2.94      3.04
      2.94      2.84      2.64      2.54      2.64      2.84      3.14      3.44      3.54      3.44
      2.94      2.24      1.14     -0.36     -1.96     -3.96     -6.06     -8.06    -10.06    -11.76
    -12.86    -13.46    -13.46
     -3.26     -2.96     -2.76     -2.46     -1.96     -1.36     -0.56      0.14      0.74      1.04
      0.94      0.54     -0.16     -0.96     -1.96     -3.06     -4.26     -5.76     -7.26     -8.66
     -9.66    -10.16     -9.96     -9.26     -8.16     -6.96     -5.76     -4.76     -4.26     -4.06
     -4.16     -4.26     -4.16     -3.46     -2.26     -0.76      0.94      2.34      3.34      3.74
      3.74      3.34      2.84      2.44      2.24      2.14      2.24      2.34      2.44      2.54
      2.44      2.34      2.14      1.94      1.84      1.74      1.84      1.94      2.14      2.24
      2.24      2.24      1.94      1.34      0.44     -0.76     -2.36     -4.26     -6.06     -7.76
     -8.96     -9.66     -9.66
     -2.36     -2.46     -2.76     -3.06     -2.96     -2.36     -1.26      0.04      1.24      2.04
      2.24      2.04      1.44      0.64     -0.16     -1.06     -2.26     -3.66     -5.26     -6.86
     -8.16     -8.96     -9.16     -8.86     -8.26     -7.26     -6.16     -5.26     -4.46     -4.16
     -4.16     -4.26     -4.26     -3.76     -2.66     -1.06      0.64      2.14      3.24      3.64
      3.74      3.54      3.34      3.14      2.94      2.74      2.64      2.44      2.44      2.34
      2.34      2.14      1.84      1.34      0.74      0.14     -0.36     -0.66     -0.66     -0.36
      0.14      0.74      1.34      1.64      1.54      0.94     -0.06     -1.36     -2.76     -3.96
     -4.86     -5.26     -5.16
     -2.26     -2.76     -3.26     -3.66     -3.46     -2.46     -0.86      1.04      2.64      3.54
      3.64      3.14      2.44      1.64      1.14      0.54     -0.26     -1.26     -2.56     -3.76
     -4.76     -5.56     -6.06     -6.36     -6.36     -6.16     -5.46     -4.66     -3.86     -3.26
     -3.26     -3.56     -3.76     -3.56     -2.56     -1.06      0.74      2.14      2.94      3.14
      3.04      2.84      2.94      3.14      3.24      3.04      2.74      2.34      2.14      2.04
      2.04      1.94      1.64      1.04      0.14     -0.86     -1.76     -2.46     -2.66     -2.36
     -1.66     -0.76      0.24      0.84      1.14      0.84      0.24     -0.66     -1.36     -1.96
     -2.16     -2.06     -1.76
     -2.96     -3.46     -3.86     -3.76     -2.96     -1.36      0.74      2.74      4.24      4.74
      4.44      3.54      2.64      2.04      1.84      1.74      1.44      0.84      0.14     -0.46
     -0.96     -1.26     -1.76     -2.46     -3.26     -3.66     -3.56     -2.86     -1.96     -1.56
     -1.76     -2.56     -3.36     -3.46     -2.36     -0.46      1.74      3.44      4.14      3.94
      3.34      2.94      3.04      3.34      3.64      3.54      3.04      2.44      1.94      1.74
      1.74      1.74      1.54      1.04      0.24     -0.66     -1.46     -2.16     -2.56     -2.36
     -1.76     -0.86     -0.06      0.44      0.54      0.14     -0.46     -0.96     -1.26     -1.26
     -0.96     -0.46      0.04
     -2.66     -3.06     -2.96     -2.16     -0.76      0.94      2.84      4.34      5.24      5.24
      4.54      3.54      2.74      2.44      2.54      2.74      2.74      2.34      1.84      1.54
      1.54      1.64      1.34      0.64     -0.36     -1.16     -1.16     -0.46      0.24      0.34
     -0.56     -2.16     -3.66     -3.96     -2.56      0.34      3.64      6.24      7.24      6.84
      5.74      4.84      4.64      4.84      5.14      5.04      4.44      3.64      3.04      2.64
      2.34      1.94      1.64      1.24      0.84      0.44     -0.06     -0.56     -0.96     -1.06
     -0.66      0.14      0.84      1.24      1.14      0.74      0.04     -0.46     -0.66     -0.56
     -0.26      0.14      0.44
     -0.26     -0.46      0.04      1.14      2.54      3.94      4.94      5.54      5.54      5.24
      4.64      3.94      3.64      3.64      3.94      4.04      3.84      3.24      2.44      2.04
      2.14      2.34      2.34      1.84      1.14      0.64      0.84      1.44      1.84      1.24
     -0.36     -2.56     -4.36     -4.56     -2.66      1.14      5.44      8.94     10.54     10.14
      8.74      7.44      6.74      6.64      6.74      6.54      6.04      5.54      5.04      4.64
      3.84      2.94      2.04      1.54      1.44      1.54      1.44      1.04      0.44      0.14
      0.44      1.24      2.24      2.94      3.14      2.74      2.14      1.44      0.84      0.44
      0.24      0.04     -0.16
      3.34      3.04      3.64      4.64      5.74      6.34      6.34      6.04      5.64      5.44
      5.34      5.34      5.34      5.54      5.64      5.64      5.04      4.04      2.84      2.04
      1.84      1.94      2.14      2.14      2.04      2.24      2.54      2.74      2.24      0.94
     -1.06     -2.86     -3.76     -3.36     -1.16      2.44      6.54      9.94     11.64     11.54
     10.24      8.64      7.64      7.14      6.74      6.34      6.04      6.14      6.34      6.24
      5.44      4.04      2.64      1.94      2.04      2.34      2.44      1.94      1.24      0.84
      1.24      2.44      3.84      4.84      5.24      5.04      4.34      3.34      2.34      1.34
      0.44     -0.36     -1.06
      6.24      5.84      6.14      6.94      7.64      7.64      6.94      6.04      5.64      5.94
      6.54      7.04      7.14      7.14      7.14      6.94      6.44      5.24      3.84      2.74
      2.34      2.44      2.74      3.24      3.74      4.34      4.54      3.84      2.04     -0.26
     -1.96     -2.26     -1.46      0.14      2.04      4.14      6.64      9.04     10.54     10.74
      9.84      8.54      7.44      6.54      5.64      4.84      4.54      5.04      6.04      6.64
      6.24      4.94      3.54      2.74      2.84      3.04      3.04      2.34      1.74      1.64
      2.54      4.04      5.64      6.74      6.94      6.54      5.64      4.44      3.14      1.94
      0.74     -0.26     -1.16
      8.44      7.94      8.04      8.44      8.64      8.14      7.04      5.94      5.74      6.44
      7.54      8.14      8.14      7.94      7.94      8.04      7.84      6.94      5.74      4.74
      4.54      4.84      5.24      5.74      6.34      7.04      7.04      5.44      2.34     -0.76
     -2.26     -1.26      1.24      3.44      4.34      4.54      5.14      6.54      8.24      9.34
      9.34      8.74      8.04      7.14      6.04      4.84      4.14      4.64      5.84      6.84
      6.94      6.14      5.04      4.44      4.24      4.04      3.54      2.84      2.44      2.94
      4.34      6.14      7.64      8.44      8.34      7.64      6.54      5.34      4.24      3.14
      2.04      1.04      0.24
     10.94     10.34     10.14     10.04      9.74      8.84      7.44      6.44      6.34      7.24
      8.44      9.04      8.94      8.64      8.74      9.24      9.44      9.04      8.24      7.74
      8.04      8.74      9.24      9.24      9.34      9.74      9.64      8.04      4.64      1.04
     -0.66      0.34      2.64      3.94      3.34      1.94      1.74      3.64      6.54      9.04
     10.14     10.34     10.14      9.74      8.74      7.44      6.54      6.54      7.34      8.24
      8.44      7.94      7.24      6.64      6.14      5.44      4.54      3.74      3.74      4.64
      6.14      7.84      9.14      9.74      9.64      9.04      8.24      7.24      6.34      5.34
      4.44      3.44      2.64
     13.54     12.84     12.14     11.54     10.74      9.64      8.44      7.74      7.94      9.04
     10.14     10.64     10.54     10.24     10.54     11.14     11.64     11.34     10.94     11.04
     12.04     13.24     13.64     12.94     12.04     12.04     12.44     11.74      9.44      6.14
      3.84      3.34      3.64      2.84      0.54     -1.66     -1.36      1.94      6.44     10.04
     11.64     12.14     12.24     12.34     11.94     11.04     10.14      9.84     10.04     10.24
     10.14      9.74      9.24      8.64      7.94      6.84      5.84      5.44      5.64      6.54
      7.64      8.74      9.64     10.24     10.64     10.64     10.14      9.54      8.74      7.84
      6.84      5.84      4.94
     14.74     13.84     12.84     11.94     11.04     10.14      9.44      9.44     10.04     11.24
     12.34     12.94     12.94     12.84     13.04     13.64     14.04     13.84     13.64     14.04
     15.44     16.94     17.34     16.24     14.74     14.24     15.04     15.64     14.84     12.54
     10.04      8.14      6.24      3.44      0.04     -2.16     -1.06      3.14      8.14     11.54
     12.84     12.94     13.04     13.34     13.44     12.94     12.34     11.94     11.84     11.64
     11.14     10.64     10.24      9.64      8.84      7.94      7.44      7.54      8.04      8.54
      8.94      9.24      9.74     10.44     11.04     11.34     11.24     10.74     10.04      9.24
      8.34      7.44      6.74
     14.24     13.34     12.34     11.44     10.54      9.94      9.84     10.24     11.14     12.44
     13.64     14.34     14.64     14.74     15.04     15.74     16.34     16.34     16.04     16.14
     17.14     18.54     19.14     18.34     16.94     16.14     16.74     17.84     18.04     16.74
     14.64     12.44      9.94      6.94      3.74      1.94      3.14      6.64     10.44     12.64
     13.04     12.84     12.94     13.24     13.24     12.84     12.54     12.44     12.44     12.14
     11.64     11.14     10.64     10.04      9.14      8.64      8.74      9.44     10.04     10.24
     10.04      9.84     10.04     10.54     10.94     11.04     10.84     10.44     10.04      9.54
      8.94      8.54      8.54
     13.44     12.94     12.14     11.14     10.24      9.64      9.44      9.84     10.54     11.54
     12.74     13.84     14.54     15.04     15.74     16.84     17.84     18.24     17.84     17.24
     17.14     17.84     18.54     18.64     17.94     17.24     17.14     17.44     17.54     16.84
     15.54     14.04     12.44     10.54      8.64      7.64      8.14     10.04     11.84     12.64
     12.64     12.54     12.84     13.04     12.84     12.24     12.04     12.24     12.54     12.54
     12.24     11.94     11.44     10.54      9.64      9.24      9.64     10.34     10.84     10.74
     10.54     10.44     10.74     10.94     10.94     10.54     10.14     10.04      9.94      9.84
      9.74      9.84     10.34
     13.64     13.34     12.64     11.64     10.54      9.54      8.94      8.84      9.04      9.84
     11.04     12.14     13.14     14.04     15.24     16.94     18.54     19.24     18.74     17.44
     16.34     16.04     16.54     17.24     17.44     17.04     16.34     15.74     15.34     14.74
     13.94     13.14     12.54     12.04     11.44     11.04     11.04     11.44     11.84     11.94
     12.04     12.44     12.84     12.94     12.44     11.94     11.84     12.34     12.74     12.94
     12.94     12.74     12.24     11.34     10.44     10.04     10.24     10.64     10.64     10.44
     10.34     10.74     11.14     11.34     11.04     10.54     10.34     10.44     10.64     10.74
     10.74     10.94     11.54
     13.94     13.44     12.64     11.64     10.64      9.74      8.94      8.44      8.44      9.14
     10.24     11.24     12.14     13.04     14.64     16.74     18.44     19.14     18.64     17.24
     15.84     14.94     14.94     15.64     16.14     15.94     15.14     14.34     13.84     13.34
     12.74     12.14     11.74     11.54     11.64     11.64     11.54     11.54     11.44     11.54
     11.74     12.14     12.34     12.14     11.74     11.54     11.84     12.44     12.84     13.04
     12.94     12.74     12.24     11.54     10.84     10.64     10.84     10.94     10.74     10.44
     10.44     10.84     11.24     11.34     11.34     11.24     11.24     11.44     11.54     11.64
     11.44     11.44     11.84
     13.14     12.04     10.94     10.34      9.94      9.74      9.44      9.14      9.14      9.84
     10.94     11.74     12.14     12.94     14.54     16.54     17.94     18.14     17.54     16.64
     15.74     14.94     14.64     14.64     14.74     14.54     13.94     13.44     13.24     13.14
     12.74     12.04     11.44     11.24     11.34     11.44     11.44     11.34     11.34     11.54
     11.74     11.74     11.44     11.04     10.84     11.14     11.84     12.44     12.64     12.44
     12.14     11.84     11.34     10.84     10.64     10.84     11.24     11.44     11.24     11.14
     11.24     11.44     11.34     11.34     11.54     11.94     12.04     11.94     11.74     11.64
     11.54     11.34     11.44
     11.54      9.94      9.04      8.84      9.34     10.04     10.34     10.24     10.34     11.04
     12.04     12.54     12.54     13.04     14.54     16.14     16.84     16.54     15.84     15.54
     15.44     15.14     14.84     14.34     13.94     13.34     12.84     12.54     12.54     12.54
     12.44     12.14     11.94     11.84     11.84     11.74     11.34     11.14     11.04     11.24
     11.44     11.24     10.74     10.34     10.44     11.04     11.74     12.14     12.04     11.64
     11.24     10.74     10.44     10.14     10.24     10.74     11.14     11.44     11.54     11.84
     12.04     11.94     11.54     11.34     11.64     12.24     12.24     11.54     11.04     11.04
     11.24     11.34     11.14
     10.44      9.14      8.54      8.74      9.44     10.54     11.04     10.94     10.84     11.34
     12.14     12.54     12.44     12.74     13.74     14.94     15.24     14.64     14.04     14.14
     14.54     14.84     14.64     14.14     13.44     12.64     12.04     11.64     11.54     11.34
     11.34     11.54     12.04     12.44     12.44     11.94     11.14     10.44     10.14     10.34
     10.64     10.64     10.34     10.14     10.24     10.64     11.14     11.34     11.04     10.64
     10.34     10.14     10.04     10.24     10.44     10.54     10.64     10.64     10.84     11.24
     11.74     11.84     11.34     11.14     11.54     11.94     11.84     11.04     10.54     10.64
     11.24     11.44     11.14
     10.24      9.74      9.44      9.44      9.84     10.64     11.14     11.04     10.64     10.84
     11.44     11.84     11.74     11.74     12.34     12.94     13.14     12.74     12.64     12.94
     13.54     13.94     13.94     13.64     13.04     12.34     11.84     11.54     11.14     10.64
     10.34     10.74     11.54     12.14     12.14     11.44     10.54      9.74      9.34      9.54
     10.04     10.24     10.14      9.84      9.74      9.84     10.04     10.04      9.74      9.54
      9.34      9.54      9.84     10.34     10.54     10.44     10.14      9.74      9.74     10.04
     10.54     10.94     10.84     10.74     11.04     11.44     11.34     10.84     10.44     10.64
     11.24     11.54     11.34
     10.24     10.34     10.24      9.94      9.74     10.14     10.64     10.64     10.34     10.24
     10.64     10.94     10.94     10.74     10.84     11.04     11.14     11.24     11.64     12.14
     12.64     12.94     12.94     12.74     12.34     11.84     11.64     11.64     11.34     10.64
     10.24     10.44     10.84     11.14     10.84     10.34      9.84      9.54      9.54      9.84
     10.24     10.34     10.14      9.64      9.24      9.14      9.24      9.24      9.14      8.84
      8.74      8.84      9.24      9.74      9.94      9.94      9.74      9.44      9.24      9.24
      9.64     10.14     10.44     10.54     10.54     10.74     10.84     10.64     10.44     10.54
     10.94     11.44     11.34
     10.14     10.44     10.44      9.84      9.34      9.54     10.14     10.24     10.04      9.84
     10.04     10.34     10.34     10.24     10.14     10.04     10.04     10.34     10.84     11.34
     11.64     11.74     11.84     11.74     11.44     11.14     11.14     11.24     11.04     10.64
     10.34     10.34     10.24      9.94      9.44      9.34      9.54     10.04     10.34     10.64
     10.84     10.74     10.34      9.84      9.44      9.34      9.44      9.54      9.44      9.14
      8.74      8.54      8.64      8.84      9.04      9.14      9.34      9.54      9.44      9.34
      9.54     10.14     10.64     10.64     10.34     10.24     10.44     10.44     10.14     10.04
     10.34     10.94     11.34
     10.14     10.34     10.34      9.94      9.34      9.34      9.74      9.84      9.64      9.44
      9.54      9.74      9.84      9.84      9.94     10.04     10.04     10.04     10.14     10.34
     10.44     10.54     10.74     10.94     10.94     10.84     10.74     10.64     10.34     10.04
     10.04     10.14      9.94      9.24      8.64      8.74      9.44     10.34     10.74     10.94
     10.94     10.84     10.64     10.34     10.14     10.04      9.94      9.94      9.94      9.54
      9.04      8.54      8.24      8.34      8.44      8.54      8.84      9.24      9.44      9.44
      9.74     10.44     11.04     10.94     10.44     10.14     10.24     10.24      9.84      9.64
      9.94     10.64     11.04
     10.14     10.24     10.34     10.04      9.54      9.24      9.24      9.24      9.14      9.04
      9.04      9.04      8.94      9.04      9.44      9.84     10.14     10.04      9.74      9.54
      9.64      9.94     10.34     10.84     11.14     11.24     10.94     10.34      9.84      9.54
      9.84     10.04      9.84      9.14      8.54      8.64      9.44     10.14     10.54     10.54
     10.44     10.54     10.64     10.74     10.54     10.14      9.74      9.54      9.54      9.34
      8.84      8.34      8.14      8.34      8.54      8.54      8.64      8.74      8.94      9.14
      9.54     10.34     10.94     10.94     10.44     10.14     10.34     10.34     10.04      9.84
     10.14     10.64     10.74
      9.54      9.54      9.74      9.64      9.24      8.84      8.64      8.74      8.84      8.84
      8.84      8.54      8.04      7.84      8.34      9.24      9.94     10.14      9.94      9.84
     10.04     10.54     11.04     11.44     11.54     11.54     11.04     10.34      9.74      9.44
      9.64      9.84      9.74      9.24      8.84      8.94      9.44     10.04     10.34     10.24
     10.24     10.34     10.74     10.84     10.44      9.74      9.14      8.94      9.04      9.04
      8.54      8.04      8.04      8.54      9.04      9.14      9.04      8.94      9.04      9.14
      9.44      9.94     10.54     10.54     10.24     10.04     10.24     10.54     10.54     10.54
     10.74     10.94     10.74
