diamond 4 20年06月28日20时700百帕温度场
20 06 28  20  700 
2.500  -2.500  .0  180.0   90.0  .0
73  37
     -7.76     -7.76     -7.76     -7.76     -7.76     -7.76     -7.76     -7.76     -7.76     -7.76
     -7.76     -7.76     -7.76     -7.76     -7.76     -7.76     -7.76     -7.76     -7.76     -7.76
     -7.76     -7.76     -7.76     -7.76     -7.76     -7.76     -7.76     -7.76     -7.76     -7.76
     -7.76     -7.76     -7.76     -7.76     -7.76     -7.76     -7.76     -7.76     -7.76     -7.76
     -7.76     -7.76     -7.76     -7.76     -7.76     -7.76     -7.76     -7.76     -7.76     -7.76
     -7.76     -7.76     -7.76     -7.76     -7.76     -7.76     -7.76     -7.76     -7.76     -7.76
     -7.76     -7.76     -7.76     -7.76     -7.76     -7.76     -7.76     -7.76     -7.76     -7.76
     -7.76     -7.76     -7.76
     -9.46     -9.56     -9.66     -9.76     -9.76     -9.86     -9.96     -9.96    -10.06    -10.06
    -10.16    -10.16    -10.26    -10.26    -10.26    -10.26    -10.26    -10.26    -10.26    -10.26
    -10.26    -10.26    -10.26    -10.16    -10.16    -10.16    -10.06    -10.06    -10.06     -9.96
     -9.96     -9.96     -9.86     -9.86     -9.76     -9.76     -9.66     -9.66     -9.56     -9.56
     -9.46     -9.36     -9.36     -9.26     -9.16     -9.16     -9.06     -8.96     -8.86     -8.86
     -8.76     -8.66     -8.56     -8.46     -8.36     -8.26     -8.16     -8.06     -7.96     -7.96
     -7.86     -7.76     -7.66     -7.56     -7.46     -7.36     -7.26     -7.16     -7.06     -6.96
     -6.86     -6.76     -6.66
    -11.26    -11.46    -11.66    -11.76    -11.86    -11.96    -12.06    -12.16    -12.16    -12.16
    -12.16    -12.06    -12.06    -12.06    -11.96    -11.86    -11.76    -11.76    -11.66    -11.56
    -11.46    -11.36    -11.36    -11.26    -11.16    -11.06    -11.06    -10.96    -10.86    -10.86
    -10.76    -10.76    -10.76    -10.66    -10.66    -10.56    -10.56    -10.46    -10.46    -10.36
    -10.36    -10.26    -10.26    -10.16    -10.16    -10.06     -9.96     -9.86     -9.76     -9.66
     -9.56     -9.46     -9.36     -9.26     -9.06     -8.96     -8.76     -8.66     -8.56     -8.36
     -8.16     -8.06     -7.86     -7.76     -7.56     -7.46     -7.26     -7.16     -6.96     -6.86
     -6.66     -6.56     -6.36
    -12.76    -12.96    -13.16    -13.26    -13.36    -13.36    -13.36    -13.36    -13.26    -13.16
    -12.96    -12.76    -12.66    -12.46    -12.26    -11.96    -11.76    -11.56    -11.46    -11.26
    -11.06    -10.96    -10.76    -10.66    -10.56    -10.46    -10.46    -10.36    -10.26    -10.26
    -10.16    -10.16    -10.16    -10.16    -10.06    -10.06    -10.06    -10.06    -10.06    -10.06
     -9.96     -9.96     -9.96     -9.86     -9.86     -9.86     -9.76     -9.66     -9.66     -9.56
     -9.46     -9.36     -9.26     -9.16     -9.06     -8.96     -8.76     -8.66     -8.56     -8.46
     -8.36     -8.16     -8.06     -7.96     -7.86     -7.66     -7.56     -7.46     -7.26     -7.16
     -7.06     -6.96     -6.76
    -12.96    -13.16    -13.36    -13.46    -13.46    -13.46    -13.36    -13.16    -12.96    -12.76
    -12.46    -12.16    -11.86    -11.56    -11.26    -10.96    -10.66    -10.46    -10.26    -10.06
     -9.86     -9.66     -9.56     -9.46     -9.36     -9.26     -9.16     -9.06     -9.06     -8.96
     -8.86     -8.76     -8.66     -8.66     -8.56     -8.46     -8.36     -8.26     -8.26     -8.16
     -8.06     -8.06     -7.96     -7.96     -7.86     -7.76     -7.76     -7.66     -7.56     -7.46
     -7.36     -7.36     -7.26     -7.16     -7.16     -7.16     -7.16     -7.16     -7.16     -7.26
     -7.26     -7.36     -7.46     -7.56     -7.66     -7.66     -7.76     -7.76     -7.76     -7.76
     -7.66     -7.66     -7.56
    -11.16    -11.36    -11.56    -11.66    -11.76    -11.76    -11.66    -11.56    -11.36    -11.16
    -10.96    -10.66    -10.36    -10.06     -9.86     -9.56     -9.36     -9.16     -8.96     -8.86
     -8.76     -8.56     -8.46     -8.36     -8.26     -8.16     -8.06     -7.86     -7.66     -7.46
     -7.26     -7.06     -6.76     -6.46     -6.26     -5.96     -5.76     -5.46     -5.26     -5.06
     -4.86     -4.76     -4.66     -4.56     -4.46     -4.36     -4.36     -4.26     -4.16     -4.06
     -3.96     -3.86     -3.86     -3.76     -3.76     -3.86     -3.96     -4.16     -4.46     -4.76
     -5.16     -5.66     -6.16     -6.56     -7.06     -7.46     -7.86     -8.16     -8.36     -8.46
     -8.56     -8.56     -8.46
     -7.26     -7.46     -7.66     -7.86     -8.16     -8.36     -8.56     -8.66     -8.76     -8.76
     -8.76     -8.66     -8.56     -8.46     -8.46     -8.36     -8.26     -8.16     -8.06     -8.06
     -7.96     -7.86     -7.66     -7.56     -7.36     -7.16     -6.86     -6.56     -6.26     -5.86
     -5.46     -4.96     -4.56     -4.06     -3.56     -3.06     -2.56     -2.06     -1.76     -1.36
     -1.16     -0.96     -0.76     -0.76     -0.76     -0.76     -0.76     -0.86     -0.86     -0.86
     -0.76     -0.76     -0.66     -0.56     -0.56     -0.66     -0.76     -1.06     -1.56     -2.16
     -2.86     -3.76     -4.66     -5.66     -6.66     -7.56     -8.26     -8.96     -9.36     -9.66
     -9.76     -9.76     -9.56
     -2.26     -2.46     -2.76     -3.16     -3.66     -4.16     -4.66     -5.16     -5.56     -5.96
     -6.36     -6.66     -6.96     -7.16     -7.36     -7.46     -7.56     -7.56     -7.56     -7.46
     -7.36     -7.16     -6.86     -6.56     -6.26     -5.86     -5.46     -4.96     -4.56     -3.96
     -3.36     -2.76     -2.16     -1.56     -0.86     -0.26      0.34      0.84      1.34      1.74
      2.04      2.34      2.44      2.44      2.34      2.24      2.04      1.84      1.54      1.34
      1.24      1.24      1.24      1.24      1.34      1.34      1.24      0.94      0.44     -0.26
     -1.16     -2.26     -3.56     -4.96     -6.36     -7.76     -9.06    -10.06    -10.86    -11.36
    -11.56    -11.46    -11.16
      1.64      1.54      1.34      0.94      0.34     -0.36     -1.06     -1.96     -2.76     -3.56
     -4.36     -5.06     -5.66     -6.16     -6.66     -7.06     -7.26     -7.46     -7.46     -7.36
     -7.06     -6.76     -6.26     -5.76     -5.26     -4.66     -4.06     -3.46     -2.76     -2.06
     -1.36     -0.66     -0.06      0.64      1.24      1.74      2.24      2.64      2.94      3.24
      3.54      3.74      3.94      3.94      3.94      3.84      3.64      3.34      3.04      2.74
      2.44      2.24      2.14      2.14      2.24      2.24      2.24      2.04      1.74      1.04
      0.14     -1.06     -2.56     -4.26     -6.06     -7.86     -9.56    -11.06    -12.26    -13.06
    -13.56    -13.56    -13.26
      2.84      2.94      2.94      2.74      2.44      1.94      1.14      0.24     -0.76     -1.76
     -2.86     -3.86     -4.76     -5.56     -6.26     -6.86     -7.36     -7.66     -7.86     -7.76
     -7.46     -7.06     -6.46     -5.76     -4.96     -4.16     -3.36     -2.46     -1.56     -0.66
      0.24      1.14      1.84      2.54      2.94      3.24      3.34      3.34      3.24      3.14
      3.14      3.24      3.44      3.64      3.74      3.84      3.84      3.74      3.54      3.34
      3.14      2.94      2.84      2.84      2.94      3.04      3.04      2.94      2.74      2.24
      1.34      0.14     -1.36     -3.16     -5.16     -7.36     -9.46    -11.36    -12.96    -14.16
    -14.96    -15.16    -14.96
      1.24      1.64      2.04      2.34      2.44      2.34      1.84      1.14      0.24     -0.76
     -1.76     -2.76     -3.76     -4.66     -5.56     -6.46     -7.16     -7.86     -8.26     -8.46
     -8.36     -8.06     -7.46     -6.66     -5.76     -4.76     -3.66     -2.66     -1.46     -0.36
      0.84      2.04      3.04      3.84      4.34      4.54      4.44      4.04      3.44      2.94
      2.64      2.44      2.44      2.54      2.74      3.04      3.14      3.34      3.34      3.34
      3.34      3.34      3.34      3.44      3.54      3.54      3.64      3.64      3.44      3.04
      2.34      1.34     -0.06     -1.76     -3.86     -6.06     -8.36    -10.46    -12.26    -13.56
    -14.46    -14.76    -14.56
     -1.46     -1.06     -0.36      0.44      1.04      1.44      1.54      1.24      0.74      0.04
     -0.66     -1.36     -2.16     -2.96     -3.86     -4.86     -5.86     -6.96     -7.86     -8.56
     -8.96     -8.96     -8.56     -7.96     -7.06     -6.06     -4.96     -3.96     -2.86     -1.66
     -0.36      1.04      2.44      3.74      4.64      5.14      5.24      4.84      4.34      3.64
      3.04      2.64      2.44      2.44      2.44      2.54      2.54      2.64      2.74      2.94
      3.04      3.24      3.34      3.44      3.44      3.34      3.24      3.14      3.04      2.84
      2.54      1.94      0.94     -0.46     -2.26     -4.26     -6.26     -8.16     -9.76    -10.86
    -11.46    -11.56    -11.26
     -3.86     -3.66     -2.96     -1.86     -0.66      0.24      0.94      1.24      1.24      1.04
      0.84      0.44      0.04     -0.56     -1.26     -2.26     -3.46     -4.86     -6.26     -7.46
     -8.36     -8.86     -8.76     -8.36     -7.66     -6.86     -6.16     -5.46     -4.76     -4.06
     -3.06     -1.76     -0.26      1.44      2.94      4.14      4.84      5.04      4.84      4.44
      4.04      3.64      3.44      3.24      3.04      2.84      2.64      2.44      2.44      2.54
      2.84      3.04      3.14      3.04      2.64      2.14      1.74      1.34      1.24      1.24
      1.44      1.34      1.04      0.34     -0.76     -2.16     -3.66     -4.96     -5.96     -6.56
     -6.66     -6.46     -6.06
     -5.66     -5.56     -4.76     -3.36     -1.76     -0.26      0.84      1.64      2.14      2.24
      2.14      2.04      1.74      1.34      0.74      0.04     -1.06     -2.26     -3.66     -5.06
     -6.26     -7.06     -7.26     -6.96     -6.46     -5.86     -5.46     -5.26     -5.36     -5.46
     -5.26     -4.56     -3.36     -1.56      0.34      2.14      3.54      4.24      4.54      4.34
      4.14      3.94      3.94      3.84      3.74      3.44      3.04      2.74      2.54      2.54
      2.84      3.04      3.04      2.64      1.84      0.84     -0.26     -0.96     -1.26     -1.06
     -0.46      0.14      0.54      0.54      0.14     -0.66     -1.46     -2.16     -2.56     -2.56
     -2.36     -1.96     -1.66
     -6.46     -6.26     -5.16     -3.46     -1.46      0.44      1.84      2.64      3.04      3.14
      2.94      2.64      2.24      1.84      1.54      1.24      0.74      0.04     -0.86     -2.06
     -3.06     -3.86     -4.16     -4.06     -3.56     -3.06     -2.76     -2.86     -3.46     -4.36
     -5.06     -5.26     -4.56     -3.06     -0.86      1.34      3.14      4.24      4.54      4.34
      4.04      3.84      3.84      4.04      4.14      3.94      3.54      3.04      2.64      2.54
      2.64      2.84      2.94      2.54      1.54      0.14     -1.26     -2.36     -2.86     -2.66
     -1.86     -0.86     -0.16      0.24      0.14     -0.16     -0.56     -0.76     -0.76     -0.56
     -0.26      0.04      0.14
     -5.76     -5.16     -3.66     -1.66      0.44      2.14      3.24      3.84      3.84      3.54
      3.14      2.64      2.14      1.84      1.74      1.84      2.04      1.94      1.64      0.94
      0.14     -0.56     -0.96     -0.96     -0.66     -0.26     -0.06     -0.26     -1.06     -2.26
     -3.56     -4.36     -4.16     -2.76     -0.36      2.44      4.84      6.24      6.64      6.24
      5.54      4.94      4.84      4.94      5.14      5.04      4.54      3.74      2.94      2.34
      2.14      2.24      2.44      2.34      1.74      0.64     -0.76     -1.96     -2.56     -2.56
     -1.86     -0.96     -0.36     -0.06     -0.26     -0.56     -0.86     -0.86     -0.66     -0.36
     -0.16     -0.06     -0.26
     -3.16     -2.36     -0.86      1.04      2.84      4.04      4.64      4.64      4.34      3.94
      3.54      3.14      2.74      2.54      2.64      2.94      3.34      3.54      3.44      2.94
      2.34      1.74      1.24      0.94      0.74      0.74      0.54      0.24     -0.66     -1.86
     -3.16     -4.06     -3.96     -2.36      0.54      4.04      7.34      9.44     10.24      9.74
      8.64      7.74      7.14      7.04      7.04      6.84      6.24      5.14      3.94      2.74
      2.04      1.74      1.94      2.14      2.14      1.74      0.84     -0.16     -0.86     -1.06
     -0.66      0.04      0.34      0.34     -0.16     -0.66     -0.96     -0.86     -0.66     -0.46
     -0.36     -0.66     -1.06
      0.44      1.04      2.14      3.54      4.74      5.34      5.44      5.24      4.94      4.84
      4.74      4.64      4.44      4.34      4.34      4.54      4.54      4.44      3.94      3.34
      2.84      2.54      2.24      1.84      1.24      0.44     -0.46     -1.46     -2.36     -3.36
     -4.16     -4.46     -3.86     -1.86      1.34      5.24      8.94     11.54     12.54     12.24
     11.14      9.94      9.04      8.54      8.34      8.04      7.54      6.64      5.44      4.14
      2.94      2.14      2.04      2.24      2.64      2.74      2.34      1.64      0.94      0.84
      1.14      1.64      1.94      1.74      1.04      0.34     -0.16     -0.16      0.04      0.04
     -0.16     -0.76     -1.46
      3.64      3.64      4.14      4.94      5.64      6.04      5.94      5.84      5.84      6.04
      6.34      6.44      6.44      6.24      6.04      5.84      5.44      4.74      3.74      2.84
      2.54      2.64      3.04      2.94      2.24      0.94     -0.86     -2.46     -3.66     -4.26
     -4.16     -3.36     -1.96      0.14      3.04      6.24      9.34     11.54     12.44     12.34
     11.44     10.24      9.24      8.44      7.94      7.64      7.54      7.34      6.84      6.04
      4.84      3.64      2.94      2.64      2.84      3.04      3.04      2.64      2.24      2.24
      2.74      3.54      3.94      3.84      3.14      2.14      1.44      1.04      0.94      0.64
      0.14     -0.66     -1.46
      5.74      5.34      5.34      5.84      6.24      6.54      6.44      6.44      6.64      7.04
      7.44      7.64      7.54      7.24      7.04      6.84      6.34      5.34      4.04      3.04
      2.84      3.44      4.34      4.74      4.34      2.94      0.94     -1.06     -2.36     -2.46
     -1.46      0.34      2.44      4.54      6.44      8.24      9.74     10.84     11.44     11.44
     10.84     10.04      9.04      8.04      7.24      6.74      6.74      7.14      7.44      7.34
      6.54      5.24      3.94      3.04      2.84      2.84      2.94      3.04      3.04      3.44
      4.34      5.34      6.14      6.14      5.44      4.24      3.24      2.34      1.64      1.04
      0.24     -0.56     -1.26
      7.54      7.14      7.04      7.24      7.34      7.34      7.14      6.94      7.04      7.44
      7.84      8.04      7.94      7.74      7.84      8.04      8.04      7.34      6.34      5.44
      5.24      5.64      6.14      6.44      6.24      5.44      4.14      2.54      1.44      1.34
      2.64      4.84      7.24      9.04      9.94     10.54     10.94     11.44     11.94     12.14
     12.04     11.54     10.64      9.34      8.14      7.24      6.84      7.14      7.64      7.84
      7.44      6.24      4.84      3.64      2.94      2.94      3.34      3.84      4.34      5.14
      6.14      7.34      8.04      8.14      7.44      6.34      5.14      4.04      2.94      1.94
      1.04      0.34     -0.16
      9.84      9.64      9.54      9.34      8.94      8.34      7.74      7.34      7.44      7.94
      8.44      8.74      8.74      8.74      9.24      9.94     10.44     10.54     10.14      9.74
      9.64      9.44      9.04      8.24      7.74      7.74      7.74      7.24      6.44      5.94
      6.54      8.24     10.14     11.44     12.04     12.34     12.84     13.64     14.54     15.04
     14.94     14.34     13.24     11.84     10.24      9.04      8.44      8.24      8.44      8.54
      8.14      7.24      5.94      4.84      4.24      4.24      4.84      5.64      6.54      7.34
      8.24      9.04      9.54      9.54      9.14      8.34      7.54      6.54      5.54      4.34
      3.34      2.74      2.44
     12.34     12.14     11.84     11.04     10.04      9.04      8.34      8.14      8.44      9.04
      9.74     10.14     10.34     10.44     10.94     11.84     12.64     13.14     13.54     14.14
     14.74     14.54     13.24     11.34     10.24     10.74     12.04     12.64     11.94     10.74
     10.14     10.64     11.64     12.44     12.94     13.64     14.84     16.24     17.44     17.84
     17.44     16.34     14.74     13.14     11.74     10.84     10.34     10.14     10.04      9.94
      9.54      8.74      7.74      6.84      6.44      6.54      7.24      8.14      8.94      9.54
      9.94     10.24     10.34     10.34     10.24     10.04      9.74      9.34      8.44      7.44
      6.44      5.84      5.64
     13.94     13.54     12.84     11.84     10.54      9.54      9.14      9.34     10.04     10.74
     11.44     11.94     12.14     12.34     12.74     13.34     14.04     14.44     15.14     16.54
     18.34     19.14     17.94     15.64     14.04     14.64     16.54     17.64     16.84     14.84
     13.34     12.94     13.14     13.44     13.74     14.54     15.94     17.44     18.44     18.54
     17.74     16.24     14.44     12.84     11.84     11.54     11.74     12.04     12.04     11.94
     11.34     10.54      9.64      8.94      8.64      8.74      9.44     10.14     10.74     11.04
     11.04     10.84     10.64     10.54     10.74     10.94     11.14     11.04     10.34      9.44
      8.54      8.14      8.14
     14.14     13.54     12.74     11.74     10.74     10.24     10.24     10.74     11.34     11.84
     12.44     12.94     13.44     13.74     14.24     14.84     15.14     15.14     15.34     16.64
     19.14     21.14     20.94     18.94     17.34     17.64     19.24     19.94     18.74     16.54
     14.84     14.24     14.24     14.04     14.04     14.44     15.24     16.04     16.54     16.74
     16.34     15.44     14.04     12.64     12.04     12.04     12.64     13.14     13.54     13.44
     12.84     11.94     10.94     10.24      9.94     10.04     10.54     11.14     11.54     11.64
     11.34     10.94     10.64     10.54     10.74     11.14     11.44     11.34     10.84     10.04
      9.34      9.24      9.54
     13.74     12.84     12.14     11.64     11.24     11.14     11.24     11.44     11.54     11.54
     11.94     12.74     13.64     14.44     15.34     16.34     16.94     16.54     15.74     15.94
     17.84     20.04     20.74     19.54     18.14     18.04     18.94     18.94     17.34     15.24
     14.04     13.84     13.74     13.34     12.94     12.84     12.94     13.04     13.34     13.94
     14.74     14.94     14.34     13.44     12.84     12.74     13.04     13.44     13.84     13.84
     13.34     12.44     11.54     10.84     10.54     10.54     10.84     11.24     11.54     11.64
     11.34     10.84     10.44     10.34     10.64     11.04     11.24     11.24     10.84     10.24
      9.84      9.94     10.44
     13.34     12.24     11.54     11.44     11.64     11.74     11.64     11.24     10.74     10.44
     10.74     11.94     13.34     14.54     15.74     17.24     18.44     18.44     17.04     15.94
     16.24     17.74     18.54     18.04     17.04     16.74     16.94     16.34     14.74     13.14
     12.54     12.54     12.34     11.74     11.34     11.24     11.14     10.74     10.94     12.04
     13.64     14.64     14.54     13.84     13.34     13.04     12.94     13.04     13.24     13.34
     13.04     12.44     11.74     11.34     11.04     10.94     10.84     11.04     11.44     11.54
     11.24     10.74     10.34     10.44     10.84     11.14     11.34     11.34     11.14     10.94
     10.74     10.84     11.14
     13.34     11.94     11.04     11.04     11.34     11.44     11.24     10.64     10.04      9.74
     10.24     11.54     12.94     14.14     15.14     16.84     18.64     19.44     18.44     16.74
     15.94     16.44     17.04     16.74     15.94     15.54     15.24     14.44     13.24     12.34
     12.14     12.04     11.54     10.94     11.04     11.34     11.24     10.64     10.54     11.54
     12.94     13.64     13.44     12.94     12.74     12.64     12.44     12.34     12.44     12.54
     12.34     11.94     11.64     11.54     11.34     10.94     10.74     10.84     11.34     11.64
     11.44     11.04     10.74     10.94     11.34     11.64     11.64     11.54     11.44     11.64
     11.74     11.64     11.44
     13.54     12.04     10.84     10.44     10.44     10.54     10.44     10.24     10.14     10.14
     10.64     11.64     12.84     13.54     14.14     15.44     17.24     18.64     18.54     17.34
     16.44     16.54     16.84     16.54     15.64     14.74     14.04     13.34     12.64     12.44
     12.54     12.34     11.74     11.44     12.04     12.64     12.44     11.44     10.94     11.44
     12.14     12.14     11.74     11.54     11.84     12.04     11.84     11.74     11.74     11.74
     11.34     10.84     10.84     11.04     11.04     10.64     10.34     10.54     11.14     11.64
     11.84     11.74     11.54     11.64     11.94     12.04     11.84     11.44     11.34     11.74
     12.04     11.84     11.34
     13.54     12.34     11.04     10.34     10.04     10.04     10.14     10.34     10.64     10.94
     11.24     11.74     12.54     13.14     13.44     14.14     15.34     16.64     17.14     16.84
     16.34     16.44     16.54     16.14     14.94     13.64     12.44     11.74     11.54     11.84
     12.24     12.14     11.94     12.14     12.94     13.34     12.54     11.24     10.54     10.94
     11.34     11.04     10.64     10.84     11.44     11.54     11.24     11.14     11.14     10.84
     10.14      9.64      9.84     10.34     10.44     10.14      9.94     10.24     10.94     11.54
     11.94     12.14     12.14     12.04     11.94     11.94     11.74     11.34     11.14     11.54
     11.94     11.74     11.14
     12.74     12.24     11.44     10.74     10.44     10.24     10.24     10.44     10.94     11.24
     11.24     11.34     11.94     12.64     13.14     13.34     13.74     14.44     14.94     15.04
     15.04     15.14     15.24     14.74     13.54     12.04     10.84     10.24     10.34     10.74
     11.24     11.44     11.64     12.24     12.94     12.74     11.34      9.84      9.44     10.04
     10.54     10.44     10.34     10.84     11.34     11.04     10.44     10.14     10.34     10.04
      9.34      8.94      9.34     10.04     10.24     10.04      9.94     10.24     10.64     11.04
     11.54     12.04     12.04     11.74     11.34     11.34     11.44     11.34     11.24     11.44
     11.74     11.84     11.34
     11.34     11.44     11.24     11.04     10.84     10.64     10.34     10.44     10.74     11.04
     10.94     10.84     11.34     12.14     12.74     12.74     12.54     12.64     12.94     13.14
     13.24     13.24     13.34     13.04     12.14     11.14     10.24      9.84     10.04     10.34
     10.74     11.04     11.54     12.24     12.64     12.04     10.44      9.04      8.94      9.64
     10.14     10.14     10.14     10.64     10.94     10.44      9.64      9.54      9.84      9.84
      9.24      8.94      9.44     10.14     10.34     10.14     10.14     10.24     10.34     10.44
     10.84     11.44     11.54     11.04     10.64     10.74     11.24     11.54     11.44     11.34
     11.54     11.84     11.84
      9.94     10.14     10.34     10.54     10.64     10.54     10.34     10.34     10.74     11.04
     11.04     10.94     11.24     11.84     12.34     12.14     11.74     11.54     11.84     12.04
     11.94     11.94     12.04     12.04     11.64     11.14     10.64     10.34     10.34     10.44
     10.64     10.94     11.44     12.04     12.24     11.74     10.44      9.44      9.34      9.94
     10.34     10.04      9.94     10.34     10.64     10.24      9.74      9.74     10.24     10.24
      9.54      9.04      9.24      9.84     10.04      9.94      9.94     10.14     10.14     10.14
     10.44     11.04     11.24     10.74     10.34     10.44     11.14     11.44     11.34     10.94
     10.84     11.34     11.94
      9.44      9.34      9.54      9.74     10.04     10.24     10.34     10.64     10.94     11.24
     11.24     11.24     11.44     11.74     11.94     11.64     11.24     11.24     11.44     11.54
     11.44     11.34     11.44     11.74     11.74     11.34     10.84     10.44     10.24     10.24
     10.34     10.64     10.94     11.24     11.44     11.24     10.54      9.94      9.94     10.44
     10.84     10.64     10.24     10.44     10.74     10.74     10.34     10.34     10.64     10.44
      9.54      8.64      8.54      8.84      9.14      9.24      9.34      9.64      9.94     10.14
     10.44     10.74     10.94     10.84     10.54     10.64     11.04     11.24     10.94     10.44
     10.24     10.64     11.54
      9.44      9.14      9.14      9.24      9.54      9.94     10.44     10.94     11.14     11.04
     10.94     10.94     11.24     11.44     11.44     11.24     11.14     11.24     11.34     11.34
     11.14     11.04     11.34     11.84     11.84     11.44     10.74     10.24      9.84      9.84
     10.04     10.24     10.34     10.34     10.34     10.34     10.04      9.64      9.74     10.54
     11.34     11.44     11.04     10.84     11.04     11.04     10.64     10.24     10.14      9.84
      8.94      8.04      7.74      8.14      8.64      8.64      8.74      9.04      9.64     10.14
     10.34     10.44     10.54     10.74     10.74     10.84     10.84     10.84     10.64     10.34
     10.14     10.44     11.04
      9.24      8.94      8.94      9.04      9.24      9.64     10.24     10.74     10.74     10.24
      9.84      9.94     10.24     10.54     10.64     10.54     10.64     10.84     10.94     10.84
     10.74     11.04     11.64     12.24     12.14     11.54     10.84     10.34     10.04     10.04
     10.24     10.34     10.24      9.94      9.74      9.64      9.34      9.04      9.34     10.44
     11.54     11.94     11.54     11.14     11.04     10.94     10.24      9.34      8.84      8.74
      8.34      7.74      7.64      8.24      8.74      8.64      8.34      8.54      9.34      9.94
     10.14     10.04     10.14     10.44     10.74     10.64     10.54     10.44     10.54     10.54
     10.54     10.64     10.94
      8.94      8.74      8.74      8.74      8.84      9.14      9.64     10.04      9.84      9.34
      8.84      8.94      9.14      9.44      9.44      9.54      9.64      9.94     10.04     10.24
     10.64     11.34     12.34     12.94     12.64     11.74     10.94     10.64     10.54     10.44
     10.44     10.54     10.54     10.34      9.94      9.54      9.24      9.14      9.34     10.24
     11.34     11.74     11.44     11.04     11.04     10.74      9.84      8.74      8.14      8.34
      8.44      8.34      8.34      8.74      9.04      8.84      8.34      8.44      9.14      9.84
     10.04      9.94     10.04     10.34     10.54     10.34     10.14     10.04     10.24     10.34
     10.64     11.04     11.14
