diamond 4 20年06月24日20时700百帕温度场
20 06 24  20  700 
2.500  -2.500  .0  180.0   90.0  .0
73  37
     -7.06     -7.06     -7.06     -7.06     -7.06     -7.06     -7.06     -7.06     -7.06     -7.06
     -7.06     -7.06     -7.06     -7.06     -7.06     -7.06     -7.06     -7.06     -7.06     -7.06
     -7.06     -7.06     -7.06     -7.06     -7.06     -7.06     -7.06     -7.06     -7.06     -7.06
     -7.06     -7.06     -7.06     -7.06     -7.06     -7.06     -7.06     -7.06     -7.06     -7.06
     -7.06     -7.06     -7.06     -7.06     -7.06     -7.06     -7.06     -7.06     -7.06     -7.06
     -7.06     -7.06     -7.06     -7.06     -7.06     -7.06     -7.06     -7.06     -7.06     -7.06
     -7.06     -7.06     -7.06     -7.06     -7.06     -7.06     -7.06     -7.06     -7.06     -7.06
     -7.06     -7.06     -7.06
     -5.36     -5.46     -5.46     -5.46     -5.56     -5.56     -5.66     -5.66     -5.66     -5.76
     -5.76     -5.86     -5.96     -5.96     -6.06     -6.06     -6.16     -6.16     -6.26     -6.26
     -6.36     -6.46     -6.46     -6.56     -6.56     -6.56     -6.66     -6.66     -6.76     -6.76
     -6.86     -6.86     -6.86     -6.96     -6.96     -6.96     -6.96     -7.06     -7.06     -7.06
     -7.16     -7.16     -7.16     -7.26     -7.26     -7.36     -7.36     -7.46     -7.46     -7.56
     -7.56     -7.66     -7.66     -7.76     -7.86     -7.86     -7.96     -8.06     -8.06     -8.16
     -8.26     -8.36     -8.36     -8.46     -8.56     -8.66     -8.66     -8.76     -8.76     -8.86
     -8.86     -8.96     -8.96
     -4.06     -4.16     -4.16     -4.26     -4.26     -4.36     -4.46     -4.56     -4.66     -4.76
     -4.86     -4.96     -5.16     -5.26     -5.36     -5.56     -5.76     -5.86     -6.06     -6.16
     -6.26     -6.46     -6.56     -6.66     -6.76     -6.86     -6.86     -6.96     -6.96     -6.96
     -6.96     -6.96     -6.96     -6.86     -6.76     -6.76     -6.66     -6.56     -6.56     -6.46
     -6.36     -6.26     -6.26     -6.16     -6.16     -6.16     -6.16     -6.16     -6.26     -6.26
     -6.36     -6.46     -6.56     -6.76     -6.96     -7.16     -7.36     -7.56     -7.76     -7.96
     -8.26     -8.46     -8.76     -8.96     -9.26     -9.46     -9.76     -9.96    -10.16    -10.36
    -10.56    -10.76    -10.86
     -3.36     -3.26     -3.26     -3.16     -3.16     -3.16     -3.16     -3.26     -3.36     -3.56
     -3.76     -3.96     -4.16     -4.46     -4.76     -5.06     -5.36     -5.66     -5.96     -6.36
     -6.56     -6.86     -7.06     -7.36     -7.46     -7.66     -7.66     -7.76     -7.76     -7.66
     -7.56     -7.46     -7.26     -6.96     -6.76     -6.46     -6.16     -5.86     -5.46     -5.16
     -4.86     -4.56     -4.26     -4.06     -3.86     -3.66     -3.56     -3.46     -3.46     -3.46
     -3.56     -3.66     -3.86     -4.16     -4.36     -4.76     -5.06     -5.46     -5.96     -6.36
     -6.86     -7.36     -7.86     -8.36     -8.86     -9.36     -9.86    -10.36    -10.76    -11.16
    -11.56    -11.86    -12.16
     -3.56     -3.26     -2.96     -2.76     -2.56     -2.46     -2.36     -2.46     -2.56     -2.76
     -2.96     -3.26     -3.66     -4.06     -4.56     -4.96     -5.46     -5.96     -6.36     -6.86
     -7.26     -7.66     -7.96     -8.26     -8.46     -8.66     -8.76     -8.76     -8.76     -8.66
     -8.46     -8.16     -7.86     -7.46     -6.96     -6.36     -5.86     -5.26     -4.66     -4.06
     -3.46     -2.86     -2.36     -1.86     -1.46     -1.16     -0.86     -0.66     -0.56     -0.56
     -0.66     -0.76     -0.96     -1.26     -1.56     -1.96     -2.46     -2.96     -3.56     -4.16
     -4.76     -5.46     -6.16     -6.96     -7.66     -8.36     -9.06     -9.76    -10.36    -10.96
    -11.56    -12.06    -12.46
     -4.76     -4.16     -3.66     -3.26     -3.06     -2.86     -2.76     -2.76     -2.86     -3.06
     -3.36     -3.76     -4.16     -4.66     -5.16     -5.66     -6.16     -6.66     -7.16     -7.56
     -7.96     -8.36     -8.66     -8.86     -9.16     -9.26     -9.36     -9.46     -9.46     -9.36
     -9.16     -8.86     -8.46     -7.96     -7.36     -6.66     -5.86     -5.06     -4.26     -3.46
     -2.66     -1.86     -1.16     -0.56     -0.06      0.34      0.64      0.84      1.04      1.04
      1.04      0.84      0.74      0.44      0.24     -0.16     -0.56     -0.96     -1.46     -2.06
     -2.76     -3.56     -4.36     -5.26     -6.16     -7.06     -7.96     -8.86     -9.76    -10.56
    -11.26    -11.86    -12.46
     -6.06     -5.46     -5.06     -4.66     -4.36     -4.16     -3.96     -3.96     -3.96     -4.16
     -4.36     -4.66     -4.96     -5.46     -5.86     -6.26     -6.76     -7.06     -7.46     -7.76
     -7.96     -8.16     -8.26     -8.46     -8.66     -8.86     -8.96     -9.16     -9.26     -9.26
     -9.16     -8.96     -8.66     -8.16     -7.46     -6.66     -5.76     -4.86     -3.86     -2.86
     -1.96     -1.06     -0.26      0.34      0.84      1.24      1.54      1.64      1.74      1.74
      1.64      1.44      1.34      1.14      0.94      0.74      0.54      0.24     -0.16     -0.66
     -1.26     -1.96     -2.86     -3.86     -4.96     -6.16     -7.36     -8.56     -9.66    -10.66
    -11.56    -12.36    -12.86
     -6.66     -6.26     -5.86     -5.56     -5.26     -4.96     -4.76     -4.46     -4.26     -4.16
     -4.26     -4.36     -4.66     -4.96     -5.46     -5.86     -6.26     -6.66     -6.96     -7.16
     -7.26     -7.26     -7.26     -7.36     -7.46     -7.66     -7.86     -8.16     -8.46     -8.66
     -8.76     -8.56     -8.26     -7.66     -6.86     -5.86     -4.76     -3.66     -2.56     -1.46
     -0.46      0.44      1.24      1.74      2.24      2.54      2.74      2.74      2.74      2.54
      2.34      2.14      1.94      1.74      1.54      1.44      1.24      1.14      0.84      0.54
     -0.06     -0.76     -1.66     -2.86     -4.16     -5.66     -7.16     -8.66    -10.16    -11.46
    -12.46    -13.36    -13.96
     -6.06     -5.76     -5.46     -5.16     -4.76     -4.26     -3.76     -3.26     -2.86     -2.56
     -2.46     -2.56     -2.86     -3.36     -4.06     -4.76     -5.46     -6.06     -6.56     -6.86
     -7.06     -7.06     -6.96     -6.96     -6.96     -7.16     -7.36     -7.76     -8.06     -8.36
     -8.36     -8.16     -7.56     -6.76     -5.56     -4.26     -2.86     -1.56     -0.36      0.64
      1.54      2.14      2.64      3.04      3.24      3.54      3.64      3.74      3.64      3.54
      3.34      3.14      2.84      2.64      2.44      2.24      2.14      2.04      1.84      1.54
      1.04      0.34     -0.56     -1.76     -3.16     -4.66     -6.46     -8.16     -9.86    -11.46
    -12.76    -13.76    -14.36
     -4.56     -4.06     -3.56     -3.06     -2.56     -2.06     -1.46     -0.96     -0.56     -0.26
     -0.26     -0.56     -1.16     -1.96     -2.96     -4.06     -5.26     -6.36     -7.26     -7.86
     -8.26     -8.46     -8.46     -8.26     -8.16     -8.06     -8.16     -8.26     -8.46     -8.56
     -8.46     -7.96     -7.06     -5.76     -4.16     -2.46     -0.86      0.54      1.54      2.24
      2.54      2.54      2.54      2.44      2.44      2.64      2.84      3.04      3.24      3.34
      3.34      3.24      3.14      3.04      2.94      2.84      2.84      2.74      2.64      2.44
      2.04      1.54      0.74     -0.16     -1.36     -2.76     -4.26     -5.96     -7.76     -9.46
    -10.96    -12.16    -12.96
     -2.86     -1.86     -0.96     -0.16      0.34      0.84      1.14      1.34      1.44      1.34
      0.94      0.44     -0.36     -1.36     -2.56     -3.96     -5.36     -6.76     -8.06     -9.16
     -9.96    -10.46    -10.56    -10.36     -9.96     -9.56     -9.16     -8.96     -8.86     -8.76
     -8.36     -7.66     -6.56     -5.06     -3.26     -1.36      0.24      1.54      2.24      2.44
      2.14      1.54      0.94      0.44      0.24      0.24      0.64      1.04      1.54      1.84
      2.14      2.24      2.24      2.34      2.44      2.54      2.74      2.94      3.04      3.04
      2.84      2.54      2.04      1.44      0.74     -0.16     -1.26     -2.56     -4.16     -5.76
     -7.46     -8.96    -10.06
     -1.06      0.54      1.74      2.64      3.14      3.34      3.34      3.14      2.84      2.34
      1.64      0.84     -0.06     -1.06     -2.16     -3.26     -4.56     -5.96     -7.46     -8.86
    -10.16    -10.96    -11.26    -11.16    -10.56     -9.76     -9.06     -8.56     -8.16     -7.86
     -7.46     -6.76     -5.76     -4.36     -2.66     -0.96      0.54      1.54      2.14      2.04
      1.44      0.64     -0.16     -0.86     -1.16     -1.16     -0.76     -0.26      0.24      0.74
      0.94      0.94      1.04      1.04      1.24      1.54      1.94      2.34      2.74      2.94
      2.94      2.84      2.64      2.34      2.04      1.54      0.94      0.14     -0.96     -2.36
     -3.86     -5.36     -6.56
      0.84      2.64      3.94      4.64      5.04      5.04      4.94      4.64      4.24      3.64
      2.84      1.84      0.74     -0.26     -1.16     -1.96     -2.76     -3.86     -5.16     -6.56
     -7.96     -9.06     -9.56     -9.56     -8.96     -8.16     -7.26     -6.56     -6.06     -5.76
     -5.36     -4.76     -3.96     -2.86     -1.66     -0.36      0.74      1.64      2.04      2.14
      1.84      1.24      0.54     -0.06     -0.36     -0.46     -0.26      0.04      0.44      0.54
      0.64      0.44      0.24      0.04      0.04      0.14      0.44      0.94      1.44      1.84
      2.14      2.24      2.24      2.14      1.84      1.64      1.34      0.94      0.34     -0.56
     -1.66     -2.76     -3.86
      2.74      4.24      5.14      5.44      5.44      5.24      5.14      5.14      5.14      4.84
      4.24      3.24      2.04      0.84     -0.06     -0.76     -1.16     -1.76     -2.46     -3.46
     -4.56     -5.56     -6.16     -6.16     -5.86     -5.26     -4.56     -4.06     -3.66     -3.26
     -2.76     -2.16     -1.36     -0.46      0.44      1.34      2.04      2.54      2.94      3.14
      3.14      2.94      2.54      2.04      1.44      1.04      0.74      0.54      0.44      0.44
      0.44      0.34      0.04     -0.26     -0.56     -0.86     -0.96     -0.86     -0.56     -0.06
      0.54      0.94      1.14      1.14      0.94      0.64      0.44      0.24      0.04     -0.36
     -0.96     -1.76     -2.56
      4.44      5.34      5.44      5.04      4.34      3.74      3.54      3.74      4.24      4.64
      4.64      4.04      3.04      1.74      0.64     -0.06     -0.36     -0.46     -0.56     -0.96
     -1.46     -1.96     -2.36     -2.56     -2.46     -2.26     -2.06     -1.96     -1.76     -1.36
     -0.66      0.24      1.24      2.24      3.04      3.74      4.14      4.44      4.54      4.54
      4.44      4.24      3.84      3.24      2.44      1.54      0.64     -0.06     -0.46     -0.46
     -0.26      0.04      0.24      0.24     -0.16     -0.86     -1.66     -2.16     -2.26     -1.96
     -1.36     -0.66     -0.16     -0.06     -0.16     -0.46     -0.56     -0.66     -0.66     -0.76
     -1.16     -1.86     -2.56
      6.04      6.14      5.54      4.34      2.84      1.54      0.74      0.84      1.64      2.84
      3.74      4.04      3.64      2.74      1.74      0.94      0.64      0.64      0.84      1.04
      1.04      0.84      0.74      0.54      0.44      0.14     -0.16     -0.46     -0.56     -0.26
      0.44      1.44      2.54      3.64      4.64      5.44      6.04      6.24      6.14      5.64
      4.94      4.24      3.64      3.04      2.44      1.64      0.64     -0.36     -0.96     -1.06
     -0.66      0.14      0.94      1.34      1.04      0.24     -0.96     -2.16     -2.96     -3.16
     -2.86     -2.36     -1.76     -1.46     -1.46     -1.46     -1.36     -1.16     -1.06     -1.16
     -1.66     -2.56     -3.56
      7.24      6.94      5.94      4.34      2.44      0.54     -0.76     -1.16     -0.56      0.84
      2.44      3.74      4.24      4.04      3.44      2.74      2.34      2.34      2.54      2.84
      3.04      3.14      3.04      2.94      2.64      2.24      1.74      1.14      0.74      0.74
      1.14      1.84      2.54      3.54      4.64      5.94      7.04      7.74      7.44      6.34
      4.84      3.44      2.64      2.44      2.64      2.74      2.44      1.64      0.84      0.24
      0.34      1.04      1.84      2.44      2.44      1.74      0.44     -1.06     -2.26     -3.06
     -3.36     -3.46     -3.36     -3.16     -2.96     -2.66     -2.16     -1.66     -1.46     -1.56
     -2.16     -3.16     -4.26
      7.74      7.34      6.54      5.24      3.64      1.84      0.24     -0.56     -0.46      0.54
      1.94      3.34      4.34      4.64      4.54      4.34      4.24      4.34      4.64      4.84
      5.04      5.04      4.94      4.84      4.64      4.34      3.74      3.14      2.64      2.54
      2.64      2.84      3.14      3.54      4.44      6.04      7.74      8.94      8.74      7.24
      5.04      3.04      2.14      2.54      3.74      5.04      5.54      5.24      4.24      3.14
      2.34      2.24      2.54      2.94      3.04      2.74      1.94      0.94     -0.06     -1.06
     -1.96     -2.76     -3.36     -3.66     -3.66     -3.36     -2.76     -2.36     -2.06     -2.16
     -2.66     -3.36     -4.06
      7.64      7.34      6.94      6.24      5.24      4.04      2.84      1.94      1.64      1.74
      2.24      2.84      3.34      3.74      4.24      4.74      5.44      6.14      6.64      6.84
      6.84      6.54      6.34      6.34      6.44      6.34      5.94      5.34      4.94      5.04
      5.34      5.64      5.64      5.54      5.94      7.14      8.84     10.24     10.24      8.74
      6.34      4.14      3.24      3.74      5.34      6.94      8.04      7.94      6.94      5.44
      4.14      3.24      2.84      2.94      3.14      3.34      3.44      3.44      3.24      2.74
      1.84      0.74     -0.46     -1.36     -1.86     -2.06     -2.16     -2.26     -2.56     -2.86
     -3.06     -3.06     -2.96
      7.54      7.44      7.14      6.54      5.74      5.04      4.44      4.14      3.84      3.44
      2.94      2.34      2.04      2.34      3.34      4.94      6.64      8.14      8.94      9.14
      8.64      7.84      7.34      7.24      7.74      8.14      8.04      7.54      7.04      7.24
      8.24      9.24      9.54      9.24      8.84      9.14     10.14     11.14     11.34     10.34
      8.74      7.14      6.34      6.44      7.14      8.04      8.54      8.64      7.94      6.74
      5.44      4.44      3.94      3.84      4.04      4.54      5.24      6.04      6.74      7.04
      6.74      5.94      4.64      3.34      2.34      1.44      0.44     -0.76     -1.96     -2.86
     -3.16     -2.66     -1.86
      8.34      8.44      7.84      6.54      5.34      4.64      4.54      4.74      4.94      4.64
      3.94      2.94      2.24      2.54      3.94      6.24      8.74     10.64     11.74     11.74
     10.94      9.54      8.24      7.94      8.64      9.64     10.14      9.64      8.84      8.84
      9.94     11.54     12.44     12.24     11.44     10.94     11.14     11.64     11.84     11.64
     11.24     10.94     10.54      9.94      9.14      8.64      8.44      8.54      8.54      8.24
      7.54      6.94      6.54      6.34      6.44      6.64      7.14      8.04      9.04      9.84
     10.14      9.84      9.04      7.84      6.64      5.34      3.84      1.94      0.04     -1.46
     -1.96     -1.56     -0.56
     10.24     10.24      8.94      7.04      5.24      4.34      4.24      4.74      5.34      5.64
      5.54      5.04      4.74      5.14      6.54      8.74     11.04     12.84     14.04     14.54
     13.84     12.24     10.24      9.24      9.84     11.54     12.64     12.34     11.04     10.24
     10.74     12.14     13.24     13.34     12.94     12.54     12.54     12.64     12.64     12.84
     13.34     13.94     13.94     12.84     11.04      9.44      8.84      9.24      9.94     10.44
     10.34     10.04      9.84      9.54      9.14      8.74      8.64      8.94      9.64     10.34
     10.94     11.04     10.64      9.84      8.84      7.84      6.54      5.04      3.34      1.84
      1.04      1.14      1.74
     11.94     11.54      9.94      7.74      6.04      5.14      5.04      5.24      5.84      6.54
      7.34      7.94      8.24      8.74      9.74     11.04     12.24     13.44     14.94     16.44
     17.14     16.14     13.84     12.04     12.14     14.04     15.74     15.64     13.94     12.14
     11.54     12.14     12.94     13.44     13.84     14.34     14.84     14.84     14.44     14.24
     14.74     15.54     15.64     14.34     12.14     10.34      9.84     10.64     11.64     12.24
     12.24     12.04     11.74     11.34     10.74      9.94      9.44      9.24      9.44      9.94
     10.34     10.54     10.34      9.84      9.24      8.74      8.24      7.64      6.74      5.84
      5.24      5.04      5.14
     12.44     11.74     10.14      8.54      7.34      6.84      6.54      6.24      6.44      7.24
      8.74     10.04     11.04     11.54     12.04     12.24     12.24     12.64     14.14     16.94
     19.44     19.94     18.14     15.84     15.24     16.74     18.34     18.34     16.44     14.14
     12.84     12.74     13.14     13.74     14.64     15.94     17.04     17.14     16.44     15.64
     15.54     15.94     15.84     14.54     12.54     11.04     10.84     11.64     12.44     12.64
     12.44     12.04     11.84     11.54     11.04     10.34      9.84      9.74      9.84     10.14
     10.44     10.54     10.44     10.04      9.64      9.44      9.44      9.54      9.34      8.94
      8.74      8.54      8.44
     12.04     11.34     10.24      9.24      8.64      8.34      7.94      7.34      7.14      7.84
      9.34     10.84     12.04     12.64     13.04     12.84     12.14     11.74     13.04     16.24
     19.84     21.64     20.74     18.74     17.74     18.44     19.34     18.74     16.64     14.44
     13.34     13.24     13.64     14.04     14.94     16.14     17.24     17.44     16.64     15.84
     15.64     15.74     15.44     14.14     12.44     11.34     11.34     12.04     12.44     12.24
     11.64     11.24     11.24     11.14     10.84     10.44     10.24     10.44     10.74     11.04
     11.24     11.34     11.34     11.14     10.74     10.54     10.54     10.54     10.44     10.34
     10.34     10.34     10.24
     11.84     11.54     11.14     10.44      9.84      9.44      8.94      8.44      8.14      8.64
      9.74     10.94     11.84     12.54     13.14     13.34     12.74     12.04     12.74     15.24
     18.54     20.74     20.74     19.44     18.44     18.34     18.14     16.84     14.64     12.84
     12.34     12.84     13.44     13.84     14.24     14.84     15.24     15.14     14.84     14.64
     14.74     14.94     14.54     13.44     12.14     11.54     11.74     12.24     12.44     12.04
     11.34     10.84     10.84     11.04     10.94     10.74     10.74     11.04     11.24     11.44
     11.54     11.74     11.84     11.84     11.64     11.54     11.34     11.04     10.64     10.44
     10.64     10.84     10.84
     12.24     12.64     12.54     11.94     11.04     10.34      9.94      9.64      9.64      9.94
     10.54     11.14     11.64     12.34     13.04     13.54     13.54     13.14     13.34     14.64
     16.74     18.44     18.74     18.24     17.54     17.04     16.04     14.34     12.34     11.04
     11.04     11.84     12.64     13.14     13.44     13.44     13.14     12.74     12.64     12.94
     13.44     13.64     13.34     12.54     11.84     11.64     12.04     12.54     12.74     12.24
     11.44     10.84     10.84     10.94     11.04     11.04     11.04     11.14     11.14     11.04
     11.14     11.34     11.64     11.74     11.74     11.84     11.84     11.54     11.04     10.84
     11.04     11.24     11.24
     12.74     13.24     13.24     12.64     11.74     10.94     10.74     10.74     10.74     10.94
     11.34     11.74     12.14     12.54     12.94     13.44     13.74     13.84     14.04     14.54
     15.44     16.34     16.64     16.44     15.94     15.14     14.24     13.04     11.84     10.94
     10.84     11.34     12.04     12.74     13.24     13.14     12.64     12.14     11.94     12.24
     12.64     12.74     12.54     12.34     12.24     12.34     12.54     12.84     12.74     12.24
     11.34     10.64     10.44     10.74     11.04     11.14     11.24     11.14     11.04     10.84
     10.84     11.04     11.34     11.54     11.74     12.14     12.34     12.24     11.94     11.84
     12.04     12.14     11.84
     12.54     12.74     12.74     12.34     11.54     11.04     11.04     11.24     11.24     11.34
     11.64     12.34     12.84     13.04     13.14     13.24     13.54     13.84     14.04     14.14
     14.34     14.84     15.14     15.04     14.24     13.44     12.84     12.64     12.54     12.14
     11.64     11.44     11.74     12.34     13.04     13.24     13.04     12.64     12.44     12.54
     12.64     12.64     12.64     12.94     13.34     13.44     13.24     12.84     12.34     11.64
     10.84     10.24     10.24     10.74     11.14     11.34     11.34     11.44     11.24     11.04
     10.94     11.14     11.54     11.84     12.14     12.64     12.94     12.84     12.64     12.64
     12.84     12.84     12.34
     11.64     11.74     11.84     11.64     11.14     10.94     11.14     11.34     11.24     11.24
     11.54     12.34     12.94     13.24     13.24     13.24     13.34     13.34     13.24     13.04
     13.04     13.64     14.14     14.04     13.04     12.04     11.74     12.14     12.64     12.44
     11.74     11.24     11.14     11.54     12.04     12.24     12.34     12.44     12.64     12.74
     12.84     12.84     13.14     13.64     14.04     14.04     13.44     12.54     11.74     11.04
     10.54     10.44     10.74     11.14     11.34     11.34     11.44     11.54     11.54     11.34
     11.14     11.24     11.54     12.04     12.44     12.74     12.84     12.74     12.54     12.74
     12.94     12.94     12.44
     10.84     11.14     11.54     11.34     10.94     10.84     11.14     11.34     11.34     11.14
     11.34     11.74     12.24     12.64     12.94     13.14     13.04     12.74     12.04     11.64
     11.74     12.44     13.24     13.34     12.54     11.44     11.04     11.34     11.64     11.34
     10.84     10.54     10.64     10.74     10.74     10.64     10.84     11.34     11.94     12.44
     12.64     12.74     12.84     13.14     13.34     13.24     12.64     11.84     11.14     10.84
     11.04     11.34     11.54     11.54     11.44     11.24     11.24     11.44     11.54     11.24
     10.94     10.74     11.04     11.54     11.94     12.04     11.94     11.74     11.84     12.24
     12.64     12.74     12.44
     10.34     11.04     11.54     11.34     10.84     10.74     10.94     11.24     11.34     11.24
     11.24     11.14     11.24     11.54     12.14     12.54     12.34     11.64     10.94     10.64
     11.04     11.84     12.64     12.84     12.34     11.64     11.14     11.04     10.74     10.24
      9.84     10.04     10.54     10.64     10.34      9.94      9.94     10.44     11.14     11.64
     12.04     12.04     11.84     11.64     11.64     11.54     11.34     10.94     10.74     11.04
     11.64     11.94     11.84     11.34     10.84     10.74     10.84     11.14     11.24     11.14
     10.74     10.44     10.54     10.94     11.24     11.14     10.74     10.64     11.14     11.84
     12.34     12.54     12.34
     10.14     10.84     11.14     10.84     10.34     10.24     10.54     10.84     11.04     11.24
     11.24     10.94     10.74     10.94     11.44     11.54     10.84     10.04      9.74     10.34
     11.14     11.74     11.94     12.04     12.04     11.94     11.74     11.54     10.94     10.14
      9.64      9.84     10.34     10.74     10.64     10.24     10.04     10.14     10.54     10.94
     11.24     11.14     10.74     10.44     10.34     10.44     10.54     10.44     10.54     11.14
     11.94     12.04     11.34     10.54     10.14     10.14     10.34     10.64     10.94     11.04
     10.84     10.54     10.54     10.84     11.04     10.64     10.14     10.24     10.84     11.64
     12.04     12.14     12.04
     10.04     10.34     10.24      9.94      9.84     10.04     10.34     10.54     10.74     11.04
     11.04     10.84     10.54     10.64     10.94     10.54      9.44      8.64      8.94     10.34
     11.54     11.74     11.24     10.94     11.24     11.74     12.04     11.94     11.54     10.64
      9.74      9.34      9.54     10.14     10.44     10.24      9.74      9.54      9.74     10.24
     10.54     10.34      9.94      9.64      9.84     10.24     10.44     10.24     10.34     11.04
     11.64     11.54     10.64      9.84      9.74      9.94     10.04     10.14     10.44     10.84
     10.94     10.64     10.54     10.74     11.04     10.64     10.14     10.24     10.84     11.44
     11.44     11.24     11.24
      9.94      9.74      9.44      9.44      9.84     10.44     10.64     10.64     10.64     10.74
     10.54     10.14      9.94     10.14     10.44     10.04      8.94      8.24      8.84     10.44
     11.54     11.44     10.64     10.14     10.44     11.14     11.54     11.54     11.34     10.74
      9.64      8.64      8.44      9.04      9.54      9.34      8.74      8.44      9.04      9.94
     10.24      9.84      9.14      8.84      9.34      9.94     10.14     10.04     10.04     10.44
     11.04     10.94     10.24      9.74      9.84      9.94      9.84      9.64      9.94     10.54
     10.64     10.24      9.94     10.14     10.44     10.34     10.04     10.14     10.54     10.84
     10.54     10.24     10.34
      9.94      9.64      9.34      9.54     10.24     10.74     10.84     10.74     10.64     10.44
      9.94      9.34      9.04      9.44      9.94      9.84      9.24      8.84      9.34     10.34
     11.04     10.94     10.34     10.14     10.44     10.84     10.94     10.74     10.64     10.34
      9.54      8.64      8.24      8.74      9.04      8.54      7.84      7.84      8.94     10.24
     10.44      9.64      8.44      8.04      8.44      9.14      9.54      9.64      9.64      9.84
     10.24     10.34     10.04      9.94      9.94      9.94      9.74      9.64      9.94     10.44
     10.44      9.84      9.34      9.44      9.74      9.74      9.54      9.64     10.14     10.24
      9.94      9.74      9.74
     10.04      9.94      9.64      9.84     10.24     10.44     10.44     10.24     10.14      9.94
      9.44      8.94      8.84      9.14      9.44      9.44      9.54      9.54      9.74      9.94
     10.14     10.24     10.34     10.64     11.04     11.24     11.04     10.54     10.24     10.14
      9.84      9.34      9.04      9.14      9.14      8.54      7.84      8.14      9.44     10.84
     10.94      9.84      8.54      7.94      8.04      8.54      8.94      9.24      9.44      9.54
      9.84      9.94     10.04     10.04     10.04      9.84      9.74      9.84     10.24     10.54
     10.44      9.84      9.44      9.44      9.54      9.34      9.14      9.34      9.74      9.94
      9.94      9.84      9.84
