diamond 4 20年06月28日8时700百帕温度场
20 06 28  8  700 
2.500  -2.500  .0  180.0   90.0  .0
73  37
     -8.66     -8.66     -8.66     -8.66     -8.66     -8.66     -8.66     -8.66     -8.66     -8.66
     -8.66     -8.66     -8.66     -8.66     -8.66     -8.66     -8.66     -8.66     -8.66     -8.66
     -8.66     -8.66     -8.66     -8.66     -8.66     -8.66     -8.66     -8.66     -8.66     -8.66
     -8.66     -8.66     -8.66     -8.66     -8.66     -8.66     -8.66     -8.66     -8.66     -8.66
     -8.66     -8.66     -8.66     -8.66     -8.66     -8.66     -8.66     -8.66     -8.66     -8.66
     -8.66     -8.66     -8.66     -8.66     -8.66     -8.66     -8.66     -8.66     -8.66     -8.66
     -8.66     -8.66     -8.66     -8.66     -8.66     -8.66     -8.66     -8.66     -8.66     -8.66
     -8.66     -8.66     -8.66
    -10.46    -10.46    -10.56    -10.66    -10.66    -10.76    -10.76    -10.86    -10.86    -10.86
    -10.86    -10.86    -10.96    -10.86    -10.86    -10.86    -10.86    -10.86    -10.76    -10.76
    -10.76    -10.66    -10.66    -10.56    -10.56    -10.46    -10.46    -10.36    -10.36    -10.26
    -10.26    -10.16    -10.16    -10.06    -10.06     -9.96     -9.96     -9.86     -9.86     -9.76
     -9.76     -9.66     -9.66     -9.56     -9.56     -9.46     -9.46     -9.36     -9.36     -9.26
     -9.26     -9.26     -9.16     -9.16     -9.06     -8.96     -8.96     -8.86     -8.86     -8.76
     -8.76     -8.66     -8.56     -8.56     -8.46     -8.36     -8.36     -8.26     -8.16     -8.06
     -8.06     -7.96     -7.86
    -12.46    -12.66    -12.76    -12.86    -12.96    -12.96    -12.96    -12.96    -12.96    -12.96
    -12.86    -12.76    -12.76    -12.66    -12.46    -12.36    -12.26    -12.06    -11.96    -11.86
    -11.66    -11.56    -11.36    -11.26    -11.06    -10.96    -10.86    -10.76    -10.56    -10.46
    -10.36    -10.26    -10.16    -10.06     -9.96     -9.96     -9.86     -9.76     -9.66     -9.56
     -9.56     -9.46     -9.46     -9.36     -9.26     -9.26     -9.16     -9.16     -9.16     -9.06
     -9.06     -8.96     -8.96     -8.96     -8.96     -8.86     -8.86     -8.86     -8.76     -8.76
     -8.66     -8.66     -8.56     -8.46     -8.46     -8.36     -8.26     -8.16     -8.06     -7.96
     -7.86     -7.66     -7.56
    -13.16    -13.36    -13.46    -13.56    -13.56    -13.66    -13.56    -13.56    -13.46    -13.26
    -13.16    -12.96    -12.76    -12.56    -12.36    -12.06    -11.86    -11.66    -11.46    -11.26
    -11.06    -10.86    -10.76    -10.56    -10.46    -10.36    -10.16    -10.06     -9.96     -9.86
     -9.76     -9.66     -9.56     -9.46     -9.36     -9.26     -9.06     -8.96     -8.86     -8.66
     -8.56     -8.46     -8.26     -8.16     -7.96     -7.86     -7.76     -7.66     -7.56     -7.56
     -7.46     -7.46     -7.46     -7.46     -7.56     -7.56     -7.66     -7.76     -7.86     -7.86
     -7.96     -8.06     -8.06     -8.06     -8.16     -8.06     -8.06     -7.96     -7.86     -7.76
     -7.66     -7.56     -7.36
    -11.66    -11.86    -11.96    -12.06    -12.06    -12.06    -11.96    -11.76    -11.66    -11.46
    -11.26    -10.96    -10.76    -10.56    -10.26    -10.06     -9.96     -9.76     -9.66     -9.46
     -9.46     -9.36     -9.26     -9.26     -9.16     -9.16     -9.16     -9.16     -9.06     -9.06
     -8.96     -8.96     -8.86     -8.76     -8.56     -8.46     -8.26     -8.06     -7.86     -7.56
     -7.26     -6.96     -6.66     -6.26     -5.96     -5.66     -5.36     -5.16     -4.86     -4.76
     -4.56     -4.56     -4.56     -4.66     -4.76     -4.96     -5.26     -5.56     -5.86     -6.26
     -6.56     -6.96     -7.26     -7.56     -7.76     -7.96     -8.06     -8.16     -8.16     -8.06
     -7.96     -7.76     -7.56
     -8.86     -9.06     -9.16     -9.16     -9.16     -9.16     -9.06     -8.96     -8.76     -8.56
     -8.36     -8.16     -8.06     -7.86     -7.76     -7.66     -7.56     -7.56     -7.56     -7.66
     -7.66     -7.76     -7.76     -7.86     -7.86     -7.86     -7.86     -7.86     -7.76     -7.76
     -7.66     -7.56     -7.46     -7.36     -7.16     -6.96     -6.76     -6.46     -6.16     -5.86
     -5.46     -5.06     -4.56     -4.06     -3.66     -3.16     -2.76     -2.36     -1.96     -1.66
     -1.46     -1.36     -1.36     -1.46     -1.66     -1.96     -2.36     -2.96     -3.56     -4.16
     -4.86     -5.66     -6.36     -6.96     -7.56     -8.06     -8.36     -8.66     -8.76     -8.76
     -8.76     -8.56     -8.36
     -5.66     -5.86     -5.96     -6.06     -6.16     -6.26     -6.36     -6.36     -6.36     -6.36
     -6.26     -6.26     -6.26     -6.26     -6.26     -6.36     -6.46     -6.56     -6.66     -6.76
     -6.76     -6.76     -6.76     -6.76     -6.56     -6.46     -6.26     -6.16     -5.96     -5.76
     -5.56     -5.36     -5.06     -4.86     -4.66     -4.36     -4.16     -3.86     -3.56     -3.26
     -2.86     -2.46     -2.16     -1.76     -1.36     -0.96     -0.56     -0.26      0.04      0.34
      0.54      0.64      0.74      0.74      0.54      0.24     -0.16     -0.66     -1.36     -2.26
     -3.16     -4.16     -5.16     -6.16     -7.06     -7.86     -8.46     -8.96     -9.26     -9.46
     -9.46     -9.36     -9.06
     -2.46     -2.56     -2.76     -2.96     -3.26     -3.66     -3.96     -4.36     -4.66     -5.06
     -5.36     -5.66     -5.96     -6.26     -6.56     -6.76     -6.96     -7.16     -7.16     -7.16
     -6.96     -6.76     -6.46     -6.06     -5.76     -5.36     -4.96     -4.56     -4.16     -3.76
     -3.46     -3.06     -2.76     -2.36     -2.06     -1.66     -1.36     -1.06     -0.76     -0.56
     -0.26     -0.06      0.14      0.34      0.54      0.64      0.84      0.94      1.04      1.14
      1.14      1.24      1.34      1.44      1.44      1.34      1.14      0.74      0.24     -0.56
     -1.46     -2.56     -3.76     -5.06     -6.26     -7.46     -8.36     -9.16     -9.66     -9.96
    -10.06    -10.06     -9.76
      0.24      0.34      0.24      0.04     -0.36     -0.96     -1.66     -2.46     -3.26     -4.16
     -4.96     -5.76     -6.46     -7.06     -7.56     -8.06     -8.36     -8.46     -8.46     -8.26
     -7.86     -7.36     -6.76     -6.16     -5.56     -4.96     -4.46     -3.96     -3.56     -3.06
     -2.66     -2.16     -1.66     -1.06     -0.56     -0.06      0.34      0.64      0.94      1.14
      1.34      1.44      1.54      1.54      1.54      1.54      1.44      1.34      1.34      1.24
      1.24      1.24      1.44      1.54      1.74      1.84      1.84      1.74      1.34      0.74
     -0.16     -1.36     -2.76     -4.26     -5.86     -7.26     -8.66     -9.76    -10.56    -11.06
    -11.26    -11.26    -11.06
      1.54      1.94      2.24      2.24      1.94      1.34      0.44     -0.56     -1.76     -2.96
     -4.06     -5.16     -6.06     -6.96     -7.76     -8.36     -8.96     -9.26     -9.36     -9.26
     -8.96     -8.36     -7.66     -6.86     -6.16     -5.46     -4.86     -4.36     -3.86     -3.26
     -2.66     -1.96     -1.26     -0.56      0.14      0.74      1.24      1.54      1.64      1.74
      1.74      1.74      1.64      1.54      1.54      1.44      1.44      1.44      1.44      1.44
      1.44      1.64      1.74      2.04      2.24      2.44      2.54      2.54      2.24      1.64
      0.84     -0.36     -1.86     -3.66     -5.46     -7.26     -8.96    -10.46    -11.56    -12.26
    -12.56    -12.66    -12.36
      1.34      1.94      2.54      2.84      2.84      2.44      1.64      0.74     -0.36     -1.46
     -2.46     -3.36     -4.26     -5.06     -5.96     -6.96     -7.86     -8.76     -9.46     -9.76
     -9.76     -9.46     -8.76     -7.96     -7.16     -6.26     -5.56     -4.76     -4.06     -3.16
     -2.26     -1.26     -0.26      0.64      1.44      2.04      2.34      2.44      2.34      2.14
      1.94      1.64      1.34      1.14      1.04      1.04      1.04      1.14      1.34      1.64
      1.84      2.14      2.44      2.74      2.94      3.04      3.04      2.94      2.64      2.14
      1.44      0.44     -0.76     -2.36     -4.16     -6.06     -7.86     -9.46    -10.66    -11.56
    -11.86    -11.96    -11.76
      0.34      0.94      1.64      2.14      2.44      2.24      1.74      1.04      0.34     -0.26
     -0.76     -1.16     -1.56     -2.06     -2.86     -4.06     -5.46     -6.96     -8.26     -9.26
     -9.76     -9.76     -9.26     -8.36     -7.46     -6.46     -5.56     -4.66     -3.66     -2.56
     -1.26      0.04      1.24      2.34      3.04      3.54      3.64      3.54      3.24      2.84
      2.44      2.04      1.64      1.34      1.04      0.94      0.84      0.94      1.24      1.64
      2.04      2.44      2.74      2.94      2.94      2.84      2.64      2.34      2.04      1.74
      1.54      1.14      0.54     -0.36     -1.56     -2.96     -4.56     -5.96     -7.06     -7.76
     -7.96     -8.06     -7.96
     -0.96     -0.36      0.44      1.14      1.54      1.64      1.34      1.04      0.64      0.44
      0.54      0.64      0.74      0.54     -0.06     -1.16     -2.66     -4.46     -6.16     -7.46
     -8.16     -8.16     -7.66     -6.96     -6.06     -5.36     -4.76     -4.06     -3.26     -2.26
     -0.96      0.44      1.84      2.94      3.64      4.04      4.04      3.74      3.54      3.24
      3.04      2.84      2.64      2.34      1.94      1.54      1.34      1.14      1.24      1.54
      1.94      2.34      2.54      2.54      2.24      1.74      1.14      0.54      0.24      0.14
      0.44      0.84      1.24      1.34      0.94      0.24     -0.66     -1.56     -2.26     -2.56
     -2.56     -2.56     -2.76
     -2.56     -1.56     -0.46      0.54      1.14      1.44      1.34      1.14      1.04      1.04
      1.14      1.44      1.74      1.84      1.54      0.84     -0.36     -1.86     -3.26     -4.26
     -4.76     -4.56     -4.06     -3.56     -3.16     -3.16     -3.36     -3.56     -3.46     -2.96
     -1.86     -0.56      0.94      2.24      3.14      3.74      3.84      3.64      3.44      3.34
      3.44      3.54      3.74      3.74      3.34      2.84      2.24      1.74      1.54      1.54
      1.74      2.04      2.14      1.94      1.34      0.54     -0.46     -1.36     -1.96     -1.86
     -1.36     -0.36      0.64      1.44      1.74      1.64      1.24      0.94      0.84      0.94
      1.14      1.14      0.64
     -3.96     -2.26     -0.56      0.84      1.74      2.04      2.04      1.84      1.74      1.64
      1.64      1.74      1.94      2.04      2.04      1.84      1.34      0.54     -0.26     -0.76
     -0.86     -0.66     -0.16      0.04     -0.36     -1.26     -2.46     -3.56     -4.16     -4.16
     -3.46     -2.16     -0.46      1.24      2.74      3.94      4.44      4.44      4.14      3.84
      3.84      4.14      4.54      4.84      4.74      4.14      3.24      2.34      1.64      1.24
      1.34      1.54      1.64      1.54      0.94      0.04     -1.06     -2.26     -2.96     -3.06
     -2.56     -1.56     -0.36      0.54      0.94      0.94      0.94      0.94      1.34      1.74
      1.94      1.74      0.94
     -3.56     -1.36      0.64      2.04      2.84      2.94      2.84      2.74      2.64      2.54
      2.44      2.24      2.14      2.24      2.54      2.74      2.74      2.44      1.94      1.54
      1.44      1.64      1.74      1.44      0.34     -1.26     -3.06     -4.56     -5.36     -5.56
     -4.96     -3.76     -2.06      0.14      2.54      4.74      6.04      6.44      6.04      5.24
      4.74      4.74      5.14      5.64      5.74      5.24      4.04      2.74      1.54      0.84
      0.64      0.84      1.14      1.44      1.24      0.54     -0.46     -1.56     -2.46     -2.66
     -2.36     -1.56     -0.66     -0.06      0.04     -0.06     -0.06      0.24      0.74      1.24
      1.24      0.64     -0.46
     -0.76      1.14      2.74      3.64      3.94      3.84      3.64      3.54      3.54      3.54
      3.44      3.14      2.84      2.94      3.24      3.64      3.84      3.54      2.94      2.34
      1.94      1.74      1.54      0.64     -0.86     -2.86     -4.86     -6.26     -6.86     -6.86
     -6.36     -5.36     -3.76     -1.26      1.94      5.14      7.44      8.44      8.04      6.84
      5.74      5.34      5.64      6.34      6.64      6.24      5.04      3.44      1.84      0.74
      0.34      0.54      1.14      1.74      2.04      1.74      0.94     -0.06     -0.96     -1.36
     -1.06     -0.46      0.04      0.34      0.14     -0.16     -0.26      0.04      0.64      0.94
      0.64     -0.26     -1.76
      2.84      3.74      4.44      4.74      4.74      4.54      4.44      4.44      4.44      4.54
      4.44      4.14      3.84      3.84      4.04      4.34      4.34      3.84      3.04      2.24
      1.84      1.54      1.14      0.14     -1.76     -4.06     -6.16     -7.46     -7.86     -7.46
     -6.76     -5.76     -4.06     -1.56      1.94      5.54      8.34      9.64      9.34      7.94
      6.54      5.94      6.14      6.84      7.24      7.04      6.14      4.64      3.04      1.84
      1.14      1.14      1.64      2.34      2.84      2.84      2.34      1.44      0.64      0.24
      0.44      0.84      1.24      1.14      0.84      0.34      0.24      0.54      0.94      1.04
      0.34     -0.96     -2.46
      4.94      4.94      5.04      5.14      5.24      5.34      5.44      5.34      5.34      5.34
      5.34      5.24      5.14      5.04      5.04      4.94      4.74      4.04      3.24      2.64
      2.44      2.54      2.34      1.34     -0.66     -3.16     -5.56     -6.96     -7.26     -6.56
     -5.26     -3.46     -1.26      1.44      4.54      7.44      9.44     10.14      9.54      8.14
      6.94      6.34      6.44      6.94      7.34      7.24      6.84      6.04      4.94      3.84
      2.94      2.34      2.34      2.74      3.24      3.34      3.14      2.64      2.24      2.04
      2.24      2.54      2.64      2.44      1.84      1.34      1.04      1.04      1.14      0.84
     -0.16     -1.46     -2.86
      5.84      5.44      5.34      5.64      6.04      6.34      6.44      6.24      6.04      6.04
      6.34      6.64      6.74      6.64      6.44      6.14      5.74      5.14      4.54      4.14
      4.14      4.34      4.24      3.44      1.64     -0.76     -3.16     -4.86     -5.36     -4.46
     -2.26      0.64      3.64      6.34      8.34      9.44      9.64      9.14      8.04      7.04
      6.54      6.54      6.74      6.94      6.94      6.94      6.94      6.84      6.44      5.64
      4.54      3.54      2.94      2.74      2.94      3.24      3.54      3.64      3.94      4.34
      4.74      5.04      4.94      4.54      3.74      3.04      2.34      1.84      1.34      0.54
     -0.56     -1.76     -2.76
      7.14      6.94      6.84      7.04      7.24      7.34      7.14      6.74      6.44      6.64
      7.24      7.94      8.34      8.24      8.04      7.94      7.74      7.44      7.14      6.84
      6.64      6.34      5.84      4.84      3.44      1.74     -0.06     -1.66     -2.46     -1.96
      0.04      3.14      6.14      8.14      8.84      8.34      7.14      5.84      5.04      5.04
      5.64      6.64      7.24      7.34      7.04      6.74      6.74      7.04      7.04      6.54
      5.64      4.44      3.54      3.24      3.24      3.54      4.14      4.84      5.84      6.84
      7.64      7.94      7.84      7.34      6.54      5.54      4.54      3.44      2.24      1.14
      0.04     -0.86     -1.36
      9.74      9.64      9.34      9.04      8.74      8.24      7.64      7.14      6.94      7.34
      8.14      8.94      9.34      9.34      9.44      9.74     10.24     10.44     10.34     10.14
      9.74      8.94      7.74      6.44      5.24      4.44      3.64      2.64      1.64      1.14
      1.74      3.14      4.54      5.14      4.64      3.64      2.74      2.44      2.94      4.04
      5.74      7.34      8.44      8.64      8.14      7.54      7.24      7.24      7.24      7.04
      6.44      5.74      5.24      5.04      5.14      5.24      5.74      6.44      7.64      8.74
      9.64     10.04      9.94      9.64      9.04      8.24      7.14      5.64      4.24      3.04
      2.14      1.54      1.44
     12.44     12.24     11.64     10.94     10.04      9.14      8.44      7.94      8.04      8.64
      9.44      9.94     10.04     10.04     10.44     11.44     12.34     12.94     13.04     13.14
     13.24     12.84     11.54      9.84      8.64      8.44      8.64      8.44      7.44      6.04
      4.74      3.84      2.74      1.34      0.24      0.14      1.14      2.84      4.64      6.34
      7.74      9.14     10.14     10.44     10.04      9.34      8.64      8.14      7.94      7.74
      7.74      7.74      7.94      8.04      8.14      8.04      8.04      8.34      8.94      9.84
     10.54     10.74     10.64     10.54     10.44     10.04      9.14      7.94      6.64      5.74
      5.24      5.04      4.84
     14.04     13.64     12.94     11.94     10.94     10.14      9.64      9.44      9.64     10.34
     11.04     11.24     10.94     10.84     11.64     12.94     13.94     14.34     14.44     15.04
     16.14     16.94     16.44     14.94     13.54     13.24     13.84     14.34     13.84     12.24
     10.14      7.64      4.84      2.24      1.04      1.84      4.44      7.54      9.64     10.64
     10.94     11.24     11.74     12.04     11.94     11.34     10.54      9.84      9.44      9.44
      9.54      9.84     10.14     10.44     10.44     10.24      9.94      9.84     10.04     10.44
     10.64     10.64     10.54     10.54     10.74     10.74     10.24      9.44      8.74      8.34
      8.24      8.14      7.94
     14.94     14.24     13.34     12.34     11.54     11.04     10.64     10.44     10.74     11.44
     12.14     12.24     12.04     12.04     13.04     14.44     15.44     15.34     15.04     15.64
     17.44     19.24     19.54     18.44     17.04     16.54     17.04     17.74     17.64     16.74
     15.14     12.74      9.84      7.14      5.94      6.94      9.54     12.14     13.54     13.44
     12.74     12.34     12.44     12.84     13.04     12.84     12.34     11.84     11.44     11.34
     11.34     11.34     11.14     11.04     10.94     10.84     10.74     10.64     10.74     10.84
     10.84     10.54     10.24     10.34     10.64     10.94     10.74     10.34     10.04     10.04
     10.14     10.04      9.94
     15.74     14.64     13.44     12.24     11.64     11.24     10.84     10.44     10.34     10.84
     11.64     12.04     12.14     12.64     13.94     15.64     16.74     16.54     15.84     15.94
     17.34     18.84     19.34     18.44     17.34     16.84     17.14     17.54     17.74     17.34
     16.64     15.44     13.44     11.34     10.04     10.24     11.54     12.84     13.14     12.74
     12.24     12.14     12.44     12.74     12.94     13.04     13.04     12.84     12.74     12.64
     12.44     12.04     11.44     10.84     10.54     10.54     10.64     10.84     11.04     11.14
     10.94     10.44     10.14     10.24     10.74     11.14     11.14     10.94     10.74     10.84
     10.94     10.84     10.74
     16.04     14.84     13.24     12.04     11.34     11.04     10.44      9.64      9.14      9.34
     10.04     10.64     11.24     12.14     13.94     16.14     17.64     17.84     17.14     16.74
     16.94     17.34     17.24     16.54     15.84     15.54     15.74     15.84     15.74     15.54
     15.34     14.84     13.74     12.34     11.14     10.64     10.74     10.84     10.84     10.84
     11.14     11.74     12.14     12.24     12.24     12.24     12.44     12.54     12.54     12.64
     12.54     12.34     11.74     11.24     10.84     10.74     10.84     10.94     11.24     11.24
     10.94     10.44     10.14     10.44     11.14     11.64     11.74     11.54     11.44     11.44
     11.34     11.14     11.14
     15.64     14.54     13.04     11.74     11.24     10.94     10.24      9.24      8.44      8.34
      8.94      9.64     10.54     11.84     13.84     16.14     17.84     18.34     18.04     17.34
     16.84     16.44     15.84     15.24     14.84     14.74     14.74     14.64     14.34     14.04
     13.74     13.44     12.94     12.14     11.24     10.64     10.34     10.24     10.24     10.54
     11.14     11.74     11.94     11.74     11.34     11.24     11.44     11.54     11.64     11.74
     11.94     12.14     12.14     12.04     11.74     11.54     11.34     11.34     11.44     11.54
     11.24     10.74     10.64     11.04     11.84     12.34     12.54     12.34     12.14     12.04
     11.84     11.74     11.74
     14.64     13.94     12.74     11.84     11.44     11.24     10.54      9.54      8.74      8.74
      9.24     10.04     11.14     12.54     14.44     16.34     17.54     17.84     17.44     16.94
     16.44     16.04     15.64     15.24     14.94     14.54     14.24     13.84     13.54     13.34
     13.14     12.94     12.84     12.64     12.24     11.84     11.54     11.44     11.44     11.34
     11.44     11.54     11.54     11.24     10.84     10.84     10.94     11.14     11.04     11.04
     11.14     11.44     11.74     12.04     12.04     11.74     11.44     11.44     11.64     11.84
     11.74     11.64     11.84     12.24     12.64     12.94     13.04     12.94     12.74     12.44
     12.24     12.34     12.34
     13.34     13.04     12.44     12.04     11.84     11.54     10.74      9.84      9.44      9.74
     10.44     11.44     12.54     13.74     15.14     16.24     16.84     16.64     16.14     15.74
     15.54     15.54     15.54     15.24     14.64     13.74     13.04     12.64     12.44     12.34
     12.24     12.44     12.84     13.24     13.24     12.74     12.24     11.84     11.64     11.24
     10.84     10.74     10.74     10.84     10.84     10.94     11.14     11.24     11.14     10.74
     10.44     10.44     10.64     10.94     11.14     11.14     11.04     11.14     11.44     11.74
     12.04     12.34     12.84     13.14     13.14     13.04     13.04     13.14     12.84     12.44
     12.14     12.34     12.64
     11.54     11.74     11.64     11.64     11.74     11.44     10.64      9.84      9.64     10.24
     11.14     12.24     13.24     14.04     14.64     15.14     15.44     15.44     15.04     14.74
     14.64     14.74     14.64     14.14     13.24     12.14     11.34     11.04     10.94     10.84
     10.74     11.24     12.14     13.04     13.14     12.24     11.14     10.44     10.14      9.94
      9.74      9.74     10.14     10.54     10.74     10.84     10.94     10.94     10.84     10.54
     10.04      9.64      9.64      9.94     10.34     10.54     10.54     10.64     10.74     10.94
     11.34     11.94     12.74     13.24     13.04     12.64     12.64     12.84     12.74     12.14
     11.64     11.84     12.34
      9.74     10.14     10.44     10.74     10.94     10.84     10.34      9.84      9.74     10.14
     10.94     11.94     12.74     12.94     12.84     12.94     13.54     14.14     14.34     14.14
     13.74     13.54     13.14     12.34     11.44     10.64     10.14     10.04      9.94      9.84
      9.74     10.24     11.34     12.34     12.34     11.14      9.74      9.04      9.04      9.34
      9.44      9.54      9.84     10.14     10.24     10.24     10.14     10.04     10.04      9.84
      9.54      9.24      9.24      9.64     10.04     10.34     10.34     10.24     10.14     10.04
     10.14     10.84     11.84     12.44     12.24     11.84     11.94     12.34     12.44     11.94
     11.34     11.34     11.94
      8.84      9.24      9.54      9.74     10.04     10.24     10.24     10.24     10.14     10.04
     10.34     11.04     11.64     11.64     11.04     10.94     11.64     12.74     13.24     13.04
     12.54     12.04     11.54     10.94     10.34      9.94      9.74      9.54      9.54      9.54
      9.74     10.14     10.84     11.54     11.44     10.44      9.34      8.94      9.44     10.04
     10.24     10.04      9.74      9.74      9.74      9.74      9.54      9.44      9.34      9.24
      9.14      9.04      9.24      9.54      9.94     10.04      9.94      9.84      9.74      9.54
      9.44      9.94     10.74     11.44     11.44     11.24     11.24     11.74     12.04     11.84
     11.24     11.14     11.54
      9.24      9.34      9.34      9.24      9.34      9.64     10.04     10.34     10.34      9.84
      9.54      9.94     10.54     10.74     10.24     10.04     10.64     11.64     11.94     11.64
     11.24     10.84     10.54     10.24     10.14     10.14      9.74      9.14      8.94      9.24
      9.84     10.24     10.44     10.44     10.24      9.64      9.24      9.44     10.14     10.84
     10.74     10.14      9.64      9.54      9.74      9.94      9.74      9.54      9.24      9.14
      9.04      8.94      8.94      9.14      9.14      9.14      9.04      9.24      9.54      9.74
      9.64      9.74     10.24     10.74     11.04     10.84     10.74     11.04     11.44     11.44
     11.04     10.84     11.04
      9.74      9.54      9.34      9.14      9.04      9.04      9.24      9.74      9.94      9.44
      8.84      8.94      9.54      9.84      9.74      9.84     10.54     11.14     11.24     10.94
     10.64     10.44     10.24     10.14     10.44     10.74     10.24      9.24      8.54      8.84
      9.64     10.04      9.74      9.14      8.74      8.54      8.74      9.54     10.44     10.94
     10.64     10.04      9.54      9.64     10.04     10.14      9.94      9.54      9.34      9.24
      8.94      8.74      8.64      8.64      8.44      8.14      8.04      8.54      9.44      9.94
     10.14      9.94     10.04     10.54     10.94     10.94     10.74     10.64     10.84     10.94
     10.74     10.44     10.54
      9.54      9.24      8.94      8.94      8.94      8.64      8.44      8.74      9.04      8.94
      8.44      8.34      8.64      8.74      8.94      9.44     10.44     11.14     11.14     10.94
     10.94     10.84     10.54     10.44     10.84     11.54     11.34     10.14      9.14      9.04
      9.54      9.64      9.14      8.34      7.94      8.04      8.64      9.64     10.54     10.84
     10.54      9.94      9.74      9.84      9.84      9.54      9.14      9.04      9.04      8.94
      8.74      8.64      8.84      8.84      8.54      8.04      7.84      8.24      9.24     10.04
     10.24     10.14     10.14     10.54     11.04     11.34     11.14     10.84     10.74     10.74
     10.54     10.34     10.54
      8.94      8.64      8.54      8.84      9.04      8.74      8.14      8.04      8.24      8.44
      8.34      8.14      8.04      7.74      7.84      8.64      9.94     10.64     10.64     10.54
     10.94     11.24     11.04     10.84     11.24     12.14     12.24     11.24     10.14      9.54
      9.54      9.34      8.84      8.34      8.14      8.44      9.24     10.14     10.94     10.94
     10.54     10.04      9.84      9.84      9.34      8.74      8.34      8.54      8.84      8.94
      8.74      8.94      9.44      9.74      9.44      8.74      8.34      8.64      9.34      9.94
     10.24     10.24     10.24     10.54     11.14     11.54     11.44     11.14     10.84     10.74
     10.54     10.54     10.84
