diamond 4 20年06月25日20时700百帕温度场
20 06 25  20  700 
2.500  -2.500  .0  180.0   90.0  .0
73  37
     -5.06     -5.06     -5.06     -5.06     -5.06     -5.06     -5.06     -5.06     -5.06     -5.06
     -5.06     -5.06     -5.06     -5.06     -5.06     -5.06     -5.06     -5.06     -5.06     -5.06
     -5.06     -5.06     -5.06     -5.06     -5.06     -5.06     -5.06     -5.06     -5.06     -5.06
     -5.06     -5.06     -5.06     -5.06     -5.06     -5.06     -5.06     -5.06     -5.06     -5.06
     -5.06     -5.06     -5.06     -5.06     -5.06     -5.06     -5.06     -5.06     -5.06     -5.06
     -5.06     -5.06     -5.06     -5.06     -5.06     -5.06     -5.06     -5.06     -5.06     -5.06
     -5.06     -5.06     -5.06     -5.06     -5.06     -5.06     -5.06     -5.06     -5.06     -5.06
     -5.06     -5.06     -5.06
     -4.36     -4.36     -4.46     -4.46     -4.56     -4.66     -4.66     -4.76     -4.76     -4.86
     -4.86     -4.96     -4.96     -5.06     -5.06     -5.16     -5.16     -5.16     -5.26     -5.26
     -5.36     -5.36     -5.36     -5.46     -5.46     -5.46     -5.46     -5.56     -5.56     -5.56
     -5.56     -5.66     -5.66     -5.66     -5.66     -5.66     -5.66     -5.76     -5.76     -5.76
     -5.76     -5.76     -5.76     -5.86     -5.86     -5.86     -5.86     -5.96     -5.96     -5.96
     -6.06     -6.06     -6.06     -6.16     -6.16     -6.16     -6.26     -6.26     -6.36     -6.36
     -6.46     -6.46     -6.56     -6.56     -6.66     -6.66     -6.66     -6.76     -6.76     -6.86
     -6.86     -6.86     -6.96
     -4.56     -4.66     -4.76     -4.86     -4.86     -4.96     -5.06     -5.06     -5.16     -5.26
     -5.26     -5.36     -5.46     -5.46     -5.56     -5.56     -5.66     -5.76     -5.76     -5.86
     -5.96     -5.96     -6.06     -6.06     -6.16     -6.16     -6.16     -6.26     -6.26     -6.26
     -6.26     -6.26     -6.26     -6.26     -6.16     -6.16     -6.16     -6.16     -6.06     -6.06
     -6.06     -6.06     -6.06     -6.06     -6.06     -6.06     -6.06     -6.16     -6.16     -6.26
     -6.36     -6.46     -6.56     -6.66     -6.76     -6.86     -7.06     -7.16     -7.36     -7.56
     -7.66     -7.86     -8.06     -8.26     -8.46     -8.56     -8.76     -8.96     -9.16     -9.26
     -9.46     -9.56     -9.76
     -5.46     -5.46     -5.46     -5.46     -5.46     -5.36     -5.36     -5.36     -5.36     -5.36
     -5.36     -5.36     -5.36     -5.46     -5.46     -5.56     -5.66     -5.76     -5.96     -6.06
     -6.16     -6.36     -6.46     -6.56     -6.66     -6.76     -6.86     -6.86     -6.86     -6.86
     -6.76     -6.66     -6.56     -6.46     -6.36     -6.16     -6.06     -5.86     -5.76     -5.56
     -5.46     -5.36     -5.26     -5.26     -5.16     -5.16     -5.26     -5.26     -5.36     -5.56
     -5.66     -5.86     -6.16     -6.36     -6.66     -6.96     -7.26     -7.66     -8.06     -8.36
     -8.76     -9.16     -9.56     -9.96    -10.36    -10.76    -11.06    -11.46    -11.76    -12.06
    -12.36    -12.56    -12.86
     -6.66     -6.46     -6.36     -6.26     -6.06     -5.86     -5.76     -5.56     -5.46     -5.36
     -5.26     -5.16     -5.16     -5.16     -5.26     -5.36     -5.46     -5.66     -5.86     -6.16
     -6.46     -6.66     -6.96     -7.26     -7.46     -7.56     -7.66     -7.66     -7.66     -7.46
     -7.26     -6.96     -6.66     -6.26     -5.86     -5.46     -4.96     -4.56     -4.16     -3.86
     -3.56     -3.36     -3.16     -2.96     -2.96     -2.96     -2.96     -3.06     -3.26     -3.46
     -3.76     -4.06     -4.46     -4.86     -5.26     -5.76     -6.36     -6.96     -7.56     -8.16
     -8.86     -9.56    -10.16    -10.86    -11.56    -12.16    -12.76    -13.36    -13.86    -14.26
    -14.76    -15.06    -15.36
     -7.76     -7.56     -7.36     -7.16     -6.96     -6.76     -6.46     -6.26     -5.96     -5.76
     -5.56     -5.36     -5.16     -5.06     -5.06     -5.16     -5.36     -5.66     -5.96     -6.36
     -6.86     -7.36     -7.76     -8.16     -8.46     -8.76     -8.86     -8.76     -8.56     -8.26
     -7.76     -7.16     -6.46     -5.66     -4.86     -4.06     -3.36     -2.66     -1.96     -1.36
     -0.86     -0.56     -0.26     -0.06      0.04      0.04      0.04     -0.06     -0.26     -0.56
     -0.86     -1.16     -1.56     -2.06     -2.56     -3.16     -3.76     -4.46     -5.26     -6.06
     -6.86     -7.76     -8.66     -9.66    -10.56    -11.56    -12.46    -13.36    -14.16    -14.86
    -15.56    -16.06    -16.56
     -8.56     -8.36     -8.16     -7.96     -7.76     -7.56     -7.26     -6.96     -6.56     -6.26
     -5.86     -5.46     -5.16     -4.96     -4.86     -4.96     -5.16     -5.46     -5.96     -6.56
     -7.26     -7.86     -8.56     -9.16     -9.56     -9.76     -9.86     -9.76     -9.36     -8.76
     -8.06     -7.16     -6.16     -5.16     -4.06     -2.96     -1.96     -1.06     -0.26      0.44
      1.04      1.54      1.94      2.14      2.34      2.34      2.34      2.34      2.14      1.94
      1.74      1.44      1.14      0.74      0.34     -0.06     -0.66     -1.16     -1.86     -2.56
     -3.36     -4.26     -5.16     -6.26     -7.36     -8.46     -9.66    -10.86    -12.06    -13.16
    -14.26    -15.06    -15.86
     -8.56     -8.46     -8.26     -8.06     -7.86     -7.56     -7.16     -6.66     -6.16     -5.66
     -5.16     -4.66     -4.36     -4.06     -4.06     -4.26     -4.66     -5.16     -5.86     -6.76
     -7.56     -8.46     -9.16     -9.76    -10.16    -10.36    -10.36    -10.06     -9.56     -8.86
     -7.96     -7.06     -5.96     -4.86     -3.76     -2.76     -1.76     -0.86      0.04      0.74
      1.34      1.94      2.34      2.74      3.04      3.24      3.34      3.34      3.34      3.24
      3.14      2.94      2.74      2.54      2.24      1.94      1.54      1.14      0.74      0.24
     -0.36     -0.96     -1.66     -2.56     -3.56     -4.66     -5.86     -7.26     -8.76    -10.16
    -11.56    -12.86    -13.86
     -7.76     -7.56     -7.26     -6.86     -6.46     -5.96     -5.36     -4.76     -4.16     -3.56
     -2.96     -2.56     -2.36     -2.46     -2.76     -3.26     -4.06     -5.06     -6.16     -7.26
     -8.26     -9.16     -9.86    -10.26    -10.46    -10.36    -10.06     -9.56     -8.86     -8.16
     -7.36     -6.46     -5.56     -4.66     -3.86     -2.96     -2.16     -1.36     -0.66      0.04
      0.64      1.24      1.74      2.24      2.64      2.94      3.14      3.34      3.44      3.44
      3.44      3.34      3.14      3.04      2.84      2.64      2.34      2.14      1.84      1.44
      1.14      0.74      0.24     -0.36     -1.06     -1.96     -3.16     -4.56     -6.06     -7.76
     -9.36    -10.86    -12.16
     -6.26     -5.76     -5.16     -4.46     -3.66     -2.96     -2.16     -1.46     -0.86     -0.36
     -0.06      0.04     -0.06     -0.56     -1.36     -2.36     -3.66     -5.06     -6.46     -7.76
     -8.86     -9.76    -10.26    -10.36    -10.16     -9.76     -9.06     -8.36     -7.66     -6.86
     -6.16     -5.56     -4.86     -4.26     -3.56     -2.86     -2.16     -1.46     -0.76     -0.16
      0.44      0.94      1.34      1.74      2.04      2.24      2.44      2.64      2.64      2.74
      2.84      2.84      2.94      2.94      2.94      2.94      2.84      2.64      2.34      2.04
      1.74      1.34      0.94      0.54     -0.06     -0.86     -1.86     -3.26     -4.96     -6.76
     -8.66    -10.36    -11.66
     -4.16     -3.26     -2.26     -1.26     -0.16      0.74      1.44      2.04      2.44      2.64
      2.64      2.44      1.94      1.04     -0.06     -1.36     -2.96     -4.56     -6.06     -7.46
     -8.56     -9.36     -9.76     -9.76     -9.36     -8.76     -7.96     -7.16     -6.36     -5.66
     -5.16     -4.66     -4.16     -3.66     -3.06     -2.26     -1.46     -0.66      0.04      0.64
      1.04      1.34      1.34      1.34      1.34      1.34      1.34      1.34      1.44      1.54
      1.74      2.04      2.34      2.74      3.04      3.24      3.34      3.34      3.14      2.84
      2.44      2.04      1.64      1.14      0.64     -0.16     -1.26     -2.66     -4.56     -6.66
     -8.76    -10.66    -12.16
     -1.66     -0.46      0.74      2.04      3.04      3.94      4.44      4.74      4.84      4.74
      4.44      3.94      3.14      2.14      0.94     -0.36     -1.86     -3.36     -4.86     -6.26
     -7.46     -8.36     -8.86     -9.06     -8.76     -8.06     -7.26     -6.36     -5.56     -4.86
     -4.36     -3.96     -3.56     -3.06     -2.36     -1.56     -0.66      0.24      0.94      1.44
      1.64      1.54      1.24      0.84      0.44      0.24      0.14      0.14      0.34      0.74
      1.04      1.44      1.84      2.24      2.64      2.84      3.04      3.04      3.04      2.94
      2.74      2.54      2.24      1.84      1.34      0.54     -0.56     -2.06     -3.96     -6.26
     -8.56    -10.66    -12.26
      0.84      2.04      3.24      4.34      5.14      5.74      6.04      6.14      6.04      5.84
      5.34      4.64      3.74      2.64      1.34      0.04     -1.26     -2.66     -4.16     -5.66
     -7.06     -8.16     -8.96     -9.26     -9.06     -8.36     -7.26     -6.16     -5.06     -4.16
     -3.46     -2.96     -2.56     -2.16     -1.56     -0.86     -0.06      0.74      1.44      1.84
      1.94      1.64      1.14      0.44     -0.06     -0.36     -0.46     -0.26      0.14      0.64
      1.14      1.54      1.74      1.74      1.64      1.44      1.24      1.24      1.24      1.44
      1.64      1.94      1.94      1.84      1.44      0.74     -0.26     -1.66     -3.46     -5.46
     -7.66     -9.66    -11.16
      2.94      3.74      4.54      5.04      5.44      5.64      5.74      5.84      5.84      5.74
      5.34      4.54      3.44      2.24      0.94     -0.26     -1.46     -2.76     -4.26     -5.96
     -7.66     -9.16    -10.16    -10.36     -9.86     -8.76     -7.26     -5.66     -4.16     -2.86
     -1.96     -1.26     -0.76     -0.36      0.04      0.44      0.94      1.54      2.14      2.54
      2.64      2.44      1.84      1.14      0.44     -0.06     -0.16     -0.06      0.34      0.84
      1.44      1.74      1.74      1.34      0.74     -0.06     -0.86     -1.26     -1.16     -0.76
     -0.06      0.54      0.94      1.04      0.84      0.24     -0.66     -1.76     -3.16     -4.66
     -6.36     -7.86     -9.16
      4.44      4.84      4.94      4.74      4.34      4.04      3.94      4.14      4.44      4.64
      4.34      3.64      2.64      1.54      0.54     -0.36     -1.26     -2.36     -3.86     -5.76
     -7.66     -9.26    -10.16    -10.16     -9.26     -7.86     -6.06     -4.26     -2.66     -1.36
     -0.36      0.44      1.04      1.54      1.94      2.34      2.64      3.14      3.74      4.14
      4.44      4.24      3.64      2.84      1.84      1.04      0.44      0.24      0.34      0.64
      1.04      1.44      1.54      1.24      0.44     -0.56     -1.56     -2.16     -2.16     -1.76
     -0.96     -0.26      0.24      0.44      0.24     -0.26     -0.86     -1.66     -2.66     -3.76
     -4.96     -5.96     -6.86
      5.44      5.54      5.04      4.14      2.94      1.94      1.64      1.94      2.54      3.14
      3.14      2.74      2.04      1.44      1.04      0.94      0.64     -0.06     -1.36     -3.06
     -4.86     -6.16     -6.76     -6.56     -5.66     -4.36     -2.96     -1.66     -0.76     -0.06
      0.54      1.14      1.84      2.54      3.24      3.84      4.44      5.04      5.64      6.14
      6.34      6.04      5.24      4.24      3.04      1.94      1.14      0.64      0.34      0.44
      0.74      1.14      1.44      1.44      1.04      0.34     -0.46     -1.06     -1.26     -0.96
     -0.56     -0.06      0.14      0.24      0.24      0.04     -0.26     -0.86     -1.66     -2.66
     -3.66     -4.56     -5.16
      5.84      5.94      5.34      3.94      2.14      0.74      0.24      0.64      1.54      2.34
      2.74      2.54      2.24      2.24      2.54      2.94      3.24      2.94      2.04      0.94
     -0.06     -0.66     -0.86     -0.66     -0.16      0.44      0.94      1.34      1.44      1.44
      1.44      1.64      2.14      2.84      3.84      4.84      5.84      6.64      7.34      7.64
      7.54      6.74      5.64      4.34      3.14      2.34      1.94      1.74      1.64      1.54
      1.64      1.94      2.14      2.24      2.04      1.64      1.04      0.54      0.24      0.14
      0.04      0.04     -0.06      0.04      0.14      0.34      0.24     -0.16     -1.16     -2.26
     -3.36     -4.16     -4.66
      5.74      6.14      5.54      4.24      2.44      1.04      0.64      1.04      2.04      2.84
      3.24      3.24      3.14      3.24      3.64      4.14      4.34      4.24      3.84      3.74
      3.84      4.24      4.54      4.54      4.34      4.14      4.04      4.14      4.14      4.14
      3.84      3.64      3.54      3.94      4.64      5.74      7.04      8.14      8.94      9.14
      8.54      7.14      5.54      3.94      2.94      2.64      2.94      3.34      3.74      3.84
      3.84      3.84      3.74      3.54      3.14      2.54      2.04      1.54      1.14      0.74
      0.14     -0.46     -0.86     -0.96     -0.66     -0.26     -0.26     -0.86     -1.96     -3.26
     -4.36     -4.96     -5.16
      5.74      6.14      5.84      4.84      3.64      2.54      2.14      2.44      3.14      3.64
      3.94      3.84      3.64      3.64      3.84      3.94      3.84      3.74      3.74      4.34
      5.54      6.64      7.24      6.94      6.24      5.64      5.64      6.24      7.14      7.74
      7.84      7.34      6.64      6.14      6.24      7.04      8.24      9.64     10.64     10.84
     10.14      8.54      6.64      4.84      3.74      3.44      3.74      4.34      4.94      5.44
      5.64      5.64      5.44      4.94      4.34      3.64      3.04      2.54      2.14      1.44
      0.44     -0.66     -1.46     -1.86     -1.86     -1.76     -1.96     -2.66     -3.76     -4.76
     -5.46     -5.66     -5.56
      6.44      6.64      6.44      5.94      5.24      4.54      4.14      3.84      3.84      3.84
      3.84      3.74      3.74      3.84      4.14      4.34      4.34      4.34      4.64      5.44
      6.74      7.84      8.14      7.54      6.64      6.24      6.74      8.14      9.64     10.64
     10.74     10.14      9.04      8.04      7.64      7.94      9.04     10.34     11.54     11.94
     11.54     10.44      8.74      7.14      5.84      5.04      4.64      4.54      4.74      5.24
      6.04      6.74      6.94      6.74      6.14      5.44      5.04      4.74      4.24      3.44
      2.04      0.54     -0.76     -1.66     -2.16     -2.46     -2.96     -3.56     -4.26     -4.66
     -4.76     -4.76     -4.66
      8.24      8.14      7.84      7.44      6.94      6.44      5.74      4.94      4.24      3.74
      3.64      3.84      4.24      4.94      5.84      6.84      7.64      8.24      8.64      9.24
      9.84     10.04      9.64      8.74      8.04      8.14      9.04     10.24     11.14     11.24
     10.84     10.04      9.34      8.74      8.54      8.84      9.64     10.54     11.34     11.74
     11.74     11.14     10.44      9.44      8.44      7.34      6.24      5.14      4.74      5.14
      6.34      7.74      8.74      8.94      8.64      8.24      8.04      7.94      7.54      6.44
      4.84      3.04      1.44      0.24     -0.56     -1.16     -1.76     -2.16     -2.26     -2.06
     -1.86     -1.76     -2.06
     10.44      9.94      9.24      8.54      8.14      7.64      6.94      5.94      5.04      4.64
      4.74      5.34      6.14      7.24      8.64     10.34     11.94     13.14     13.84     14.24
     14.34     13.84     12.74     11.64     11.24     11.84     12.84     13.24     12.54     10.94
      9.44      8.84      8.94      9.44     10.24     10.94     11.44     11.74     11.74     11.54
     11.24     11.04     10.94     10.94     10.64      9.94      8.64      7.34      6.44      6.74
      8.04      9.64     10.74     10.94     10.74     10.54     10.74     10.84     10.44      9.34
      7.74      6.04      4.64      3.64      2.94      2.34      1.84      1.54      1.64      1.84
      2.04      1.84      1.34
     12.04     11.14      9.84      8.74      8.24      7.94      7.54      6.94      6.44      6.44
      7.04      8.04      9.04     10.04     11.24     12.74     14.24     15.54     16.64     17.64
     18.24     17.94     16.64     15.14     14.64     15.54     16.64     16.54     14.64     11.84
      9.74      9.24     10.24     11.84     13.44     14.44     14.84     14.54     13.84     13.04
     12.34     11.94     11.84     12.04     12.14     11.94     11.14      9.94      9.14      9.24
     10.24     11.44     11.94     11.74     11.34     11.34     11.94     12.34     12.14     11.04
      9.64      8.44      7.74      7.44      7.14      6.64      6.14      5.64      5.34      5.14
      4.94      4.64      4.44
     12.64     11.24      9.64      8.34      7.64      7.64      7.64      7.54      7.44      7.84
      8.94     10.34     11.54     12.44     12.84     13.24     13.74     14.54     16.04     18.24
     20.24     20.84     19.54     17.44     16.24     16.94     18.24     18.54     16.74     13.94
     12.04     11.84     13.04     14.74     16.24     17.14     17.44     17.14     16.34     15.64
     15.04     14.54     13.94     13.44     13.14     12.84     12.24     11.34     10.64     10.74
     11.34     11.84     11.74     11.14     10.64     10.94     11.74     12.34     12.34     11.54
     10.54      9.94      9.94     10.14     10.34     10.04      9.34      8.54      7.84      7.24
      6.84      6.74      6.94
     12.34     10.94      9.54      8.44      7.94      7.74      7.74      7.64      7.74      8.34
      9.64     11.34     12.94     13.84     13.84     13.34     12.74     12.94     14.44     17.34
     20.44     21.84     20.74     18.04     16.04     16.04     17.44     18.24     17.34     15.44
     14.04     13.94     14.64     15.44     16.14     16.64     16.84     16.74     16.54     16.64
     16.94     16.64     15.74     14.54     13.54     12.74     12.04     11.34     10.74     10.74
     11.14     11.24     10.94     10.34     10.14     10.44     11.24     11.74     11.74     11.24
     10.64     10.34     10.64     11.14     11.44     11.24     10.64      9.84      9.04      8.54
      8.34      8.54      8.94
     12.14     11.34     10.54      9.94      9.44      8.94      8.44      8.14      8.14      8.64
      9.84     11.54     13.34     14.44     14.44     13.74     12.94     12.94     14.14     16.64
     19.44     21.14     20.44     17.94     15.64     15.14     16.04     16.74     16.04     14.74
     13.94     13.74     13.94     13.84     13.74     13.84     13.94     13.84     14.14     14.94
     16.04     16.44     15.64     14.24     13.04     12.24     11.54     10.94     10.64     10.64
     10.84     10.84     10.64     10.54     10.54     10.84     11.04     11.14     11.04     10.74
     10.44     10.34     10.54     10.84     11.04     10.94     10.54     10.14      9.84      9.74
      9.84     10.04     10.34
     12.44     12.34     12.24     12.04     11.54     10.54      9.64      9.24      9.34      9.74
     10.64     11.84     13.24     14.14     14.24     13.94     13.74     14.04     14.84     16.14
     17.74     19.04     19.14     17.84     16.34     15.64     15.64     15.34     14.34     13.04
     12.44     12.54     12.54     12.34     12.24     12.24     12.14     11.84     11.84     12.64
     13.84     14.54     14.04     13.04     12.34     11.94     11.54     11.24     10.94     10.84
     10.84     10.84     10.84     11.14     11.34     11.34     11.04     10.64     10.54     10.54
     10.64     10.64     10.64     10.74     10.84     10.84     10.74     10.64     10.64     10.94
     11.04     10.94     10.74
     12.84     13.04     13.24     13.24     12.74     11.74     10.84     10.54     10.84     11.34
     11.84     12.34     12.94     13.24     13.14     13.14     13.74     14.64     15.34     15.54
     15.94     16.74     17.54     17.64     17.14     16.34     15.64     14.64     13.24     12.04
     11.74     12.04     12.44     12.64     12.74     12.84     12.64     12.04     11.54     11.94
     12.74     13.04     12.74     12.34     12.24     12.24     12.04     11.64     11.24     10.94
     10.74     10.54     10.64     11.14     11.44     11.34     10.74     10.24     10.24     10.64
     11.14     11.34     11.44     11.54     11.64     11.74     11.64     11.54     11.64     11.74
     11.64     11.24     10.74
     12.54     12.74     12.94     13.04     12.84     12.24     11.54     11.44     11.84     12.24
     12.44     12.54     12.54     12.44     12.24     12.34     13.24     14.54     15.24     15.04
     14.64     14.94     15.84     16.44     16.14     15.24     14.44     13.44     12.44     11.84
     11.84     12.54     13.14     13.44     13.64     13.64     13.34     12.74     12.34     12.54
     12.84     12.84     12.54     12.44     12.74     12.84     12.44     11.74     11.14     10.64
     10.24      9.94     10.04     10.54     10.84     10.74     10.34     10.14     10.44     10.94
     11.54     11.94     12.24     12.34     12.44     12.44     12.44     12.44     12.34     12.24
     12.04     11.54     11.04
     11.84     11.94     12.04     12.34     12.54     12.34     11.94     11.74     11.94     12.24
     12.24     12.24     12.24     12.34     12.34     12.54     13.24     14.24     14.74     14.54
     13.94     13.84     14.14     14.14     13.44     12.44     11.94     11.74     11.54     11.54
     11.84     12.54     13.04     13.14     13.04     12.74     12.34     12.14     12.24     12.54
     12.74     12.54     12.24     12.34     12.74     12.84     12.24     11.44     10.94     10.54
     10.24      9.94      9.94     10.14     10.24     10.34     10.34     10.54     10.84     11.24
     11.64     12.04     12.24     12.14     11.94     12.04     12.24     12.44     12.54     12.44
     12.14     11.84     11.74
     11.44     11.44     11.64     12.04     12.44     12.54     12.14     11.74     11.74     11.94
     11.94     11.74     11.74     12.14     12.74     13.14     13.34     13.54     13.64     13.44
     13.14     12.84     12.64     12.14     11.14     10.24     10.04     10.34     10.74     10.84
     11.14     11.64     12.04     11.94     11.44     10.94     10.64     10.84     11.24     11.64
     11.74     11.44     11.34     11.54     11.94     12.04     11.74     11.34     11.14     10.94
     10.64     10.44     10.34     10.24     10.04     10.14     10.54     11.04     11.34     11.34
     11.54     11.74     11.64     11.14     10.64     10.74     11.34     11.94     12.24     12.24
     12.04     11.94     12.04
     11.54     11.54     11.64     12.04     12.44     12.54     12.14     11.64     11.64     11.84
     11.74     11.24     11.04     11.34     12.24     12.84     12.64     12.04     11.64     11.54
     11.64     11.64     11.54     11.14     10.64     10.14      9.94     10.14     10.24     10.24
     10.34     10.64     10.84     10.84     10.44     10.04     10.04     10.34     10.74     10.84
     10.74     10.54     10.54     10.74     10.94     11.04     11.14     11.24     11.34     11.14
     10.84     10.64     10.64     10.34     10.04     10.04     10.54     11.04     11.24     11.24
     11.44     11.64     11.24     10.34      9.74      9.84     10.64     11.44     11.84     11.84
     11.74     11.74     11.74
     11.64     11.44     11.44     11.84     12.24     12.34     12.04     11.64     11.54     11.64
     11.54     10.94     10.24     10.24     10.94     11.54     11.34     10.44      9.84      9.84
     10.14     10.54     10.74     11.04     11.14     10.94     10.64     10.34     10.24     10.04
      9.94     10.04     10.14     10.04      9.94     10.04     10.44     10.74     10.74     10.44
     10.24     10.34     10.54     10.64     10.54     10.44     10.74     11.04     11.14     10.74
     10.34     10.34     10.44     10.34      9.94      9.94     10.24     10.54     10.64     10.74
     11.04     11.34     10.94     10.04      9.64      9.94     10.54     11.04     11.14     11.14
     11.24     11.24     11.24
     11.04     10.64     10.64     11.14     11.74     12.04     12.04     11.74     11.34     11.14
     11.04     10.64     10.04      9.74     10.04     10.54     10.54      9.84      9.34      9.44
      9.94     10.24     10.54     10.94     11.34     11.14     10.64     10.24     10.04     10.04
      9.84      9.64      9.44      9.34      9.44      9.84     10.44     10.74     10.54     10.04
      9.84     10.24     10.64     10.74     10.34     10.14     10.24     10.44     10.34      9.94
      9.74      9.94     10.24     10.34     10.14      9.94     10.04     10.04     10.04     10.24
     10.54     10.64     10.34      9.84      9.84     10.24     10.54     10.44     10.34     10.44
     10.64     10.84     10.84
     10.14      9.74      9.84     10.34     10.94     11.44     11.74     11.64     11.14     10.54
     10.34     10.44     10.34     10.04      9.94     10.24     10.54     10.44     10.24     10.34
     10.64     10.84     10.94     11.14     11.14     10.84     10.24      9.84      9.84      9.84
      9.64      9.24      8.94      8.84      8.94      9.34      9.94     10.24      9.94      9.54
      9.44      9.84     10.14     10.14      9.84      9.74      9.64      9.64      9.34      9.24
      9.34      9.74     10.24     10.34     10.14     10.04     10.04     10.04     10.04     10.14
     10.14      9.94      9.64      9.54      9.84     10.14     10.14      9.84      9.74      9.94
     10.24     10.44     10.44
      9.44      9.24      9.34      9.54      9.94     10.44     11.14     11.34     10.74      9.94
      9.84     10.24     10.54     10.24      9.74      9.94     10.54     10.84     10.94     10.94
     11.24     11.54     11.64     11.64     11.44     10.94     10.34     10.04     10.04      9.74
      9.24      8.84      8.74      8.84      8.84      9.04      9.44      9.74      9.74      9.44
      9.44      9.44      9.44      9.34      9.34      9.44      9.24      8.84      8.54      8.64
      9.14      9.64      9.94      9.94      9.84      9.84     10.04     10.24     10.34     10.24
      9.84      9.44      9.34      9.54      9.84      9.94      9.74      9.64      9.84     10.14
     10.24     10.04      9.94
      9.04      9.14      9.04      9.04      9.24      9.64     10.34     10.84     10.44      9.64
      9.34      9.74     10.04      9.54      8.94      9.04      9.94     10.64     10.64     10.54
     10.74     11.44     12.04     12.24     11.94     11.34     10.94     10.74     10.44      9.84
      9.04      8.74      8.84      9.04      8.94      8.94      9.14      9.44      9.54      9.64
      9.74      9.74      9.44      9.24      9.44      9.64      9.34      8.64      8.24      8.44
      9.04      9.44      9.64      9.74      9.64      9.74      9.94     10.34     10.54     10.24
      9.54      9.24      9.44      9.94     10.14      9.94      9.74     10.04     10.44     10.64
     10.44      9.84      9.44
