diamond 11 20年06月28日8时700百帕流场
20 06 28  8  700 
2.500 -2.500  .0 180.0   90.0 .0  73 37
      2.90      2.10      1.40      0.60     -0.20     -0.90     -1.70     -2.50     -3.20     -4.00
     -4.70     -5.50     -6.20     -6.90     -7.60     -8.30     -9.00     -9.60    -10.30    -10.90
    -11.50    -12.10    -12.60    -13.10    -13.60    -14.10    -14.60    -15.00    -15.40    -15.70
    -16.10    -16.40    -16.60    -16.90    -17.10    -17.30    -17.40    -17.50    -17.60    -17.60
    -17.70    -17.60    -17.60    -17.50    -17.40    -17.20    -17.00    -16.80    -16.50    -16.20
    -15.90    -15.60    -15.20    -14.80    -14.40    -13.90    -13.40    -12.90    -12.40    -11.80
    -11.20    -10.60    -10.00     -9.30     -8.70     -8.00     -7.30     -6.60     -5.90     -5.10
     -4.40     -3.70     -2.90
      1.30      0.80      0.30     -0.30     -0.80     -1.30     -1.70     -2.20     -2.70     -3.10
     -3.50     -3.90     -4.30     -4.70     -5.00     -5.40     -5.70     -6.00     -6.30     -6.60
     -6.90     -7.20     -7.50     -7.80     -8.10     -8.40     -8.70     -9.00     -9.30     -9.60
     -9.90    -10.30    -10.60    -10.90    -11.20    -11.50    -11.80    -12.10    -12.40    -12.70
    -13.00    -13.20    -13.40    -13.60    -13.80    -13.90    -14.00    -14.10    -14.10    -14.00
    -13.90    -13.80    -13.60    -13.30    -13.00    -12.60    -12.20    -11.70    -11.20    -10.60
     -9.90     -9.20     -8.50     -7.70     -6.90     -6.10     -5.20     -4.30     -3.50     -2.60
     -1.70     -0.90      0.00
     -1.50     -1.80     -2.00     -2.20     -2.40     -2.50     -2.60     -2.70     -2.70     -2.70
     -2.70     -2.60     -2.50     -2.40     -2.30     -2.10     -1.90     -1.70     -1.50     -1.30
     -1.10     -0.90     -0.70     -0.50     -0.30     -0.10      0.00      0.20      0.30      0.40
      0.50      0.50      0.50      0.50      0.40      0.40      0.20      0.00     -0.20     -0.40
     -0.70     -1.10     -1.50     -1.90     -2.30     -2.80     -3.30     -3.70     -4.20     -4.60
     -4.90     -5.30     -5.50     -5.60     -5.70     -5.70     -5.50     -5.30     -4.90     -4.50
     -3.90     -3.30     -2.60     -1.80     -1.00     -0.20      0.60      1.50      2.30      3.00
      3.70      4.40      4.90
     -0.40     -0.40     -0.30     -0.30     -0.30     -0.20     -0.20     -0.10     -0.10      0.00
      0.10      0.20      0.40      0.60      0.80      1.00      1.30      1.50      1.80      2.00
      2.20      2.40      2.60      2.80      3.00      3.10      3.30      3.50      3.70      4.00
      4.30      4.60      5.00      5.50      6.00      6.50      7.00      7.50      7.90      8.30
      8.60      8.90      9.00      9.00      8.80      8.60      8.20      7.70      7.20      6.60
      6.00      5.40      4.80      4.30      3.90      3.60      3.30      3.20      3.30      3.40
      3.70      4.00      4.50      4.90      5.40      5.90      6.30      6.70      7.00      7.30
      7.40      7.30      7.20
      4.80      5.20      5.50      5.70      5.70      5.70      5.60      5.40      5.10      4.80
      4.50      4.20      3.90      3.70      3.50      3.40      3.20      3.10      2.90      2.70
      2.40      2.10      1.70      1.20      0.70      0.30     -0.20     -0.50     -0.70     -0.80
     -0.60     -0.30      0.20      1.00      1.90      2.90      4.10      5.30      6.60      7.80
      9.00     10.10     11.10     11.80     12.40     12.80     13.00     13.10     12.90     12.60
     12.20     11.70     11.20     10.70     10.20      9.70      9.30      8.90      8.70      8.50
      8.30      8.20      8.00      7.90      7.70      7.50      7.20      6.90      6.40      5.80
      5.20      4.50      3.70
      8.50      9.20      9.80     10.20     10.40     10.30     10.10      9.60      9.00      8.20
      7.40      6.60      5.90      5.20      4.60      4.00      3.50      2.90      2.30      1.60
      0.80     -0.10     -1.00     -2.10     -3.10     -4.00     -4.80     -5.30     -5.70     -5.70
     -5.50     -5.00     -4.20     -3.30     -2.10     -0.80      0.60      2.00      3.50      4.90
      6.30      7.50      8.70      9.70     10.50     11.20     11.70     12.10     12.30     12.40
     12.40     12.30     12.10     11.80     11.50     11.10     10.60     10.00      9.40      8.60
      7.90      7.00      6.00      5.00      3.90      2.70      1.50      0.20     -1.00     -2.20
     -3.30     -4.30     -5.20
      6.30      7.30      8.20      8.90      9.40      9.70      9.70      9.50      9.00      8.30
      7.40      6.50      5.50      4.60      3.80      3.00      2.20      1.50      0.60     -0.30
     -1.30     -2.40     -3.50     -4.50     -5.40     -5.90     -6.20     -6.00     -5.50     -4.60
     -3.30     -1.90     -0.40      1.10      2.60      3.90      5.10      6.10      6.90      7.50
      8.00      8.40      8.80      9.00      9.20      9.30      9.50      9.70      9.90     10.10
     10.30     10.50     10.70     10.70     10.60     10.20      9.60      8.70      7.60      6.20
      4.60      2.80      0.90     -1.10     -3.10     -5.20     -7.20     -9.10    -10.80    -12.40
    -13.70    -14.60    -15.10
      0.70      1.50      2.40      3.30      4.20      5.00      5.70      6.10      6.20      6.00
      5.50      4.80      4.00      3.10      2.30      1.50      0.70      0.00     -0.80     -1.60
     -2.60     -3.50     -4.40     -5.10     -5.50     -5.40     -4.70     -3.50     -1.80      0.30
      2.60      4.90      7.10      9.00     10.50     11.60     12.20     12.50     12.50     12.20
     11.70     11.20     10.50      9.80      9.10      8.50      8.10      7.80      7.80      8.00
      8.40      8.90      9.40      9.70      9.90      9.70      9.00      7.90      6.40      4.40
      2.20     -0.20     -2.70     -5.20     -7.60     -9.80    -11.90    -13.90    -15.70    -17.30
    -18.60    -19.60    -20.00
     -3.40     -3.00     -2.50     -1.70     -0.70      0.40      1.50      2.50      3.30      3.70
      3.70      3.30      2.70      1.90      1.10      0.40     -0.20     -0.70     -1.20     -1.70
     -2.20     -2.80     -3.30     -3.60     -3.60     -3.10     -2.20     -0.80      1.00      3.00
      5.10      7.00      8.60      9.80     10.60     11.00     11.10     11.00     10.70     10.20
      9.60      8.90      8.10      7.30      6.40      5.60      5.00      4.60      4.50      4.80
      5.40      6.20      7.10      7.90      8.50      8.60      8.20      7.30      5.90      4.00
      1.90     -0.40     -2.70     -4.80     -6.70     -8.40     -9.80    -11.20    -12.40    -13.60
    -14.70    -15.60    -16.10
     -5.70     -5.30     -4.70     -4.00     -3.00     -1.80     -0.50      0.80      1.80      2.60
      3.00      3.00      2.60      1.90      1.10      0.30     -0.40     -0.90     -1.20     -1.40
     -1.50     -1.60     -1.60     -1.40     -1.10     -0.60      0.10      0.90      1.70      2.40
      2.90      3.10      3.20      3.10      2.80      2.60      2.30      2.10      1.90      1.80
      1.70      1.60      1.40      1.00      0.70      0.30      0.00     -0.10      0.10      0.60
      1.30      2.20      3.10      4.00      4.60      5.00      5.00      4.60      3.90      2.80
      1.60      0.30     -0.90     -1.90     -2.80     -3.30     -3.70     -4.00     -4.30     -4.60
     -4.90     -5.20     -5.40
     -9.30     -7.90     -6.40     -5.00     -3.70     -2.50     -1.20      0.00      1.20      2.40
      3.30      3.80      3.90      3.60      2.90      1.90      0.90     -0.10     -1.00     -1.60
     -2.00     -2.00     -1.70     -1.20     -0.50      0.30      0.80      1.00      0.80      0.30
     -0.50     -1.50     -2.30     -2.90     -3.40     -3.70     -3.90     -4.00     -4.20     -4.40
     -4.50     -4.50     -4.40     -4.30     -4.00     -3.80     -3.40     -2.80     -2.20     -1.60
     -1.10     -0.70     -0.50     -0.60     -0.90     -1.10     -1.30     -1.30     -1.20     -0.90
     -0.60     -0.30      0.00      0.40      0.90      1.50      2.20      2.90      3.70      4.50
      5.20      5.90      6.50
    -13.80    -11.10     -8.50     -6.20     -4.50     -3.20     -2.30     -1.30     -0.20      1.20
      2.80      4.30      5.50      6.20      6.20      5.60      4.40      2.80      1.10     -0.50
     -1.80     -2.50     -2.60     -2.20     -1.40     -0.60     -0.10     -0.20     -0.90     -2.00
     -3.10     -3.90     -4.10     -3.80     -3.20     -2.70     -2.60     -3.00     -3.80     -4.90
     -5.80     -6.40     -6.40     -6.00     -5.30     -4.40     -3.40     -2.30     -1.40     -0.80
     -0.50     -0.90     -1.90     -3.40     -5.00     -6.40     -7.30     -7.40     -6.80     -5.50
     -3.80     -2.00     -0.10      1.80      3.50      5.20      6.90      8.50     10.00     11.50
     12.80     13.90     14.60
    -13.50    -10.90     -8.20     -6.00     -4.40     -3.70     -3.30     -3.00     -2.40     -1.00
      0.90      3.20      5.50      7.40      8.80      9.40      9.10      8.10      6.50      4.60
      2.80      1.40      0.60      0.40      0.50      0.60      0.30     -0.60     -2.10     -3.70
     -4.90     -5.20     -4.50     -2.90     -1.20      0.20      0.50     -0.40     -2.10     -4.00
     -5.60     -6.30     -6.10     -5.30     -4.20     -3.00     -2.00     -1.20     -0.60     -0.10
      0.00     -0.40     -1.60     -3.30     -5.20     -7.00     -8.20     -8.50     -7.90     -6.50
     -4.40     -2.10      0.40      2.90      5.50      8.00     10.40     12.70     14.70     16.30
     17.30     17.50     16.90
     -5.30     -4.30     -3.10     -2.00     -1.40     -1.40     -1.80     -2.10     -2.10     -1.30
      0.10      2.00      4.10      6.40      8.60     10.50     12.10     13.00     13.20     12.80
     11.80     10.70      9.60      8.70      7.70      6.40      4.70      2.50      0.10     -2.20
     -3.80     -4.40     -3.80     -2.30     -0.60      0.50      0.60     -0.40     -2.10     -3.80
     -4.70     -4.70     -3.70     -2.40     -1.30     -0.80     -0.90     -1.40     -1.80     -2.00
     -1.90     -1.60     -1.50     -1.60     -2.00     -2.50     -2.80     -2.90     -2.60     -1.90
     -0.80      0.50      2.10      4.00      6.30      8.70     11.20     13.50     15.40     16.70
     17.00     16.00     13.70
      7.10      6.30      5.70      5.30      4.70      4.10      3.60      3.30      3.30      3.60
      3.90      4.10      4.40      5.00      6.40      8.50     11.20     14.00     16.40     18.10
     19.00     19.00     18.40     17.20     15.40     13.10     10.50      8.00      5.80      4.10
      2.70      1.90      1.40      1.20      1.30      1.30      1.10      0.50     -0.20     -0.70
     -0.50      0.40      1.60      2.70      3.00      2.30      0.80     -1.10     -2.80     -3.80
     -4.00     -3.40     -2.10     -0.60      1.10      2.50      3.60      4.30      4.40      4.10
      3.60      3.30      3.30      4.00      5.20      6.70      8.30      9.70     10.70     11.30
     11.10      9.90      7.40
     17.00     15.30     13.50     11.90     10.60      9.80      9.70     10.20     10.80     11.10
     10.60      9.00      6.80      5.00      4.30      5.20      7.50     10.60     13.70     16.40
     18.30     19.40     19.60     18.70     16.80     14.40     12.30     11.10     11.10     11.80
     12.40     12.00     10.40      8.20      6.10      4.80      4.40      4.70      5.20      5.60
      5.90      6.10      6.20      6.10      5.60      4.50      3.00      1.30     -0.40     -1.80
     -2.70     -3.00     -2.60     -1.40      0.40      2.40      4.20      5.30      5.50      4.80
      3.70      2.60      2.20      2.40      3.20      4.10      4.60      4.60      4.30      3.90
      3.50      3.20      2.50
     20.60     18.70     16.20     13.70     11.80     11.00     11.20     12.20     13.40     13.90
     13.20     11.00      7.80      4.60      2.50      2.10      3.20      5.10      7.20      9.20
     10.90     12.40     13.30     13.20     12.00     10.10      8.90      9.40     11.90     15.30
     18.00     18.50     16.30     12.40      8.60      6.40      6.10      7.20      8.30      8.50
      7.60      6.00      4.40      3.30      3.00      3.30      3.80      4.10      3.90      3.00
      1.50     -0.40     -2.10     -3.30     -3.50     -2.80     -1.70     -0.60     -0.20     -0.50
     -1.20     -1.50     -1.00      0.30      2.10      3.50      3.90      3.20      1.90      0.70
      0.40      1.10      2.50
     18.50     16.00     12.80      9.90      7.80      6.70      6.70      7.30      8.10      8.40
      7.90      6.40      4.20      1.80      0.10     -0.60     -0.40      0.20      0.90      1.80
      3.00      4.80      6.60      7.70      7.50      6.30      5.50      6.30      9.10     13.00
     16.00     16.30     13.50      8.90      4.60      2.30      2.40      3.70      4.90      4.60
      2.80      0.30     -1.80     -2.50     -1.70      0.20      2.40      4.40      5.60      5.70
      4.60      2.40     -0.50     -3.40     -5.50     -6.60     -6.50     -5.80     -5.10     -4.90
     -4.90     -4.50     -3.10     -0.60      2.30      4.70      5.80      5.50      4.30      3.10
      2.80      3.80      6.20
     12.90     10.00      6.70      4.00      2.40      1.60      1.20      0.80      0.30     -0.10
     -0.30     -0.50     -0.90     -1.70     -2.40     -2.90     -3.10     -2.90     -2.60     -2.00
     -0.60      1.60      4.30      6.30      7.10      6.60      5.80      5.70      6.90      8.60
      9.50      8.50      5.50      1.70     -1.50     -3.00     -2.60     -1.30     -0.30     -0.50
     -1.60     -2.90     -3.50     -3.00     -1.80     -0.20      1.20      2.30      3.20      3.90
      4.20      3.70      2.10     -0.20     -2.50     -4.00     -4.10     -3.40     -2.40     -1.90
     -1.80     -1.60     -0.60      1.30      3.60      5.50      6.60      6.80      6.50      6.10
      6.10      6.90      8.80
      7.40      5.20      3.00      1.40      0.90      0.80      0.30     -0.90     -2.50     -3.60
     -3.80     -3.10     -2.50     -2.50     -3.00     -3.70     -4.00     -3.60     -2.80     -1.60
      0.00      2.10      4.30      6.30      7.40      7.70      7.40      7.00      6.30      5.30
      3.70      1.60     -0.30     -1.80     -2.60     -2.60     -2.10     -1.40     -0.80     -0.20
      0.50      1.40      2.30      2.90      2.90      2.00      0.60     -0.50     -0.80      0.20
      2.00      3.60      4.20      3.60      2.50      2.10      2.70      4.30      5.90      6.80
      6.80      6.40      6.20      6.20      6.10      5.70      5.30      5.10      5.40      6.00
      6.50      7.10      8.10
      5.00      4.90      4.50      4.40      4.70      4.70      3.90      2.20      0.10     -1.30
     -1.50     -1.00     -0.60     -0.80     -1.50     -2.10     -2.00     -1.10      0.00      1.00
      1.60      2.30      2.90      3.60      4.40      5.40      6.30      6.60      5.60      3.10
      0.10     -2.00     -2.20     -0.80      1.20      2.40      2.50      2.10      2.10      3.10
      4.90      6.70      7.50      6.80      4.40      1.40     -1.50     -3.10     -2.90     -1.30
      1.20      3.40      4.60      4.90      5.10      6.10      8.20     10.80     13.00     14.20
     14.50     14.20     13.50     12.10      9.80      7.00      4.50      3.20      3.60      4.70
      5.90      6.50      7.00
      6.00      7.90      9.20      9.90     10.00      9.20      7.40      5.10      3.00      1.60
      1.10      0.80      0.50      0.20      0.30      1.20      2.80      4.10      4.30      3.30
      1.70      0.30     -0.50     -0.50      0.00      1.20      2.90      4.10      3.60      1.10
     -2.10     -3.90     -2.90      0.20      3.40      4.90      4.40      3.00      2.20      2.80
      4.20      5.20      4.60      2.40     -0.80     -3.60     -4.80     -4.00     -1.70      0.90
      3.10      4.30      4.60      4.90      6.00      8.50     11.70     14.60     16.40     17.10
     17.20     17.30     17.00     15.60     12.70      9.00      5.80      4.20      4.40      5.60
      6.90      7.80      8.50
      6.80      9.30     11.30     12.30     11.80      9.90      7.10      4.50      2.80      1.90
      1.30      0.40     -0.30     -0.10      1.90      5.10      8.30      9.60      7.90      4.00
     -0.10     -2.60     -3.00     -2.20     -1.20     -0.20      0.90      2.00      2.00      0.20
     -2.40     -4.00     -3.30     -0.80      1.70      2.80      2.30      0.90     -0.30     -0.80
     -0.80     -1.20     -2.30     -4.10     -5.70     -6.00     -4.40     -1.10      2.60      5.60
      7.20      7.60      7.50      8.10     10.00     13.10     16.20     17.90     17.80     16.80
     16.00     15.80     15.70     14.60     12.40      9.70      7.70      6.90      7.20      8.00
      9.00     10.00     11.10
      4.70      6.30      7.80      8.40      7.70      5.60      3.00      1.10      0.60      1.00
      1.10      0.60      0.30      1.40      4.50      8.70     12.00     12.50      9.30      3.90
     -1.00     -3.10     -2.20      0.00      1.30      1.40      1.10      1.30      1.60      1.20
      0.00     -1.10     -1.30     -0.70      0.20      0.90      1.20      1.00      0.20     -1.30
     -2.80     -3.70     -3.80     -3.10     -1.80      0.10      2.70      5.50      8.10     10.10
     11.60     12.60     13.60     14.90     16.80     18.80     19.90     19.30     17.20     14.60
     12.90     12.20     11.80     10.80      9.40      8.30      8.20      8.80      9.20      9.20
      9.20      9.70     10.80
      1.40      1.10      0.70      0.10     -0.60     -1.60     -2.60     -2.70     -1.40      0.50
      1.90      2.60      3.50      5.20      7.80     10.30     11.70     11.30      8.80      5.10
      1.70      0.40      1.40      2.90      3.20      2.00      0.60      0.30      1.30      2.60
      3.30      3.40      2.90      2.20      1.90      2.60      4.20      5.50      5.20      3.20
      1.00      0.40      2.00      5.20      8.40     10.60     11.60     11.70     11.60     12.00
     13.50     15.70     17.90     19.20     19.40     18.60     16.90     14.40     11.50      9.20
      8.20      8.00      7.70      6.90      6.10      6.30      7.50      8.70      8.90      8.10
      7.10      6.60      6.90
      0.10     -2.30     -5.50     -8.00     -8.80     -8.30     -7.00     -5.30     -2.90     -0.60
      1.30      3.00      5.20      7.50      8.80      8.30      6.80      6.00      6.20      6.60
      6.10      5.00      3.80      2.60      0.90     -1.00     -2.00     -1.60      0.20      2.40
      4.30      5.60      6.00      5.40      4.90      5.50      7.50      9.30      9.30      7.50
      5.80      6.10      8.70     12.20     14.80     15.50     14.60     12.50     10.60      9.90
     11.10     13.60     15.60     15.70     13.60     10.30      6.90      4.10      2.20      1.60
      2.10      3.10      3.60      3.50      3.40      4.20      5.50      6.40      6.10      5.00
      3.70      2.70      2.00
      0.40     -3.50     -8.80    -12.70    -13.30    -11.30     -8.20     -5.40     -3.30     -2.10
     -1.60     -0.40      2.30      5.30      6.00      3.30     -0.40     -1.60      0.90      4.80
      6.60      5.10      1.70     -1.80     -4.20     -4.90     -4.10     -2.30     -0.30      1.10
      2.50      4.00      5.50      6.10      6.20      6.50      7.50      8.20      7.80      6.90
      6.80      8.50     10.90     12.70     12.80     11.60      9.70      7.60      5.70      4.70
      5.20      6.50      7.50      6.70      4.00      0.70     -2.10     -3.80     -4.50     -4.30
     -3.30     -2.10     -1.10     -0.60     -0.20      0.50      1.10      1.20      0.60      0.00
     -0.50     -1.20     -2.10
     -1.40     -5.00     -9.90    -13.10    -12.70     -9.50     -5.60     -2.60     -1.30     -1.90
     -3.60     -4.30     -2.50      0.60      1.50     -1.50     -6.10     -8.10     -5.70     -1.40
      0.70     -0.80     -4.20     -6.90     -7.40     -5.80     -2.90     -0.20      1.00      0.60
      0.10      0.90      2.80      4.80      5.80      5.80      5.10      4.10      3.10      3.10
      4.80      7.50      9.20      8.90      6.80      4.30      2.50      1.30      0.40     -0.50
     -0.90     -0.80     -0.60     -1.10     -2.40     -3.80     -4.70     -5.10     -5.50     -6.00
     -6.40     -6.30     -5.90     -5.30     -4.90     -4.70     -4.80     -5.40     -5.80     -5.70
     -5.30     -5.20     -5.70
     -6.00     -7.30     -9.40    -10.30     -8.70     -5.40     -2.00      0.40      1.40      0.50
     -2.20     -4.80     -5.10     -3.20     -2.00     -4.00     -8.00    -10.50     -9.80     -7.70
     -6.80     -7.60     -8.60     -8.00     -5.80     -2.60      0.60      2.80      3.00      1.40
     -0.60     -1.00      0.60      2.90      4.50      4.60      3.40      1.50      0.20      0.70
      2.90      5.20      5.80      4.30      1.80     -0.40     -1.70     -2.40     -2.70     -3.20
     -3.70     -4.20     -4.40     -4.40     -4.50     -4.40     -4.10     -4.00     -4.60     -6.20
     -7.80     -8.70     -8.70     -8.50     -8.40     -8.50     -8.90     -9.20     -9.40     -9.20
     -8.90     -8.70     -8.70
     -9.90     -8.60     -7.80     -6.80     -5.00     -3.00     -1.30      0.20      1.50      1.80
      0.00     -3.20     -5.40     -5.50     -4.70     -5.30     -7.30     -9.00     -9.40     -9.30
     -9.50     -9.30     -7.50     -4.20     -0.70      1.70      3.20      4.10      4.00      2.60
      0.50     -0.90     -0.50      1.00      2.50      3.00      2.30      1.00      0.30      0.90
      2.10      2.60      1.70      0.10     -1.10     -1.70     -2.40     -3.00     -3.20     -2.90
     -2.90     -3.40     -4.30     -5.00     -5.50     -5.80     -5.80     -5.70     -6.20     -7.30
     -8.50     -9.00     -8.90     -8.70     -8.80     -9.10     -9.00     -8.60     -8.50     -8.80
     -9.40     -9.90     -9.80
    -10.40     -7.90     -6.30     -5.20     -4.40     -4.10     -4.20     -3.60     -1.90     -0.30
     -0.60     -3.20     -6.20     -7.50     -7.10     -6.40     -6.20     -6.30     -6.40     -6.80
     -7.00     -5.80     -2.60      1.40      4.00      4.30      3.70      3.80      4.40      4.20
      2.80      0.90     -0.20     -0.10      0.50      1.00      0.80      0.40      0.70      1.70
      2.10      0.90     -1.40     -2.70     -2.30     -1.30     -1.40     -2.20     -2.20     -1.30
     -0.90     -1.90     -3.70     -5.40     -6.60     -7.70     -8.40     -8.50     -8.20     -8.10
     -8.20     -7.90     -7.30     -7.20     -7.60     -7.90     -7.50     -6.70     -6.30     -7.00
     -8.20     -9.00     -8.60
     -8.70     -7.00     -6.40     -6.30     -6.40     -6.70     -7.30     -7.10     -5.60     -3.80
     -3.50     -5.30     -7.50     -8.40     -7.70     -6.40     -5.40     -4.80     -4.30     -4.00
     -3.20     -1.00      2.40      5.50      6.50      5.20      3.80      4.20      5.90      7.00
      6.20      4.00      2.00      1.10      0.90      0.60      0.00     -0.40      0.30      1.90
      2.80      1.50     -0.80     -1.80     -0.60      0.70      0.30     -0.90     -1.10     -0.40
     -0.80     -2.80     -5.10     -6.30     -6.60     -7.10     -7.70     -7.80     -7.30     -6.90
     -6.70     -6.30     -5.90     -6.10     -6.90     -7.50     -7.50     -7.10     -6.90     -7.30
     -7.90     -8.00     -7.10
     -7.10     -6.70     -7.40     -7.80     -7.70     -7.60     -7.80     -7.60     -6.50     -5.50
     -5.80     -6.90     -7.60     -6.90     -5.40     -4.20     -3.70     -3.70     -3.30     -2.10
      0.00      3.10      6.20      8.10      7.70      5.90      4.70      5.70      8.10      9.70
      9.10      7.00      4.90      3.80      3.30      2.40      1.00     -0.10      0.40      2.30
      4.10      4.20      3.20      3.00      3.90      4.10      2.40      0.10     -1.00     -1.40
     -3.30     -6.40     -8.40     -7.70     -5.90     -4.80     -4.90     -5.20     -5.10     -5.20
     -5.40     -5.50     -5.60     -6.00     -6.80     -7.50     -8.20     -8.90     -9.30     -9.20
     -8.70     -8.00     -6.90
     -5.90     -5.80     -6.50     -6.60     -6.20     -6.20     -6.70     -6.60     -5.90     -5.50
     -6.30     -7.20     -6.70     -4.60     -2.40     -1.30     -1.30     -1.50     -0.90      1.00
      3.90      7.10      9.50     10.20      8.90      6.80      5.70      6.60      8.70     10.00
      9.40      7.60      5.90      4.90      4.30      3.50      2.30      1.40      1.80      3.40
      5.30      6.40      6.90      7.50      8.10      7.10      3.90      0.40     -1.70     -3.30
     -6.10     -9.60    -11.30     -9.80     -7.00     -5.50     -5.40     -5.60     -5.60     -5.50
     -5.60     -5.80     -6.00     -6.40     -6.60     -6.70     -7.40     -8.90    -10.10     -9.90
     -8.60     -7.70     -7.40
     -4.70     -3.80     -3.80     -3.60     -3.60     -4.80     -6.40     -6.80     -5.90     -5.40
     -6.20     -7.10     -6.30     -3.90     -1.60     -0.30      0.30      1.20      3.00      5.40
      8.10     10.30     11.40     11.00      9.30      7.20      5.90      6.10      7.20      7.90
      7.50      6.30      5.00      3.70      2.50      1.60      1.50      2.10      3.20      4.40
      5.40      6.10      6.90      8.10      8.70      7.30      3.60     -0.30     -2.70     -4.30
     -6.70     -9.70    -11.50    -11.00     -9.80     -9.40     -9.40     -8.90     -7.90     -7.00
     -6.30     -6.10     -6.50     -7.20     -7.10     -6.20     -5.90     -7.30     -8.90     -8.80
     -7.40     -6.80     -7.40
     -5.00     -3.50     -2.80     -2.40     -2.90     -4.90     -7.20     -7.60     -6.10     -5.00
     -5.60     -6.60     -6.30     -4.50     -2.70     -1.50     -0.10      2.10      5.00      7.70
      9.40     10.20     10.00      9.10      7.90      6.70      6.00      6.00      6.50      7.00
      7.10      6.70      5.90      4.10      1.70     -0.10      0.00      1.60      3.40      4.30
      4.20      4.00      4.30      5.10      5.60      4.40      1.40     -2.00     -4.10     -4.80
     -5.70     -7.40     -9.00    -10.10    -11.00    -11.50    -11.20     -9.80     -8.20     -6.90
     -6.10     -5.90     -6.90     -8.50     -8.90     -7.70     -6.60     -7.30     -8.60     -8.50
     -7.20     -6.60     -7.20
     -7.50     -6.20     -5.40     -4.60     -4.30     -5.40     -6.80     -6.60     -4.70     -3.20
     -3.70     -5.00     -5.10     -4.00     -2.90     -2.50     -1.90     -0.30      2.20      4.50
      5.90      6.30      6.00      5.40      5.20      5.40      6.10      7.10      8.20      9.00
      9.60     10.10     10.00      8.60      5.60      2.60      1.50      2.10      3.00      3.20
      2.70      2.30      1.90      1.70      1.30      0.30     -1.90     -4.50     -6.10     -6.30
     -5.90     -6.00     -6.70     -7.80     -8.80     -9.00     -8.00     -6.40     -5.50     -5.40
     -5.50     -5.70     -6.90     -9.00    -10.20     -9.70     -8.80     -9.10    -10.00     -9.70
     -8.50     -7.70     -7.70
    -17.40    -17.50    -17.60    -17.60    -17.70    -17.60    -17.60    -17.50    -17.40    -17.20
    -17.00    -16.80    -16.50    -16.20    -15.90    -15.60    -15.20    -14.80    -14.40    -13.90
    -13.40    -12.90    -12.40    -11.80    -11.20    -10.60    -10.00     -9.30     -8.70     -8.00
     -7.30     -6.60     -5.90     -5.10     -4.40     -3.70     -2.90     -2.10     -1.40     -0.60
      0.20      0.90      1.70      2.50      3.20      4.00      4.70      5.50      6.20      6.90
      7.60      8.30      9.00      9.60     10.30     10.90     11.50     12.10     12.60     13.10
     13.60     14.10     14.60     15.00     15.40     15.70     16.10     16.40     16.60     16.90
     17.10     17.30     17.40
    -14.90    -14.90    -14.90    -14.80    -14.70    -14.60    -14.50    -14.30    -14.10    -13.90
    -13.70    -13.50    -13.30    -13.00    -12.80    -12.50    -12.20    -12.00    -11.70    -11.40
    -11.10    -10.80    -10.50    -10.20     -9.90     -9.60     -9.30     -8.90     -8.60     -8.20
     -7.80     -7.40     -6.90     -6.50     -6.00     -5.50     -5.00     -4.40     -3.80     -3.10
     -2.50     -1.80     -1.00     -0.30      0.50      1.40      2.20      3.10      4.00      4.90
      5.90      6.80      7.80      8.70      9.60     10.60     11.40     12.30     13.10     13.90
     14.70     15.30     16.00     16.50     17.00     17.50     17.80     18.10     18.40     18.50
     18.60     18.60     18.60
    -11.90    -11.60    -11.30    -11.00    -10.70    -10.30     -9.90     -9.50     -9.10     -8.70
     -8.30     -7.90     -7.60     -7.20     -6.90     -6.50     -6.30     -6.00     -5.80     -5.60
     -5.40     -5.30     -5.20     -5.20     -5.10     -5.10     -5.10     -5.10     -5.10     -5.10
     -5.20     -5.20     -5.20     -5.30     -5.30     -5.30     -5.20     -5.20     -5.10     -4.90
     -4.70     -4.50     -4.10     -3.70     -3.20     -2.50     -1.80     -1.00     -0.10      1.00
      2.10      3.30      4.50      5.80      7.20      8.60      9.90     11.30     12.50     13.70
     14.90     15.90     16.70     17.50     18.10     18.50     18.70     18.80     18.80     18.60
     18.30     17.80     17.30
     -8.80     -8.50     -8.20     -7.90     -7.60     -7.20     -6.70     -6.30     -5.70     -5.20
     -4.70     -4.10     -3.60     -3.00     -2.60     -2.20     -1.80     -1.50     -1.30     -1.20
     -1.10     -1.10     -1.10     -1.20     -1.30     -1.30     -1.40     -1.40     -1.50     -1.50
     -1.60     -1.60     -1.70     -1.80     -1.90     -2.10     -2.30     -2.60     -2.90     -3.30
     -3.70     -4.00     -4.30     -4.60     -4.70     -4.70     -4.50     -4.20     -3.60     -2.80
     -1.80     -0.70      0.70      2.30      3.90      5.70      7.50      9.30     11.00     12.60
     14.00     15.30     16.30     17.10     17.60     17.80     17.70     17.40     16.80     16.10
     15.10     14.00     12.80
     -5.90     -6.10     -6.30     -6.40     -6.50     -6.50     -6.40     -6.20     -5.70     -5.20
     -4.60     -3.80     -3.10     -2.40     -1.70     -1.10     -0.70     -0.50     -0.40     -0.40
     -0.60     -0.80     -1.10     -1.40     -1.50     -1.60     -1.50     -1.30     -0.90     -0.40
      0.10      0.70      1.30      1.90      2.30      2.60      2.70      2.60      2.20      1.70
      1.00      0.10     -0.90     -1.90     -2.80     -3.60     -4.30     -4.70     -4.90     -4.70
     -4.10     -3.20     -2.00     -0.60      1.20      3.10      5.00      7.00      8.90     10.60
     12.20     13.40     14.30     14.80     15.00     14.80     14.30     13.50     12.40     11.10
      9.70      8.10      6.60
     -2.90     -3.70     -4.60     -5.60     -6.50     -7.30     -7.80     -8.10     -8.00     -7.60
     -6.90     -6.00     -5.00     -4.00     -3.10     -2.40     -1.90     -1.80     -1.90     -2.30
     -2.90     -3.50     -4.10     -4.60     -4.80     -4.70     -4.20     -3.40     -2.30     -0.90
      0.60      2.20      3.80      5.20      6.50      7.40      8.00      8.30      8.10      7.60
      6.60      5.40      4.00      2.40      0.70     -0.90     -2.30     -3.40     -4.30     -4.70
     -4.70     -4.20     -3.40     -2.20     -0.70      0.90      2.70      4.50      6.20      7.60
      8.90      9.70     10.30     10.40     10.20      9.60      8.80      7.80      6.60      5.30
      4.00      2.80      1.70
      0.50     -0.70     -2.20     -3.80     -5.50     -7.00     -8.30     -9.20     -9.70     -9.70
     -9.30     -8.40     -7.40     -6.20     -5.20     -4.40     -4.00     -4.00     -4.50     -5.20
     -6.20     -7.10     -7.80     -8.10     -7.90     -7.10     -5.70     -3.90     -1.70      0.70
      3.20      5.60      7.70      9.60     11.00     12.00     12.50     12.60     12.30     11.50
     10.30      8.80      7.00      5.10      3.00      1.10     -0.70     -2.20     -3.40     -4.10
     -4.40     -4.30     -3.80     -3.00     -2.00     -0.90      0.30      1.50      2.50      3.40
      4.00      4.30      4.40      4.10      3.60      2.80      2.00      1.10      0.30     -0.30
     -0.60     -0.70     -0.50
      3.00      1.90      0.60     -1.00     -2.80     -4.60     -6.40     -7.90     -9.10     -9.90
    -10.10     -9.80     -9.10     -8.20     -7.20     -6.50     -6.20     -6.40     -7.00     -8.00
     -9.00     -9.90    -10.30     -9.90     -8.80     -6.80     -4.10     -0.90      2.50      5.80
      8.70     11.20     13.00     14.30     15.00     15.20     14.90     14.30     13.30     12.00
     10.50      8.70      6.70      4.70      2.60      0.70     -0.90     -2.20     -3.10     -3.70
     -3.90     -3.80     -3.50     -3.10     -2.70     -2.30     -2.00     -1.80     -1.60     -1.50
     -1.60     -1.80     -2.20     -2.70     -3.40     -4.20     -4.90     -5.50     -5.80     -5.60
     -4.80     -3.40     -1.40
      3.50      3.10      2.60      1.70      0.50     -1.10     -3.00     -5.00     -6.90     -8.60
     -9.80    -10.40    -10.30     -9.80     -9.10     -8.30     -7.90     -7.90     -8.40     -9.20
    -10.20    -10.80    -10.70     -9.70     -7.60     -4.60     -0.90      3.10      7.10     10.60
     13.30     15.20     16.20     16.40     16.10     15.30     14.10     12.80     11.30      9.70
      7.80      5.90      3.80      1.90      0.10     -1.40     -2.50     -3.10     -3.30     -3.20
     -2.80     -2.50     -2.20     -2.20     -2.40     -2.80     -3.50     -4.20     -5.00     -5.80
     -6.40     -7.00     -7.60     -8.20     -8.90     -9.60    -10.40    -10.80    -10.90    -10.30
     -8.70     -6.20     -2.70
      3.60      3.90      4.10      4.00      3.40      2.30      0.60     -1.60     -4.10     -6.60
     -8.80    -10.40    -11.20    -11.30    -10.70     -9.70     -8.80     -8.30     -8.20     -8.60
     -9.10     -9.40     -9.00     -7.80     -5.60     -2.40      1.20      5.00      8.50     11.40
     13.50     14.70     15.10     14.80     14.00     12.80     11.50     10.00      8.30      6.50
      4.60      2.50      0.50     -1.40     -2.90     -3.80     -4.10     -3.80     -3.10     -2.10
     -1.20     -0.50     -0.30     -0.50     -1.30     -2.40     -3.80     -5.30     -6.70     -8.10
     -9.20    -10.00    -10.80    -11.40    -12.00    -12.70    -13.40    -13.80    -13.80    -13.00
    -11.10     -8.10     -4.00
      6.20      7.00      7.40      7.30      6.60      5.40      3.70      1.40     -1.30     -4.10
     -6.90     -9.30    -11.00    -11.80    -11.80    -11.00    -10.00     -9.00     -8.20     -7.80
     -7.60     -7.30     -6.60     -5.20     -3.30     -0.80      1.90      4.50      6.90      8.90
     10.50     11.60     12.30     12.40     12.00     11.10      9.80      8.20      6.40      4.40
      2.30      0.20     -1.70     -3.30     -4.30     -4.70     -4.20     -3.20     -1.80     -0.40
      0.60      1.00      0.80      0.10     -1.00     -2.30     -3.70     -5.10     -6.40     -7.80
     -9.00    -10.20    -11.10    -11.90    -12.60    -13.20    -13.60    -13.80    -13.40    -12.40
    -10.40     -7.30     -3.20
     11.80     13.00     12.90     11.90     10.10      8.00      5.80      3.60      1.40     -0.90
     -3.40     -6.00     -8.50    -10.40    -11.60    -12.10    -11.90    -11.30    -10.50     -9.60
     -8.50     -7.10     -5.40     -3.50     -1.40      0.40      1.90      3.20      4.50      6.00
      7.90     10.10     12.00     13.30     13.40     12.30     10.20      7.60      5.00      2.60
      0.70     -0.90     -2.10     -3.00     -3.50     -3.30     -2.40     -1.10      0.30      1.40
      1.70      1.10     -0.10     -1.60     -2.90     -3.80     -4.10     -4.20     -4.40     -4.90
     -5.90     -7.20     -8.60     -9.80    -10.80    -11.20    -11.30    -10.90    -10.00     -8.70
     -6.70     -4.20     -1.20
     17.00     18.80     18.40     16.10     12.60      8.90      5.90      4.00      2.90      2.10
      1.10     -0.80     -3.30     -6.30     -9.10    -11.50    -13.10    -13.90    -13.90    -13.20
    -11.60     -9.20     -6.30     -3.30     -0.70      0.90      1.60      1.80      2.30      3.90
      6.90     10.80     14.60     16.90     17.00     14.50     10.40      5.80      1.90     -0.50
     -1.40     -1.40     -1.10     -1.00     -0.90     -0.70     -0.10      1.00      2.10      2.50
      1.90      0.10     -2.30     -4.70     -6.20     -6.30     -5.20     -3.30     -1.60     -0.70
     -0.90     -2.20     -4.00     -5.70     -6.90     -7.30     -7.00     -6.10     -5.00     -3.80
     -2.80     -1.90     -1.00
     18.20     21.30     21.10     17.80     12.70      7.40      3.50      1.80      2.20      3.50
      4.50      4.30      2.40     -0.90     -4.70     -8.40    -11.60    -13.80    -15.00    -15.10
    -14.00    -11.50     -8.10     -4.50     -1.50      0.00      0.00     -0.70     -0.80      1.00
      5.20     11.00     16.50     19.70     19.00     14.70      8.00      1.50     -3.00     -4.30
     -3.10     -0.80      1.20      1.90      1.50      0.70      0.40      1.00      1.90      2.50
      1.80     -0.30     -3.30     -6.30     -8.10     -7.90     -5.80     -2.60      0.70      2.90
      3.40      2.40      0.60     -1.30     -2.50     -2.70     -2.10     -1.10     -0.30     -0.10
     -0.90     -2.40     -4.20
     15.90     20.10     20.50     17.00     11.00      4.70      0.20     -1.30      0.00      2.90
      5.50      6.50      5.50      2.70     -1.00     -4.60     -7.70    -10.20    -12.10    -13.10
    -13.10    -11.90     -9.40     -6.30     -3.70     -2.40     -2.70     -3.90     -4.30     -2.50
      2.30      9.10     15.60     19.30     18.20     12.60      4.60     -2.60     -6.50     -6.20
     -2.80      1.30      4.00      4.10      2.10     -0.40     -1.90     -1.80     -0.40      1.10
      1.70      0.60     -1.90     -4.70     -6.70     -7.00     -5.20     -2.00      1.50      4.10
      5.00      4.40      2.90      1.40      0.50      0.60      1.40      2.20      2.40      1.40
     -1.20     -5.00     -8.90
     13.10     17.70     18.30     14.90      8.80      2.50     -1.80     -3.00     -1.40      1.60
      4.30      5.40      4.60      2.40     -0.20     -2.50     -4.20     -5.60     -7.10     -8.60
    -10.00    -10.70    -10.20     -8.60     -6.70     -5.40     -5.10     -5.50     -5.70     -4.00
      0.20      6.50     12.70     16.30     15.40     10.20      2.80     -3.50     -6.20     -4.60
     -0.30      3.90      5.70      4.40      0.80     -3.00     -5.40     -5.40     -3.70     -1.20
      0.70      1.30      0.30     -1.40     -3.20     -3.90     -3.10     -1.20      1.30      3.30
      4.20      4.00      3.10      2.10      1.60      1.80      2.30      2.70      2.40      0.90
     -2.30     -6.90    -11.70
     11.60     14.90     14.90     11.70      6.60      1.50     -1.70     -2.50     -1.30      0.70
      2.20      2.40      1.40     -0.20     -1.70     -2.40     -2.60     -2.60     -3.20     -4.60
     -6.90     -9.20    -10.70    -10.90     -9.70     -7.70     -5.70     -4.30     -3.40     -2.00
      0.60      4.50      8.80     11.40     11.00      7.30      2.10     -2.30     -3.80     -2.00
      1.50      4.50      5.20      3.20     -0.50     -4.10     -6.40     -6.90     -5.80     -3.90
     -1.90     -0.30      0.50      0.40     -0.20     -0.70     -0.70      0.10      1.30      2.40
      3.10      3.30      3.10      2.70      2.40      2.10      1.80      1.40      0.80     -0.40
     -2.80     -6.30    -10.40
      9.70     10.90      9.90      7.20      4.00      1.20     -0.50     -1.00     -0.70     -0.30
     -0.10     -0.40     -1.30     -2.30     -2.90     -2.90     -2.20     -1.50     -1.20     -2.20
     -4.40     -7.50    -10.40    -11.90    -11.30     -8.70     -4.90     -1.40      0.80      1.80
      2.10      2.70      3.80      4.80      4.70      2.90      0.20     -2.20     -3.00     -1.90
      0.30      2.30      3.00      2.30      0.50     -1.60     -3.50     -5.20     -6.20     -6.40
     -5.60     -3.90     -2.10     -0.70      0.10      0.40      0.70      1.20      1.80      2.50
      3.10      3.80      4.50      4.90      4.80      3.80      2.20      0.50     -0.60     -1.30
     -2.20     -3.90     -6.50
      5.90      5.30      3.80      2.40      1.60      1.20      0.70     -0.30     -1.50     -2.30
     -2.50     -2.40     -2.50     -2.90     -3.40     -3.30     -2.50     -1.10     -0.10     -0.10
     -1.80     -4.80     -8.20    -10.60    -10.90     -8.40     -4.10      0.50      3.50      4.10
      2.80      0.80     -0.50     -1.00     -0.90     -1.20     -2.10     -3.30     -4.10     -4.00
     -2.70     -0.70      1.50      3.20      4.00      3.30      1.00     -2.50     -6.00     -8.20
     -8.50     -7.20     -5.10     -3.30     -1.90     -0.80      0.40      1.60      2.40      3.00
      3.60      4.70      6.40      7.90      8.10      6.60      3.90      1.20     -0.70     -1.30
     -1.40     -1.80     -2.90
      1.40     -0.20     -1.30     -0.90      0.60      1.60      1.00     -1.20     -3.60     -4.80
     -4.40     -3.40     -3.00     -3.80     -4.80     -4.90     -3.30     -0.70      1.60      2.50
      1.40     -1.40     -5.00     -8.10     -9.30     -7.80     -4.10      0.20      3.30      4.00
      2.70      0.60     -0.90     -1.50     -1.20     -1.00     -1.40     -2.50     -3.80     -4.60
     -4.10     -2.00      1.50      5.20      7.50      7.10      3.80     -1.30     -6.20     -9.00
     -9.30     -8.00     -6.50     -5.50     -4.60     -2.90     -0.50      1.90      3.10      3.30
      3.40      4.50      6.80      9.10      9.80      8.20      5.10      1.90     -0.30     -1.30
     -1.60     -1.70     -1.70
     -0.90     -2.90     -3.30     -1.70      0.80      1.70      0.10     -3.30     -6.00     -6.30
     -4.50     -2.70     -3.00     -5.30     -7.40     -7.20     -4.20      0.30      3.80      5.00
      3.80      0.90     -2.70     -6.00     -7.90     -7.60     -5.20     -1.80      1.00      2.40
      2.70      2.90      3.30      3.90      4.20      4.00      3.10      1.60     -0.20     -1.90
     -2.70     -1.60      1.40      5.10      7.70      7.30      3.70     -1.60     -6.30     -8.40
     -8.30     -7.20     -6.70     -6.70     -6.00     -3.50      0.40      3.70      4.90      3.90
      2.60      3.00      5.20      7.50      8.20      6.50      3.70      1.20     -0.50     -1.50
     -2.40     -3.00     -2.50
      0.30     -1.90     -2.40     -0.90      0.80      0.30     -2.70     -6.50     -8.20     -6.40
     -2.80     -0.60     -1.80     -5.50     -8.20     -7.30     -2.90      2.30      5.40      5.70
      4.00      1.50     -1.40     -4.50     -7.00     -7.80     -6.60     -4.20     -1.80      0.00
      2.00      4.70      7.60      9.60      9.70      8.40      6.80      5.40      3.90      1.80
     -0.40     -1.60     -0.80      1.70      4.30      5.00      3.00     -0.70     -4.40     -6.40
     -6.90     -6.90     -7.00     -6.90     -5.00     -0.70      4.50      8.00      7.90      5.10
      2.10      1.30      2.70      4.40      4.40      2.60      0.40     -0.60     -0.60     -0.90
     -2.20     -3.50     -3.30
      3.40      1.00     -0.10     -0.10     -0.60     -3.10     -7.20    -10.40    -10.30     -6.60
     -1.50      1.30      0.20     -2.90     -4.60     -2.80      1.30      4.40      4.60      3.00
      1.80      1.70      1.00     -1.60     -5.30     -7.70     -7.50     -5.60     -3.80     -2.60
     -0.70      2.80      6.90      9.40      9.10      7.00      5.20      4.80      5.00      3.80
      0.90     -2.30     -3.70     -2.40      0.70      3.50      4.40      3.00      0.10     -3.00
     -5.60     -7.20     -7.40     -5.50     -1.10      5.00     10.40     12.70     10.60      6.00
      1.80      0.30      1.00      1.80      1.10     -0.90     -2.10     -1.40      0.20      0.90
     -0.20     -2.10     -2.40
      5.10      3.00      1.40     -0.30     -3.30     -7.60    -11.80    -13.70    -12.20     -7.60
     -2.30      1.20      1.80      1.10      1.60      4.00      5.80      4.40      0.30     -2.60
     -1.40      2.80      5.30      3.00     -2.70     -7.10     -7.60     -5.40     -3.80     -4.00
     -4.20     -2.30      1.20      3.70      3.30      1.20      0.10      1.30      3.30      3.60
      1.20     -2.40     -4.40     -3.30      0.40      4.80      7.70      7.90      5.30      0.80
     -3.70     -6.50     -6.10     -2.20      4.10     10.50     14.50     14.40     10.60      5.30
      1.20     -0.20      0.10      0.30     -0.70     -2.10     -2.40     -0.70      1.70      2.90
      2.00      0.20     -0.60
      3.30      2.40      1.10     -1.90     -6.70    -11.60    -14.70    -14.80    -12.50     -8.50
     -3.90     -0.10      2.40      4.20      6.30      8.10      7.00      1.50     -5.50     -8.50
     -4.30      3.90      8.80      6.00     -1.80     -7.80     -8.00     -4.40     -2.00     -3.00
     -5.70     -6.40     -4.50     -2.10     -1.70     -2.70     -2.80     -0.90      1.80      2.90
      1.50     -0.80     -1.60      0.20      3.70      7.50     10.10     10.40      8.10      3.80
     -0.90     -3.60     -2.70      1.70      7.80     12.60     14.00     11.80      7.50      3.20
      0.50     -0.50     -0.70     -0.90     -1.50     -1.90     -1.20      0.60      2.40      3.10
      2.20      1.00      0.50
     -0.90     -0.10     -0.40     -3.70     -9.00    -13.20    -14.30    -12.80    -10.20     -7.20
     -3.40      0.80      4.20      6.40      7.60      7.50      4.60     -1.90     -8.90    -11.10
     -5.90      2.90      7.50      3.80     -4.70    -10.60     -9.70     -4.10      0.10     -0.50
     -4.10     -6.80     -6.30     -4.10     -2.50     -2.10     -1.60     -0.10      1.70      2.20
      1.40      0.90      2.10      4.70      7.50      9.20      9.80      9.30      7.60      4.80
      1.80      0.10      1.00      4.20      8.00     10.30      9.80      7.00      3.80      1.70
      0.50     -0.30     -1.30     -2.00     -2.10     -1.40     -0.10      1.20      1.80      1.40
      0.50      0.00      0.20
     -4.80     -2.70     -2.00     -4.40     -8.50    -11.00    -10.30     -8.10     -6.20     -3.80
      0.20      5.30      8.80      8.80      6.70      4.10      1.20     -2.90     -7.40     -9.00
     -6.00     -0.90      1.20     -2.30     -9.00    -13.00    -11.10     -4.90      0.50      1.50
     -1.10     -4.10     -4.80     -3.10     -1.10      0.10      0.60      1.20      1.50      1.20
      0.80      1.40      3.70      6.70      8.60      8.80      7.90      6.80      5.80      4.70
      3.70      3.00      3.10      4.30      5.60      6.10      5.10      3.40      2.10      1.70
      1.50      0.40     -1.30     -2.40     -2.10     -0.90      0.40      1.10      0.90     -0.10
     -1.10     -1.20     -0.30
     -6.60     -4.50     -3.10     -3.80     -5.40     -5.60     -4.20     -3.20     -2.80     -0.90
      4.30     10.70     13.80     11.10      5.30      0.70     -1.00     -1.60     -2.80     -4.60
     -5.50     -5.30     -5.40     -6.90     -9.40    -10.90     -9.60     -5.40     -0.70      2.00
      1.40     -0.90     -2.20     -1.70     -0.20      0.70      0.80      0.60      0.50      0.50
      0.60      1.40      3.20      5.30      6.60      6.80      6.20      5.40      4.80      4.60
      4.60      4.50      4.00      3.50      3.20      3.10      2.70      2.00      1.80      2.20
      2.20      0.90     -0.90     -1.80     -1.40     -0.30      0.40      0.70      0.50     -0.20
     -1.10     -1.20     -0.30
     -6.60     -5.80     -4.40     -3.30     -2.00     -0.30      0.70     -0.40     -1.90     -0.50
      5.40     12.20     14.60     10.50      3.50     -1.30     -1.80     -0.20      0.50     -1.50
     -5.00     -7.80     -8.00     -6.20     -4.40     -4.30     -5.20     -4.70     -1.90      1.50
      2.80      1.50     -0.30     -0.60      0.20      0.50     -0.10     -0.80     -0.60      0.50
      1.50      2.10      2.40      2.80      3.60      4.60      5.40      5.50      4.90      4.60
      5.00      5.30      4.60      3.10      2.10      1.90      2.00      1.70      1.30      1.20
      1.00      0.10     -0.90     -1.00     -0.30      0.20      0.00     -0.10      0.30      0.30
     -0.40     -1.00     -0.40
     -6.20     -6.70     -6.00     -4.00     -1.20      1.40      1.80     -0.40     -2.70     -1.70
      3.00      8.00      9.10      5.80      1.10     -1.70     -1.60     -0.20      0.40     -1.50
     -5.20     -8.00     -7.00     -2.60      1.50      1.70     -1.40     -3.90     -2.70      0.90
      3.10      2.40      0.70      0.30      1.20      1.50      0.40     -0.80     -0.70      0.80
      2.40      2.90      2.20      1.30      1.40      2.90      4.80      5.50      4.90      4.40
      4.90      5.50      4.70      2.80      1.40      1.40      1.60      0.90     -0.20     -1.00
     -1.40     -1.70     -1.70     -0.70      0.50      0.60     -0.30     -0.90     -0.40      0.10
     -0.50     -1.40     -1.40
     -5.40     -6.30     -6.30     -4.90     -2.40     -0.20      0.00     -1.70     -3.10     -2.40
     -0.30      1.00      0.50     -0.50     -0.80     -0.50     -0.50     -0.90     -1.70     -3.30
     -5.60     -7.00     -5.30     -0.70      3.10      2.60     -1.40     -4.50     -3.60     -0.20
      2.00      1.60      0.40      0.70      2.20      3.00      2.10      0.40     -0.40      0.20
      1.50      2.20      1.90      1.00      0.80      2.20      4.20      5.10      4.60      4.00
      4.60      5.10      4.00      1.70      0.30      0.50      1.00      0.30     -1.10     -2.20
     -2.50     -2.60     -2.20     -0.80      0.80      1.00     -0.10     -1.00     -0.80     -0.50
     -1.10     -2.20     -2.40
     -4.00     -4.20     -4.50     -4.10     -2.90     -1.70     -1.50     -1.90     -2.00     -1.80
     -2.40     -4.40     -5.80     -4.60     -1.20      1.20      0.90     -1.30     -3.20     -4.30
     -5.30     -5.60     -4.00     -1.00      0.90     -0.50     -4.10     -6.30     -5.20     -2.50
     -0.60     -0.60     -0.80      0.10      1.80      3.00      2.60      1.00     -0.60     -1.30
     -0.80      0.40      1.30      1.40      1.40      2.30      4.00      5.00      4.90      4.50
      4.70      4.60      3.00      0.70     -0.40      0.20      1.00      0.60     -0.60     -1.20
     -1.30     -1.50     -1.50     -0.50      0.90      1.30      0.50     -0.40     -0.70     -0.80
     -1.40     -2.00     -2.20
     -2.80     -2.20     -2.30     -2.20     -1.50     -0.80     -0.60     -0.60     -0.70     -1.30
     -3.10     -5.60     -6.50     -4.30     -0.50      1.80      1.00     -1.20     -2.80     -3.30
     -3.40     -3.10     -1.90     -0.50     -0.60     -3.00     -6.10     -7.70     -7.20     -5.70
     -4.30     -3.20     -2.10     -0.80      0.50      1.40      1.50      0.70     -0.70     -1.90
     -1.80     -0.30      1.50      2.20      2.10      2.40      3.80      5.20      5.70      5.50
      5.30      4.70      3.10      1.20      0.50      1.10      1.60      1.10      0.30      0.40
      0.80      0.60      0.10      0.20      0.70      1.00      0.60      0.00     -0.50     -1.10
     -1.50     -1.40     -1.00
     -2.70     -2.20     -2.10     -1.50     -0.30      0.80      1.10      0.20     -1.10     -2.20
     -3.00     -3.20     -2.60     -1.30      0.00      0.30     -0.20     -0.60     -0.70     -0.80
     -0.70      0.20      1.80      2.50      0.70     -2.90     -6.30     -8.40     -9.30     -9.40
     -8.30     -5.90     -3.30     -1.30     -0.30      0.30      0.70      0.80      0.20     -0.50
     -0.20      1.30      2.80      3.20      2.30      1.60      2.50      4.30      5.50      5.60
      5.30      4.80      3.80      2.80      2.30      2.30      1.80      0.80      0.20      0.70
      1.50      1.70      1.30      0.80      0.50      0.10     -0.30     -0.60     -1.00     -1.60
     -1.90     -1.20      0.00
     -3.00     -3.50     -3.80     -3.10     -1.30      0.40      0.70     -0.80     -3.10     -4.10
     -2.40      0.50      2.40      1.70     -0.30     -1.30     -0.30      1.70      2.50      1.80
      1.20      2.70      5.30      6.00      3.10     -1.90     -6.30     -9.40    -11.60    -12.90
    -12.10     -9.10     -5.30     -2.30     -0.40      0.80      1.60      1.90      1.90      1.80
      2.10      3.00      4.00      3.80      2.20      0.50      0.40      1.90      3.60      4.30
      4.10      3.80      3.50      3.10      2.70      2.10      1.20      0.00     -0.60     -0.30
      0.40      0.90      1.20      1.10      0.60     -0.40     -1.10     -1.20     -1.30     -1.90
     -2.30     -1.50      0.00
     -2.30     -3.60     -4.80     -4.80     -3.50     -1.90     -1.30     -2.60     -4.70     -4.80
     -1.50      3.10      5.00      2.80     -0.50     -0.80      2.50      6.00      6.10      3.30
      1.50      3.20      6.70      7.70      4.30     -1.50     -6.60    -10.20    -13.00    -14.70
    -14.30    -11.70     -7.90     -4.20     -1.10      1.10      2.30      2.80      2.90      2.80
      2.60      2.50      3.20      3.60      2.50      0.40     -0.90     -0.10      1.80      3.00
      2.80      2.10      1.40      1.10      0.90      0.80      0.70      0.40     -0.10     -0.60
     -0.90     -0.70      0.20      1.10      1.10      0.20     -0.70     -0.80     -0.70     -1.00
     -1.50     -1.20     -0.40
     -1.10     -2.20     -3.60     -4.30     -4.10     -3.20     -2.30     -2.60     -3.80     -3.60
     -0.50      3.40      4.40      1.90     -0.20      1.70      6.90     10.40      9.00      4.30
      1.40      2.70      6.20      7.60      5.00      0.00     -4.90     -8.80    -11.70    -13.40
    -13.30    -11.60     -9.00     -5.80     -2.50     -0.20      0.90      1.40      2.10      2.20
      1.20      0.10      0.70      2.50      3.00      1.20     -0.70     -0.30      1.90      3.40
      2.80      1.00     -0.60     -1.30     -1.10     -0.30      1.00      1.90      1.80      0.70
     -0.70     -1.40     -0.70      0.60      1.20      0.80      0.10     -0.10      0.10      0.30
      0.20     -0.10     -0.20
