diamond 4 20年06月25日20时150百帕温度场
20 06 25  20  150 
2.500  -2.500  .0  180.0   90.0  .0
73  37
    -45.56    -45.56    -45.56    -45.56    -45.56    -45.56    -45.56    -45.56    -45.56    -45.56
    -45.56    -45.56    -45.56    -45.56    -45.56    -45.56    -45.56    -45.56    -45.56    -45.56
    -45.56    -45.56    -45.56    -45.56    -45.56    -45.56    -45.56    -45.56    -45.56    -45.56
    -45.56    -45.56    -45.56    -45.56    -45.56    -45.56    -45.56    -45.56    -45.56    -45.56
    -45.56    -45.56    -45.56    -45.56    -45.56    -45.56    -45.56    -45.56    -45.56    -45.56
    -45.56    -45.56    -45.56    -45.56    -45.56    -45.56    -45.56    -45.56    -45.56    -45.56
    -45.56    -45.56    -45.56    -45.56    -45.56    -45.56    -45.56    -45.56    -45.56    -45.56
    -45.56    -45.56    -45.56
    -45.76    -45.66    -45.66    -45.66    -45.56    -45.56    -45.56    -45.56    -45.46    -45.46
    -45.46    -45.36    -45.36    -45.36    -45.36    -45.26    -45.26    -45.26    -45.26    -45.16
    -45.16    -45.16    -45.16    -45.16    -45.16    -45.06    -45.06    -45.06    -45.06    -45.06
    -45.06    -45.06    -45.06    -45.06    -45.06    -44.96    -44.96    -44.96    -44.96    -44.96
    -44.96    -44.96    -44.96    -44.96    -44.86    -44.86    -44.86    -44.86    -44.86    -44.76
    -44.76    -44.76    -44.76    -44.66    -44.66    -44.66    -44.66    -44.56    -44.56    -44.56
    -44.56    -44.46    -44.46    -44.46    -44.46    -44.46    -44.46    -44.36    -44.36    -44.36
    -44.36    -44.36    -44.46
    -45.26    -45.16    -45.16    -45.16    -45.06    -45.06    -45.06    -44.96    -44.96    -44.86
    -44.86    -44.86    -44.76    -44.76    -44.76    -44.66    -44.66    -44.66    -44.56    -44.56
    -44.56    -44.56    -44.56    -44.56    -44.56    -44.56    -44.56    -44.56    -44.56    -44.56
    -44.66    -44.66    -44.66    -44.76    -44.76    -44.86    -44.86    -44.86    -44.96    -44.96
    -44.96    -44.96    -44.96    -44.96    -44.96    -44.86    -44.86    -44.76    -44.66    -44.66
    -44.56    -44.46    -44.26    -44.16    -44.06    -43.86    -43.76    -43.56    -43.46    -43.26
    -43.16    -43.06    -42.86    -42.76    -42.66    -42.56    -42.46    -42.36    -42.26    -42.26
    -42.16    -42.16    -42.16
    -44.36    -44.36    -44.36    -44.36    -44.36    -44.36    -44.36    -44.36    -44.36    -44.36
    -44.36    -44.36    -44.36    -44.26    -44.26    -44.26    -44.26    -44.16    -44.16    -44.16
    -44.06    -44.06    -44.06    -44.06    -44.06    -44.06    -44.06    -44.16    -44.26    -44.26
    -44.36    -44.56    -44.66    -44.76    -44.96    -45.06    -45.26    -45.36    -45.46    -45.66
    -45.76    -45.86    -45.86    -45.96    -45.96    -45.96    -45.86    -45.76    -45.66    -45.46
    -45.26    -45.06    -44.76    -44.46    -44.16    -43.86    -43.46    -43.16    -42.76    -42.36
    -42.06    -41.66    -41.36    -41.06    -40.76    -40.46    -40.26    -40.06    -39.86    -39.76
    -39.66    -39.56    -39.56
    -43.46    -43.56    -43.56    -43.66    -43.76    -43.76    -43.86    -43.86    -43.96    -44.06
    -44.06    -44.16    -44.16    -44.16    -44.26    -44.26    -44.16    -44.16    -44.06    -44.06
    -43.96    -43.86    -43.76    -43.66    -43.66    -43.66    -43.66    -43.66    -43.76    -43.86
    -44.06    -44.26    -44.46    -44.76    -44.96    -45.26    -45.56    -45.86    -46.16    -46.46
    -46.76    -46.96    -47.16    -47.26    -47.36    -47.46    -47.46    -47.36    -47.26    -46.96
    -46.76    -46.46    -46.06    -45.66    -45.16    -44.66    -44.16    -43.56    -42.96    -42.36
    -41.86    -41.26    -40.76    -40.26    -39.76    -39.36    -38.96    -38.66    -38.36    -38.16
    -38.06    -37.96    -37.96
    -42.76    -42.86    -42.86    -42.96    -43.06    -43.16    -43.26    -43.46    -43.56    -43.76
    -43.96    -44.16    -44.36    -44.56    -44.66    -44.66    -44.66    -44.66    -44.56    -44.36
    -44.16    -43.86    -43.66    -43.46    -43.26    -43.16    -43.06    -43.06    -43.16    -43.36
    -43.56    -43.76    -44.16    -44.46    -44.86    -45.36    -45.76    -46.26    -46.66    -47.06
    -47.46    -47.86    -48.16    -48.46    -48.66    -48.76    -48.86    -48.76    -48.66    -48.46
    -48.26    -47.96    -47.56    -47.06    -46.66    -46.06    -45.56    -44.96    -44.36    -43.66
    -43.06    -42.46    -41.76    -41.16    -40.66    -40.06    -39.66    -39.16    -38.86    -38.56
    -38.36    -38.16    -38.06
    -42.36    -42.36    -42.36    -42.46    -42.46    -42.56    -42.76    -42.96    -43.26    -43.66
    -44.06    -44.46    -44.86    -45.16    -45.46    -45.56    -45.56    -45.46    -45.26    -44.86
    -44.46    -44.06    -43.56    -43.26    -42.86    -42.66    -42.56    -42.66    -42.76    -42.96
    -43.26    -43.66    -44.06    -44.46    -44.96    -45.46    -45.96    -46.46    -47.06    -47.56
    -48.06    -48.56    -48.96    -49.36    -49.56    -49.76    -49.86    -49.86    -49.76    -49.66
    -49.46    -49.16    -48.86    -48.56    -48.16    -47.76    -47.36    -46.86    -46.36    -45.86
    -45.36    -44.76    -44.16    -43.56    -43.06    -42.46    -41.86    -41.36    -40.86    -40.36
    -39.96    -39.66    -39.46
    -42.46    -42.46    -42.46    -42.36    -42.46    -42.46    -42.66    -42.96    -43.36    -43.76
    -44.36    -44.86    -45.46    -45.86    -46.26    -46.36    -46.36    -46.16    -45.76    -45.16
    -44.56    -43.96    -43.36    -42.86    -42.56    -42.36    -42.36    -42.56    -42.76    -43.16
    -43.56    -43.96    -44.46    -44.86    -45.26    -45.76    -46.16    -46.76    -47.26    -47.86
    -48.46    -49.06    -49.56    -49.96    -50.36    -50.56    -50.76    -50.76    -50.76    -50.66
    -50.56    -50.36    -50.16    -49.96    -49.66    -49.46    -49.16    -48.86    -48.56    -48.16
    -47.76    -47.36    -46.86    -46.36    -45.76    -45.16    -44.56    -43.86    -43.16    -42.56
    -41.96    -41.46    -41.06
    -43.46    -43.56    -43.56    -43.66    -43.66    -43.76    -43.96    -44.26    -44.66    -45.06
    -45.56    -46.06    -46.56    -46.86    -47.06    -47.06    -46.86    -46.46    -45.86    -45.16
    -44.46    -43.66    -43.06    -42.66    -42.36    -42.36    -42.56    -42.96    -43.36    -43.86
    -44.26    -44.66    -44.96    -45.26    -45.56    -45.76    -46.16    -46.56    -47.16    -47.76
    -48.46    -49.16    -49.76    -50.36    -50.76    -51.06    -51.26    -51.46    -51.46    -51.46
    -51.36    -51.36    -51.16    -51.06    -50.96    -50.76    -50.56    -50.36    -50.16    -49.96
    -49.76    -49.46    -49.16    -48.66    -48.16    -47.56    -46.96    -46.16    -45.36    -44.56
    -43.76    -43.06    -42.56
    -45.56    -45.86    -46.16    -46.36    -46.56    -46.86    -47.16    -47.46    -47.76    -48.16
    -48.46    -48.66    -48.76    -48.76    -48.56    -48.16    -47.56    -46.86    -46.06    -45.26
    -44.36    -43.66    -43.06    -42.76    -42.66    -42.76    -43.06    -43.46    -43.96    -44.46
    -44.86    -45.16    -45.26    -45.36    -45.46    -45.66    -45.96    -46.36    -46.96    -47.66
    -48.36    -49.06    -49.66    -50.16    -50.56    -50.96    -51.16    -51.36    -51.56    -51.66
    -51.76    -51.76    -51.76    -51.66    -51.56    -51.46    -51.26    -51.06    -50.96    -50.86
    -50.86    -50.76    -50.66    -50.46    -50.16    -49.76    -49.06    -48.36    -47.46    -46.46
    -45.56    -44.76    -43.96
    -48.06    -48.56    -49.16    -49.66    -50.16    -50.66    -51.26    -51.76    -52.26    -52.56
    -52.66    -52.56    -52.16    -51.56    -50.76    -49.76    -48.76    -47.66    -46.56    -45.56
    -44.76    -44.06    -43.56    -43.26    -43.16    -43.26    -43.46    -43.76    -44.16    -44.56
    -44.86    -45.06    -45.16    -45.36    -45.56    -45.86    -46.26    -46.86    -47.46    -48.16
    -48.66    -49.16    -49.46    -49.66    -49.76    -49.96    -50.16    -50.36    -50.66    -50.96
    -51.16    -51.36    -51.36    -51.36    -51.16    -51.06    -50.86    -50.86    -50.86    -50.96
    -51.16    -51.46    -51.66    -51.86    -51.86    -51.66    -51.16    -50.46    -49.56    -48.46
    -47.36    -46.26    -45.36
    -49.86    -50.56    -51.26    -51.96    -52.76    -53.66    -54.56    -55.46    -56.16    -56.56
    -56.66    -56.26    -55.46    -54.36    -53.06    -51.56    -50.06    -48.66    -47.26    -46.16
    -45.26    -44.56    -43.96    -43.66    -43.46    -43.36    -43.46    -43.66    -43.96    -44.26
    -44.66    -44.96    -45.26    -45.66    -46.06    -46.66    -47.46    -48.26    -48.96    -49.56
    -49.76    -49.76    -49.56    -49.16    -48.76    -48.56    -48.46    -48.66    -48.96    -49.36
    -49.66    -49.96    -50.06    -50.06    -49.96    -49.86    -49.96    -50.06    -50.26    -50.66
    -51.16    -51.76    -52.26    -52.76    -52.96    -52.96    -52.56    -51.86    -50.86    -49.76
    -48.46    -47.26    -46.16
    -50.66    -51.36    -52.06    -52.86    -53.76    -54.76    -55.86    -56.96    -57.86    -58.36
    -58.46    -57.96    -57.06    -55.86    -54.36    -52.66    -51.06    -49.46    -47.96    -46.66
    -45.66    -44.86    -44.16    -43.76    -43.46    -43.36    -43.46    -43.76    -44.16    -44.66
    -45.26    -45.86    -46.36    -46.86    -47.46    -48.26    -49.16    -50.06    -50.76    -51.16
    -51.16    -50.66    -49.86    -48.86    -48.06    -47.36    -47.06    -47.06    -47.36    -47.66
    -47.96    -48.16    -48.36    -48.46    -48.56    -48.76    -49.16    -49.56    -50.16    -50.86
    -51.46    -52.06    -52.66    -53.06    -53.26    -53.16    -52.76    -52.06    -50.96    -49.76
    -48.56    -47.46    -46.46
    -51.06    -51.86    -52.46    -52.96    -53.66    -54.36    -55.26    -56.26    -56.96    -57.46
    -57.56    -57.26    -56.46    -55.46    -54.16    -52.86    -51.36    -49.96    -48.56    -47.26
    -46.16    -45.26    -44.56    -44.16    -43.86    -43.86    -44.16    -44.76    -45.56    -46.46
    -47.26    -48.06    -48.56    -48.96    -49.36    -49.86    -50.56    -51.36    -51.96    -52.26
    -52.06    -51.36    -50.36    -49.16    -48.06    -47.26    -46.76    -46.56    -46.66    -46.76
    -46.86    -46.96    -47.16    -47.36    -47.66    -48.26    -49.06    -49.86    -50.86    -51.66
    -52.26    -52.76    -52.96    -53.06    -52.96    -52.76    -52.16    -51.36    -50.36    -49.16
    -48.16    -47.36    -46.76
    -51.96    -52.66    -52.96    -53.06    -53.06    -53.26    -53.66    -54.16    -54.76    -55.16
    -55.36    -55.16    -54.66    -53.96    -53.16    -52.16    -51.16    -50.16    -48.96    -47.86
    -46.86    -46.06    -45.46    -45.16    -45.06    -45.26    -45.76    -46.56    -47.66    -48.86
    -49.86    -50.56    -50.86    -50.86    -50.86    -50.96    -51.26    -51.76    -52.16    -52.36
    -52.26    -51.66    -50.86    -49.96    -49.06    -48.36    -47.86    -47.56    -47.36    -47.26
    -47.16    -47.06    -47.06    -47.16    -47.56    -48.26    -49.26    -50.36    -51.56    -52.56
    -53.16    -53.46    -53.36    -53.06    -52.66    -52.26    -51.76    -51.06    -50.16    -49.26
    -48.46    -47.96    -47.76
    -53.06    -53.46    -53.36    -52.76    -52.06    -51.56    -51.56    -51.86    -52.46    -53.06
    -53.46    -53.46    -53.16    -52.66    -51.96    -51.26    -50.56    -49.76    -48.96    -48.16
    -47.46    -46.96    -46.56    -46.46    -46.46    -46.76    -47.36    -48.26    -49.26    -50.36
    -51.26    -51.76    -51.76    -51.56    -51.26    -51.06    -51.16    -51.36    -51.66    -51.66
    -51.56    -51.16    -50.86    -50.46    -50.16    -49.96    -49.66    -49.36    -49.06    -48.76
    -48.56    -48.36    -48.16    -48.06    -48.06    -48.46    -49.26    -50.36    -51.66    -52.76
    -53.46    -53.76    -53.46    -52.96    -52.46    -52.06    -51.76    -51.36    -50.86    -50.26
    -49.66    -49.26    -49.16
    -53.36    -53.46    -52.86    -51.76    -50.56    -49.86    -49.76    -50.26    -51.16    -51.96
    -52.66    -52.86    -52.66    -52.16    -51.36    -50.66    -49.96    -49.36    -48.76    -48.26
    -47.86    -47.56    -47.36    -47.36    -47.46    -47.66    -48.16    -48.86    -49.66    -50.36
    -50.86    -51.06    -50.96    -50.76    -50.56    -50.66    -50.76    -50.86    -50.86    -50.56
    -50.26    -50.06    -49.96    -50.16    -50.36    -50.56    -50.66    -50.56    -50.46    -50.36
    -50.26    -50.16    -50.06    -49.76    -49.46    -49.36    -49.66    -50.36    -51.46    -52.66
    -53.46    -53.76    -53.46    -52.86    -52.16    -51.66    -51.46    -51.36    -51.16    -50.96
    -50.66    -50.46    -50.36
    -52.66    -52.56    -51.76    -50.66    -49.56    -49.16    -49.36    -49.96    -50.96    -51.86
    -52.56    -52.86    -52.86    -52.46    -51.86    -51.16    -50.66    -50.16    -49.86    -49.46
    -49.06    -48.66    -48.36    -48.16    -48.16    -48.26    -48.56    -48.96    -49.26    -49.56
    -49.56    -49.46    -49.46    -49.56    -49.86    -50.36    -50.66    -50.76    -50.56    -49.96
    -49.46    -49.06    -48.96    -49.26    -49.56    -49.76    -49.86    -49.96    -50.16    -50.56
    -51.16    -51.76    -52.06    -52.06    -51.76    -51.46    -51.46    -51.76    -52.56    -53.46
    -54.16    -54.36    -53.86    -52.96    -51.86    -50.86    -50.36    -50.06    -50.06    -50.16
    -50.36    -50.56    -50.86
    -51.66    -51.56    -50.96    -50.26    -49.86    -49.86    -50.36    -50.96    -51.56    -52.06
    -52.66    -53.16    -53.46    -53.46    -53.26    -53.16    -53.06    -53.06    -52.96    -52.66
    -52.06    -51.26    -50.66    -50.16    -49.96    -49.96    -50.06    -50.06    -49.96    -49.56
    -49.16    -48.86    -48.86    -49.26    -49.96    -50.66    -51.16    -51.26    -51.06    -50.66
    -50.06    -49.56    -49.26    -48.96    -48.76    -48.36    -47.96    -47.86    -48.36    -49.46
    -51.06    -52.76    -54.06    -54.76    -54.96    -55.06    -54.96    -55.16    -55.46    -55.86
    -56.06    -55.96    -55.26    -53.86    -52.16    -50.56    -49.26    -48.56    -48.46    -48.76
    -49.56    -50.66    -51.66
    -51.36    -51.26    -50.96    -50.76    -50.96    -51.36    -51.86    -52.16    -52.26    -52.46
    -52.96    -53.76    -54.56    -55.06    -55.46    -55.86    -56.26    -56.76    -56.96    -56.76
    -56.16    -55.26    -54.46    -53.86    -53.56    -53.46    -53.36    -52.96    -52.36    -51.46
    -50.56    -49.86    -49.76    -49.96    -50.56    -51.16    -51.66    -52.06    -52.36    -52.56
    -52.46    -52.06    -51.36    -50.36    -49.16    -47.76    -46.56    -45.96    -46.46    -48.26
    -50.96    -53.76    -56.06    -57.56    -58.36    -58.86    -59.06    -59.16    -59.06    -58.96
    -58.86    -58.46    -57.46    -55.96    -53.86    -51.66    -49.86    -48.76    -48.56    -49.16
    -50.46    -52.26    -53.96
    -52.06    -51.76    -51.56    -51.56    -51.96    -52.46    -52.76    -52.86    -52.86    -53.16
    -54.06    -55.26    -56.36    -57.16    -57.66    -58.16    -58.66    -59.26    -59.76    -59.76
    -59.36    -58.76    -58.16    -57.86    -57.66    -57.66    -57.46    -56.96    -55.86    -54.56
    -53.26    -52.26    -51.66    -51.36    -51.36    -51.46    -51.86    -52.76    -54.06    -55.16
    -55.86    -55.66    -54.56    -52.96    -51.06    -48.96    -47.16    -46.16    -46.66    -48.76
    -52.06    -55.56    -58.36    -60.16    -61.06    -61.66    -61.96    -62.06    -61.86    -61.56
    -61.16    -60.76    -59.96    -58.66    -56.76    -54.66    -52.86    -51.86    -51.86    -52.66
    -54.26    -56.06    -57.86
    -53.26    -52.66    -52.26    -52.26    -52.56    -52.96    -53.16    -53.46    -53.86    -54.76
    -56.06    -57.56    -58.76    -59.36    -59.46    -59.56    -59.76    -60.06    -60.46    -60.56
    -60.56    -60.36    -60.26    -60.26    -60.46    -60.66    -60.56    -60.06    -59.06    -57.86
    -56.46    -55.26    -54.16    -53.26    -52.46    -52.16    -52.66    -54.06    -56.06    -57.96
    -58.96    -58.76    -57.56    -55.86    -53.96    -52.06    -50.46    -49.36    -49.66    -51.66
    -54.96    -58.46    -60.96    -62.16    -62.66    -62.86    -63.16    -63.26    -63.16    -62.86
    -62.66    -62.46    -62.16    -61.36    -60.06    -58.66    -57.46    -56.96    -57.16    -58.06
    -59.46    -60.86    -62.16
    -54.26    -53.56    -53.26    -53.26    -53.46    -53.86    -54.36    -55.06    -55.96    -57.26
    -58.66    -59.86    -60.76    -60.96    -60.86    -60.56    -60.36    -60.26    -60.26    -60.36
    -60.46    -60.46    -60.56    -60.66    -60.96    -61.26    -61.46    -61.26    -60.76    -59.96
    -59.06    -57.96    -56.76    -55.46    -54.46    -54.06    -54.76    -56.36    -58.56    -60.36
    -61.26    -60.76    -59.56    -58.16    -56.96    -56.06    -55.16    -54.46    -54.66    -56.16
    -58.66    -61.26    -62.96    -63.36    -63.16    -63.06    -63.16    -63.36    -63.46    -63.46
    -63.56    -63.76    -63.86    -63.56    -62.96    -62.26    -61.76    -61.76    -62.06    -62.76
    -63.56    -64.46    -65.06
    -55.36    -54.96    -54.86    -54.96    -55.26    -55.86    -56.76    -57.86    -58.96    -59.96
    -60.86    -61.36    -61.66    -61.76    -61.66    -61.46    -61.16    -60.86    -60.66    -60.66
    -60.66    -60.66    -60.46    -60.36    -60.46    -60.66    -60.96    -61.06    -61.06    -60.86
    -60.56    -59.86    -58.96    -57.86    -57.16    -57.06    -57.96    -59.46    -61.06    -62.16
    -62.36    -61.66    -60.66    -59.86    -59.56    -59.66    -59.66    -59.46    -59.46    -60.26
    -61.66    -63.06    -63.86    -63.66    -63.16    -62.96    -63.06    -63.36    -63.66    -63.86
    -64.16    -64.66    -64.96    -64.96    -64.76    -64.56    -64.46    -64.56    -64.66    -64.96
    -65.26    -65.76    -66.16
    -57.06    -57.06    -57.26    -57.56    -57.96    -58.56    -59.56    -60.66    -61.56    -62.16
    -62.26    -62.06    -61.96    -61.86    -61.96    -61.96    -61.96    -61.66    -61.56    -61.46
    -61.46    -61.36    -60.96    -60.56    -60.36    -60.46    -60.66    -60.86    -60.96    -61.06
    -61.06    -60.86    -60.46    -59.86    -59.56    -59.86    -60.56    -61.56    -62.26    -62.46
    -62.26    -61.86    -61.46    -61.36    -61.56    -61.96    -62.36    -62.46    -62.56    -62.96
    -63.46    -63.96    -63.96    -63.66    -63.26    -63.26    -63.46    -63.66    -63.86    -64.16
    -64.66    -65.16    -65.46    -65.46    -65.36    -65.36    -65.46    -65.36    -65.26    -65.16
    -65.26    -65.66    -66.16
    -59.36    -59.76    -60.26    -60.56    -60.66    -61.06    -61.76    -62.56    -63.16    -63.36
    -63.16    -62.66    -62.16    -61.96    -62.06    -62.16    -62.26    -62.26    -62.16    -62.16
    -62.06    -61.96    -61.66    -61.26    -61.06    -60.96    -61.06    -61.06    -61.06    -61.26
    -61.46    -61.56    -61.46    -61.26    -61.16    -61.36    -61.76    -61.96    -62.06    -61.86
    -61.86    -61.96    -62.26    -62.66    -62.86    -63.06    -63.26    -63.56    -63.86    -64.16
    -64.46    -64.46    -64.16    -63.86    -63.86    -64.16    -64.36    -64.36    -64.36    -64.66
    -65.06    -65.36    -65.36    -65.16    -65.16    -65.26    -65.36    -65.16    -64.86    -64.66
    -64.86    -65.36    -65.96
    -61.66    -62.16    -62.76    -62.96    -62.96    -62.96    -63.16    -63.56    -63.96    -64.16
    -63.96    -63.46    -62.86    -62.36    -62.16    -62.26    -62.46    -62.56    -62.46    -62.36
    -62.16    -61.96    -61.76    -61.56    -61.36    -61.26    -61.26    -61.36    -61.36    -61.56
    -61.76    -62.06    -62.26    -62.26    -62.06    -61.86    -61.76    -61.76    -61.66    -61.66
    -61.86    -62.46    -63.06    -63.46    -63.66    -63.56    -63.56    -63.76    -64.26    -64.86
    -65.26    -65.16    -64.86    -64.66    -64.76    -65.26    -65.46    -65.36    -65.16    -65.16
    -65.46    -65.36    -64.96    -64.66    -64.76    -65.06    -65.16    -64.86    -64.46    -64.36
    -64.66    -65.26    -65.76
    -63.46    -63.76    -64.16    -64.36    -64.36    -64.26    -64.36    -64.56    -64.76    -64.86
    -64.76    -64.26    -63.46    -62.86    -62.56    -62.56    -62.76    -62.96    -62.86    -62.56
    -62.26    -61.96    -61.76    -61.56    -61.26    -60.96    -60.96    -61.16    -61.36    -61.66
    -61.86    -62.16    -62.46    -62.56    -62.36    -61.96    -61.76    -61.86    -62.16    -62.46
    -62.76    -63.16    -63.46    -63.76    -63.86    -63.86    -63.96    -64.26    -64.86    -65.56
    -66.06    -66.06    -65.66    -65.36    -65.56    -66.06    -66.46    -66.26    -66.06    -65.86
    -65.76    -65.46    -64.86    -64.56    -64.86    -65.36    -65.46    -64.86    -64.36    -64.26
    -64.76    -65.26    -65.56
    -64.76    -64.56    -64.66    -64.86    -64.96    -64.96    -65.16    -65.46    -65.66    -65.66
    -65.36    -64.66    -63.96    -63.36    -63.16    -63.16    -63.26    -63.26    -63.26    -63.06
    -62.86    -62.66    -62.46    -62.06    -61.46    -60.86    -60.66    -60.86    -61.26    -61.46
    -61.56    -61.76    -62.16    -62.46    -62.46    -62.26    -62.26    -62.66    -63.26    -63.66
    -63.66    -63.46    -63.26    -63.36    -63.66    -64.16    -64.76    -65.26    -65.76    -66.26
    -66.66    -66.56    -66.16    -65.76    -65.86    -66.36    -66.86    -66.86    -66.56    -66.36
    -66.06    -65.66    -65.16    -65.16    -65.66    -66.26    -66.16    -65.46    -64.76    -64.66
    -65.16    -65.56    -65.66
    -66.06    -65.46    -65.16    -65.06    -65.06    -65.06    -65.26    -65.76    -66.16    -66.26
    -65.76    -64.96    -64.36    -64.16    -64.16    -64.06    -63.76    -63.46    -63.46    -63.66
    -63.76    -63.96    -63.86    -63.26    -62.46    -61.66    -61.36    -61.56    -61.86    -61.76
    -61.56    -61.56    -61.96    -62.46    -62.66    -62.76    -62.96    -63.36    -63.86    -64.06
    -63.86    -63.46    -63.16    -63.16    -63.56    -64.46    -65.36    -66.16    -66.56    -66.76
    -66.86    -66.76    -66.46    -66.06    -65.96    -66.36    -66.86    -66.86    -66.66    -66.36
    -66.26    -66.06    -65.86    -65.96    -66.46    -66.96    -66.86    -66.16    -65.46    -65.36
    -65.76    -66.06    -66.06
    -66.96    -66.36    -65.86    -65.56    -65.16    -64.86    -64.86    -65.36    -66.06    -66.46
    -66.06    -65.46    -64.96    -65.06    -65.16    -64.96    -64.36    -63.86    -63.86    -64.26
    -64.66    -64.96    -64.86    -64.36    -63.66    -63.06    -62.96    -63.06    -63.06    -62.76
    -62.36    -62.36    -62.66    -63.06    -63.36    -63.66    -63.86    -64.06    -64.16    -64.06
    -63.96    -63.86    -63.76    -63.86    -64.16    -64.86    -65.96    -66.76    -67.06    -66.96
    -66.76    -66.76    -66.76    -66.66    -66.56    -66.66    -66.76    -66.56    -66.36    -66.16
    -66.36    -66.46    -66.46    -66.46    -66.66    -66.96    -66.96    -66.56    -66.16    -66.06
    -66.26    -66.46    -66.46
    -67.06    -66.66    -66.36    -65.96    -65.36    -64.66    -64.36    -64.76    -65.66    -66.36
    -66.36    -65.76    -65.36    -65.46    -65.76    -65.66    -65.16    -64.76    -64.86    -65.16
    -65.36    -65.26    -64.96    -64.56    -64.26    -64.06    -64.26    -64.46    -64.36    -63.86
    -63.66    -63.76    -64.06    -64.26    -64.36    -64.56    -64.86    -64.86    -64.76    -64.66
    -64.76    -65.06    -65.26    -65.26    -65.16    -65.56    -66.36    -67.16    -67.46    -67.06
    -66.76    -66.76    -67.16    -67.26    -67.16    -66.86    -66.56    -66.36    -66.06    -65.96
    -66.26    -66.56    -66.66    -66.46    -66.26    -66.26    -66.46    -66.56    -66.46    -66.26
    -66.26    -66.26    -66.26
    -66.56    -66.36    -66.06    -65.76    -65.26    -64.66    -64.26    -64.56    -65.36    -66.16
    -66.16    -65.46    -64.96    -64.96    -65.36    -65.66    -65.76    -65.86    -66.06    -66.06
    -65.56    -65.06    -64.56    -64.26    -64.16    -64.36    -64.86    -65.06    -64.86    -64.36
    -64.36    -64.66    -65.06    -65.16    -65.06    -65.26    -65.56    -65.76    -65.76    -65.76
    -66.06    -66.46    -66.56    -66.26    -65.96    -65.96    -66.66    -67.46    -67.76    -67.46
    -66.96    -66.96    -67.36    -67.56    -67.26    -66.66    -66.26    -66.06    -65.96    -65.86
    -65.96    -66.06    -66.16    -66.06    -65.76    -65.66    -65.96    -66.36    -66.46    -66.26
    -65.96    -65.76    -65.76
    -66.26    -65.96    -65.56    -65.06    -64.66    -64.36    -64.36    -64.66    -65.16    -65.56
    -65.36    -64.76    -64.16    -64.16    -64.46    -65.06    -65.56    -66.06    -66.36    -66.06
    -65.46    -64.76    -64.46    -64.26    -64.16    -64.36    -64.66    -64.86    -64.66    -64.36
    -64.26    -64.66    -65.06    -65.26    -65.36    -65.46    -65.76    -65.96    -66.26    -66.46
    -66.86    -67.06    -66.96    -66.56    -66.16    -66.16    -66.66    -67.46    -67.86    -67.76
    -67.36    -67.16    -67.26    -67.16    -66.56    -65.86    -65.46    -65.66    -65.96    -65.96
    -65.66    -65.56    -65.56    -65.56    -65.56    -65.56    -65.76    -66.16    -66.36    -66.16
    -65.86    -65.56    -65.46
    -66.56    -66.16    -65.46    -64.56    -63.96    -63.96    -64.26    -64.66    -64.76    -64.56
    -64.36    -63.96    -63.76    -63.76    -63.96    -64.36    -64.76    -65.26    -65.56    -65.46
    -65.06    -64.86    -64.86    -64.76    -64.56    -64.26    -64.26    -64.46    -64.46    -64.16
    -63.96    -64.16    -64.56    -65.06    -65.46    -65.56    -65.56    -65.66    -65.86    -66.36
    -66.66    -66.86    -66.76    -66.66    -66.46    -66.46    -66.66    -67.16    -67.66    -67.76
    -67.56    -67.36    -67.06    -66.46    -65.66    -64.86    -64.76    -65.36    -65.96    -66.16
    -65.66    -65.26    -65.26    -65.46    -65.66    -65.66    -65.66    -65.96    -66.16    -66.16
    -65.96    -65.76    -65.46
    -66.76    -66.56    -65.76    -64.66    -63.76    -63.76    -64.16    -64.36    -64.06    -63.66
    -63.56    -63.56    -63.86    -64.06    -64.26    -64.26    -64.36    -64.56    -64.86    -65.06
    -65.16    -65.26    -65.36    -65.36    -64.86    -64.26    -63.96    -63.96    -64.06    -64.06
    -63.86    -63.86    -64.26    -65.06    -65.76    -65.96    -65.66    -65.26    -65.46    -65.86
    -66.26    -66.56    -66.86    -67.06    -67.06    -66.86    -66.66    -66.76    -67.06    -67.26
    -67.26    -67.06    -66.66    -66.06    -65.26    -64.66    -64.56    -65.16    -65.86    -66.16
    -65.76    -65.16    -65.06    -65.46    -65.76    -65.76    -65.56    -65.66    -65.86    -65.96
    -65.96    -65.86    -65.56
    -66.66    -66.66    -66.06    -65.06    -64.26    -63.96    -64.16    -64.26    -63.96    -63.56
    -63.56    -63.86    -64.26    -64.56    -64.66    -64.56    -64.36    -64.46    -64.86    -65.36
    -65.76    -65.96    -65.86    -65.56    -65.16    -64.46    -63.76    -63.46    -63.56    -63.76
    -63.66    -63.66    -64.06    -65.06    -65.96    -66.16    -65.86    -65.46    -65.46    -65.66
    -65.96    -66.36    -66.86    -67.26    -67.26    -66.96    -66.56    -66.56    -66.66    -66.76
    -66.66    -66.56    -66.36    -66.06    -65.66    -65.26    -65.16    -65.26    -65.56    -65.66
    -65.36    -64.86    -64.76    -65.06    -65.46    -65.66    -65.56    -65.46    -65.56    -65.66
    -65.76    -65.86    -65.86
