diamond 4 20年06月29日8时100百帕温度场
20 06 29  8  100 
2.500  -2.500  .0  180.0   90.0  .0
73  37
    -42.96    -42.96    -42.96    -42.96    -42.96    -42.96    -42.96    -42.96    -42.96    -42.96
    -42.96    -42.96    -42.96    -42.96    -42.96    -42.96    -42.96    -42.96    -42.96    -42.96
    -42.96    -42.96    -42.96    -42.96    -42.96    -42.96    -42.96    -42.96    -42.96    -42.96
    -42.96    -42.96    -42.96    -42.96    -42.96    -42.96    -42.96    -42.96    -42.96    -42.96
    -42.96    -42.96    -42.96    -42.96    -42.96    -42.96    -42.96    -42.96    -42.96    -42.96
    -42.96    -42.96    -42.96    -42.96    -42.96    -42.96    -42.96    -42.96    -42.96    -42.96
    -42.96    -42.96    -42.96    -42.96    -42.96    -42.96    -42.96    -42.96    -42.96    -42.96
    -42.96    -42.96    -42.96
    -43.06    -43.06    -42.96    -42.96    -42.96    -42.86    -42.86    -42.76    -42.76    -42.66
    -42.66    -42.56    -42.56    -42.56    -42.46    -42.46    -42.46    -42.36    -42.36    -42.36
    -42.26    -42.26    -42.26    -42.16    -42.16    -42.16    -42.16    -42.16    -42.06    -42.06
    -42.06    -42.06    -42.06    -42.06    -42.06    -42.06    -41.96    -41.96    -41.96    -41.96
    -41.96    -41.96    -41.96    -41.96    -42.06    -42.06    -42.06    -42.06    -42.06    -42.06
    -42.06    -42.06    -42.16    -42.16    -42.16    -42.16    -42.26    -42.26    -42.26    -42.26
    -42.36    -42.36    -42.46    -42.46    -42.46    -42.56    -42.56    -42.66    -42.66    -42.76
    -42.76    -42.86    -42.96
    -43.36    -43.26    -43.16    -43.06    -43.06    -42.96    -42.86    -42.76    -42.76    -42.66
    -42.56    -42.56    -42.46    -42.46    -42.36    -42.36    -42.26    -42.26    -42.16    -42.16
    -42.16    -42.16    -42.06    -42.06    -42.06    -42.06    -42.06    -42.06    -42.06    -42.06
    -42.06    -42.06    -42.06    -42.06    -42.06    -42.06    -42.06    -42.06    -42.06    -42.06
    -42.06    -42.06    -42.06    -42.06    -42.06    -42.06    -42.06    -42.06    -42.06    -42.06
    -42.06    -42.06    -42.06    -42.06    -42.16    -42.16    -42.16    -42.16    -42.16    -42.26
    -42.26    -42.36    -42.36    -42.46    -42.46    -42.56    -42.66    -42.66    -42.76    -42.86
    -42.96    -43.06    -43.16
    -43.46    -43.36    -43.26    -43.16    -43.06    -42.96    -42.86    -42.76    -42.66    -42.56
    -42.46    -42.46    -42.36    -42.36    -42.26    -42.26    -42.26    -42.26    -42.26    -42.26
    -42.36    -42.36    -42.36    -42.46    -42.46    -42.56    -42.56    -42.66    -42.66    -42.76
    -42.76    -42.76    -42.86    -42.86    -42.96    -42.96    -43.06    -43.06    -43.06    -43.06
    -43.16    -43.16    -43.16    -43.16    -43.16    -43.06    -43.06    -43.06    -43.06    -42.96
    -42.96    -42.86    -42.86    -42.76    -42.76    -42.76    -42.76    -42.76    -42.76    -42.76
    -42.76    -42.76    -42.76    -42.86    -42.86    -42.96    -42.96    -43.06    -43.16    -43.26
    -43.36    -43.36    -43.46
    -43.56    -43.46    -43.36    -43.16    -43.06    -42.96    -42.76    -42.66    -42.56    -42.46
    -42.36    -42.36    -42.26    -42.26    -42.26    -42.36    -42.36    -42.46    -42.56    -42.66
    -42.76    -42.96    -43.06    -43.16    -43.26    -43.36    -43.56    -43.66    -43.76    -43.76
    -43.86    -43.96    -44.06    -44.16    -44.16    -44.26    -44.36    -44.46    -44.46    -44.56
    -44.66    -44.66    -44.66    -44.66    -44.66    -44.56    -44.56    -44.46    -44.36    -44.26
    -44.16    -44.06    -43.96    -43.86    -43.76    -43.66    -43.56    -43.56    -43.46    -43.46
    -43.46    -43.46    -43.46    -43.46    -43.46    -43.46    -43.46    -43.56    -43.56    -43.66
    -43.66    -43.76    -43.86
    -43.96    -43.86    -43.76    -43.56    -43.36    -43.26    -43.06    -42.96    -42.76    -42.66
    -42.56    -42.56    -42.46    -42.56    -42.56    -42.66    -42.76    -42.86    -43.06    -43.26
    -43.46    -43.76    -43.96    -44.16    -44.36    -44.56    -44.66    -44.76    -44.96    -45.06
    -45.16    -45.16    -45.26    -45.36    -45.46    -45.56    -45.76    -45.86    -45.96    -46.06
    -46.16    -46.16    -46.26    -46.26    -46.16    -46.16    -46.06    -45.86    -45.76    -45.56
    -45.46    -45.26    -45.06    -44.96    -44.76    -44.66    -44.46    -44.36    -44.26    -44.16
    -44.16    -44.06    -43.96    -43.96    -43.86    -43.76    -43.76    -43.66    -43.66    -43.66
    -43.66    -43.66    -43.76
    -44.86    -44.66    -44.56    -44.36    -44.26    -44.06    -43.86    -43.76    -43.66    -43.46
    -43.36    -43.26    -43.26    -43.26    -43.26    -43.26    -43.36    -43.46    -43.66    -43.86
    -44.16    -44.36    -44.66    -44.96    -45.16    -45.36    -45.56    -45.76    -45.86    -46.06
    -46.16    -46.26    -46.46    -46.56    -46.76    -46.86    -47.06    -47.26    -47.36    -47.56
    -47.66    -47.76    -47.76    -47.76    -47.66    -47.66    -47.46    -47.36    -47.16    -46.96
    -46.76    -46.56    -46.26    -46.06    -45.86    -45.66    -45.46    -45.26    -45.06    -44.96
    -44.76    -44.56    -44.36    -44.16    -44.06    -43.86    -43.66    -43.46    -43.36    -43.16
    -43.16    -43.16    -43.16
    -46.06    -45.96    -45.86    -45.66    -45.46    -45.26    -45.16    -44.96    -44.86    -44.66
    -44.56    -44.46    -44.26    -44.16    -44.06    -43.96    -43.96    -43.96    -44.06    -44.16
    -44.36    -44.56    -44.86    -45.16    -45.36    -45.66    -45.86    -46.16    -46.36    -46.56
    -46.76    -47.06    -47.26    -47.56    -47.86    -48.16    -48.46    -48.66    -48.86    -49.06
    -49.16    -49.16    -49.26    -49.16    -49.16    -49.06    -48.86    -48.76    -48.56    -48.36
    -48.16    -47.96    -47.66    -47.46    -47.16    -46.86    -46.66    -46.36    -46.06    -45.76
    -45.46    -45.06    -44.76    -44.46    -44.16    -43.86    -43.56    -43.26    -42.96    -42.76
    -42.56    -42.46    -42.46
    -47.56    -47.56    -47.36    -47.16    -46.96    -46.66    -46.46    -46.26    -46.06    -45.86
    -45.76    -45.56    -45.36    -45.16    -44.96    -44.76    -44.56    -44.36    -44.26    -44.26
    -44.26    -44.46    -44.66    -44.86    -45.06    -45.36    -45.66    -45.96    -46.26    -46.56
    -46.96    -47.36    -47.76    -48.26    -48.76    -49.26    -49.66    -49.96    -50.16    -50.26
    -50.36    -50.36    -50.26    -50.26    -50.26    -50.16    -50.16    -50.06    -49.96    -49.76
    -49.56    -49.36    -49.16    -48.86    -48.66    -48.36    -48.06    -47.66    -47.26    -46.86
    -46.36    -45.96    -45.56    -45.16    -44.76    -44.46    -44.06    -43.76    -43.36    -43.06
    -42.76    -42.56    -42.36
    -48.86    -48.96    -48.86    -48.76    -48.46    -48.26    -47.96    -47.56    -47.36    -47.06
    -46.76    -46.56    -46.36    -46.06    -45.76    -45.56    -45.26    -44.96    -44.76    -44.56
    -44.46    -44.46    -44.46    -44.56    -44.76    -44.96    -45.26    -45.56    -45.86    -46.26
    -46.76    -47.36    -47.96    -48.66    -49.36    -49.96    -50.36    -50.76    -50.96    -50.96
    -50.96    -50.86    -50.86    -50.86    -50.96    -50.96    -51.06    -51.06    -50.96    -50.86
    -50.66    -50.56    -50.36    -50.16    -49.96    -49.76    -49.46    -49.16    -48.76    -48.36
    -47.86    -47.36    -46.86    -46.36    -46.06    -45.66    -45.36    -45.06    -44.66    -44.16
    -43.76    -43.36    -42.96
    -49.26    -49.46    -49.66    -49.76    -49.76    -49.56    -49.36    -49.06    -48.66    -48.36
    -47.96    -47.66    -47.36    -47.06    -46.76    -46.46    -46.16    -45.76    -45.46    -45.16
    -44.86    -44.66    -44.56    -44.56    -44.56    -44.76    -44.96    -45.16    -45.56    -45.96
    -46.46    -47.16    -47.86    -48.66    -49.46    -50.16    -50.66    -51.06    -51.26    -51.26
    -51.26    -51.16    -51.16    -51.16    -51.36    -51.56    -51.66    -51.76    -51.76    -51.56
    -51.36    -51.16    -50.96    -50.86    -50.76    -50.76    -50.66    -50.56    -50.26    -49.96
    -49.46    -48.86    -48.36    -47.86    -47.46    -47.16    -46.86    -46.46    -46.06    -45.56
    -45.06    -44.46    -43.96
    -48.16    -48.66    -49.16    -49.66    -50.06    -50.36    -50.46    -50.36    -50.16    -49.86
    -49.46    -49.06    -48.66    -48.26    -47.86    -47.46    -47.16    -46.76    -46.36    -45.86
    -45.46    -45.16    -44.86    -44.66    -44.56    -44.56    -44.76    -44.96    -45.36    -45.76
    -46.36    -46.96    -47.66    -48.56    -49.36    -50.26    -50.96    -51.46    -51.66    -51.76
    -51.66    -51.56    -51.56    -51.56    -51.76    -51.96    -52.06    -52.16    -52.16    -51.96
    -51.66    -51.46    -51.16    -51.06    -51.06    -51.06    -51.16    -51.16    -51.06    -50.86
    -50.46    -49.96    -49.46    -48.96    -48.56    -48.26    -47.96    -47.66    -47.26    -46.66
    -46.06    -45.46    -44.96
    -46.46    -46.96    -47.76    -48.66    -49.56    -50.36    -50.96    -51.36    -51.46    -51.46
    -51.16    -50.76    -50.26    -49.66    -49.16    -48.66    -48.16    -47.66    -47.16    -46.66
    -46.26    -45.76    -45.36    -45.06    -44.86    -44.76    -44.86    -45.06    -45.36    -45.76
    -46.26    -46.86    -47.66    -48.46    -49.46    -50.46    -51.36    -52.06    -52.46    -52.66
    -52.56    -52.36    -52.16    -52.06    -52.06    -52.06    -52.16    -52.16    -52.06    -51.96
    -51.76    -51.56    -51.26    -51.06    -50.86    -50.76    -50.76    -50.76    -50.76    -50.76
    -50.56    -50.36    -50.06    -49.66    -49.36    -49.06    -48.86    -48.56    -48.16    -47.66
    -47.16    -46.56    -46.16
    -45.56    -45.96    -46.66    -47.66    -48.86    -50.06    -51.16    -51.96    -52.56    -52.76
    -52.66    -52.36    -51.96    -51.26    -50.66    -49.96    -49.36    -48.76    -48.26    -47.76
    -47.36    -46.96    -46.66    -46.26    -45.86    -45.66    -45.46    -45.56    -45.66    -46.06
    -46.46    -47.06    -47.86    -48.76    -49.86    -51.06    -52.16    -52.96    -53.46    -53.56
    -53.46    -53.06    -52.76    -52.46    -52.26    -52.16    -52.16    -52.06    -51.96    -51.96
    -51.96    -51.76    -51.56    -51.26    -50.86    -50.56    -50.26    -50.16    -50.26    -50.46
    -50.56    -50.66    -50.56    -50.46    -50.36    -50.26    -50.06    -49.86    -49.46    -48.96
    -48.46    -48.06    -47.66
    -46.66    -46.66    -47.06    -47.96    -49.06    -50.36    -51.56    -52.56    -53.26    -53.76
    -53.96    -53.86    -53.56    -53.06    -52.46    -51.76    -51.06    -50.36    -49.76    -49.36
    -49.06    -48.76    -48.56    -48.26    -47.86    -47.46    -47.06    -46.86    -46.86    -46.96
    -47.36    -47.86    -48.56    -49.56    -50.66    -51.86    -52.96    -53.76    -54.16    -54.16
    -53.86    -53.46    -53.16    -52.96    -52.96    -52.86    -52.76    -52.66    -52.56    -52.46
    -52.46    -52.36    -52.16    -51.66    -51.16    -50.66    -50.36    -50.36    -50.56    -50.96
    -51.36    -51.66    -51.86    -51.96    -52.06    -52.16    -52.06    -51.86    -51.36    -50.86
    -50.36    -49.86    -49.46
    -49.26    -48.86    -48.96    -49.56    -50.46    -51.56    -52.66    -53.66    -54.36    -54.76
    -55.16    -55.36    -55.36    -55.26    -54.86    -54.26    -53.46    -52.66    -51.96    -51.36
    -50.96    -50.76    -50.56    -50.36    -50.06    -49.76    -49.46    -49.16    -48.96    -48.96
    -49.06    -49.46    -50.06    -50.96    -51.96    -53.06    -53.96    -54.46    -54.66    -54.36
    -54.06    -53.76    -53.66    -53.86    -54.06    -54.26    -54.26    -54.16    -53.86    -53.66
    -53.36    -53.06    -52.66    -52.16    -51.56    -51.26    -51.16    -51.36    -51.86    -52.36
    -52.86    -53.26    -53.56    -53.86    -54.16    -54.26    -54.36    -54.16    -53.66    -53.06
    -52.36    -51.76    -51.26
    -52.26    -51.66    -51.56    -51.86    -52.66    -53.66    -54.66    -55.46    -56.06    -56.46
    -56.86    -57.26    -57.66    -57.86    -57.76    -57.16    -56.36    -55.46    -54.56    -53.86
    -53.16    -52.66    -52.36    -52.06    -51.96    -51.96    -51.86    -51.86    -51.66    -51.56
    -51.56    -51.66    -52.06    -52.86    -53.66    -54.56    -55.26    -55.66    -55.56    -55.16
    -54.76    -54.56    -54.66    -55.06    -55.46    -55.76    -55.76    -55.56    -55.36    -54.96
    -54.56    -53.96    -53.26    -52.56    -51.96    -51.76    -51.96    -52.46    -53.06    -53.66
    -54.16    -54.66    -55.16    -55.66    -56.16    -56.46    -56.56    -56.36    -55.86    -55.26
    -54.46    -53.66    -53.06
    -55.26    -54.66    -54.36    -54.56    -55.36    -56.36    -57.26    -58.06    -58.56    -58.86
    -59.26    -59.76    -60.26    -60.56    -60.56    -60.06    -59.36    -58.46    -57.66    -56.86
    -55.96    -55.16    -54.36    -53.86    -53.66    -53.76    -54.06    -54.26    -54.26    -54.06
    -53.76    -53.76    -54.06    -54.76    -55.66    -56.66    -57.36    -57.76    -57.66    -57.36
    -56.96    -56.66    -56.46    -56.46    -56.56    -56.46    -56.46    -56.36    -56.36    -56.26
    -55.96    -55.36    -54.46    -53.56    -52.76    -52.46    -52.66    -53.16    -53.86    -54.56
    -55.16    -55.96    -56.86    -57.86    -58.56    -58.96    -58.96    -58.56    -57.96    -57.16
    -56.36    -55.56    -54.76
    -58.16    -57.76    -57.46    -57.66    -58.26    -59.16    -59.96    -60.66    -61.16    -61.46
    -61.86    -62.36    -62.76    -63.06    -62.96    -62.56    -61.96    -61.36    -60.76    -60.26
    -59.56    -58.56    -57.36    -56.36    -55.66    -55.56    -55.76    -56.06    -56.06    -55.76
    -55.36    -55.26    -55.66    -56.66    -58.06    -59.36    -60.36    -60.96    -61.06    -60.86
    -60.46    -59.86    -59.16    -58.56    -57.86    -57.36    -57.16    -57.26    -57.56    -57.86
    -57.86    -57.46    -56.46    -55.36    -54.36    -53.66    -53.56    -53.96    -54.66    -55.66
    -56.76    -58.16    -59.66    -60.96    -61.86    -62.06    -61.66    -60.86    -59.96    -58.96
    -58.06    -57.16    -56.26
    -60.76    -60.66    -60.66    -60.86    -61.26    -61.76    -62.36    -62.96    -63.36    -63.66
    -64.06    -64.56    -64.96    -65.16    -65.16    -64.76    -64.36    -63.96    -63.76    -63.66
    -63.26    -62.46    -61.16    -59.76    -58.66    -58.06    -57.96    -57.96    -57.76    -57.26
    -56.76    -56.86    -57.76    -59.36    -61.16    -62.76    -63.96    -64.66    -64.86    -64.76
    -64.36    -63.56    -62.66    -61.56    -60.66    -60.06    -59.76    -59.86    -60.26    -60.56
    -60.56    -60.06    -58.96    -57.66    -56.36    -55.46    -55.16    -55.46    -56.36    -57.76
    -59.56    -61.46    -63.26    -64.66    -65.36    -65.16    -64.46    -63.26    -61.96    -60.76
    -59.66    -58.46    -57.46
    -62.36    -62.96    -63.36    -63.66    -63.86    -64.16    -64.46    -64.86    -65.26    -65.66
    -66.16    -66.76    -67.36    -67.76    -67.86    -67.66    -67.36    -66.96    -66.76    -66.56
    -66.36    -65.86    -64.86    -63.66    -62.56    -61.76    -61.36    -61.16    -60.66    -60.06
    -59.66    -60.06    -61.36    -63.26    -65.16    -66.66    -67.56    -67.96    -68.16    -68.06
    -67.76    -67.06    -66.26    -65.46    -64.96    -64.66    -64.56    -64.56    -64.46    -64.26
    -63.66    -62.76    -61.46    -60.06    -58.66    -57.66    -57.36    -57.86    -59.16    -60.86
    -62.86    -64.76    -66.36    -67.36    -67.76    -67.46    -66.66    -65.56    -64.36    -62.96
    -61.46    -59.96    -58.76
    -63.36    -64.36    -65.16    -65.76    -66.06    -66.26    -66.56    -66.86    -67.46    -68.06
    -68.86    -69.76    -70.46    -71.06    -71.36    -71.36    -71.16    -70.66    -70.06    -69.46
    -68.96    -68.56    -68.06    -67.36    -66.66    -66.26    -66.06    -65.76    -65.36    -64.76
    -64.36    -64.86    -66.16    -67.86    -69.36    -70.26    -70.56    -70.56    -70.56    -70.56
    -70.36    -69.96    -69.46    -69.16    -69.26    -69.46    -69.46    -69.16    -68.56    -67.66
    -66.66    -65.56    -64.26    -62.86    -61.56    -60.66    -60.46    -61.16    -62.46    -64.16
    -65.86    -67.26    -68.16    -68.66    -68.76    -68.66    -68.36    -67.76    -66.76    -65.46
    -63.76    -62.06    -60.76
    -64.56    -65.66    -66.66    -67.36    -67.86    -68.26    -68.76    -69.36    -70.26    -71.16
    -72.26    -73.26    -73.96    -74.46    -74.76    -74.86    -74.76    -74.36    -73.46    -72.46
    -71.56    -71.06    -70.86    -70.66    -70.56    -70.46    -70.56    -70.46    -70.16    -69.66
    -69.36    -69.66    -70.56    -71.76    -72.66    -72.86    -72.76    -72.56    -72.66    -72.76
    -72.66    -72.36    -71.96    -71.86    -72.16    -72.46    -72.36    -71.86    -70.96    -70.16
    -69.46    -68.86    -67.96    -66.76    -65.46    -64.56    -64.56    -65.16    -66.26    -67.46
    -68.36    -69.06    -69.26    -69.36    -69.46    -69.56    -69.66    -69.46    -68.96    -67.76
    -66.16    -64.46    -63.26
    -66.76    -67.76    -68.56    -69.06    -69.46    -70.06    -70.86    -71.96    -73.06    -74.26
    -75.36    -76.26    -76.76    -76.76    -76.66    -76.66    -76.86    -76.86    -76.26    -75.26
    -74.36    -73.96    -73.76    -73.66    -73.66    -73.56    -73.66    -73.56    -73.36    -72.86
    -72.56    -72.66    -73.26    -73.96    -74.36    -74.56    -74.56    -74.66    -74.86    -75.06
    -74.86    -74.36    -73.86    -73.56    -73.66    -73.86    -73.66    -73.06    -72.46    -72.16
    -72.26    -72.36    -71.96    -70.86    -69.56    -68.76    -68.76    -69.36    -69.96    -70.46
    -70.56    -70.56    -70.56    -70.56    -70.66    -70.76    -70.76    -70.76    -70.36    -69.46
    -68.26    -66.96    -66.16
    -69.46    -70.26    -70.66    -70.86    -70.96    -71.56    -72.76    -74.16    -75.46    -76.46
    -77.26    -77.86    -77.86    -77.46    -77.06    -76.96    -77.26    -77.66    -77.56    -77.16
    -76.76    -76.66    -76.66    -76.46    -76.16    -75.76    -75.46    -75.26    -74.86    -74.46
    -74.16    -74.16    -74.46    -74.86    -75.26    -75.76    -76.36    -76.86    -77.26    -77.16
    -76.76    -76.06    -75.46    -75.26    -75.26    -75.36    -75.16    -74.76    -74.36    -74.36
    -74.76    -75.16    -74.76    -73.66    -72.36    -71.76    -71.86    -72.36    -72.46    -72.16
    -71.76    -71.56    -71.66    -71.96    -72.06    -72.06    -71.86    -71.56    -71.26    -70.76
    -70.26    -69.56    -69.06
    -71.46    -72.06    -72.36    -72.36    -72.46    -73.16    -74.46    -76.06    -77.26    -77.86
    -78.06    -78.16    -77.96    -77.36    -76.86    -76.86    -77.26    -77.76    -77.86    -77.76
    -77.96    -78.46    -78.76    -78.66    -78.16    -77.66    -77.16    -76.76    -76.36    -75.96
    -75.76    -75.66    -75.76    -75.96    -76.26    -76.96    -77.96    -78.66    -78.96    -78.66
    -78.16    -77.66    -77.46    -77.26    -77.26    -77.36    -77.46    -77.36    -77.06    -76.76
    -76.66    -76.46    -75.86    -74.76    -73.66    -73.26    -73.36    -73.36    -72.86    -71.86
    -71.06    -71.06    -71.76    -72.56    -72.96    -72.96    -72.76    -72.46    -72.26    -72.16
    -72.16    -72.06    -71.86
    -72.46    -73.06    -73.56    -73.86    -74.06    -74.76    -75.96    -77.36    -78.36    -78.66
    -78.46    -78.16    -77.86    -77.46    -77.36    -77.56    -77.96    -78.16    -78.06    -77.96
    -78.46    -79.26    -79.86    -79.86    -79.66    -79.36    -79.16    -78.86    -78.36    -77.96
    -77.86    -77.96    -77.96    -77.76    -77.76    -78.06    -78.66    -79.36    -79.46    -79.36
    -79.16    -79.36    -79.56    -79.46    -79.26    -79.16    -79.36    -79.56    -79.26    -78.46
    -77.66    -76.96    -76.26    -75.46    -74.86    -74.46    -73.96    -73.06    -71.46    -69.86
    -69.16    -69.66    -71.16    -72.56    -73.46    -73.76    -73.66    -73.56    -73.36    -73.36
    -73.36    -73.46    -73.46
    -73.46    -74.16    -74.96    -75.66    -75.96    -76.36    -77.06    -78.06    -78.86    -79.06
    -78.76    -78.36    -78.16    -78.16    -78.36    -78.66    -78.96    -78.96    -78.56    -78.36
    -78.76    -79.56    -80.06    -80.16    -80.06    -80.26    -80.46    -80.36    -79.86    -79.46
    -79.46    -79.86    -80.06    -79.66    -79.06    -78.56    -78.66    -79.16    -79.46    -79.66
    -79.96    -80.66    -81.16    -81.06    -80.26    -79.76    -79.96    -80.46    -80.26    -79.36
    -78.06    -77.16    -76.66    -76.56    -76.56    -76.16    -74.96    -72.86    -70.26    -68.26
    -67.76    -69.06    -71.26    -73.36    -74.46    -74.76    -74.56    -74.16    -73.76    -73.46
    -73.26    -73.36    -73.56
    -75.26    -76.06    -77.16    -77.96    -78.16    -77.76    -77.66    -78.06    -78.76    -79.06
    -78.96    -78.76    -78.76    -78.96    -79.16    -79.36    -79.36    -79.06    -78.66    -78.66
    -79.16    -79.86    -80.06    -79.76    -79.66    -79.96    -80.26    -80.36    -79.96    -79.46
    -79.66    -80.26    -80.86    -80.66    -79.66    -78.66    -78.56    -79.16    -79.86    -80.26
    -80.46    -80.96    -81.46    -81.36    -80.66    -80.06    -80.26    -80.76    -80.56    -79.56
    -78.06    -77.06    -76.86    -77.36    -77.86    -77.56    -76.06    -73.36    -70.36    -68.46
    -68.56    -70.36    -73.06    -75.26    -76.36    -76.16    -75.16    -74.16    -73.16    -72.36
    -71.96    -72.26    -72.96
    -77.26    -78.26    -79.36    -80.16    -79.96    -78.96    -78.06    -78.06    -78.66    -79.06
    -78.86    -78.66    -78.86    -79.26    -79.46    -79.26    -78.96    -78.46    -78.26    -78.66
    -79.36    -79.96    -79.96    -79.36    -78.86    -78.86    -79.16    -79.46    -79.36    -79.16
    -79.26    -79.86    -80.56    -80.56    -79.66    -78.66    -78.76    -79.86    -80.96    -81.06
    -80.56    -80.16    -80.26    -80.56    -80.66    -80.76    -81.06    -81.16    -80.66    -79.26
    -77.56    -76.36    -76.16    -76.76    -77.66    -77.96    -76.86    -74.66    -72.16    -70.86
    -71.16    -72.96    -75.56    -77.66    -78.36    -77.56    -75.86    -74.06    -72.46    -71.46
    -71.06    -71.56    -72.76
    -78.26    -79.36    -80.46    -81.06    -80.76    -79.56    -78.46    -78.46    -79.06    -79.06
    -78.36    -77.76    -78.06    -78.86    -79.26    -79.16    -78.66    -78.26    -78.16    -78.46
    -79.16    -79.66    -79.56    -78.96    -78.26    -77.96    -78.16    -78.76    -79.26    -79.46
    -79.46    -79.76    -80.26    -80.36    -79.56    -78.66    -78.96    -80.36    -81.56    -81.36
    -79.96    -78.76    -78.56    -79.36    -80.36    -81.16    -81.46    -81.06    -79.96    -78.36
    -76.56    -75.36    -75.16    -75.76    -76.86    -77.56    -77.36    -76.26    -74.96    -74.26
    -74.56    -75.76    -77.56    -79.16    -79.76    -78.76    -76.86    -74.76    -73.06    -72.06
    -71.66    -72.16    -73.56
    -78.26    -79.16    -80.06    -80.56    -80.36    -79.46    -78.86    -79.06    -79.56    -79.16
    -77.76    -76.56    -76.66    -77.76    -78.66    -79.06    -78.86    -78.66    -78.56    -78.56
    -78.66    -78.66    -78.66    -78.36    -77.96    -77.56    -77.66    -78.26    -79.16    -79.76
    -79.76    -79.86    -80.16    -80.26    -79.46    -78.56    -78.56    -79.66    -80.66    -80.46
    -79.16    -77.96    -77.86    -78.66    -79.66    -80.26    -80.26    -79.56    -78.36    -76.96
    -75.76    -75.16    -75.16    -75.86    -76.96    -77.76    -78.06    -77.86    -77.56    -77.56
    -77.66    -78.06    -78.86    -79.86    -80.26    -79.56    -77.96    -76.26    -75.06    -74.26
    -73.76    -73.96    -75.06
    -78.16    -78.66    -79.16    -79.56    -79.46    -79.06    -78.76    -79.26    -79.76    -79.06
    -77.36    -75.96    -75.76    -76.66    -77.66    -78.26    -78.66    -78.96    -79.06    -78.66
    -78.06    -77.46    -77.46    -77.86    -78.16    -77.96    -77.56    -77.66    -78.16    -78.56
    -78.76    -78.96    -79.46    -79.76    -79.26    -78.16    -77.56    -77.86    -78.46    -78.76
    -78.46    -78.26    -78.26    -78.46    -78.46    -78.36    -77.96    -77.46    -76.86    -76.36
    -76.06    -75.96    -76.36    -77.06    -77.96    -78.56    -78.76    -79.06    -79.46    -79.96
    -80.16    -80.06    -80.16    -80.46    -80.66    -80.06    -78.96    -77.96    -77.46    -77.06
    -76.56    -76.26    -76.66
    -78.66    -78.76    -78.76    -78.96    -79.06    -78.96    -78.96    -79.36    -79.66    -79.16
    -77.76    -76.46    -76.16    -76.46    -76.66    -76.76    -77.06    -77.76    -78.36    -78.16
    -77.36    -76.56    -76.56    -77.66    -78.76    -78.86    -78.06    -77.16    -76.66    -76.56
    -76.76    -77.16    -78.06    -78.76    -78.66    -77.86    -76.96    -76.56    -76.66    -77.16
    -78.06    -78.76    -78.86    -78.16    -76.96    -76.16    -75.96    -76.36    -76.86    -77.16
    -77.16    -77.06    -77.26    -77.76    -78.46    -78.86    -79.26    -79.76    -80.56    -81.36
    -81.76    -81.76    -81.66    -81.56    -81.36    -80.66    -79.96    -79.56    -79.66    -79.56
    -79.06    -78.46    -78.26
    -79.16    -78.96    -78.76    -78.76    -79.26    -79.86    -80.26    -80.36    -80.26    -79.56
    -78.56    -77.86    -77.56    -77.16    -76.36    -75.36    -74.96    -75.46    -76.56    -77.16
    -76.86    -76.16    -76.36    -77.76    -79.36    -79.86    -78.96    -77.46    -76.36    -75.86
    -75.96    -76.36    -77.16    -77.76    -77.96    -77.66    -77.06    -76.46    -76.26    -76.76
    -77.86    -78.76    -78.46    -76.96    -75.26    -74.36    -74.66    -75.76    -77.06    -77.76
    -77.76    -77.26    -76.96    -77.26    -77.96    -78.76    -79.56    -80.46    -81.36    -82.16
    -82.56    -82.86    -82.96    -82.76    -82.26    -81.56    -81.06    -81.16    -81.56    -81.56
    -80.96    -79.96    -79.36
    -78.56    -78.36    -78.06    -78.36    -79.36    -80.86    -81.86    -82.06    -81.36    -80.06
    -78.96    -78.46    -78.46    -78.16    -76.76    -74.96    -73.76    -73.86    -75.16    -76.36
    -76.66    -76.36    -76.46    -77.56    -79.06    -79.66    -79.06    -78.06    -77.26    -77.06
    -77.16    -77.36    -77.56    -77.56    -77.56    -77.46    -77.46    -77.26    -76.96    -77.16
    -77.86    -78.16    -77.36    -75.56    -73.76    -72.86    -73.16    -74.26    -75.66    -76.66
    -76.86    -76.56    -76.26    -76.66    -77.56    -78.86    -80.26    -81.66    -82.56    -82.86
    -82.96    -83.16    -83.36    -83.26    -82.76    -82.16    -81.96    -82.36    -82.76    -82.66
    -81.76    -80.46    -79.56
    -76.86    -76.96    -76.96    -77.46    -78.86    -80.86    -82.36    -82.66    -81.56    -79.66
    -78.06    -77.56    -77.96    -78.06    -77.16    -75.56    -74.06    -73.76    -74.66    -75.96
    -76.66    -76.66    -76.66    -77.06    -77.76    -77.96    -77.66    -77.46    -77.76    -78.26
    -78.66    -78.66    -78.36    -77.96    -77.46    -77.36    -77.56    -77.56    -77.46    -77.46
    -77.76    -77.86    -76.96    -75.46    -73.76    -72.46    -71.76    -71.86    -72.86    -74.16
    -75.16    -75.76    -76.16    -76.86    -77.96    -79.36    -81.06    -82.66    -83.56    -83.56
    -83.16    -82.96    -83.06    -82.96    -82.46    -81.86    -81.86    -82.36    -82.86    -82.56
    -81.66    -80.46    -79.56
