diamond 4 20年06月27日8时250百帕温度场
20 06 27  8  250 
2.500  -2.500  .0  180.0   90.0  .0
73  37
    -41.56    -41.56    -41.56    -41.56    -41.56    -41.56    -41.56    -41.56    -41.56    -41.56
    -41.56    -41.56    -41.56    -41.56    -41.56    -41.56    -41.56    -41.56    -41.56    -41.56
    -41.56    -41.56    -41.56    -41.56    -41.56    -41.56    -41.56    -41.56    -41.56    -41.56
    -41.56    -41.56    -41.56    -41.56    -41.56    -41.56    -41.56    -41.56    -41.56    -41.56
    -41.56    -41.56    -41.56    -41.56    -41.56    -41.56    -41.56    -41.56    -41.56    -41.56
    -41.56    -41.56    -41.56    -41.56    -41.56    -41.56    -41.56    -41.56    -41.56    -41.56
    -41.56    -41.56    -41.56    -41.56    -41.56    -41.56    -41.56    -41.56    -41.56    -41.56
    -41.56    -41.56    -41.56
    -42.86    -42.76    -42.66    -42.66    -42.56    -42.56    -42.46    -42.36    -42.36    -42.26
    -42.16    -42.16    -42.06    -41.96    -41.96    -41.86    -41.86    -41.76    -41.66    -41.66
    -41.56    -41.56    -41.46    -41.36    -41.36    -41.26    -41.26    -41.16    -41.16    -41.06
    -41.06    -40.96    -40.96    -40.96    -40.86    -40.86    -40.86    -40.76    -40.76    -40.76
    -40.76    -40.76    -40.76    -40.76    -40.76    -40.76    -40.76    -40.76    -40.86    -40.86
    -40.86    -40.96    -40.96    -41.06    -41.16    -41.16    -41.26    -41.36    -41.46    -41.56
    -41.66    -41.76    -41.86    -41.96    -42.06    -42.16    -42.26    -42.36    -42.46    -42.66
    -42.76    -42.86    -43.06
    -46.16    -46.16    -46.06    -45.96    -45.86    -45.86    -45.76    -45.66    -45.56    -45.46
    -45.36    -45.26    -45.16    -44.96    -44.86    -44.76    -44.56    -44.46    -44.26    -44.16
    -43.96    -43.76    -43.66    -43.46    -43.36    -43.16    -43.06    -42.86    -42.76    -42.56
    -42.46    -42.26    -42.16    -42.06    -41.96    -41.86    -41.76    -41.66    -41.56    -41.46
    -41.46    -41.36    -41.36    -41.36    -41.36    -41.36    -41.36    -41.36    -41.36    -41.46
    -41.46    -41.56    -41.66    -41.66    -41.76    -41.86    -41.96    -42.06    -42.26    -42.36
    -42.46    -42.66    -42.76    -42.96    -43.16    -43.36    -43.56    -43.76    -43.96    -44.26
    -44.56    -44.76    -45.06
    -49.16    -49.16    -49.26    -49.26    -49.26    -49.26    -49.26    -49.16    -49.06    -48.96
    -48.76    -48.56    -48.36    -48.06    -47.76    -47.46    -47.16    -46.86    -46.56    -46.26
    -45.86    -45.56    -45.26    -45.06    -44.76    -44.56    -44.26    -44.06    -43.86    -43.66
    -43.46    -43.36    -43.16    -43.06    -42.96    -42.86    -42.76    -42.66    -42.66    -42.56
    -42.56    -42.66    -42.66    -42.76    -42.86    -42.96    -43.06    -43.16    -43.26    -43.36
    -43.46    -43.56    -43.66    -43.76    -43.76    -43.86    -43.86    -43.86    -43.86    -43.86
    -43.76    -43.76    -43.76    -43.86    -43.86    -43.96    -44.06    -44.16    -44.36    -44.66
    -44.86    -45.16    -45.56
    -49.86    -50.16    -50.36    -50.56    -50.76    -50.96    -51.06    -51.16    -51.06    -50.96
    -50.76    -50.46    -50.06    -49.66    -49.16    -48.56    -48.06    -47.46    -46.96    -46.46
    -45.96    -45.56    -45.26    -44.96    -44.66    -44.56    -44.36    -44.26    -44.16    -44.06
    -44.06    -43.96    -43.86    -43.86    -43.86    -43.86    -43.86    -43.96    -44.06    -44.26
    -44.46    -44.76    -45.06    -45.36    -45.76    -46.06    -46.46    -46.86    -47.16    -47.46
    -47.76    -47.86    -47.96    -47.96    -47.86    -47.76    -47.46    -47.16    -46.86    -46.36
    -45.96    -45.56    -45.16    -44.76    -44.46    -44.16    -43.96    -43.86    -43.76    -43.86
    -43.96    -44.26    -44.56
    -48.96    -49.26    -49.66    -50.06    -50.46    -50.86    -51.06    -51.26    -51.36    -51.26
    -51.06    -50.66    -50.06    -49.46    -48.66    -47.86    -47.16    -46.36    -45.76    -45.26
    -44.86    -44.56    -44.46    -44.36    -44.46    -44.66    -44.76    -44.96    -45.16    -45.26
    -45.46    -45.56    -45.66    -45.76    -45.86    -45.96    -46.16    -46.36    -46.66    -46.96
    -47.36    -47.86    -48.46    -49.06    -49.66    -50.26    -50.96    -51.46    -52.06    -52.46
    -52.76    -52.96    -52.96    -52.86    -52.56    -52.16    -51.56    -50.86    -50.06    -49.26
    -48.36    -47.46    -46.56    -45.76    -45.06    -44.46    -43.96    -43.56    -43.36    -43.26
    -43.26    -43.46    -43.76
    -48.36    -48.56    -48.86    -49.16    -49.56    -49.86    -50.16    -50.26    -50.36    -50.16
    -49.76    -49.26    -48.46    -47.66    -46.66    -45.76    -44.86    -44.16    -43.56    -43.36
    -43.36    -43.56    -43.96    -44.56    -45.16    -45.86    -46.46    -47.06    -47.46    -47.86
    -48.06    -48.26    -48.46    -48.66    -48.76    -48.96    -49.26    -49.56    -49.96    -50.36
    -50.76    -51.26    -51.76    -52.36    -52.86    -53.46    -53.96    -54.46    -54.96    -55.26
    -55.46    -55.56    -55.46    -55.26    -54.86    -54.36    -53.66    -52.86    -51.86    -50.86
    -49.76    -48.66    -47.56    -46.46    -45.46    -44.66    -43.86    -43.36    -43.06    -42.86
    -42.96    -43.16    -43.56
    -49.36    -49.26    -49.26    -49.26    -49.36    -49.36    -49.46    -49.36    -49.16    -48.76
    -48.06    -47.26    -46.26    -45.16    -43.96    -42.86    -41.96    -41.26    -41.06    -41.16
    -41.66    -42.56    -43.66    -44.86    -46.06    -47.06    -48.06    -48.76    -49.26    -49.66
    -49.96    -50.26    -50.56    -50.86    -51.26    -51.66    -52.16    -52.56    -52.96    -53.26
    -53.56    -53.76    -53.96    -54.06    -54.16    -54.26    -54.46    -54.46    -54.56    -54.66
    -54.66    -54.56    -54.56    -54.36    -54.16    -53.86    -53.46    -53.06    -52.46    -51.66
    -50.86    -49.76    -48.66    -47.36    -46.06    -44.86    -43.66    -42.66    -41.96    -41.56
    -41.46    -41.66    -42.26
    -50.56    -50.46    -50.36    -50.26    -50.16    -49.96    -49.76    -49.46    -48.96    -48.36
    -47.46    -46.46    -45.36    -44.06    -42.76    -41.56    -40.56    -39.96    -39.76    -40.06
    -40.76    -41.86    -43.16    -44.46    -45.66    -46.66    -47.46    -47.96    -48.36    -48.66
    -49.06    -49.66    -50.36    -51.16    -52.16    -53.06    -53.96    -54.66    -55.06    -55.26
    -55.26    -55.06    -54.76    -54.36    -54.06    -53.76    -53.46    -53.26    -53.06    -52.86
    -52.76    -52.66    -52.66    -52.76    -52.86    -53.06    -53.26    -53.46    -53.46    -53.36
    -52.96    -52.26    -51.16    -49.76    -47.96    -46.06    -43.96    -42.16    -40.56    -39.36
    -38.86    -38.96    -39.56
    -50.56    -50.56    -50.56    -50.76    -50.86    -50.86    -50.66    -50.46    -49.96    -49.46
    -48.86    -48.06    -47.16    -46.16    -45.06    -44.06    -43.06    -42.46    -42.06    -42.06
    -42.46    -42.96    -43.66    -44.26    -44.76    -44.96    -45.06    -45.06    -45.16    -45.56
    -46.16    -47.26    -48.76    -50.36    -52.06    -53.66    -54.86    -55.66    -56.06    -55.96
    -55.66    -55.06    -54.46    -53.96    -53.56    -53.26    -53.06    -52.96    -52.86    -52.76
    -52.66    -52.56    -52.66    -52.76    -53.16    -53.56    -54.16    -54.76    -55.36    -55.76
    -55.96    -55.66    -54.86    -53.56    -51.66    -49.26    -46.46    -43.76    -41.26    -39.36
    -38.16    -37.96    -38.66
    -49.26    -49.26    -49.56    -50.06    -50.66    -51.06    -51.36    -51.46    -51.36    -51.26
    -51.16    -50.96    -50.86    -50.66    -50.26    -49.76    -49.26    -48.66    -48.16    -47.76
    -47.36    -46.96    -46.46    -45.76    -44.96    -44.16    -43.36    -42.86    -42.86    -43.36
    -44.46    -46.16    -48.16    -50.36    -52.46    -54.26    -55.46    -55.96    -55.96    -55.56
    -54.86    -54.16    -53.56    -53.26    -53.16    -53.26    -53.46    -53.76    -53.86    -53.96
    -53.96    -53.86    -53.86    -53.86    -54.06    -54.36    -54.86    -55.46    -56.06    -56.76
    -57.26    -57.56    -57.46    -56.86    -55.56    -53.66    -51.26    -48.66    -45.96    -43.86
    -42.46    -42.06    -42.66
    -48.46    -48.16    -48.56    -49.26    -50.16    -51.06    -51.66    -51.96    -52.16    -52.36
    -52.66    -53.16    -53.66    -54.16    -54.56    -54.86    -54.86    -54.76    -54.46    -54.06
    -53.36    -52.26    -50.86    -49.16    -47.26    -45.56    -44.26    -43.66    -43.86    -44.66
    -46.16    -47.96    -50.06    -51.96    -53.66    -54.86    -55.46    -55.56    -55.16    -54.46
    -53.66    -52.96    -52.66    -52.56    -52.76    -53.16    -53.56    -53.96    -54.16    -54.36
    -54.36    -54.36    -54.36    -54.26    -54.26    -54.26    -54.26    -54.46    -54.86    -55.36
    -55.96    -56.76    -57.36    -57.76    -57.76    -57.16    -55.96    -54.36    -52.56    -50.86
    -49.76    -49.36    -49.86
    -49.06    -48.56    -48.76    -49.56    -50.46    -51.26    -51.86    -52.16    -52.36    -52.56
    -52.86    -53.36    -53.96    -54.56    -55.16    -55.66    -56.16    -56.66    -57.06    -57.26
    -57.06    -56.06    -54.36    -52.16    -49.76    -47.86    -46.76    -46.66    -47.46    -48.76
    -50.36    -51.86    -52.96    -53.86    -54.46    -54.76    -54.76    -54.46    -53.96    -53.36
    -52.86    -52.46    -52.26    -52.36    -52.46    -52.66    -52.86    -52.96    -53.16    -53.36
    -53.56    -53.86    -53.96    -53.96    -53.76    -53.56    -53.26    -53.06    -53.06    -53.36
    -53.86    -54.66    -55.66    -56.66    -57.46    -57.86    -57.86    -57.36    -56.56    -55.66
    -55.06    -54.86    -55.06
    -50.06    -49.86    -50.06    -50.46    -50.86    -51.26    -51.46    -51.66    -51.66    -51.86
    -52.06    -52.36    -52.66    -52.76    -52.96    -53.16    -53.56    -54.46    -55.66    -56.76
    -57.36    -56.86    -55.16    -52.66    -50.06    -48.26    -47.76    -48.66    -50.56    -52.66
    -54.26    -54.96    -54.96    -54.46    -53.76    -53.36    -53.16    -53.06    -52.96    -52.76
    -52.66    -52.56    -52.56    -52.56    -52.46    -52.26    -51.96    -51.86    -51.96    -52.36
    -52.86    -53.46    -53.76    -53.86    -53.56    -53.06    -52.56    -52.16    -52.06    -52.26
    -52.66    -53.36    -54.26    -55.16    -55.86    -56.46    -56.66    -56.66    -56.36    -56.16
    -55.86    -55.76    -55.66
    -50.36    -50.76    -50.86    -50.66    -50.36    -50.06    -49.86    -49.86    -50.16    -50.66
    -51.16    -51.56    -51.76    -51.56    -51.26    -50.96    -51.26    -52.06    -53.56    -55.26
    -56.16    -55.76    -53.86    -50.76    -47.66    -45.66    -45.66    -47.66    -50.86    -53.86
    -55.76    -55.96    -55.06    -53.46    -52.16    -51.46    -51.36    -51.66    -51.96    -52.16
    -52.26    -52.46    -52.56    -52.46    -52.26    -51.86    -51.46    -51.16    -51.36    -51.96
    -52.76    -53.46    -53.76    -53.66    -53.06    -52.26    -51.56    -51.16    -51.16    -51.46
    -52.06    -52.86    -53.56    -54.26    -54.76    -54.96    -54.96    -54.76    -54.66    -54.66
    -54.66    -54.46    -54.06
    -49.96    -50.86    -50.86    -50.06    -48.86    -47.96    -47.46    -47.76    -48.56    -49.66
    -50.66    -51.46    -51.86    -51.86    -51.66    -51.36    -51.46    -52.06    -53.36    -54.66
    -55.36    -54.66    -52.06    -48.16    -44.36    -42.06    -42.16    -44.86    -48.96    -52.76
    -55.06    -55.26    -54.06    -52.26    -50.86    -50.36    -50.46    -50.76    -51.06    -51.16
    -51.16    -51.36    -51.66    -51.76    -51.66    -51.36    -50.96    -50.86    -50.96    -51.56
    -52.26    -52.76    -52.86    -52.36    -51.66    -50.76    -50.16    -49.86    -50.06    -50.46
    -51.06    -51.76    -52.56    -53.26    -53.96    -54.26    -54.36    -54.26    -54.16    -54.16
    -54.26    -54.06    -53.26
    -49.56    -50.66    -50.56    -49.56    -48.06    -46.86    -46.56    -47.06    -48.26    -49.56
    -50.66    -51.36    -51.76    -51.96    -52.16    -52.26    -52.46    -52.86    -53.46    -54.16
    -54.36    -53.36    -50.76    -46.86    -42.96    -40.56    -40.56    -43.16    -47.26    -51.26
    -53.66    -54.06    -53.16    -51.86    -50.96    -50.76    -50.86    -50.86    -50.56    -50.16
    -49.96    -50.16    -50.56    -50.86    -51.06    -50.86    -50.66    -50.56    -50.66    -50.96
    -51.16    -51.26    -51.06    -50.56    -50.06    -49.66    -49.56    -49.76    -50.06    -50.26
    -50.26    -50.16    -50.46    -51.16    -52.06    -53.06    -53.76    -54.06    -54.06    -54.16
    -54.16    -53.86    -52.76
    -49.56    -50.66    -50.66    -49.76    -48.46    -47.56    -47.46    -48.06    -49.16    -50.06
    -50.36    -50.16    -49.76    -49.56    -49.86    -50.36    -50.86    -51.16    -51.26    -51.36
    -51.36    -50.76    -49.36    -46.96    -44.16    -42.26    -42.06    -43.96    -47.06    -50.16
    -52.16    -52.76    -52.36    -51.86    -51.76    -51.86    -51.76    -51.26    -50.36    -49.56
    -49.16    -49.36    -49.86    -50.26    -50.46    -50.56    -50.66    -50.86    -51.06    -51.16
    -50.96    -50.46    -49.96    -49.56    -49.46    -49.66    -50.26    -51.06    -51.46    -51.16
    -50.16    -48.86    -47.86    -47.76    -48.56    -49.96    -51.26    -52.06    -52.46    -52.66
    -52.56    -52.06    -50.86
    -49.76    -50.46    -50.56    -49.86    -48.96    -48.26    -48.16    -48.46    -49.06    -49.16
    -48.46    -47.06    -45.46    -44.46    -44.36    -45.06    -45.86    -46.36    -46.36    -46.26
    -46.36    -46.66    -46.86    -46.56    -45.66    -44.86    -44.56    -45.36    -46.96    -48.66
    -49.86    -50.46    -50.66    -50.96    -51.46    -51.76    -51.46    -50.56    -49.36    -48.46
    -48.16    -48.56    -48.96    -49.26    -49.46    -49.66    -50.36    -51.16    -51.86    -52.06
    -51.66    -50.76    -49.86    -49.26    -48.96    -49.16    -49.96    -50.96    -51.66    -51.46
    -49.96    -47.66    -45.36    -44.16    -44.36    -45.66    -47.16    -48.56    -49.46    -49.96
    -50.06    -49.56    -48.16
    -49.86    -50.06    -49.76    -49.16    -48.36    -47.36    -46.56    -45.96    -45.76    -45.36
    -44.36    -42.56    -40.46    -38.86    -38.36    -38.96    -40.16    -41.06    -41.46    -41.36
    -41.56    -42.16    -43.16    -44.16    -44.76    -44.76    -44.66    -44.66    -45.06    -45.56
    -46.06    -46.46    -46.96    -47.76    -48.56    -48.96    -48.66    -47.56    -46.46    -45.66
    -45.66    -46.16    -46.66    -46.96    -47.06    -47.56    -48.56    -49.96    -51.06    -51.46
    -51.06    -50.06    -48.86    -47.76    -46.96    -46.46    -46.66    -47.46    -48.46    -48.76
    -47.86    -45.76    -43.36    -41.56    -41.26    -42.06    -43.66    -45.36    -46.96    -48.26
    -48.86    -48.36    -46.76
    -49.76    -49.26    -48.56    -47.86    -46.86    -45.26    -43.26    -41.46    -40.36    -39.86
    -39.26    -38.26    -36.76    -35.46    -34.96    -35.46    -36.66    -37.86    -38.56    -38.76
    -38.66    -38.86    -39.46    -40.36    -41.16    -41.56    -41.56    -41.36    -41.26    -41.16
    -41.26    -41.46    -41.86    -42.56    -43.36    -43.86    -43.66    -42.86    -41.96    -41.46
    -41.66    -42.26    -42.96    -43.36    -43.66    -44.16    -45.16    -46.26    -47.26    -47.66
    -47.26    -46.46    -45.56    -44.46    -43.46    -42.46    -41.96    -42.26    -43.06    -43.86
    -43.86    -42.96    -41.36    -40.16    -39.76    -40.36    -41.66    -43.46    -45.46    -47.36
    -48.56    -48.36    -46.76
    -48.76    -47.86    -47.16    -46.66    -45.56    -43.46    -40.56    -37.76    -36.16    -35.76
    -35.96    -36.16    -35.76    -35.16    -34.86    -35.06    -35.86    -36.86    -37.66    -38.06
    -37.86    -37.46    -37.16    -37.26    -37.66    -38.06    -38.16    -38.06    -37.86    -37.66
    -37.36    -37.16    -37.06    -37.36    -37.96    -38.56    -38.76    -38.36    -37.86    -37.46
    -37.46    -38.06    -38.76    -39.56    -40.16    -40.56    -41.06    -41.56    -41.96    -42.16
    -41.96    -41.56    -41.16    -40.76    -40.26    -39.76    -39.26    -39.16    -39.46    -40.06
    -40.46    -40.36    -39.86    -39.46    -39.46    -39.86    -40.66    -41.96    -43.76    -45.76
    -47.16    -47.16    -45.76
    -46.66    -45.96    -45.56    -45.36    -44.36    -42.16    -39.26    -36.66    -35.16    -34.86
    -35.46    -36.06    -36.46    -36.46    -36.36    -36.16    -36.16    -36.46    -37.06    -37.56
    -37.66    -37.36    -36.86    -36.56    -36.56    -36.86    -36.96    -36.86    -36.66    -36.26
    -35.66    -34.86    -34.26    -34.16    -34.56    -35.16    -35.56    -35.66    -35.36    -34.96
    -34.76    -35.06    -35.66    -36.46    -37.26    -37.66    -37.86    -37.96    -38.16    -38.36
    -38.46    -38.26    -38.06    -38.16    -38.56    -38.96    -39.26    -39.16    -38.96    -38.86
    -38.86    -38.86    -38.96    -39.16    -39.36    -39.56    -39.76    -40.26    -41.26    -42.76
    -43.96    -44.06    -43.16
    -44.56    -44.06    -43.86    -43.56    -42.56    -40.86    -38.76    -37.16    -36.46    -36.36
    -36.56    -36.76    -36.96    -37.26    -37.16    -36.76    -36.16    -35.76    -35.86    -36.46
    -37.06    -37.26    -37.26    -37.16    -37.36    -37.56    -37.56    -37.36    -36.96    -36.36
    -35.56    -34.56    -33.76    -33.46    -33.66    -34.06    -34.36    -34.46    -34.46    -34.26
    -33.96    -33.86    -34.06    -34.66    -35.36    -35.86    -36.06    -36.36    -36.76    -37.36
    -37.66    -37.56    -37.16    -37.16    -37.86    -39.06    -39.96    -40.16    -39.76    -39.16
    -38.76    -38.66    -38.76    -38.96    -39.16    -39.26    -39.16    -39.16    -39.46    -40.16
    -40.96    -41.26    -40.96
    -43.36    -42.96    -42.46    -41.66    -40.56    -39.36    -38.56    -38.36    -38.36    -38.26
    -37.66    -37.06    -36.66    -36.76    -36.76    -36.46    -35.76    -35.06    -34.96    -35.46
    -36.06    -36.56    -36.86    -37.16    -37.46    -37.76    -37.66    -37.36    -36.96    -36.46
    -35.76    -34.96    -34.36    -34.06    -34.06    -34.06    -34.06    -34.06    -34.26    -34.56
    -34.56    -34.36    -34.16    -34.26    -34.66    -35.16    -35.56    -36.06    -36.76    -37.56
    -37.96    -37.86    -37.46    -37.36    -38.06    -39.26    -40.36    -40.46    -39.96    -39.36
    -39.06    -39.06    -39.06    -39.06    -39.06    -39.16    -39.26    -39.26    -39.16    -39.46
    -39.96    -40.56    -40.96
    -43.16    -42.46    -41.46    -40.36    -39.26    -38.76    -38.96    -39.56    -39.76    -39.26
    -38.16    -36.96    -36.36    -36.16    -36.16    -36.06    -35.66    -35.26    -34.96    -35.16
    -35.46    -35.66    -35.76    -35.86    -36.16    -36.36    -36.26    -36.06    -35.86    -35.76
    -35.46    -34.96    -34.56    -34.46    -34.46    -34.26    -33.96    -33.96    -34.46    -35.26
    -35.76    -35.56    -35.26    -35.06    -35.16    -35.56    -35.86    -36.26    -36.76    -37.36
    -37.76    -37.96    -38.06    -38.46    -39.36    -40.46    -41.16    -40.96    -40.16    -39.66
    -39.76    -40.06    -40.06    -39.66    -39.26    -39.46    -39.76    -39.96    -39.86    -39.86
    -40.36    -41.16    -42.06
    -42.96    -41.96    -40.76    -39.66    -39.06    -39.26    -40.06    -40.56    -40.36    -39.36
    -38.06    -37.26    -36.76    -36.56    -36.36    -36.36    -36.26    -36.06    -35.86    -35.66
    -35.46    -35.26    -35.06    -34.86    -34.86    -34.76    -34.56    -34.46    -34.66    -34.96
    -34.96    -34.66    -34.46    -34.46    -34.56    -34.46    -34.16    -34.36    -35.16    -36.06
    -36.56    -36.46    -36.16    -36.06    -36.16    -36.46    -36.66    -36.76    -36.96    -37.26
    -37.56    -38.16    -38.96    -40.06    -41.36    -42.36    -42.66    -42.06    -41.06    -40.56
    -40.96    -41.66    -41.66    -40.96    -40.16    -40.06    -40.36    -40.66    -40.56    -40.46
    -40.96    -41.86    -42.76
    -42.16    -41.16    -40.06    -39.26    -39.26    -39.96    -40.86    -40.96    -40.16    -38.86
    -37.96    -37.76    -37.76    -37.56    -37.26    -37.06    -37.06    -36.96    -36.66    -36.36
    -36.16    -35.96    -35.66    -35.26    -34.96    -34.66    -34.16    -33.96    -34.26    -34.76
    -34.96    -34.86    -34.56    -34.56    -34.86    -34.96    -34.96    -35.16    -35.76    -36.36
    -36.56    -36.36    -36.36    -36.56    -36.76    -36.96    -37.06    -37.36    -37.66    -38.06
    -38.36    -38.96    -39.86    -41.06    -42.36    -43.26    -43.56    -42.96    -42.06    -41.66
    -42.16    -43.06    -43.26    -42.46    -41.26    -40.76    -40.86    -41.06    -41.06    -41.16
    -41.66    -42.56    -43.06
    -41.16    -40.36    -39.56    -39.16    -39.36    -40.06    -40.76    -40.56    -39.56    -38.46
    -37.96    -38.26    -38.46    -38.26    -37.86    -37.76    -37.76    -37.56    -37.16    -36.76
    -36.76    -36.96    -36.96    -36.66    -36.26    -35.76    -35.06    -34.66    -34.76    -35.36
    -35.76    -35.56    -35.26    -35.16    -35.36    -35.56    -35.56    -35.76    -36.06    -36.26
    -36.16    -36.06    -36.26    -36.76    -36.96    -36.96    -37.06    -37.66    -38.46    -39.26
    -39.66    -40.06    -40.46    -41.06    -41.86    -42.56    -42.96    -42.76    -42.16    -41.96
    -42.56    -43.36    -43.76    -43.16    -41.96    -41.16    -40.86    -40.96    -41.26    -41.76
    -42.66    -43.36    -43.46
    -40.36    -39.96    -39.66    -39.46    -39.56    -39.76    -40.16    -40.06    -39.46    -38.76
    -38.56    -38.76    -38.86    -38.56    -38.16    -38.16    -38.16    -37.96    -37.46    -37.26
    -37.36    -37.76    -37.86    -37.86    -37.56    -37.06    -36.26    -35.66    -35.76    -36.36
    -36.76    -36.66    -36.16    -36.06    -36.06    -36.06    -35.96    -35.96    -36.26    -36.36
    -36.36    -36.46    -36.86    -37.36    -37.36    -37.16    -37.16    -37.86    -38.86    -39.66
    -40.26    -40.46    -40.56    -40.66    -40.96    -41.36    -41.76    -41.86    -41.56    -41.46
    -41.66    -42.36    -42.86    -42.56    -41.76    -40.86    -40.36    -40.36    -40.76    -41.56
    -42.66    -43.46    -43.46
    -39.96    -40.06    -40.16    -40.16    -39.96    -39.76    -39.76    -39.86    -39.86    -39.56
    -39.36    -39.36    -39.26    -39.06    -38.66    -38.56    -38.56    -38.46    -38.16    -38.06
    -38.16    -38.36    -38.46    -38.36    -38.36    -38.06    -37.36    -36.66    -36.66    -37.26
    -37.66    -37.56    -37.16    -36.96    -36.96    -36.76    -36.56    -36.56    -36.96    -37.26
    -37.36    -37.66    -38.06    -38.36    -38.26    -37.96    -37.86    -38.16    -38.76    -39.26
    -39.66    -39.96    -40.26    -40.46    -40.66    -40.76    -40.96    -41.06    -40.86    -40.56
    -40.46    -40.76    -41.06    -41.16    -40.76    -40.26    -39.76    -39.56    -39.76    -40.36
    -41.26    -42.06    -42.36
    -39.96    -40.26    -40.66    -40.76    -40.46    -39.86    -39.76    -39.96    -40.26    -40.26
    -39.96    -39.86    -39.86    -39.76    -39.46    -39.16    -39.16    -39.16    -39.16    -39.26
    -39.16    -39.06    -38.96    -38.96    -39.16    -39.06    -38.46    -37.66    -37.46    -37.86
    -38.36    -38.36    -38.16    -38.06    -38.06    -37.96    -37.86    -38.06    -38.36    -38.76
    -38.86    -38.96    -39.06    -39.16    -39.06    -38.76    -38.76    -38.76    -38.86    -38.86
    -38.96    -39.36    -39.86    -40.16    -40.36    -40.36    -40.16    -40.06    -39.96    -39.86
    -39.66    -39.56    -39.66    -39.86    -39.96    -39.86    -39.56    -39.26    -39.16    -39.16
    -39.46    -39.96    -40.56
    -40.26    -40.46    -40.66    -40.86    -40.66    -40.16    -39.96    -40.16    -40.56    -40.46
    -40.16    -40.06    -40.26    -40.36    -40.06    -39.76    -39.66    -39.86    -40.16    -40.26
    -40.16    -39.96    -39.66    -39.66    -39.86    -39.86    -39.36    -38.56    -38.16    -38.36
    -38.86    -39.06    -39.16    -39.26    -39.26    -39.26    -39.36    -39.56    -39.86    -39.96
    -39.86    -39.66    -39.56    -39.46    -39.36    -39.16    -39.16    -39.16    -38.96    -38.86
    -38.86    -39.16    -39.46    -39.56    -39.56    -39.36    -39.06    -38.96    -39.06    -39.26
    -39.36    -39.16    -39.06    -39.16    -39.46    -39.66    -39.56    -39.36    -39.06    -38.86
    -38.76    -38.86    -39.26
    -40.26    -40.26    -40.36    -40.66    -40.76    -40.56    -40.36    -40.56    -40.86    -40.86
    -40.46    -40.26    -40.46    -40.56    -40.26    -39.96    -39.96    -40.26    -40.66    -40.76
    -40.76    -40.56    -40.26    -40.06    -40.06    -39.96    -39.56    -38.96    -38.56    -38.66
    -39.16    -39.66    -39.96    -40.16    -40.06    -39.96    -40.06    -40.26    -40.46    -40.36
    -40.06    -39.96    -39.86    -39.76    -39.56    -39.36    -39.16    -39.06    -38.96    -39.06
    -39.26    -39.36    -39.36    -39.16    -38.96    -38.66    -38.36    -38.26    -38.46    -38.96
    -39.26    -39.16    -38.86    -38.76    -38.86    -39.06    -39.16    -39.06    -38.96    -38.96
    -38.86    -38.86    -38.86
    -40.16    -39.96    -40.06    -40.46    -40.86    -40.96    -40.76    -40.96    -41.26    -41.36
    -41.16    -40.76    -40.66    -40.46    -40.16    -40.06    -40.16    -40.46    -40.76    -40.86
    -40.96    -40.86    -40.46    -39.96    -39.56    -39.46    -39.36    -39.16    -38.96    -38.96
    -39.36    -39.96    -40.36    -40.46    -40.26    -40.16    -40.26    -40.36    -40.46    -40.36
    -40.16    -40.16    -40.16    -40.26    -40.16    -39.86    -39.46    -39.16    -39.06    -39.26
    -39.56    -39.76    -39.66    -39.46    -39.26    -39.16    -38.96    -38.66    -38.66    -38.76
    -38.96    -38.96    -38.76    -38.46    -38.26    -38.36    -38.46    -38.46    -38.46    -38.56
    -38.66    -38.76    -38.76
    -40.26    -39.96    -39.96    -40.36    -40.86    -41.06    -40.96    -41.06    -41.36    -41.56
    -41.56    -41.26    -40.86    -40.46    -40.16    -40.06    -40.26    -40.56    -40.76    -40.86
    -40.96    -40.86    -40.46    -39.66    -39.06    -38.96    -39.16    -39.26    -39.26    -39.26
    -39.56    -40.06    -40.46    -40.46    -40.46    -40.36    -40.46    -40.66    -40.66    -40.56
    -40.36    -40.26    -40.16    -40.36    -40.46    -40.46    -40.16    -39.76    -39.46    -39.56
    -39.76    -39.86    -39.96    -39.96    -39.96    -39.86    -39.66    -39.36    -39.06    -38.86
    -38.86    -38.86    -38.76    -38.46    -38.16    -38.06    -38.26    -38.26    -38.16    -37.96
    -38.06    -38.36    -38.66
    -40.66    -40.46    -40.26    -40.36    -40.56    -40.66    -40.76    -40.76    -40.96    -41.16
    -41.26    -41.16    -40.86    -40.36    -40.06    -40.06    -40.36    -40.66    -40.76    -40.86
    -40.86    -40.66    -40.16    -39.36    -38.86    -38.86    -39.16    -39.46    -39.56    -39.76
    -40.06    -40.46    -40.66    -40.66    -40.76    -40.86    -40.96    -41.06    -41.06    -41.06
    -40.76    -40.26    -39.86    -39.96    -40.46    -40.86    -40.76    -40.36    -40.06    -39.86
    -39.86    -39.76    -39.86    -39.96    -39.96    -39.76    -39.56    -39.36    -39.26    -39.16
    -39.16    -39.16    -39.06    -38.66    -38.36    -38.26    -38.46    -38.56    -38.36    -38.06
    -38.06    -38.36    -38.76
