diamond 4 20年06月27日20时1000百帕温度场
20 06 27  20  1000 
2.500  -2.500  .0  180.0   90.0  .0
73  37
      1.74      1.74      1.74      1.74      1.74      1.74      1.74      1.74      1.74      1.74
      1.74      1.74      1.74      1.74      1.74      1.74      1.74      1.74      1.74      1.74
      1.74      1.74      1.74      1.74      1.74      1.74      1.74      1.74      1.74      1.74
      1.74      1.74      1.74      1.74      1.74      1.74      1.74      1.74      1.74      1.74
      1.74      1.74      1.74      1.74      1.74      1.74      1.74      1.74      1.74      1.74
      1.74      1.74      1.74      1.74      1.74      1.74      1.74      1.74      1.74      1.74
      1.74      1.74      1.74      1.74      1.74      1.74      1.74      1.74      1.74      1.74
      1.74      1.74      1.74
      1.24      1.24      1.14      1.14      1.14      1.14      1.04      1.04      1.04      1.04
      1.04      1.04      0.94      0.94      0.94      0.94      0.94      0.94      0.94      0.94
      0.94      0.94      0.94      0.84      0.84      0.84      0.84      0.84      0.84      0.84
      0.84      0.84      0.84      0.84      0.84      0.84      0.84      0.84      0.84      0.84
      0.84      0.84      0.84      0.94      0.94      0.94      0.94      0.94      0.94      0.94
      0.94      1.04      1.04      1.04      1.04      1.04      1.14      1.14      1.14      1.24
      1.24      1.34      1.34      1.44      1.44      1.54      1.54      1.64      1.74      1.74
      1.84      1.94      1.94
      0.64      0.64      0.64      0.64      0.64      0.64      0.64      0.64      0.64      0.74
      0.74      0.74      0.74      0.74      0.74      0.74      0.74      0.84      0.84      0.84
      0.84      0.84      0.84      0.94      0.94      0.94      1.04      1.04      1.04      1.14
      1.14      1.14      1.24      1.24      1.24      1.24      1.34      1.34      1.34      1.34
      1.34      1.34      1.34      1.34      1.34      1.24      1.24      1.24      1.24      1.24
      1.24      1.14      1.14      1.14      1.14      1.14      1.14      1.14      1.14      1.24
      1.24      1.24      1.34      1.34      1.44      1.44      1.54      1.64      1.74      1.84
      1.94      2.04      2.24
      0.94      0.94      0.94      0.94      0.94      0.94      1.04      1.04      1.04      1.14
      1.14      1.14      1.14      1.14      1.14      1.14      1.14      1.24      1.24      1.24
      1.24      1.34      1.44      1.54      1.64      1.74      1.84      1.94      2.04      2.14
      2.34      2.44      2.44      2.54      2.64      2.64      2.74      2.74      2.74      2.74
      2.64      2.64      2.64      2.64      2.54      2.54      2.44      2.44      2.44      2.34
      2.34      2.24      2.24      2.14      2.14      2.04      2.04      1.94      1.94      1.84
      1.84      1.84      1.74      1.74      1.74      1.84      1.84      1.84      1.94      2.04
      2.14      2.24      2.34
      2.14      2.14      2.04      2.04      2.04      2.04      2.04      2.04      1.94      1.94
      1.94      1.94      1.84      1.84      1.74      1.64      1.64      1.54      1.54      1.54
      1.54      1.64      1.74      1.84      2.04      2.24      2.44      2.64      2.84      3.14
      3.24      3.44      3.54      3.54      3.54      3.44      3.34      3.24      3.14      2.94
      2.84      2.74      2.64      2.64      2.64      2.64      2.64      2.74      2.74      2.84
      2.84      2.84      2.84      2.84      2.74      2.64      2.54      2.54      2.44      2.34
      2.24      2.14      2.04      2.04      1.94      1.94      1.94      1.84      1.84      1.84
      1.84      1.84      1.94
      3.54      3.34      3.14      3.04      2.94      2.84      2.74      2.74      2.64      2.64
      2.54      2.44      2.34      2.14      2.04      1.94      1.84      1.64      1.64      1.54
      1.54      1.54      1.64      1.74      1.94      2.14      2.44      2.74      3.04      3.34
      3.54      3.64      3.64      3.54      3.24      2.94      2.54      2.04      1.64      1.24
      0.94      0.74      0.64      0.74      0.94      1.24      1.64      2.04      2.34      2.74
      2.94      3.14      3.14      3.14      2.94      2.74      2.54      2.34      2.04      1.84
      1.74      1.64      1.54      1.44      1.44      1.44      1.44      1.34      1.34      1.24
      1.24      1.14      1.14
      4.24      4.04      3.94      3.84      3.74      3.64      3.54      3.44      3.34      3.24
      3.04      2.94      2.74      2.64      2.44      2.34      2.34      2.24      2.14      2.04
      2.04      1.94      1.94      1.94      1.94      2.04      2.24      2.54      2.84      3.24
      3.54      3.74      3.74      3.64      3.34      2.74      2.04      1.34      0.54     -0.06
     -0.46     -0.66     -0.46     -0.06      0.64      1.54      2.54      3.54      4.34      5.04
      5.44      5.54      5.34      5.04      4.44      3.84      3.14      2.44      1.84      1.34
      0.94      0.74      0.64      0.54      0.54      0.54      0.64      0.64      0.64      0.64
      0.64      0.64      0.64
      5.24      5.44      5.54      5.64      5.74      5.84      5.74      5.64      5.34      5.04
      4.74      4.34      4.04      3.74      3.54      3.44      3.54      3.54      3.64      3.74
      3.64      3.54      3.34      3.04      2.74      2.64      2.54      2.74      3.04      3.64
      4.34      4.94      5.54      5.84      5.94      5.64      5.14      4.34      3.54      2.94
      2.54      2.54      3.04      3.94      5.24      6.74      8.44      9.84     11.04     11.84
     12.14     11.94     11.34     10.24      8.94      7.54      6.14      4.74      3.54      2.44
      1.64      1.04      0.64      0.44      0.24      0.24      0.24      0.24      0.34      0.34
      0.44      0.64      0.74
      7.74      8.44      9.04      9.54      9.94     10.14     10.14      9.94      9.44      8.84
      8.14      7.34      6.54      5.84      5.34      5.04      5.04      5.14      5.34      5.54
      5.64      5.64      5.44      5.04      4.54      4.04      3.64      3.64      4.04      4.84
      6.14      7.54      9.14     10.54     11.54     12.14     12.14     11.84     11.24     10.64
     10.34     10.34     10.94     12.04     13.64     15.44     17.24     18.94     20.24     20.94
     20.94     20.44     19.34     17.74     15.94     13.94     11.94     10.04      8.24      6.64
      5.24      4.04      3.04      2.24      1.64      1.14      0.84      0.64      0.54      0.54
      0.64      0.94      1.24
     11.24     12.34     13.44     14.34     15.04     15.44     15.54     15.34     14.84     14.04
     12.94     11.74     10.44      9.24      8.24      7.34      6.84      6.64      6.64      6.84
      7.14      7.44      7.44      7.34      6.84      6.34      5.84      5.64      5.84      6.84
      8.44     10.54     13.04     15.54     17.74     19.34     20.24     20.44     20.14     19.64
     19.04     18.84     18.94     19.64     20.84     22.34     23.94     25.34     26.44     27.04
     27.14     26.64     25.54     24.14     22.54     20.64     18.74     16.74     14.84     12.94
     11.04      9.34      7.74      6.34      5.04      4.04      3.14      2.44      1.94      1.64
      1.54      1.74      2.14
     14.14     15.64     17.04     18.24     19.24     19.94     20.34     20.34     19.94     19.34
     18.34     17.24     15.94     14.54     13.14     11.74     10.54      9.54      8.84      8.64
      8.74      9.14      9.54      9.94      9.94      9.54      9.04      8.54      8.44      9.14
     10.64     12.94     15.94     19.04     21.94     24.24     25.74     26.44     26.34     25.84
     25.04     24.24     23.74     23.64     23.84     24.54     25.44     26.54     27.44     28.04
     28.34     28.14     27.64     26.64     25.44     24.04     22.54     20.94     19.34     17.54
     15.84     14.04     12.34     10.84      9.34      8.04      6.94      5.84      4.84      3.94
      3.44      3.24      3.44
     15.64     17.34     19.14     20.74     22.04     23.04     23.54     23.84     23.74     23.44
     23.14     22.64     21.94     21.14     20.04     18.54     16.74     14.94     13.34     12.14
     11.54     11.74     12.34     12.94     13.34     13.24     12.54     11.74     11.24     11.54
     12.74     15.04     18.04     21.24     24.14     26.54     28.04     28.84     29.04     28.64
     27.84     26.84     25.84     24.84     24.24     23.94     24.14     24.64     25.34     26.04
     26.44     26.44     25.94     24.94     23.64     22.14     20.74     19.44     18.24     17.14
     16.04     15.04     14.14     13.24     12.44     11.74     10.84      9.74      8.44      7.04
      5.94      5.14      4.94
     16.34     18.24     20.24     22.14     23.64     24.74     25.34     25.64     25.74     25.74
     25.94     26.14     26.44     26.44     26.04     25.04     23.44     21.24     18.94     16.94
     15.64     15.14     15.44     16.04     16.34     15.94     15.04     13.94     13.24     13.54
     15.14     17.74     20.84     23.84     26.24     27.74     28.44     28.74     28.84     28.84
     28.64     28.14     27.24     26.14     24.84     23.74     23.14     23.04     23.44     23.94
     24.34     24.04     23.14     21.44     19.34     17.04     15.14     13.74     12.94     12.64
     12.64     12.74     12.84     12.94     13.14     13.24     13.04     12.44     11.24      9.64
      7.94      6.54      5.94
     17.04     18.74     20.64     22.54     24.14     25.14     25.64     25.74     25.74     25.94
     26.54     27.24     28.04     28.74     28.84     28.44     27.24     25.34     23.14     20.94
     19.34     18.44     18.24     18.24     17.94     17.04     15.64     14.24     13.84     15.04
     17.74     21.34     24.94     27.54     28.64     28.44     27.54     26.74     26.54     27.04
     27.84     28.54     28.54     27.84     26.44     24.84     23.44     22.54     22.34     22.44
     22.74     22.44     21.34     19.34     16.54     13.54     11.04      9.54      9.04      9.34
     10.04     10.74     11.34     11.74     12.14     12.64     13.04     13.04     12.34     10.84
      8.94      7.24      6.24
     17.24     18.74     20.44     22.24     23.64     24.34     24.44     24.34     24.44     24.94
     26.04     27.24     28.34     28.94     28.94     28.54     27.84     26.64     25.24     23.64
     22.14     21.04     20.24     19.64     18.64     16.94     15.04     13.64     13.74     15.84
     19.84     24.54     28.44     30.34     29.94     27.94     25.24     23.44     22.94     24.04
     25.94     27.94     29.14     29.24     28.24     26.44     24.54     22.84     21.74     21.34
     21.54     21.64     21.24     19.74     17.34     14.34     11.74     10.04      9.64     10.14
     11.04     11.64     11.64     11.44     11.24     11.44     11.94     12.34     12.14     10.94
      9.14      7.34      6.24
     17.14     18.64     20.44     22.24     23.44     23.84     23.44     22.94     22.94     23.94
     25.74     27.64     28.94     29.34     28.84     28.14     27.54     27.24     26.74     25.94
     24.84     23.44     22.14     20.74     19.14     17.04     14.84     13.34     13.64     16.24
     20.54     25.34     28.94     30.34     29.24     26.44     23.54     21.64     21.44     22.84
     25.24     27.64     29.44     30.24     30.04     28.74     26.84     24.64     22.74     21.54
     21.24     21.54     21.74     21.24     19.64     17.14     14.54     12.74     12.04     12.44
     13.14     13.34     12.94     11.94     11.14     10.84     11.14     11.54     11.44     10.54
      8.94      7.34      6.34
     17.64     19.44     21.54     23.54     24.94     25.34     24.44     23.24     22.64     23.44
     25.54     27.94     29.44     29.74     28.84     27.94     27.64     28.04     28.44     28.34
     27.34     25.74     23.94     22.24     20.34     18.14     16.04     14.54     14.64     16.54
     20.04     23.84     26.74     28.04     27.74     26.34     24.94     24.34     24.84     26.14
     27.84     29.44     30.84     31.74     32.04     31.64     30.44     28.34     25.94     23.74
     22.24     21.64     21.44     21.04     19.74     17.54     15.04     12.94     11.94     12.04
     12.64     13.14     12.94     12.24     11.54     11.04     11.04     11.14     10.84      9.84
      8.54      7.24      6.54
     19.94     21.34     22.94     25.04     26.94     27.94     27.44     25.74     24.14     23.84
     25.04     27.04     28.44     28.54     27.64     26.84     26.84     27.74     28.64     28.74
     27.94     26.44     24.94     23.64     22.24     20.64     18.84     17.24     16.74     17.64
     19.64     22.24     24.64     26.54     27.84     28.84     29.64     30.44     31.14     31.84
     32.44     32.84     33.14     33.54     33.84     33.94     33.34     31.84     29.44     26.64
     23.94     21.74     20.24     18.84     17.24     15.14     12.84     10.94      9.84      9.74
     10.44     11.34     11.94     12.14     12.04     11.84     11.64     11.24     10.54      9.54
      8.34      7.54      7.14
     23.24     23.04     22.94     24.24     26.74     28.94     29.64     28.64     26.74     25.44
     25.34     26.14     26.74     26.54     25.74     25.14     25.24     25.74     26.14     25.94
     25.14     24.44     24.24     24.44     24.44     23.74     22.24     20.64     19.74     19.84
     21.04     22.84     25.14     27.74     30.24     32.34     33.64     34.24     34.44     34.64
     34.94     35.34     35.54     35.44     35.14     34.44     33.54     32.24     30.14     27.54
     24.54     21.74     19.14     17.04     15.24     13.64     12.24     11.04     10.14      9.94
     10.34     11.14     12.14     12.84     13.14     13.04     12.44     11.74     10.84     10.04
      9.34      8.94      8.64
     25.94     23.64     21.74     21.84     24.04     26.94     28.84     29.14     28.34     27.44
     27.14     27.14     27.04     26.54     26.04     25.74     25.64     25.14     24.04     22.54
     21.44     21.54     23.04     24.94     26.24     26.24     25.04     23.54     22.64     22.74
     23.84     25.74     28.14     30.84     33.14     34.24     33.94     32.64     31.64     31.94
     33.64     35.84     37.34     37.34     36.14     34.04     31.84     29.74     27.74     25.84
     23.84     21.84     19.74     17.84     16.54     15.84     15.54     15.14     14.54     13.94
     13.64     13.74     14.24     14.74     14.74     14.24     13.44     12.44     11.74     11.34
     11.14     11.04     10.84
     27.64     25.04     22.74     22.14     23.14     24.74     25.84     26.54     27.24     28.14
     28.94     29.24     29.14     28.94     29.24     30.04     30.24     29.04     26.44     23.34
     21.54     21.74     23.94     26.64     28.34     28.34     27.24     25.84     25.24     25.64
     26.84     28.64     30.94     33.14     34.44     33.94     31.64     28.64     26.94     27.84
     31.04     34.84     37.54     38.04     36.44     33.64     30.34     27.34     24.94     23.44
     22.74     22.24     21.64     20.84     20.24     20.04     20.24     20.24     19.64     18.74
     17.74     17.24     17.14     17.04     16.64     15.84     14.74     13.74     13.04     12.74
     12.74     12.74     12.64
     30.14     29.54     28.94     28.74     28.04     26.34     24.24     23.34     24.34     26.64
     28.84     29.74     29.84     30.44     32.44     35.24     37.04     36.64     33.94     30.34
     28.04     27.84     29.54     31.64     32.54     32.14     30.74     29.54     28.84     28.84
     29.34     30.24     31.64     33.14     34.04     33.34     31.04     28.24     26.84     27.84
     30.74     33.74     35.44     35.54     34.44     32.54     29.94     26.94     24.04     22.34
     22.14     22.94     23.54     23.64     23.24     23.04     23.04     23.04     22.44     21.54
     20.64     20.04     19.74     19.54     18.94     18.04     16.94     15.84     14.94     14.34
     14.04     14.04     14.24
     34.94     36.44     38.14     38.94     37.04     32.34     26.64     23.04     22.94     25.14
     27.24     27.84     28.04     29.54     33.34     38.44     42.44     43.74     42.14     39.54
     37.64     37.64     38.74     39.84     39.84     38.84     37.34     36.14     35.04     33.84
     32.54     31.64     31.44     32.24     33.34     33.84     33.34     32.54     32.24     32.74
     33.34     33.04     31.74     30.34     29.84     30.04     29.64     27.74     24.94     22.74
     22.34     23.44     24.54     24.84     24.44     23.94     23.84     23.74     23.54     23.04
     22.64     22.44     22.34     22.04     21.54     20.94     20.04     19.14     18.04     16.94
     16.34     16.34     17.14
     40.84     42.24     44.34     45.54     43.74     38.34     31.74     27.04     25.74     26.64
     27.34     27.04     27.04     29.24     34.14     40.34     45.24     47.24     46.54     44.94
     44.24     45.24     46.74     47.74     47.44     46.24     45.04     43.84     42.24     40.04
     37.34     34.74     33.14     32.84     33.64     34.74     35.84     36.74     37.34     37.54
     36.24     33.24     29.34     26.54     26.34     27.94     29.24     28.64     26.34     24.14
     23.44     24.24     25.14     25.24     24.64     24.24     24.24     24.54     24.64     24.64
     24.64     24.64     24.64     24.44     24.14     23.84     23.44     22.74     21.74     20.74
     20.14     20.44     21.44
     45.04     44.24     44.54     45.04     43.84     40.34     35.94     32.64     31.24     30.84
     30.24     29.54     29.94     32.64     37.54     42.94     46.74     47.74     46.54     45.04
     45.04     46.94     49.44     50.74     50.44     49.34     48.44     47.64     46.54     44.54
     41.94     39.24     37.14     35.84     35.04     34.84     35.14     35.94     37.04     37.64
     36.84     34.14     30.44     27.54     26.94     28.24     29.64     29.44     27.74     26.04
     25.44     25.94     26.24     25.94     25.24     25.04     25.34     25.64     25.84     25.94
     25.94     26.14     26.04     25.94     25.74     25.74     25.64     25.34     24.74     24.14
     23.94     24.44     25.24
     46.14     43.44     41.44     40.44     39.64     38.54     37.24     36.14     35.24     34.34
     33.54     33.44     34.94     37.94     41.84     45.34     47.44     47.34     45.54     43.74
     43.64     45.34     47.44     48.14     46.94     45.24     44.44     44.64     44.84     44.34
     43.34     42.14     40.74     38.84     36.34     33.74     31.94     31.44     32.24     33.84
     35.04     34.84     33.14     31.14     30.04     30.14     30.54     30.24     29.14     28.04
     27.74     27.74     27.54     26.84     26.34     26.24     26.44     26.44     26.34     26.24
     26.24     26.34     26.44     26.34     26.34     26.44     26.54     26.34     25.94     25.74
     25.94     26.44     26.84
     45.34     42.74     39.84     37.84     36.84     36.74     37.04     37.04     36.24     35.24
     34.94     36.04     38.34     40.94     43.14     44.94     46.34     46.94     46.34     45.24
     44.84     45.24     45.14     43.14     39.64     36.74     35.94     37.04     38.64     39.74
     40.34     40.74     40.64     38.94     35.84     32.14     29.14     27.84     28.34     30.24
     32.54     34.04     33.94     32.74     31.44     30.84     30.74     30.44     29.94     29.44
     29.14     28.74     28.24     27.64     27.44     27.44     27.34     27.04     26.74     26.54
     26.54     26.44     26.44     26.44     26.54     26.64     26.64     26.44     26.14     25.94
     26.14     26.34     26.44
     44.74     43.44     41.24     39.24     37.94     37.74     38.04     37.84     36.84     35.74
     35.94     37.84     40.14     41.44     41.54     41.74     43.34     45.84     47.94     48.74
     48.54     47.14     44.04     38.94     33.24     29.44     28.84     30.54     32.64     34.04
     35.14     36.24     36.84     36.04     33.54     30.44     28.24     27.44     28.04     29.44
     31.04     32.24     32.34     31.44     30.34     29.74     29.84     30.14     30.14     29.84
     29.34     28.84     28.34     28.14     28.34     28.54     28.24     27.84     27.54     27.54
     27.44     27.04     26.64     26.54     26.74     26.84     26.74     26.44     26.24     26.04
     25.94     25.84     25.74
     44.84     44.44     43.24     41.74     40.64     40.34     40.34     40.04     38.94     38.04
     38.44     40.54     42.44     42.64     40.94     39.74     40.84     44.14     47.84     49.84
     49.54     46.74     41.64     35.24     29.44     26.44     26.44     28.24     29.64     30.34
     30.84     31.84     32.74     32.54     31.04     29.34     28.44     28.54     29.24     29.94
     30.44     30.84     30.74     30.14     29.44     29.14     29.44     29.84     29.84     29.64
     29.14     28.74     28.44     28.54     28.84     28.94     28.64     28.24     28.14     28.24
     28.04     27.34     26.74     26.54     26.84     26.94     26.84     26.64     26.44     26.24
     25.94     25.64     25.54
     44.64     44.04     43.04     42.04     41.44     41.24     41.44     41.44     40.74     40.14
     40.74     42.74     44.64     44.64     42.54     40.44     40.44     42.64     45.44     46.74
     45.24     41.34     35.94     30.84     27.44     26.64     27.44     28.54     28.74     28.64
     28.94     29.84     30.74     30.74     29.84     28.84     28.54     28.84     29.24     29.44
     29.64     30.14     30.54     30.54     30.14     29.74     29.74     29.74     29.54     29.24
     29.04     28.84     28.54     28.54     28.64     28.54     28.24     27.84     27.84     27.94
     27.64     26.94     26.54     26.64     26.94     26.94     26.64     26.44     26.44     26.34
     25.94     25.54     25.44
     42.24     41.14     40.14     39.44     38.94     38.84     39.04     39.14     38.84     38.64
     39.34     41.34     43.34     43.94     42.74     41.24     40.84     41.84     42.84     42.14
     38.94     34.04     29.34     26.74     26.54     27.74     28.74     28.64     27.94     27.74
     28.34     29.54     30.24     30.34     29.74     28.84     28.34     28.24     28.24     28.14
     28.44     29.24     30.24     30.64     30.34     29.74     29.44     29.24     28.94     28.74
     28.74     28.64     28.34     27.94     27.74     27.84     27.64     27.44     27.34     27.34
     27.04     26.74     26.64     27.04     27.24     26.84     26.34     26.14     26.24     26.24
     25.94     25.64     25.54
     37.34     36.24     35.44     34.94     34.54     34.24     34.24     34.14     34.04     34.04
     34.84     36.34     37.84     38.64     38.84     39.04     39.84     41.04     41.34     39.44
     35.04     29.74     25.94     25.14     26.74     28.54     28.84     27.74     26.74     26.94
     27.94     28.94     29.44     29.54     29.24     28.74     28.24     27.94     27.84     27.84
     27.84     28.24     28.84     29.04     28.64     28.24     28.24     28.34     28.24     27.94
     27.94     27.84     27.54     27.04     26.94     27.34     27.64     27.74     27.74     27.74
     27.44     27.24     27.24     27.54     27.54     26.94     26.24     26.24     26.54     26.64
     26.54     26.34     26.24
     31.34     30.64     30.34     30.24     30.14     30.14     30.14     30.14     30.24     30.54
     31.24     31.84     32.14     32.34     33.14     34.94     37.34     39.44     39.94     37.84
     33.44     28.84     26.04     25.94     27.54     28.64     28.24     27.04     26.44     26.94
     27.64     27.84     27.84     28.04     28.34     28.24     27.94     28.14     28.74     29.04
     28.74     28.24     27.84     27.54     27.14     27.04     27.44     27.84     27.64     27.24
     27.04     27.14     27.04     26.64     26.54     27.04     27.64     28.04     28.34     28.44
     28.24     27.84     27.64     27.64     27.44     26.94     26.64     26.74     27.14     27.34
     27.34     27.34     27.14
     26.84     26.44     26.34     26.64     27.24     28.04     28.64     28.94     29.44     30.14
     30.64     30.44     29.64     29.44     30.44     32.64     35.14     36.74     36.74     34.54
     31.04     27.94     26.54     26.84     27.64     27.94     27.54     27.14     27.24     27.74
     27.74     27.14     26.84     27.24     27.94     27.94     27.74     28.14     29.24     30.04
     29.64     28.84     28.24     28.04     27.64     27.44     27.54     27.64     27.34     26.74
     26.74     27.14     27.24     26.94     26.74     26.94     27.34     27.74     28.14     28.54
     28.54     28.14     27.64     27.44     27.44     27.24     27.14     27.34     27.54     27.64
     27.64     27.84     27.64
     25.04     24.64     24.44     24.94     26.04     27.44     28.44     28.94     29.54     30.44
     30.94     30.64     30.04     30.34     31.74     33.34     34.04     33.54     31.94     29.44
     27.14     25.94     25.94     26.64     26.94     26.94     27.04     27.54     28.14     28.34
     27.84     27.14     27.04     27.84     28.54     28.44     27.84     27.94     28.94     29.54
     29.24     28.74     28.84     29.24     28.74     27.74     26.94     26.84     26.74     26.74
     27.04     27.64     27.94     27.74     27.44     27.44     27.54     27.64     27.94     28.44
     28.64     28.34     27.94     27.94     28.14     28.14     27.94     27.84     27.64     27.44
     27.44     27.64     27.64
     24.54     24.14     24.14     24.74     26.04     27.24     27.94     28.04     28.44     29.34
     30.14     30.34     30.64     32.14     33.94     34.44     33.04     30.44     27.84     25.74
     24.54     24.64     25.64     26.44     26.54     26.44     26.84     27.64     28.14     28.04
     27.74     27.54     27.84     28.54     29.14     29.04     28.44     28.24     28.64     28.64
     28.04     27.64     28.24     28.84     28.04     26.24     25.14     25.44     26.34     27.14
     27.64     27.94     28.14     28.14     28.24     28.54     28.74     28.64     28.64     28.84
     28.94     28.74     28.54     28.84     29.04     28.94     28.44     28.04     27.74     27.44
     27.34     27.54     27.74
     23.54     23.44     23.64     24.44     25.64     26.74     27.04     26.84     27.24     28.44
     29.64     30.24     31.24     32.94     34.34     33.54     30.64     27.54     25.74     24.94
     24.84     25.34     26.34     26.94     26.84     26.74     27.14     27.64     27.74     27.54
     27.64     27.94     28.24     28.44     28.74     28.94     29.04     29.04     29.14     28.74
     27.74     27.04     27.24     27.34     26.34     24.54     23.84     25.04     26.84     27.84
     27.94     27.84     27.74     27.94     28.54     29.34     29.84     29.64     29.34     29.24
     29.04     28.74     28.54     28.74     28.94     28.64     28.14     27.94     27.94     27.84
     27.74     27.64     27.74
