diamond 4 20年06月24日20时1000百帕温度场
20 06 24  20  1000 
2.500  -2.500  .0  180.0   90.0  .0
73  37
      3.64      3.64      3.64      3.64      3.64      3.64      3.64      3.64      3.64      3.64
      3.64      3.64      3.64      3.64      3.64      3.64      3.64      3.64      3.64      3.64
      3.64      3.64      3.64      3.64      3.64      3.64      3.64      3.64      3.64      3.64
      3.64      3.64      3.64      3.64      3.64      3.64      3.64      3.64      3.64      3.64
      3.64      3.64      3.64      3.64      3.64      3.64      3.64      3.64      3.64      3.64
      3.64      3.64      3.64      3.64      3.64      3.64      3.64      3.64      3.64      3.64
      3.64      3.64      3.64      3.64      3.64      3.64      3.64      3.64      3.64      3.64
      3.64      3.64      3.64
      2.84      2.74      2.64      2.64      2.54      2.54      2.44      2.44      2.34      2.34
      2.34      2.24      2.24      2.24      2.24      2.24      2.24      2.14      2.14      2.24
      2.24      2.24      2.24      2.24      2.24      2.24      2.34      2.34      2.34      2.34
      2.44      2.44      2.44      2.54      2.54      2.54      2.54      2.64      2.64      2.64
      2.74      2.74      2.74      2.84      2.84      2.84      2.84      2.94      2.94      2.94
      3.04      3.04      3.04      3.04      3.14      3.14      3.14      3.14      3.24      3.24
      3.24      3.24      3.24      3.34      3.34      3.34      3.34      3.44      3.44      3.44
      3.44      3.44      3.54
      1.84      1.74      1.64      1.54      1.54      1.44      1.44      1.44      1.44      1.44
      1.44      1.44      1.54      1.54      1.54      1.64      1.64      1.74      1.74      1.74
      1.84      1.84      1.94      1.94      2.04      2.14      2.14      2.24      2.34      2.44
      2.44      2.54      2.64      2.74      2.74      2.84      2.84      2.94      3.04      3.04
      3.04      3.14      3.14      3.14      3.14      3.24      3.24      3.24      3.14      3.14
      3.14      3.14      3.14      3.04      3.04      3.04      2.94      2.94      2.94      2.94
      2.84      2.84      2.84      2.84      2.84      2.84      2.84      2.84      2.84      2.84
      2.84      2.84      2.84
      2.04      2.04      2.04      2.04      2.14      2.24      2.34      2.44      2.54      2.64
      2.74      2.84      2.94      2.94      2.94      2.94      2.94      2.94      2.94      2.84
      2.84      2.84      2.84      2.94      2.94      3.04      3.04      3.14      3.34      3.44
      3.54      3.74      3.84      3.94      4.04      4.14      4.24      4.34      4.44      4.54
      4.54      4.54      4.64      4.64      4.64      4.64      4.64      4.54      4.54      4.44
      4.44      4.34      4.24      4.04      3.94      3.74      3.64      3.44      3.24      3.14
      2.94      2.84      2.64      2.54      2.44      2.34      2.34      2.34      2.24      2.24
      2.34      2.34      2.34
      3.44      3.54      3.64      3.84      4.04      4.34      4.54      4.74      4.84      4.94
      5.04      4.94      4.84      4.74      4.54      4.24      4.04      3.74      3.44      3.14
      2.94      2.74      2.64      2.54      2.54      2.64      2.74      2.94      3.14      3.34
      3.64      3.84      4.04      4.24      4.34      4.44      4.54      4.64      4.64      4.74
      4.84      4.84      4.94      5.04      5.14      5.34      5.44      5.64      5.74      5.84
      5.84      5.84      5.84      5.74      5.54      5.34      5.04      4.74      4.34      4.04
      3.64      3.24      2.94      2.64      2.34      2.14      1.94      1.84      1.74      1.64
      1.64      1.64      1.74
      4.54      4.74      4.94      5.24      5.44      5.64      5.84      5.94      6.04      5.94
      5.84      5.54      5.24      4.74      4.24      3.64      3.04      2.44      1.94      1.44
      1.04      0.84      0.64      0.64      0.74      0.94      1.24      1.54      1.84      2.24
      2.54      2.84      3.04      3.14      3.14      3.14      3.04      2.94      2.94      2.84
      2.94      3.14      3.34      3.74      4.14      4.64      5.14      5.74      6.24      6.64
      7.04      7.24      7.44      7.44      7.24      7.04      6.64      6.24      5.64      5.14
      4.54      3.94      3.34      2.84      2.44      2.04      1.64      1.44      1.24      1.04
      0.94      0.84      0.74
      4.84      5.04      5.24      5.54      5.74      5.94      6.04      6.14      6.14      5.94
      5.74      5.34      4.84      4.14      3.44      2.64      1.94      1.24      0.64      0.14
     -0.16     -0.26     -0.26     -0.06      0.24      0.64      1.04      1.54      2.04      2.34
      2.74      2.84      2.94      2.84      2.74      2.44      2.24      1.94      1.84      1.84
      2.04      2.44      3.04      3.74      4.64      5.64      6.64      7.54      8.34      9.04
      9.54      9.84      9.94      9.84      9.64      9.14      8.54      7.94      7.14      6.34
      5.54      4.84      4.14      3.44      2.84      2.34      1.94      1.54      1.24      0.84
      0.54      0.24     -0.06
      5.14      5.44      5.74      6.04      6.34      6.74      7.14      7.44      7.74      7.84
      7.64      7.34      6.74      5.84      4.94      3.94      3.04      2.24      1.74      1.44
      1.34      1.44      1.74      2.24      2.74      3.24      3.74      4.14      4.54      4.94
      5.14      5.24      5.24      5.14      4.94      4.74      4.64      4.64      4.74      5.14
      5.74      6.64      7.74      8.94     10.24     11.44     12.54     13.54     14.34     14.84
     15.04     14.94     14.74     14.24     13.54     12.74     11.84     10.84      9.84      8.74
      7.74      6.84      5.94      5.14      4.44      3.94      3.34      2.84      2.34      1.84
      1.24      0.64      0.04
      6.64      7.04      7.44      8.04      8.84      9.74     10.74     11.84     12.64     13.24
     13.34     12.94     12.04     10.74      9.14      7.54      6.04      4.94      4.14      3.84
      3.84      4.24      4.74      5.44      6.04      6.54      6.94      7.34      7.74      7.94
      8.24      8.44      8.64      8.84      9.14      9.44      9.84     10.44     11.14     12.14
     13.34     14.64     15.94     17.34     18.64     19.74     20.64     21.34     21.64     21.74
     21.64     21.24     20.64     19.94     19.04     18.14     17.04     15.84     14.54     13.24
     11.94     10.64      9.44      8.34      7.44      6.64      5.94      5.24      4.54      3.74
      2.94      2.04      1.24
      8.94      9.44     10.24     11.34     12.64     14.34     16.04     17.84     19.24     20.24
     20.44     19.84     18.44     16.34     13.84     11.24      8.94      7.04      5.74      5.14
      5.04      5.44      6.14      6.84      7.54      8.14      8.64      9.04      9.44      9.94
     10.44     11.04     11.74     12.44     13.24     14.14     15.14     16.24     17.44     18.74
     19.94     21.14     22.14     23.04     23.74     24.34     24.74     25.04     25.24     25.34
     25.24     25.04     24.74     24.34     23.84     23.14     22.24     21.14     19.84     18.24
     16.54     14.84     13.24     11.74     10.54      9.54      8.64      7.84      6.94      5.94
      4.94      3.84      2.94
     10.94     11.94     13.24     14.84     16.64     18.64     20.64     22.54     24.04     25.04
     25.14     24.44     22.74     20.34     17.44     14.44     11.54      9.04      7.34      6.24
      5.84      5.94      6.34      7.04      7.74      8.44      9.14      9.94     10.74     11.54
     12.44     13.34     14.34     15.34     16.44     17.64     18.94     20.34     21.54     22.54
     23.14     23.34     23.24     23.04     22.74     22.54     22.74     23.14     23.64     24.24
     24.74     24.94     25.04     24.84     24.54     24.14     23.54     22.64     21.44     19.84
     18.04     16.24     14.44     12.94     11.74     10.84     10.14      9.44      8.54      7.54
      6.34      5.24      4.24
     12.44     14.24     16.04     17.94     19.74     21.34     22.84     24.14     25.14     25.74
     25.84     25.24     24.14     22.44     20.34     17.94     15.44     13.04     11.04      9.44
      8.44      7.94      7.84      8.24      8.94      9.74     10.64     11.74     12.74     13.94
     15.04     16.04     17.04     18.04     19.14     20.44     21.74     23.14     24.24     24.84
     24.64     23.74     22.34     20.74     19.54     18.84     19.04     19.94     21.04     22.24
     22.84     22.94     22.34     21.44     20.44     19.64     18.94     18.24     17.44     16.34
     15.04     13.54     12.14     11.04     10.44     10.14      9.94      9.74      9.14      8.14
      6.94      5.74      4.84
     14.34     16.34     18.14     19.64     20.94     21.84     22.54     23.04     23.44     23.74
     23.84     23.84     23.64     23.24     22.54     21.44     20.04     18.24     16.24     14.24
     12.64     11.54     11.14     11.34     11.94     12.74     13.74     14.74     15.74     16.74
     17.84     18.84     19.74     20.54     21.54     22.74     24.14     25.64     26.84     27.34
     26.84     25.34     23.14     20.74     18.94     18.14     18.44     19.74     21.24     22.44
     22.54     21.54     19.44     16.84     14.34     12.64     11.74     11.54     11.54     11.34
     10.74      9.84      8.94      8.34      8.24      8.64      9.04      9.24      8.94      8.14
      6.94      5.74      5.04
     16.64     18.04     18.94     19.64     20.04     20.44     20.74     21.14     21.44     21.74
     22.04     22.34     22.74     23.14     23.44     23.34     22.74     21.44     19.54     17.54
     15.84     14.94     14.84     15.44     16.34     17.24     17.84     18.24     18.74     19.34
     20.24     21.04     21.84     22.54     23.24     24.24     25.54     27.04     28.34     29.04
     28.64     27.24     25.14     22.84     21.04     20.24     20.44     21.54     22.84     23.54
     22.94     20.84     17.54     13.74     10.44      8.34      7.64      8.14      9.04      9.74
      9.74      9.04      8.04      7.44      7.34      7.84      8.54      8.94      8.74      7.94
      6.84      5.84      5.24
     19.24     19.64     19.54     19.14     18.74     18.74     19.14     19.84     20.64     21.24
     21.84     22.24     22.64     23.04     23.44     23.54     23.04     21.94     20.24     18.54
     17.44     17.34     18.34     19.94     21.44     22.24     22.34     21.94     21.64     21.84
     22.54     23.44     24.14     24.44     24.44     24.64     25.24     26.24     27.24     27.84
     27.74     26.84     25.44     24.04     22.94     22.24     22.04     22.34     22.64     22.64
     21.74     19.74     16.74     13.34     10.44      8.74      8.44      9.44     10.74     11.64
     11.64     10.64      9.34      8.34      7.94      8.14      8.74      9.04      8.74      7.84
      6.74      5.94      5.64
     22.24     22.44     21.74     20.54     19.44     18.84     18.84     19.34     20.24     21.24
     22.04     22.74     23.34     23.84     24.24     24.34     23.94     22.94     21.64     20.34
     19.84     20.54     22.24     24.34     26.04     26.54     25.94     24.94     24.24     24.44
     25.44     26.54     26.94     26.44     25.44     24.64     24.44     24.64     24.94     24.94
     24.44     23.84     23.54     23.54     23.74     23.64     23.04     22.14     21.14     20.14
     19.24     18.14     16.64     14.64     12.74     11.34     10.84     11.24     11.94     12.34
     12.14     11.14      9.94      9.04      8.84      9.04      9.44      9.44      8.84      7.74
      6.54      5.84      5.84
     25.44     26.34     25.74     24.24     22.44     20.84     19.64     19.14     19.44     20.14
     21.34     22.64     23.94     25.04     26.04     26.74     26.94     26.64     25.94     25.14
     24.84     25.34     26.64     28.14     29.04     28.94     27.84     26.54     26.14     26.94
     28.44     29.64     29.54     28.14     26.34     25.04     24.74     25.04     24.94     24.14
     22.64     21.64     21.74     23.24     24.94     25.94     25.44     23.44     21.04     19.04
     17.84     17.44     17.14     16.34     14.94     13.14     11.64     10.44      9.84      9.54
      9.34      8.94      8.74      8.74      9.04      9.44      9.74      9.44      8.54      7.34
      6.14      5.44      5.54
     27.74     28.94     28.64     27.24     25.34     23.14     21.04     19.54     18.84     19.04
     20.14     21.64     23.44     25.24     27.04     28.64     29.84     30.64     30.84     30.74
     30.44     30.44     30.74     31.04     30.94     30.14     28.74     27.64     27.64     28.94
     30.84     31.84     31.24     29.14     26.94     26.14     27.04     28.44     28.94     27.54
     24.94     22.74     22.44     24.34     27.24     29.14     28.84     26.44     22.94     19.84
     18.04     17.54     17.64     17.34     16.24     14.14     11.54      9.04      7.24      6.34
      6.34      6.84      7.54      8.24      8.74      9.04      9.04      8.54      7.74      6.74
      5.94      5.54      5.74
     28.14     28.34     27.84     27.04     25.94     24.44     22.74     21.24     20.44     20.34
     20.74     21.54     22.64     24.14     26.14     28.14     30.14     31.84     33.04     33.74
     33.94     33.84     33.54     33.44     33.14     32.44     31.14     29.94     29.64     30.74
     32.34     33.14     32.24     29.84     27.84     27.74     29.84     32.64     33.94     32.64
     29.54     26.54     25.64     27.14     29.74     31.54     31.04     28.24     24.24     20.54
     18.14     17.34     17.54     17.84     17.44     15.84     13.24     10.34      8.04      6.74
      6.74      7.44      8.34      8.94      9.04      8.64      8.04      7.44      7.04      6.74
      6.74      6.94      7.34
     27.24     25.94     25.04     25.04     25.14     24.84     24.24     23.94     24.04     24.14
     23.94     23.34     23.14     23.84     25.44     27.64     29.74     31.54     33.04     34.14
     34.74     34.94     34.94     35.34     35.84     35.94     35.14     33.44     32.14     32.04
     32.94     33.74     33.14     31.24     29.34     29.14     31.14     33.94     35.74     35.24
     33.04     30.94     30.14     30.94     32.24     32.54     30.94     27.64     23.64     20.04
     17.64     16.84     17.34     18.44     19.24     18.74     16.94     14.24     11.74     10.24
      9.94     10.54     11.14     11.34     10.84      9.94      8.94      8.24      7.94      8.14
      8.84      9.54     10.04
     27.64     25.54     24.74     25.14     25.44     24.94     24.34     24.64     25.84     26.84
     26.64     25.44     24.54     25.14     27.24     29.94     32.14     33.64     34.64     35.24
     35.54     35.44     35.44     36.14     37.64     38.64     38.24     36.04     33.44     31.94
     32.24     33.44     33.94     33.04     31.44     30.44     30.94     32.34     33.64     34.14
     34.14     34.24     34.74     35.14     34.74     32.94     29.94     26.24     22.74     19.84
     18.04     17.64     18.54     20.14     21.44     21.64     20.24     17.74     15.34     13.84
     13.64     14.24     14.84     15.14     14.74     13.94     12.94     11.94     11.14     11.04
     11.44     12.14     12.54
     31.04     29.24     28.64     28.64     27.54     24.94     22.44     21.94     23.64     25.54
     26.04     25.14     24.64     26.34     30.04     34.14     37.04     38.54     39.14     39.14
     38.74     37.74     36.94     37.04     38.34     39.64     39.34     36.94     33.54     31.04
     30.84     32.34     33.84     34.14     33.34     32.14     31.44     31.34     31.74     32.54
     34.04     35.94     37.34     37.54     35.94     32.84     29.24     25.74     23.04     21.04
     20.04     19.94     20.94     22.34     23.44     23.44     21.94     19.74     17.74     16.84
     17.04     17.94     18.74     19.34     19.44     19.24     18.44     17.04     15.44     14.24
     13.94     14.14     14.54
     36.24     34.74     34.14     33.34     30.44     25.54     20.94     19.34     20.84     23.04
     23.74     23.24     23.34     26.04     31.04     36.44     40.54     42.74     43.74     44.04
     43.64     42.34     40.84     40.04     40.44     41.24     41.04     38.94     35.44     32.44
     31.34     31.94     33.24     34.24     34.54     34.34     33.94     33.34     32.94     33.24
     34.44     36.04     36.84     36.34     34.34     31.54     28.74     26.24     24.34     23.04
     22.34     22.34     23.14     24.04     24.54     24.24     22.94     21.44     20.44     20.34
     20.84     21.64     22.14     22.44     22.64     22.74     22.14     20.74     18.74     16.94
     16.14     16.34     16.84
     40.84     39.04     37.94     36.64     33.54     28.44     23.94     22.04     23.04     24.64
     24.84     23.84     23.74     26.14     30.84     36.24     40.64     43.54     45.14     46.24
     46.64     46.44     45.64     44.84     44.74     45.14     45.04     43.54     40.64     37.54
     35.14     33.74     33.34     33.64     34.64     35.94     36.74     36.64     35.84     35.24
     35.14     35.04     34.14     32.64     30.94     29.44     28.34     27.14     25.84     24.54
     23.74     23.64     24.04     24.64     24.94     24.74     24.24     23.74     23.74     23.94
     24.24     24.44     24.14     23.84     23.54     23.44     23.04     21.94     20.44     19.14
     18.74     19.24     20.04
     43.44     40.94     39.44     38.44     36.74     34.04     31.34     30.34     30.84     31.34
     30.64     29.34     28.74     30.04     33.04     36.94     40.24     42.44     43.64     44.54
     45.74     46.94     47.74     47.74     47.54     47.64     47.94     47.54     45.94     43.24
     40.14     37.04     34.44     33.24     33.84     35.44     36.74     36.84     36.14     35.54
     35.04     33.94     31.94     29.74     28.44     28.44     28.64     28.34     27.24     25.84
     24.84     24.54     24.74     25.04     25.34     25.44     25.64     25.84     25.94     25.94
     25.74     25.44     24.94     24.34     23.74     23.34     22.94     22.44     21.84     21.44
     21.74     22.44     23.34
     44.24     42.04     40.54     40.04     39.84     39.34     38.64     38.24     38.04     37.84
     37.34     36.64     36.34     36.74     38.04     39.94     41.74     42.54     42.34     42.04
     42.84     44.54     45.84     45.84     44.84     44.44     45.04     46.04     46.14     44.94
     42.64     39.44     36.04     33.54     32.64     33.04     33.44     33.14     32.84     33.24
     33.84     33.44     31.54     29.34     28.34     28.84     29.54     29.44     28.54     27.44
     26.64     26.24     26.14     26.34     26.54     26.84     27.04     27.04     26.84     26.34
     25.84     25.54     25.54     25.34     24.94     24.44     24.14     23.84     23.74     23.84
     24.34     24.94     25.54
     44.54     43.44     42.24     41.64     41.64     41.64     41.44     40.84     40.24     40.04
     40.44     41.24     41.74     41.94     42.04     42.64     43.34     43.44     42.64     41.84
     42.14     43.14     43.14     40.94     37.74     36.14     36.94     39.04     40.74     41.44
     41.34     40.04     37.34     34.14     31.64     30.44     29.64     28.84     28.84     30.44
     32.54     33.34     32.24     30.34     29.44     29.64     29.94     29.74     29.34     28.94
     28.54     28.24     28.04     28.24     28.54     28.74     28.54     28.14     27.54     26.84
     26.34     26.24     26.54     26.64     26.54     26.14     25.84     25.64     25.44     25.34
     25.64     26.04     26.34
     44.94     45.04     44.24     43.04     42.24     41.74     41.14     40.24     39.64     39.84
     41.04     42.64     43.64     43.44     42.64     42.24     42.54     43.14     43.34     43.74
     44.44     44.54     42.14     36.84     31.24     28.44     29.24     31.64     33.94     35.94
     38.14     39.24     38.04     34.54     31.04     28.94     27.94     27.34     27.64     29.34
     31.74     32.94     32.24     30.84     30.14     30.04     29.84     29.54     29.44     29.74
     29.74     29.34     29.14     29.54     30.14     30.14     29.64     29.04     28.64     28.14
     27.64     27.34     27.24     27.04     26.84     26.64     26.64     26.54     26.14     25.74
     25.74     26.04     26.24
     45.24     45.84     45.04     43.64     42.74     42.24     41.74     41.04     40.74     41.14
     42.24     43.54     44.24     43.74     42.24     40.84     40.34     41.14     42.64     44.54
     45.84     45.14     40.94     34.14     27.94     25.34     26.34     28.24     29.64     31.64
     35.04     38.04     37.94     34.34     30.34     28.34     28.14     28.44     28.64     29.54
     30.94     31.64     31.34     30.74     30.64     30.54     30.04     29.54     29.64     30.14
     30.14     29.44     29.24     29.84     30.44     30.34     29.64     29.04     28.94     28.84
     28.34     27.74     27.14     26.54     26.14     26.04     26.44     26.64     26.24     25.54
     25.34     25.64     25.84
     44.14     44.24     43.54     42.84     42.84     43.14     43.44     43.44     43.34     43.44
     43.74     44.24     44.84     44.74     43.34     41.24     39.64     39.64     41.04     42.74
     43.14     41.24     36.64     30.84     26.84     26.14     27.54     28.34     28.04     28.94
     32.54     36.44     37.04     33.54     29.44     27.84     28.44     29.24     29.34     29.24
     29.64     29.94     30.04     30.24     30.84     30.94     30.34     29.84     30.04     30.54
     30.34     29.54     29.24     29.64     30.04     29.44     28.54     28.14     28.24     28.34
     27.94     27.44     27.04     26.54     26.14     26.04     26.44     26.74     26.44     25.74
     25.44     25.44     25.54
     40.54     40.14     39.74     40.04     41.14     42.24     42.94     43.14     42.94     42.54
     42.04     42.14     43.04     43.94     43.54     41.84     40.14     39.84     40.54     40.34
     38.24     34.54     30.44     27.34     26.54     27.74     29.24     28.94     27.44     27.44
     30.54     34.44     35.24     32.34     28.74     27.34     28.04     28.74     28.64     28.24
     28.34     28.74     29.04     29.64     30.24     30.44     30.04     29.74     29.94     30.44
     30.24     29.74     29.54     29.64     29.44     28.54     27.74     27.64     27.84     27.64
     27.34     27.24     27.44     27.54     27.14     26.74     26.74     26.74     26.54     26.24
     26.04     26.04     25.84
     35.04     34.44     34.54     35.54     36.94     37.94     38.44     38.34     38.04     37.44
     36.74     36.54     37.34     38.54     39.24     38.94     38.94     40.04     40.94     39.44
     35.04     29.94     26.64     25.94     27.04     28.74     29.54     28.84     27.24     27.14
     29.34     32.24     33.04     31.04     28.44     27.34     27.64     27.94     27.84     27.84
     28.14     28.44     28.54     28.64     28.84     28.94     28.94     29.04     29.34     29.54
     29.34     29.14     29.24     29.34     28.84     28.04     27.74     27.94     28.14     27.84
     27.44     27.54     28.04     28.24     27.74     27.14     26.74     26.54     26.44     26.44
     26.64     26.84     26.64
     29.64     29.34     29.74     30.74     31.74     32.44     32.64     32.44     32.34     32.14
     31.64     31.04     30.84     31.24     32.04     33.14     35.24     38.34     40.34     38.74
     33.94     28.84     26.44     26.84     28.04     28.74     28.74     28.34     27.94     28.04
     29.04     30.34     30.64     29.74     28.44     27.74     27.74     27.84     28.04     28.44
     28.74     28.74     28.34     27.84     27.64     27.84     28.24     28.74     28.84     28.44
     27.94     28.04     28.44     28.64     28.24     27.84     27.84     28.24     28.44     28.14
     27.84     27.84     28.04     27.94     27.54     27.04     26.74     26.64     26.54     26.64
     26.94     27.24     27.14
     26.54     26.44     26.74     27.34     28.14     28.84     29.24     29.24     29.24     29.54
     29.64     29.04     28.24     27.94     28.34     29.64     32.04     35.04     36.94     35.74
     31.84     28.04     26.84     27.64     28.34     28.14     27.84     28.24     29.04     29.34
     29.24     28.94     28.84     28.64     28.54     28.24     28.04     28.24     28.64     28.94
     28.74     28.34     27.84     27.54     27.34     27.54     28.14     28.84     28.74     27.94
     27.34     27.44     28.04     28.44     28.24     27.94     27.94     28.04     28.04     27.94
     27.94     27.94     27.84     27.54     27.24     27.24     27.34     27.34     27.24     27.04
     27.14     27.24     27.04
     25.34     25.44     25.54     25.94     26.74     27.94     28.64     28.54     28.24     28.54
     29.34     29.74     29.74     30.04     30.64     31.24     31.54     31.84     31.84     30.44
     27.94     25.94     25.94     27.14     27.94     27.74     27.64     28.44     29.54     29.74
     28.94     28.14     27.94     28.34     28.74     28.64     28.34     28.34     28.54     28.34
     27.54     26.94     27.04     27.34     27.24     27.04     27.34     28.14     28.54     28.14
     27.74     27.94     28.54     28.94     28.94     28.74     28.54     28.04     27.64     27.64
     28.04     28.14     28.04     27.74     27.74     27.84     27.94     27.94     27.84     27.54
     27.34     27.14     26.84
     24.64     24.84     25.14     25.54     26.64     28.34     29.24     28.64     27.54     27.44
     28.64     30.24     31.74     33.24     34.24     33.94     31.84     29.34     27.34     25.94
     24.84     24.44     25.24     26.74     27.74     28.04     28.24     28.74     29.14     29.04
     28.44     27.84     27.94     28.44     28.94     28.84     28.54     28.34     28.14     27.44
     26.34     25.74     26.24     26.94     26.74     25.94     25.94     26.84     27.84     28.24
     28.34     28.74     29.14     29.34     29.54     29.64     29.44     28.74     28.14     28.04
     28.34     28.44     28.24     28.24     28.14     27.94     27.54     27.44     27.64     27.74
     27.64     27.34     27.04
     23.34     23.74     24.14     24.74     26.24     28.34     29.54     29.04     27.64     27.34
     28.64     30.54     32.34     33.74     34.34     33.14     30.04     26.94     25.04     24.54
     24.64     25.14     26.04     27.24     28.04     28.34     28.44     28.44     28.34     28.14
     28.14     28.14     28.24     28.54     28.84     28.94     28.64     28.44     28.14     27.44
     26.34     25.84     26.24     26.74     26.34     25.44     25.34     26.24     27.44     28.04
     28.24     28.54     28.64     28.74     28.94     29.34     29.44     29.14     28.74     28.54
     28.44     28.14     27.94     28.14     28.14     27.54     26.74     26.64     27.14     27.54
     27.64     27.44     27.34
