diamond 4 20年06月29日20时1000百帕温度场
20 06 29  20  1000 
2.500  -2.500  .0  180.0   90.0  .0
73  37
      4.24      4.24      4.24      4.24      4.24      4.24      4.24      4.24      4.24      4.24
      4.24      4.24      4.24      4.24      4.24      4.24      4.24      4.24      4.24      4.24
      4.24      4.24      4.24      4.24      4.24      4.24      4.24      4.24      4.24      4.24
      4.24      4.24      4.24      4.24      4.24      4.24      4.24      4.24      4.24      4.24
      4.24      4.24      4.24      4.24      4.24      4.24      4.24      4.24      4.24      4.24
      4.24      4.24      4.24      4.24      4.24      4.24      4.24      4.24      4.24      4.24
      4.24      4.24      4.24      4.24      4.24      4.24      4.24      4.24      4.24      4.24
      4.24      4.24      4.24
      3.34      3.24      3.14      3.04      2.84      2.74      2.64      2.64      2.54      2.44
      2.34      2.34      2.24      2.24      2.14      2.14      2.04      2.04      2.04      2.04
      1.94      1.94      1.94      1.94      1.94      1.94      1.94      1.94      2.04      2.04
      2.04      2.04      2.04      2.14      2.14      2.14      2.14      2.24      2.24      2.24
      2.34      2.34      2.34      2.34      2.44      2.44      2.44      2.44      2.44      2.54
      2.54      2.54      2.54      2.54      2.64      2.64      2.64      2.64      2.74      2.74
      2.74      2.84      2.84      2.94      2.94      3.04      3.04      3.14      3.24      3.24
      3.34      3.44      3.54
      1.84      1.64      1.54      1.34      1.24      1.24      1.14      1.04      1.04      1.04
      0.94      0.94      0.94      0.94      0.94      0.94      0.84      0.84      0.84      0.84
      0.84      0.84      0.84      0.94      0.94      0.94      1.04      1.04      1.14      1.24
      1.24      1.34      1.44      1.54      1.64      1.74      1.84      1.94      2.04      2.04
      2.14      2.24      2.24      2.34      2.34      2.34      2.34      2.34      2.34      2.24
      2.24      2.14      2.04      2.04      1.94      1.84      1.74      1.64      1.64      1.54
      1.44      1.44      1.44      1.44      1.44      1.44      1.44      1.54      1.64      1.74
      1.84      1.94      2.14
      1.14      1.14      1.04      1.14      1.14      1.24      1.34      1.34      1.44      1.54
      1.64      1.64      1.64      1.64      1.64      1.64      1.54      1.44      1.34      1.34
      1.24      1.14      1.14      1.04      1.04      1.04      1.14      1.14      1.24      1.34
      1.44      1.54      1.64      1.84      1.94      2.04      2.24      2.34      2.54      2.64
      2.74      2.84      2.94      3.04      3.14      3.14      3.14      3.14      3.04      3.04
      2.94      2.74      2.64      2.44      2.24      2.04      1.94      1.74      1.54      1.34
      1.24      1.14      1.04      0.94      0.94      0.94      0.94      1.04      1.14      1.24
      1.44      1.54      1.74
      1.64      1.54      1.54      1.64      1.74      1.84      1.94      2.14      2.24      2.34
      2.44      2.44      2.34      2.24      2.14      2.04      1.84      1.64      1.54      1.34
      1.24      1.24      1.24      1.24      1.34      1.54      1.64      1.84      2.04      2.24
      2.34      2.54      2.64      2.64      2.74      2.74      2.74      2.74      2.74      2.84
      2.84      2.94      2.94      3.04      3.14      3.24      3.34      3.44      3.44      3.44
      3.44      3.34      3.24      3.14      3.04      2.84      2.74      2.64      2.44      2.34
      2.24      2.24      2.14      2.14      2.14      2.14      2.24      2.24      2.34      2.44
      2.54      2.64      2.74
      1.94      1.64      1.44      1.34      1.24      1.24      1.24      1.24      1.34      1.24
      1.24      1.04      0.94      0.74      0.54      0.34      0.14      0.04      0.04      0.04
      0.14      0.44      0.84      1.24      1.84      2.44      3.04      3.64      4.14      4.64
      4.94      5.14      5.24      5.14      4.84      4.54      4.04      3.64      3.24      2.94
      2.64      2.54      2.54      2.64      2.74      2.94      3.24      3.44      3.54      3.74
      3.74      3.74      3.74      3.74      3.64      3.54      3.54      3.54      3.64      3.64
      3.74      3.84      3.94      4.04      4.04      4.04      4.04      3.94      3.94      3.84
      3.74      3.64      3.54
      1.84      1.34      1.04      0.74      0.64      0.54      0.54      0.54      0.44      0.34
      0.24      0.04     -0.26     -0.46     -0.76     -0.96     -1.06     -1.16     -1.06     -0.76
     -0.36      0.24      0.94      1.84      2.84      3.94      5.14      6.24      7.34      8.24
      8.84      9.24      9.34      9.04      8.54      7.84      6.94      6.14      5.34      4.64
      4.24      4.04      4.04      4.34      4.64      5.04      5.34      5.64      5.74      5.64
      5.44      5.24      4.84      4.44      4.14      3.94      3.84      3.84      3.94      4.14
      4.44      4.64      4.84      4.94      4.94      4.84      4.54      4.24      3.94      3.54
      3.24      2.94      2.74
      2.54      2.44      2.44      2.64      2.84      3.14      3.44      3.74      3.84      3.84
      3.74      3.44      3.04      2.54      2.04      1.64      1.34      1.14      1.04      1.14
      1.44      1.84      2.34      3.04      3.94      5.04      6.34      7.74      9.14     10.54
     11.74     12.54     13.04     13.14     12.74     12.04     11.24     10.34      9.54      9.04
      8.84      9.04      9.44     10.04     10.74     11.34     11.64     11.74     11.44     10.74
      9.84      8.74      7.44      6.34      5.34      4.54      3.94      3.74      3.74      3.94
      4.24      4.54      4.74      4.84      4.64      4.34      3.74      3.14      2.44      1.84
      1.34      1.04      0.94
      5.34      5.94      6.74      7.54      8.54      9.44     10.44     11.24     11.74     11.94
     11.84     11.34     10.44      9.44      8.34      7.34      6.44      5.74      5.14      4.74
      4.44      4.24      4.04      4.04      4.24      4.74      5.64      6.94      8.54     10.44
     12.34     13.94     15.24     16.04     16.24     16.14     15.74     15.24     14.94     15.04
     15.44     16.14     17.14     18.24     19.24     19.84     20.04     19.74     18.94     17.54
     15.84     13.84     11.84      9.84      8.04      6.64      5.64      4.94      4.74      4.74
      4.94      5.14      5.34      5.24      4.94      4.34      3.54      2.64      1.64      0.74
      0.24     -0.06      0.14
      9.24     10.24     11.34     12.64     14.04     15.54     16.94     18.24     19.24     19.64
     19.44     18.64     17.34     15.64     13.74     11.84     10.24      8.94      7.84      7.14
      6.44      5.84      5.24      4.74      4.34      4.34      4.84      5.94      7.74      9.94
     12.34     14.74     16.64     18.14     18.94     19.34     19.44     19.44     19.74     20.34
     21.24     22.44     23.74     24.84     25.64     26.14     26.04     25.54     24.54     23.14
     21.44     19.44     17.24     14.94     12.84     10.94      9.34      8.24      7.64      7.34
      7.34      7.54      7.64      7.54      7.24      6.54      5.64      4.44      3.24      2.14
      1.44      1.04      1.24
     11.74     12.64     13.64     14.64     15.94     17.44     19.04     20.54     21.74     22.44
     22.54     21.74     20.34     18.34     16.04     13.74     11.64      9.94      8.74      8.04
      7.54      7.14      6.84      6.44      6.14      5.94      6.34      7.24      8.84     11.04
     13.54     16.04     18.14     19.64     20.64     21.24     21.64     22.14     22.84     23.84
     25.04     26.14     27.04     27.54     27.64     27.54     27.34     27.04     26.64     26.14
     25.34     24.14     22.44     20.24     17.84     15.44     13.24     11.54     10.44      9.84
      9.74      9.94     10.24     10.44     10.34      9.84      9.04      7.84      6.54      5.24
      4.14      3.54      3.34
     12.44     13.04     13.64     14.34     15.14     16.24     17.54     19.04     20.34     21.34
     21.84     21.54     20.64     19.14     17.24     15.14     13.14     11.44     10.14      9.44
      9.14      9.24      9.34      9.44      9.34      9.24      9.34      9.94     11.04     12.84
     14.84     16.94     18.74     20.04     20.84     21.44     22.14     23.14     24.54     26.04
     27.34     28.04     28.14     27.64     26.74     25.84     25.44     25.64     26.34     27.24
     27.74     27.44     26.04     23.64     20.44     17.14     14.14     11.84     10.44      9.84
     10.04     10.54     11.24     11.94     12.34     12.24     11.74     10.74      9.44      7.94
      6.54      5.54      4.94
     12.94     13.64     14.14     14.54     15.14     15.84     16.84     18.04     19.24     20.24
     20.84     21.04     20.84     20.14     19.04     17.64     16.04     14.44     13.14     12.14
     11.64     11.74     12.04     12.24     12.24     11.94     11.54     11.44     12.04     13.24
     14.94     16.84     18.34     19.44     20.24     20.84     21.84     23.44     25.34     27.34
     28.74     29.24     28.54     27.04     25.24     23.84     23.34     24.04     25.64     27.44
     28.74     28.64     26.84     23.64     19.44     15.24     11.64      9.24      8.24      8.34
      9.04     10.14     11.24     12.04     12.64     12.84     12.64     11.94     10.74      9.24
      7.64      6.34      5.54
     14.34     15.04     15.64     16.04     16.54     17.14     18.04     19.04     20.04     20.84
     21.44     21.64     21.64     21.34     20.84     20.04     18.84     17.34     15.74     14.44
     13.64     13.44     13.74     14.04     13.94     13.34     12.44     11.94     12.14     13.44
     15.34     17.54     19.24     20.24     20.74     21.14     21.84     23.34     25.24     27.14
     28.54     28.74     27.94     26.14     24.24     22.74     22.34     23.14     24.84     26.74
     27.84     27.44     25.34     21.54     16.94     12.54      9.24      7.64      7.54      8.44
      9.74     10.94     11.64     12.04     12.14     12.24     12.04     11.64     10.74      9.34
      7.84      6.44      5.54
     15.24     15.84     16.34     16.74     17.14     17.84     18.84     20.04     21.34     22.34
     22.94     23.04     22.84     22.44     21.84     21.24     20.34     19.04     17.54     16.04
     15.14     15.04     15.54     16.04     16.14     15.54     14.64     14.04     14.54     16.24
     18.74     21.14     22.74     23.24     22.94     22.44     22.44     23.14     24.34     25.64
     26.54     26.64     26.14     25.14     24.04     23.24     22.94     23.24     24.14     25.14
     25.54     24.94     23.04     19.84     16.04     12.54     10.14      9.34      9.74     10.94
     12.14     12.54     12.34     11.54     10.84     10.34     10.24     10.14      9.64      8.84
      7.64      6.44      5.74
     14.74     15.34     15.74     16.14     16.64     17.24     18.34     19.84     21.54     23.24
     24.44     24.94     24.64     24.04     23.34     22.74     22.24     21.54     20.44     19.34
     18.54     18.54     19.34     20.24     20.74     20.44     19.74     19.24     19.94     21.74
     24.14     26.04     26.64     25.84     24.44     23.44     23.24     23.84     24.74     25.34
     25.44     25.34     25.14     25.34     25.64     25.84     25.74     25.24     24.74     24.24
     23.74     22.94     21.74     19.94     17.54     15.14     13.34     12.34     12.34     12.64
     12.84     12.34     11.24      9.74      8.54      7.84      7.74      7.94      8.14      8.04
      7.54      7.04      6.74
     14.24     15.34     16.34     17.24     17.94     18.44     19.14     20.24     21.94     23.84
     25.54     26.44     26.44     25.84     25.34     25.24     25.64     25.84     25.64     24.94
     24.24     24.24     24.94     26.04     26.84     26.74     26.04     25.44     25.74     26.84
     28.04     28.24     26.94     24.74     22.84     22.54     24.04     26.54     28.54     29.14
     28.54     27.44     26.94     27.44     28.54     29.54     29.64     28.74     27.04     25.24
     23.64     22.54     21.64     20.64     19.14     17.34     15.24     13.44     12.04     11.04
     10.34      9.44      8.44      7.44      6.64      6.24      6.34      6.74      7.34      7.84
      8.24      8.54      8.54
     16.04     17.74     19.54     21.14     22.54     23.24     23.54     23.84     24.54     25.54
     26.54     27.04     26.84     26.24     26.04     26.64     28.04     29.44     30.04     29.74
     29.04     28.84     29.44     30.64     31.64     31.84     31.04     30.04     29.44     29.34
     28.94     27.24     24.14     20.84     19.34     20.94     25.34     30.74     34.84     36.14
     34.84     32.34     30.44     29.94     30.54     31.54     31.84     31.14     29.54     27.24
     24.94     22.94     21.44     20.04     18.64     16.84     14.64     12.24     10.04      8.34
      7.24      6.74      6.84      7.14      7.54      7.84      8.14      8.34      8.64      9.24
     10.04     10.64     10.74
     20.24     21.14     22.54     24.64     26.94     28.54     29.34     29.34     29.14     28.94
     28.54     27.74     26.54     25.44     25.24     26.04     27.74     29.44     30.34     30.14
     29.44     29.14     30.04     31.74     33.44     34.24     33.74     32.44     31.24     30.24
     28.94     26.34     22.54     19.04     17.84     20.44     26.44     33.64     39.14     41.14
     39.64     36.44     33.24     31.14     30.34     30.24     30.44     30.34     29.64     28.14
     25.84     23.04     20.34     18.14     16.54     15.24     13.64     11.74      9.84      8.14
      7.34      7.44      8.44      9.94     11.44     12.44     12.54     12.14     11.74     11.84
     12.34     12.64     12.34
     24.84     23.34     22.94     24.34     26.84     29.34     31.14     32.14     32.54     32.34
     31.34     29.74     27.84     26.44     25.94     26.54     27.54     28.24     28.14     27.44
     26.64     26.64     27.84     30.24     32.84     34.44     34.54     33.54     32.04     30.84
     29.64     27.64     24.64     21.54     20.14     21.94     26.84     33.04     38.14     40.44
     39.94     37.64     34.74     31.94     29.64     27.94     27.04     27.04     27.24     26.84
     25.14     22.34     19.34     16.94     15.54     15.04     14.54     13.74     12.54     11.34
     10.64     10.84     12.14     14.14     16.04     17.14     17.04     15.94     14.74     14.14
     14.04     13.84     12.84
     28.94     25.34     23.14     22.94     24.24     25.94     27.74     29.64     31.44     32.64
     32.74     31.64     30.34     29.74     30.04     30.74     31.04     30.24     28.84     27.24
     26.14     26.04     27.24     29.34     31.94     33.94     34.54     33.74     32.14     30.74
     29.94     29.34     28.14     26.34     24.94     25.14     27.24     30.64     34.04     36.34
     37.34     37.14     35.94     33.74     30.74     27.54     25.14     24.04     24.04     24.14
     23.34     21.54     19.44     17.84     17.24     17.24     17.34     16.94     16.14     15.14
     14.64     14.84     16.04     17.74     19.44     20.14     19.54     18.04     16.44     15.44
     14.94     14.34     12.94
     33.84     30.34     27.84     26.44     25.44     24.14     23.54     24.64     27.04     29.54
     30.74     30.74     30.74     31.94     34.34     36.54     37.44     36.44     34.44     32.44
     31.24     30.94     31.34     32.24     33.54     34.94     35.54     34.64     32.64     30.54
     29.44     29.54     30.04     30.14     29.64     29.24     29.44     30.44     32.04     33.84
     35.54     36.64     36.74     35.44     32.54     28.94     25.44     23.14     22.04     21.74
     21.64     21.24     20.84     20.54     20.54     20.64     20.34     19.74     18.94     18.34
     18.14     18.54     19.44     20.54     21.54     21.74     20.74     19.04     17.34     16.24
     15.74     15.04     13.94
     39.44     37.84     36.84     35.64     32.74     28.14     24.24     23.04     24.54     26.74
     27.84     27.64     27.94     30.44     34.84     39.44     42.24     42.54     41.14     39.74
     39.14     39.04     39.04     38.94     39.04     39.44     39.44     38.24     35.64     32.54
     30.34     30.04     31.04     32.24     33.14     33.44     33.54     33.74     34.24     35.04
     35.84     36.24     35.84     34.44     32.24     29.54     26.64     23.94     22.04     21.24
     21.24     21.94     22.64     23.24     23.34     23.04     22.44     21.64     21.14     21.14
     21.54     22.04     22.64     23.14     23.34     22.84     21.84     20.34     19.04     18.24
     17.74     17.14     16.24
     43.74     43.44     43.94     43.84     40.84     35.34     29.94     27.34     27.64     28.74
     28.54     27.04     26.34     28.44     33.34     39.14     43.54     45.24     44.84     43.94
     43.94     44.84     45.84     46.14     46.04     45.84     45.54     44.24     41.54     37.94
     34.94     33.34     33.24     34.04     35.04     35.94     36.54     36.94     37.24     37.24
     36.84     35.54     33.54     31.54     29.94     28.74     27.44     25.74     23.94     22.84
     22.84     23.64     24.54     24.74     24.54     23.94     23.54     23.34     23.44     23.84
     24.44     24.84     24.94     24.84     24.44     23.84     23.04     22.34     21.74     21.34
     20.94     20.24     19.54
     44.94     43.94     44.64     45.24     43.84     40.14     36.14     34.04     34.04     34.34
     33.44     31.34     29.84     30.74     34.44     39.64     44.04     46.04     45.54     44.24
     44.04     45.64     47.94     49.54     49.84     49.44     48.84     48.04     46.34     43.84
     41.04     38.64     36.64     35.44     34.84     35.04     35.54     36.24     36.74     37.14
     36.84     35.24     32.54     29.94     28.54     28.44     28.54     27.94     26.74     25.84
     25.84     26.24     26.34     25.74     24.94     24.44     24.44     24.84     25.34     25.64
     25.84     25.84     25.74     25.44     25.04     24.54     24.24     24.24     24.34     24.44
     24.14     23.64     23.04
     44.04     41.94     41.44     41.84     41.74     40.44     38.94     38.04     38.14     38.24
     37.84     36.94     36.24     36.64     38.74     42.24     45.64     47.34     46.64     44.54
     43.44     44.44     46.54     47.84     47.34     46.14     45.44     45.54     45.84     45.54
     44.24     42.04     38.94     35.64     32.94     31.64     31.44     31.94     33.04     34.54
     35.74     35.54     33.54     31.04     29.64     29.54     29.94     29.74     29.04     28.54
     28.54     28.64     28.04     27.04     26.14     25.74     25.94     26.24     26.44     26.24
     25.94     25.74     25.74     25.84     25.74     25.44     25.34     25.64     26.04     26.34
     26.24     25.94     25.64
     43.34     41.24     39.94     39.44     39.44     39.34     39.04     38.44     38.04     37.94
     38.44     39.44     40.44     41.14     41.84     43.64     46.34     48.74     49.04     47.64
     46.04     45.44     45.04     43.44     40.44     37.74     36.94     38.24     40.24     41.94
     42.34     41.24     38.44     34.64     31.04     28.74     27.94     28.14     29.34     31.54
     34.14     35.34     34.54     32.54     31.04     30.44     30.44     30.14     29.64     29.54
     29.74     29.64     29.04     28.44     28.04     28.04     27.94     27.64     27.24     26.74
     26.34     26.24     26.44     26.84     26.94     26.84     26.64     26.64     26.74     26.84
     26.74     26.64     26.54
     43.54     42.64     41.24     40.04     39.54     39.44     39.34     38.64     37.54     36.94
     37.54     39.54     41.44     42.14     41.74     41.94     44.14     47.64     50.44     51.24
     50.34     48.34     44.74     39.34     33.44     29.64     29.24     31.34     34.04     36.04
     37.34     37.54     36.14     33.24     30.14     28.04     27.14     27.14     28.04     29.84
     32.24     33.64     33.34     31.94     30.74     30.14     29.84     29.44     29.14     29.24
     29.54     29.34     29.04     29.04     29.44     29.74     29.34     28.54     27.94     27.64
     27.44     27.34     27.44     27.64     27.74     27.64     27.44     27.24     26.94     26.64
     26.34     26.24     26.24
     43.44     43.44     42.34     40.84     40.14     40.24     40.64     40.44     39.64     38.74
     39.04     40.74     42.44     42.64     41.04     39.54     40.54     44.34     48.74     51.34
     51.24     48.34     42.84     35.74     29.24     26.04     26.44     28.64     30.44     31.34
     32.34     33.54     33.74     32.34     30.04     28.44     27.84     27.84     28.24     29.14
     30.24     30.94     30.64     29.94     29.44     29.34     29.14     28.74     28.64     28.94
     29.14     28.84     28.54     28.84     29.54     29.84     29.34     28.54     28.14     28.24
     28.24     27.94     27.74     27.54     27.44     27.44     27.34     27.24     26.84     26.34
     25.94     25.84     25.84
     42.04     41.74     40.54     39.34     38.94     39.54     40.74     41.64     41.84     41.44
     41.34     42.54     44.14     44.24     42.04     39.24     38.84     41.44     45.24     47.34
     46.54     42.84     37.44     31.64     27.44     26.24     27.54     29.04     29.14     28.74
     29.34     31.14     32.24     31.64     29.84     28.44     28.04     28.14     28.34     28.44
     28.64     28.64     28.44     28.34     28.74     29.04     28.94     28.64     28.54     28.94
     29.24     28.84     28.44     28.44     28.84     28.94     28.44     27.94     27.94     28.04
     28.04     27.64     27.24     27.04     26.94     26.94     27.04     27.04     26.74     26.24
     25.94     26.04     26.14
     39.04     37.94     36.74     35.94     35.94     36.64     37.84     39.14     39.94     39.94
     39.94     41.04     43.04     43.94     42.44     39.84     38.84     40.44     42.74     42.84
     39.74     35.04     30.64     27.64     26.64     27.54     28.94     29.34     28.44     27.64
     28.54     30.54     31.64     30.94     29.24     28.04     27.74     27.84     27.94     27.74
     27.44     27.24     27.24     27.64     28.34     28.84     28.74     28.44     28.34     28.64
     28.94     28.84     28.44     28.14     28.04     27.94     27.74     27.64     27.74     27.64
     27.44     27.24     27.24     27.24     27.24     27.14     27.04     26.94     26.64     26.34
     26.34     26.54     26.64
     34.64     33.34     32.34     32.04     32.24     32.54     32.84     33.64     34.44     34.64
     34.64     35.64     37.84     39.64     39.44     38.24     38.24     40.24     41.84     40.24
     35.44     29.84     26.44     25.64     26.64     28.04     28.84     28.44     27.54     27.54
     28.84     30.54     31.04     30.14     28.74     28.04     27.94     28.04     27.84     27.44
     27.04     26.74     26.74     27.14     27.74     28.24     28.34     28.14     27.94     27.94
     27.94     27.94     27.84     27.54     27.34     27.24     27.44     27.64     27.74     27.64
     27.34     27.34     27.64     27.84     27.64     27.44     27.24     27.04     26.84     26.64
     26.74     26.84     26.74
     29.94     28.84     28.24     28.44     28.84     28.84     28.74     29.04     29.74     30.04
     29.94     30.54     32.34     34.14     34.84     34.94     36.24     38.84     40.44     38.54
     33.54     28.44     25.84     25.94     27.04     27.84     27.84     27.34     27.04     27.74
     28.94     29.84     29.64     28.84     28.44     28.54     28.64     28.54     28.14     27.74
     27.34     27.14     27.14     27.44     27.74     28.04     28.24     28.14     27.74     27.14
     26.74     26.74     26.84     26.84     26.64     26.64     26.94     27.44     27.64     27.64
     27.54     27.64     27.64     27.54     27.24     27.14     27.14     27.24     27.14     27.04
     27.14     27.04     26.54
     26.74     25.84     25.34     25.74     26.44     26.94     27.14     27.54     28.24     28.74
     28.64     28.84     29.94     31.74     32.94     33.44     34.44     36.24     37.04     35.24
     31.34     27.74     26.44     26.74     27.24     27.34     27.14     27.04     27.34     27.84
     28.34     28.24     27.84     27.74     28.14     28.74     28.74     28.44     28.24     28.24
     28.14     28.04     28.24     28.64     28.74     28.64     28.44     28.34     27.94     27.04
     26.24     26.14     26.54     26.84     26.64     26.44     26.64     27.04     27.44     27.84
     28.04     28.04     27.64     27.04     26.74     26.74     27.04     27.34     27.34     27.24
     27.24     27.14     26.64
     25.64     24.94     24.44     24.84     26.04     27.24     27.74     27.94     28.24     28.54
     28.54     28.94     30.24     32.34     34.04     34.24     33.74     33.24     32.34     30.24
     27.64     26.04     26.04     26.64     26.84     26.84     27.14     27.74     28.04     27.94
     27.64     27.24     27.14     27.54     28.14     28.54     28.24     27.94     28.04     28.34
     28.44     28.44     28.94     29.64     29.64     28.84     28.04     27.84     27.74     27.14
     26.64     26.64     27.24     27.64     27.54     27.34     27.34     27.54     27.94     28.44
     28.84     28.84     28.34     27.64     27.34     27.34     27.34     27.24     27.14     27.04
     27.04     27.04     26.74
     25.34     24.84     24.54     25.14     26.94     28.64     29.14     28.44     27.54     27.34
     27.74     28.74     30.64     33.24     35.04     34.64     32.64     30.24     28.04     26.14
     24.64     24.44     25.34     26.14     26.34     26.54     27.34     28.24     28.44     28.14
     27.74     27.74     28.04     28.34     28.74     28.64     28.04     27.74     28.04     28.34
     28.14     27.94     28.54     29.44     29.34     28.04     26.84     26.74     27.24     27.44
     27.24     27.44     27.94     28.24     28.34     28.24     28.44     28.54     28.84     29.24
     29.54     29.54     29.24     28.94     28.64     28.34     27.74     27.04     26.74     26.64
     26.54     26.44     26.54
     24.14     23.94     23.94     24.74     26.84     29.14     29.94     28.84     27.34     26.94
     27.84     29.34     31.34     33.44     34.24     32.74     29.74     27.04     25.44     24.64
     24.24     24.54     25.54     26.34     26.44     26.44     27.04     27.84     28.04     28.04
     28.24     28.74     29.14     29.14     29.04     28.94     28.64     28.54     28.64     28.64
     28.04     27.44     27.74     28.44     28.34     27.14     26.14     26.34     27.24     27.74
     27.54     27.44     27.64     27.74     27.74     28.04     28.44     28.84     29.04     29.14
     29.24     29.14     29.04     29.14     29.14     28.54     27.64     26.84     26.64     26.54
     26.24     25.94     25.94
