diamond 4 20年06月30日20时1000百帕温度场
20 06 30  20  1000 
2.500  -2.500  .0  180.0   90.0  .0
73  37
      5.34      5.34      5.34      5.34      5.34      5.34      5.34      5.34      5.34      5.34
      5.34      5.34      5.34      5.34      5.34      5.34      5.34      5.34      5.34      5.34
      5.34      5.34      5.34      5.34      5.34      5.34      5.34      5.34      5.34      5.34
      5.34      5.34      5.34      5.34      5.34      5.34      5.34      5.34      5.34      5.34
      5.34      5.34      5.34      5.34      5.34      5.34      5.34      5.34      5.34      5.34
      5.34      5.34      5.34      5.34      5.34      5.34      5.34      5.34      5.34      5.34
      5.34      5.34      5.34      5.34      5.34      5.34      5.34      5.34      5.34      5.34
      5.34      5.34      5.34
      4.84      4.74      4.64      4.64      4.54      4.54      4.44      4.44      4.34      4.34
      4.34      4.24      4.24      4.24      4.24      4.14      4.14      4.14      4.14      4.14
      4.14      4.14      4.14      4.14      4.04      4.04      4.04      4.04      4.04      4.04
      4.04      4.04      4.04      4.04      4.04      4.04      4.04      4.04      4.04      4.04
      4.04      3.94      3.94      3.94      3.94      3.84      3.84      3.84      3.84      3.74
      3.74      3.74      3.64      3.64      3.64      3.64      3.64      3.54      3.54      3.54
      3.54      3.64      3.64      3.64      3.64      3.74      3.74      3.84      3.94      3.94
      4.04      4.14      4.24
      3.64      3.54      3.44      3.34      3.24      3.14      3.14      3.04      2.94      2.94
      2.84      2.84      2.74      2.74      2.74      2.64      2.64      2.64      2.64      2.64
      2.64      2.64      2.64      2.64      2.74      2.74      2.84      2.94      3.04      3.04
      3.14      3.24      3.34      3.44      3.54      3.64      3.64      3.74      3.74      3.74
      3.74      3.74      3.74      3.74      3.64      3.54      3.44      3.34      3.24      3.14
      2.94      2.84      2.74      2.54      2.44      2.24      2.14      2.04      1.94      1.84
      1.74      1.64      1.64      1.64      1.64      1.64      1.74      1.74      1.84      1.94
      2.14      2.34      2.44
      2.94      2.74      2.64      2.64      2.54      2.44      2.44      2.44      2.34      2.24
      2.24      2.14      1.94      1.84      1.74      1.64      1.44      1.34      1.24      1.14
      1.04      1.04      0.94      1.04      1.04      1.14      1.34      1.54      1.74      1.94
      2.14      2.44      2.74      2.94      3.24      3.44      3.64      3.84      4.04      4.14
      4.24      4.34      4.34      4.24      4.24      4.14      4.04      3.84      3.64      3.54
      3.34      3.14      2.94      2.74      2.54      2.34      2.24      2.14      2.04      1.94
      1.84      1.74      1.74      1.74      1.74      1.74      1.74      1.74      1.74      1.84
      1.84      1.94      2.04
      2.64      2.54      2.54      2.44      2.44      2.44      2.44      2.44      2.44      2.34
      2.24      2.04      1.84      1.54      1.34      1.04      0.74      0.54      0.24      0.04
     -0.06     -0.16     -0.16     -0.16     -0.06      0.14      0.44      0.74      1.14      1.54
      1.94      2.34      2.84      3.14      3.54      3.84      4.14      4.34      4.54      4.64
      4.74      4.84      4.84      4.74      4.64      4.54      4.44      4.34      4.14      3.94
      3.84      3.64      3.54      3.44      3.44      3.44      3.44      3.54      3.64      3.84
      4.04      4.14      4.34      4.44      4.54      4.54      4.54      4.54      4.34      4.24
      4.04      3.84      3.64
      2.44      2.34      2.24      2.24      2.24      2.24      2.14      2.14      2.04      1.94
      1.74      1.54      1.34      1.04      0.84      0.54      0.34      0.04     -0.16     -0.36
     -0.46     -0.46     -0.36     -0.26      0.04      0.44      0.94      1.44      2.04      2.64
      3.24      3.84      4.24      4.54      4.84      4.94      5.04      5.04      5.04      4.94
      4.94      4.94      4.94      4.94      4.94      4.84      4.84      4.74      4.64      4.54
      4.44      4.24      4.14      4.14      4.14      4.24      4.44      4.74      5.14      5.54
      6.04      6.44      6.84      7.14      7.34      7.44      7.44      7.34      7.04      6.64
      6.24      5.64      5.04
      2.24      2.04      1.94      1.84      1.84      1.74      1.64      1.54      1.44      1.34
      1.24      1.14      1.14      1.04      1.04      0.94      0.84      0.74      0.64      0.54
      0.44      0.34      0.44      0.64      0.94      1.44      2.14      2.94      3.74      4.64
      5.34      6.04      6.44      6.64      6.64      6.44      6.14      5.74      5.44      5.24
      5.14      5.24      5.44      5.84      6.24      6.64      7.04      7.24      7.24      7.14
      6.94      6.64      6.24      5.84      5.54      5.44      5.34      5.44      5.64      5.94
      6.24      6.64      6.94      7.24      7.44      7.44      7.34      7.14      6.84      6.44
      5.84      5.24      4.64
      2.34      2.24      2.34      2.44      2.54      2.64      2.64      2.74      2.84      2.94
      3.14      3.34      3.54      3.84      4.04      4.24      4.24      4.24      4.04      3.64
      3.24      2.74      2.34      2.04      2.04      2.34      2.84      3.74      4.84      6.04
      7.04      7.94      8.54      8.74      8.54      8.14      7.54      6.94      6.44      6.24
      6.44      7.04      7.94      9.14     10.34     11.54     12.54     13.14     13.44     13.24
     12.74     11.84     10.84      9.84      8.84      7.94      7.34      6.84      6.54      6.34
      6.24      6.04      5.94      5.74      5.44      5.24      4.94      4.64      4.44      4.14
      3.84      3.54      3.14
      3.34      3.64      4.14      4.74      5.24      5.84      6.44      7.04      7.54      8.14
      8.54      9.04      9.44      9.84     10.14     10.24     10.14      9.84      9.34      8.44
      7.44      6.24      5.14      4.14      3.44      3.14      3.44      4.24      5.44      6.84
      8.44      9.74     10.74     11.24     11.24     10.84     10.24      9.64      9.34      9.44
     10.04     11.24     12.94     14.94     16.94     18.74     20.14     21.04     21.24     20.74
     19.74     18.24     16.54     14.74     13.14     11.74     10.54      9.64      8.94      8.34
      7.74      7.14      6.44      5.64      4.84      4.04      3.44      3.04      2.84      2.84
      2.94      3.04      3.14
      5.44      6.24      7.14      8.24      9.34     10.54     11.74     12.84     13.84     14.74
     15.44     15.94     16.24     16.34     16.24     16.04     15.54     14.84     13.94     12.74
     11.34      9.84      8.24      6.84      5.64      4.94      4.84      5.34      6.54      8.14
      9.94     11.64     13.04     13.94     14.44     14.44     14.24     14.04     14.14     14.64
     15.64     17.24     19.14     21.24     23.24     25.04     26.34     26.94     26.84     26.04
     24.54     22.54     20.34     18.14     16.24     14.54     13.34     12.44     11.74     11.24
     10.54      9.84      8.84      7.64      6.44      5.34      4.44      3.74      3.44      3.54
      3.84      4.24      4.64
      8.44      9.34     10.54     11.74     13.04     14.44     15.84     17.14     18.34     19.24
     19.94     20.24     20.34     20.14     19.74     19.04     18.14     17.04     15.94     14.74
     13.54     12.24     10.94      9.74      8.64      7.84      7.54      7.64      8.44      9.74
     11.44     13.14     14.74     15.94     16.84     17.44     17.94     18.44     19.14     20.14
     21.34     22.74     24.24     25.74     26.94     28.04     28.64     28.84     28.54     27.54
     26.04     24.04     21.74     19.34     17.24     15.44     14.24     13.34     12.94     12.54
     12.24     11.64     10.94      9.94      8.74      7.54      6.34      5.54      4.94      4.84
      4.94      5.34      5.84
     11.44     12.34     13.34     14.34     15.44     16.54     17.54     18.54     19.34     19.94
     20.44     20.74     20.94     20.94     20.54     19.74     18.74     17.44     16.04     14.84
     13.94     13.24     12.64     12.14     11.54     10.94     10.44     10.24     10.54     11.24
     12.44     13.84     15.34     16.64     17.84     18.94     20.14     21.34     22.74     24.14
     25.44     26.44     27.14     27.54     27.64     27.74     27.84     27.94     27.74     27.24
     26.14     24.54     22.34     19.94     17.54     15.44     13.94     12.84     12.24     11.94
     11.64     11.44     11.04     10.54      9.84      8.94      7.94      6.94      6.14      5.44
      5.14      5.24      5.64
     13.74     14.44     15.04     15.64     16.34     17.04     17.64     18.04     18.34     18.44
     18.64     19.04     19.64     20.24     20.44     20.14     19.14     17.64     16.04     14.64
     13.84     13.44     13.44     13.44     13.44     13.14     12.74     12.44     12.44     12.94
     13.94     15.14     16.44     17.64     18.84     20.14     21.54     23.14     24.84     26.44
     27.64     28.24     28.14     27.64     26.94     26.44     26.34     26.54     26.94     27.14
     26.74     25.44     23.54     21.04     18.44     16.04     14.04     12.64     11.64     10.94
     10.54     10.24     10.14     10.14     10.04      9.84      9.24      8.44      7.34      6.34
      5.44      5.14      5.24
     15.04     15.24     15.34     15.74     16.24     17.04     17.64     17.84     17.64     17.34
     17.34     17.84     18.84     20.14     20.94     21.04     20.14     18.54     16.64     15.04
     14.04     13.74     13.94     14.34     14.64     14.64     14.64     14.74     15.24     16.14
     17.44     18.84     20.04     20.94     21.74     22.44     23.44     24.64     26.14     27.54
     28.34     28.54     27.94     26.94     25.94     25.24     25.24     25.84     26.64     27.24
     27.14     26.24     24.44     22.04     19.54     17.14     15.14     13.44     12.14     11.14
     10.24      9.64      9.44      9.54      9.94     10.24     10.24      9.74      8.84      7.64
      6.54      5.94      5.84
     15.14     14.94     14.84     15.14     16.04     17.24     18.24     18.64     18.54     18.14
     18.14     18.74     20.04     21.44     22.44     22.54     21.64     19.94     18.04     16.44
     15.44     15.04     15.24     15.64     16.04     16.54     17.14     18.14     19.54     21.34
     23.14     24.64     25.44     25.54     25.24     25.04     25.14     25.64     26.54     27.44
     27.84     27.64     26.84     25.74     24.84     24.34     24.54     25.34     26.24     26.84
     26.74     25.94     24.44     22.44     20.24     18.14     16.24     14.54     13.04     11.64
     10.34      9.44      8.84      8.84      9.24      9.64      9.94      9.74      9.04      8.14
      7.44      6.94      7.04
     15.04     14.94     15.14     15.84     17.14     18.54     19.64     20.04     19.94     19.74
     20.04     21.14     22.64     24.04     24.74     24.64     23.64     22.14     20.74     19.44
     18.64     18.14     18.04     18.34     18.84     19.74     21.14     22.94     25.14     27.44
     29.14     29.84     29.44     28.14     26.54     25.34     24.84     25.24     26.04     26.74
     27.04     26.64     25.84     24.74     23.94     23.74     24.14     24.94     25.74     26.04
     25.94     25.24     24.14     22.64     20.84     18.84     16.64     14.54     12.54     10.94
      9.54      8.54      7.84      7.54      7.64      7.74      7.94      7.84      7.54      7.34
      7.24      7.44      7.84
     16.14     17.04     17.94     19.04     20.24     21.24     21.54     21.24     20.64     20.54
     21.34     22.94     24.84     26.24     26.84     26.54     25.84     25.14     24.54     23.94
     23.34     22.64     22.34     22.54     23.34     24.64     26.54     28.64     30.84     32.54
     33.34     32.44     30.24     27.14     24.44     22.94     23.04     24.24     25.94     27.34
     27.94     27.64     26.74     25.54     24.74     24.54     24.94     25.54     26.04     25.94
     25.44     24.74     23.94     22.84     21.34     19.04     16.24     13.44     10.94      9.14
      8.04      7.34      6.74      6.44      6.14      5.94      5.84      5.94      6.14      6.64
      7.34      8.04      8.54
     19.14     20.64     22.04     23.34     24.34     24.64     24.04     22.84     21.74     21.44
     22.14     23.74     25.44     26.54     26.94     26.94     26.94     27.24     27.64     27.74
     27.34     26.74     26.64     27.34     28.84     30.54     32.24     33.64     34.84     35.44
     34.94     32.74     29.04     24.94     21.84     20.84     22.24     24.94     28.04     30.44
     31.64     31.64     30.54     29.04     27.74     27.14     27.24     27.64     27.54     26.64
     25.14     23.74     22.74     22.04     20.84     18.74     15.84     12.64     10.04      8.44
      7.64      7.24      6.94      6.54      6.04      5.74      5.64      6.04      6.94      8.14
      9.24      9.84      9.84
     22.84     23.54     24.24     25.34     26.24     26.74     26.44     25.64     24.94     24.64
     24.94     25.54     26.04     26.24     26.24     26.34     26.94     27.94     28.74     29.04
     28.64     28.44     29.14     30.94     33.34     35.34     36.14     36.14     35.74     35.34
     34.44     32.24     28.64     24.64     21.94     21.74     23.94     27.54     31.14     33.94
     35.64     36.14     35.34     33.54     31.44     30.14     29.84     29.84     29.24     27.24
     24.34     21.74     20.24     19.84     19.54     18.44     16.24     13.74     11.64     10.34
      9.74      9.24      8.74      8.14      7.74      7.64      7.84      8.64      9.84     11.34
     12.44     12.54     11.54
     26.04     24.44     23.64     23.94     25.04     26.24     27.34     28.44     29.44     30.24
     30.24     29.64     28.64     27.74     27.34     27.54     28.14     28.94     29.24     28.94
     28.34     28.24     29.54     32.24     35.14     36.74     36.44     34.94     33.44     32.84
     32.74     31.84     29.74     26.94     24.94     25.04     26.94     29.64     32.14     34.34
     36.24     37.64     37.74     36.14     33.54     31.34     30.44     30.44     29.64     27.14
     23.24     19.74     18.04     18.34     19.14     19.34     18.44     16.84     15.44     14.44
     13.64     12.74     11.74     11.14     11.04     11.34     11.84     12.44     13.34     14.24
     14.84     14.24     12.54
     29.14     25.84     23.74     23.14     23.54     24.34     25.84     28.34     31.34     33.74
     34.34     33.34     31.74     30.74     30.84     31.64     32.34     32.54     32.04     30.74
     29.44     28.94     29.94     32.24     34.54     35.54     34.34     32.04     30.24     29.94
     30.94     31.74     31.24     29.94     28.74     28.74     29.44     30.14     30.44     31.24
     33.24     35.74     37.24     36.24     33.34     30.24     28.74     28.64     28.24     26.04
     22.44     19.24     18.04     19.14     21.04     22.04     21.74     20.74     19.74     18.94
     17.94     16.54     15.44     15.04     15.44     16.24     16.64     16.54     16.24     16.04
     15.64     14.64     12.94
     33.74     30.74     28.84     27.74     26.24     24.34     23.54     25.04     28.44     31.74
     32.94     32.14     31.14     31.44     33.34     35.84     37.64     38.04     37.14     35.74
     34.24     33.24     33.24     34.14     35.24     35.34     34.14     31.94     30.14     29.84
     30.84     32.04     32.44     32.24     32.14     32.24     32.14     31.04     29.44     28.84
     30.44     33.64     36.04     35.74     32.54     28.74     26.34     25.84     25.64     24.24
     21.74     19.64     19.74     21.64     23.94     24.94     24.64     23.64     22.84     22.24
     21.34     20.14     19.24     19.24     19.94     20.74     20.74     19.84     18.54     17.24
     16.14     14.94     13.54
     39.64     38.34     37.84     36.84     33.64     28.44     24.04     22.94     24.84     27.44
     28.24     27.34     26.74     28.44     32.54     37.34     40.74     42.24     42.14     41.24
     40.44     39.84     39.54     39.64     39.84     39.74     38.84     37.14     35.14     33.64
     33.04     33.04     33.34     33.84     34.74     35.64     35.74     34.24     31.94     30.44
     31.24     33.84     35.94     35.54     32.44     28.34     25.44     24.24     23.74     22.64
     21.04     20.24     21.34     23.64     25.84     26.54     25.84     24.84     24.24     23.94
     23.64     23.04     22.54     22.54     22.94     23.14     22.74     21.54     20.04     18.64
     17.54     16.44     15.44
     44.24     44.04     44.74     44.64     41.34     35.14     29.14     26.34     26.64     27.74
     27.14     25.24     24.24     26.24     31.14     37.04     41.74     44.14     44.54     44.14
     44.04     44.54     45.34     46.04     46.44     46.54     46.14     44.94     42.64     39.74
     37.04     35.14     34.44     34.84     36.04     37.54     38.24     37.54     35.84     34.34
     34.14     35.14     35.84     34.94     32.34     29.24     26.74     25.24     24.04     22.64
     21.44     21.34     22.64     24.84     26.44     26.64     25.94     25.14     24.74     24.84
     24.94     24.94     24.64     24.44     24.04     23.54     22.84     21.94     21.14     20.44
     19.84     19.24     18.54
     45.84     45.24     46.04     46.64     44.64     40.24     35.84     33.74     33.64     33.64
     32.14     29.54     28.04     29.14     33.04     38.24     42.84     45.24     45.34     44.24
     43.84     44.94     47.04     48.74     49.44     49.54     49.44     48.94     47.34     44.64
     41.24     38.14     35.94     35.04     35.24     36.14     36.94     37.14     36.74     36.14
     35.64     35.14     34.34     33.04     31.64     30.24     29.04     27.84     26.34     24.84
     23.84     23.74     24.84     26.14     26.94     26.94     26.34     25.74     25.44     25.44
     25.54     25.64     25.74     25.34     24.64     23.84     23.24     22.84     22.74     22.64
     22.54     22.34     21.94
     45.24     43.74     43.74     44.14     43.54     41.64     39.74     39.14     39.44     39.24
     38.04     36.24     35.14     35.44     37.34     40.54     44.24     46.44     46.34     44.34
     42.84     43.24     44.94     46.04     45.74     44.94     44.84     45.64     46.44     45.94
     43.84     40.74     37.34     34.54     32.84     32.14     32.24     32.84     33.64     34.44
     34.64     33.84     32.44     31.14     30.64     30.64     30.54     29.94     28.84     27.74
     27.04     27.04     27.44     27.94     28.04     27.64     27.14     26.74     26.44     26.04
     25.94     26.04     26.34     26.34     25.84     25.34     25.14     25.04     25.04     24.94
     24.84     24.84     24.64
     44.34     43.04     42.34     41.94     41.34     40.44     39.84     39.84     40.04     39.84
     39.64     39.74     40.04     40.04     40.04     41.14     43.84     46.84     48.04     47.04
     45.14     43.94     43.14     41.24     38.14     35.54     35.34     37.64     40.94     43.34
     43.44     41.24     37.44     33.44     30.54     28.94     28.34     28.54     29.74     31.64
     33.04     33.14     31.94     30.64     30.14     30.24     30.44     30.24     29.84     29.44
     29.14     29.04     28.94     28.94     28.64     28.24     27.74     27.54     27.24     26.84
     26.54     26.54     26.84     27.14     27.14     27.14     27.14     27.24     26.94     26.44
     26.04     25.94     25.94
     43.84     43.44     42.74     41.84     40.74     39.84     39.24     39.04     38.74     38.34
     38.74     40.34     41.94     42.04     40.64     39.74     41.44     45.44     49.24     50.64
     49.74     47.34     43.34     37.84     31.94     28.04     27.74     30.64     34.74     38.04
     39.54     38.44     35.54     32.24     29.74     28.44     27.84     27.54     28.24     30.04
     32.04     32.84     32.24     30.94     29.94     29.44     29.24     29.14     29.24     29.44
     29.34     29.04     28.74     28.74     28.64     28.34     27.94     27.84     27.74     27.64
     27.34     27.24     27.34     27.44     27.44     27.34     27.54     27.64     27.34     26.74
     26.24     26.04     26.04
     42.84     43.04     42.54     41.74     41.14     40.64     40.54     40.44     40.04     39.44
     39.64     41.44     43.64     43.94     41.84     39.34     39.54     43.24     48.24     51.54
     51.64     48.54     42.64     35.44     29.04     25.74     25.94     28.14     30.54     32.54
     33.74     33.84     32.64     30.94     29.84     29.44     29.24     28.64     28.34     29.24
     30.64     31.54     31.24     30.24     29.34     28.64     28.14     28.14     28.54     28.94
     28.94     28.34     28.04     28.34     28.74     28.64     28.24     28.04     28.04     28.04
     27.84     27.54     27.44     27.24     26.84     26.44     26.44     26.54     26.64     26.44
     26.14     25.84     25.64
     40.74     40.24     39.74     39.74     40.34     41.04     41.64     42.14     42.14     41.54
     41.34     42.64     44.74     45.54     43.74     40.94     39.94     41.94     45.44     47.84
     47.24     43.74     37.94     31.94     27.84     26.84     27.94     29.04     29.14     28.84
     29.34     30.14     30.44     29.94     29.54     29.64     29.54     28.84     28.14     27.94
     28.34     28.64     28.64     28.44     28.44     28.24     27.94     27.94     28.34     28.84
     28.74     28.24     28.04     28.44     29.04     29.14     28.74     28.24     28.14     27.94
     27.64     27.34     27.24     27.14     26.64     26.04     25.74     25.94     26.24     26.34
     26.14     25.84     25.54
     37.44     35.84     35.04     35.84     37.34     38.64     39.44     39.94     39.94     39.54
     39.24     40.04     41.94     43.24     42.84     41.34     40.64     41.64     42.74     42.34
     39.54     35.44     31.04     27.84     26.74     27.84     29.54     30.04     28.94     27.74
     27.84     29.04     29.84     29.64     29.04     28.64     28.44     28.04     27.44     27.04
     26.64     26.34     26.54     27.24     28.14     28.54     28.54     28.24     28.24     28.44
     28.44     28.24     28.14     28.34     28.64     28.74     28.54     28.24     28.04     27.74
     27.34     26.94     27.04     27.14     26.94     26.44     26.14     26.34     26.54     26.54
     26.24     25.94     25.84
     32.94     31.04     30.34     31.24     32.84     33.74     33.94     33.74     33.54     33.44
     33.34     33.94     35.24     36.64     37.44     38.14     39.54     41.14     41.34     38.74
     34.24     29.74     26.84     25.94     26.44     27.84     29.24     29.54     28.74     28.04
     28.24     29.14     29.74     29.54     28.84     28.14     27.74     27.64     27.64     27.44
     26.94     26.44     26.54     27.44     28.54     29.14     28.94     28.34     27.84     27.64
     27.84     27.84     27.64     27.24     27.04     27.14     27.34     27.54     27.64     27.64
     27.24     26.84     26.84     26.94     26.94     26.74     26.64     26.74     26.84     26.54
     26.24     26.04     26.24
     28.44     27.14     26.64     27.44     28.54     29.14     28.94     28.54     28.44     28.64
     28.94     29.34     29.84     30.54     31.64     33.64     36.74     39.64     40.34     37.54
     32.64     28.54     26.74     26.84     27.34     27.74     28.04     28.34     28.54     28.54
     28.54     28.64     28.84     29.04     28.94     28.54     28.14     28.04     28.44     28.64
     28.34     27.84     27.74     28.34     28.94     29.14     28.94     28.44     27.74     27.34
     27.34     27.44     27.14     26.34     25.84     25.84     26.24     26.74     27.14     27.44
     27.44     27.14     26.84     26.64     26.64     26.64     26.54     26.64     26.64     26.44
     26.24     26.24     26.54
     25.54     24.94     24.74     25.04     25.94     26.84     27.44     27.54     27.64     27.94
     28.34     28.74     29.04     29.54     30.44     32.04     34.34     36.64     37.34     35.34
     31.54     28.34     27.44     27.84     28.14     27.84     27.64     27.94     28.64     28.74
     28.14     27.54     27.44     28.24     28.94     28.84     28.24     27.94     28.54     29.04
     29.04     28.64     28.54     28.74     28.74     28.64     28.64     28.64     28.34     27.94
     27.74     27.84     27.54     26.84     26.34     26.24     26.54     26.64     26.84     27.24
     27.54     27.44     27.04     26.94     26.84     26.74     26.54     26.54     26.54     26.54
     26.44     26.44     26.54
     24.64     24.54     24.34     24.44     25.24     26.84     28.14     28.64     28.44     28.34
     28.64     29.34     30.44     32.04     33.24     33.44     32.84     32.44     32.04     30.74
     28.44     26.54     26.14     26.94     27.54     27.64     27.74     28.34     28.94     28.94
     28.14     27.24     27.24     27.94     28.64     28.44     27.54     27.24     27.84     28.64
     28.64     28.34     28.34     28.54     28.34     27.94     28.04     28.64     28.84     28.74
     28.54     28.64     28.64     28.24     27.94     27.94     27.84     27.44     27.24     27.54
     27.84     27.84     27.64     27.74     27.94     27.64     27.04     26.74     26.74     26.74
     26.64     26.54     26.44
     24.24     24.34     24.34     24.44     25.34     27.14     28.44     28.54     27.64     27.24
     27.64     28.84     31.14     33.94     35.64     34.64     31.34     28.34     26.84     26.24
     25.44     24.64     24.64     25.64     26.64     27.34     27.94     28.44     28.84     28.84
     28.54     28.24     28.14     28.44     28.54     27.94     27.14     27.04     27.84     28.44
     28.24     27.74     27.94     28.34     28.04     27.34     27.14     27.74     28.44     28.84
     28.94     29.14     29.24     29.04     28.94     29.04     28.94     28.64     28.44     28.64
     28.84     28.54     28.34     28.54     28.74     28.44     27.64     27.04     26.94     26.84
     26.54     26.34     26.24
     23.04     23.14     23.24     23.64     24.84     26.74     27.84     27.44     26.64     26.74
     27.84     29.44     31.54     34.14     35.34     33.54     29.34     25.64     24.44     24.74
     25.04     25.04     25.34     26.14     26.84     27.34     27.64     27.94     28.14     28.24
     28.54     28.84     28.84     28.74     28.44     28.04     27.84     28.04     28.64     28.84
     28.24     27.54     27.54     27.94     27.74     26.84     26.34     26.84     27.74     28.44
     28.64     28.84     28.84     28.74     28.64     28.84     29.04     29.14     29.44     29.94
     29.94     29.34     28.74     28.64     28.64     28.24     27.54     27.04     26.84     26.64
     26.24     26.04     26.24
