diamond 4 20年06月24日8时1000百帕温度场
20 06 24  8  1000 
2.500  -2.500  .0  180.0   90.0  .0
73  37
      2.64      2.64      2.64      2.64      2.64      2.64      2.64      2.64      2.64      2.64
      2.64      2.64      2.64      2.64      2.64      2.64      2.64      2.64      2.64      2.64
      2.64      2.64      2.64      2.64      2.64      2.64      2.64      2.64      2.64      2.64
      2.64      2.64      2.64      2.64      2.64      2.64      2.64      2.64      2.64      2.64
      2.64      2.64      2.64      2.64      2.64      2.64      2.64      2.64      2.64      2.64
      2.64      2.64      2.64      2.64      2.64      2.64      2.64      2.64      2.64      2.64
      2.64      2.64      2.64      2.64      2.64      2.64      2.64      2.64      2.64      2.64
      2.64      2.64      2.64
      1.44      1.44      1.34      1.34      1.24      1.24      1.14      1.14      1.14      1.14
      1.04      1.04      1.04      1.04      1.04      1.04      1.04      1.04      1.04      1.14
      1.14      1.14      1.14      1.14      1.24      1.24      1.24      1.34      1.34      1.34
      1.44      1.44      1.54      1.54      1.64      1.64      1.74      1.74      1.84      1.84
      1.94      1.94      2.04      2.14      2.14      2.24      2.24      2.34      2.34      2.44
      2.44      2.54      2.54      2.64      2.64      2.74      2.74      2.84      2.84      2.84
      2.94      2.94      2.94      2.94      3.04      3.04      3.04      3.04      3.04      3.04
      3.04      3.04      3.04
      0.64      0.54      0.54      0.44      0.44      0.44      0.44      0.44      0.54      0.54
      0.54      0.64      0.64      0.74      0.74      0.84      0.84      0.94      0.94      1.04
      1.04      1.14      1.14      1.14      1.24      1.24      1.24      1.34      1.34      1.34
      1.44      1.44      1.54      1.54      1.64      1.74      1.74      1.84      1.94      2.04
      2.14      2.24      2.24      2.34      2.44      2.54      2.64      2.74      2.74      2.84
      2.94      2.94      3.04      3.04      3.04      3.04      3.14      3.14      3.14      3.04
      3.04      3.04      3.04      2.94      2.94      2.84      2.84      2.74      2.74      2.64
      2.54      2.54      2.44
      0.94      0.94      0.94      0.94      1.04      1.14      1.24      1.34      1.44      1.54
      1.64      1.74      1.84      1.94      1.94      2.04      2.04      2.04      2.14      2.14
      2.04      2.04      2.04      2.04      2.04      2.04      2.04      2.04      2.04      2.04
      2.14      2.14      2.24      2.34      2.44      2.54      2.64      2.74      2.84      2.94
      3.04      3.24      3.34      3.44      3.54      3.64      3.74      3.84      3.84      3.94
      3.94      4.04      4.04      4.04      3.94      3.94      3.84      3.74      3.54      3.44
      3.24      3.14      2.94      2.74      2.64      2.44      2.24      2.14      2.04      1.94
      1.84      1.74      1.64
      2.04      2.14      2.14      2.24      2.34      2.44      2.44      2.54      2.54      2.54
      2.44      2.44      2.34      2.34      2.24      2.14      2.04      1.94      1.84      1.74
      1.64      1.54      1.44      1.34      1.34      1.24      1.24      1.34      1.44      1.54
      1.64      1.84      2.04      2.24      2.44      2.64      2.84      3.04      3.24      3.44
      3.64      3.84      3.94      4.14      4.34      4.54      4.74      4.94      5.04      5.14
      5.34      5.34      5.34      5.34      5.24      5.04      4.84      4.64      4.34      3.94
      3.64      3.24      2.94      2.64      2.34      2.04      1.84      1.64      1.54      1.44
      1.44      1.44      1.44
      3.44      3.64      3.84      3.94      3.94      3.84      3.64      3.34      3.04      2.64
      2.24      1.74      1.44      1.14      0.84      0.64      0.44      0.34      0.24      0.04
     -0.06     -0.16     -0.26     -0.36     -0.46     -0.46     -0.46     -0.46     -0.36     -0.16
      0.04      0.34      0.64      1.04      1.34      1.64      1.94      2.24      2.54      2.74
      3.04      3.34      3.64      3.94      4.34      4.74      5.14      5.54      5.94      6.34
      6.64      6.84      6.94      6.94      6.84      6.64      6.24      5.84      5.44      4.84
      4.34      3.84      3.34      2.84      2.44      2.14      1.84      1.64      1.54      1.54
      1.54      1.64      1.74
      4.74      5.34      5.84      6.14      6.14      5.94      5.54      4.84      4.14      3.34
      2.44      1.74      1.04      0.54      0.14     -0.06     -0.06     -0.06      0.04      0.14
      0.14      0.14      0.14     -0.06     -0.16     -0.36     -0.56     -0.66     -0.66     -0.56
     -0.36     -0.16      0.14      0.44      0.74      0.94      1.24      1.54      1.74      2.04
      2.44      2.84      3.34      3.94      4.74      5.44      6.34      7.14      7.94      8.54
      9.04      9.34      9.34      9.24      8.94      8.44      7.84      7.14      6.54      5.84
      5.14      4.54      4.04      3.54      3.14      2.84      2.54      2.34      2.14      1.94
      1.84      1.74      1.74
      5.94      7.04      7.84      8.54      8.84      8.84      8.54      8.04      7.24      6.34
      5.34      4.24      3.34      2.54      2.04      1.74      1.64      1.74      2.04      2.34
      2.64      2.74      2.84      2.64      2.44      2.14      1.84      1.54      1.34      1.24
      1.24      1.24      1.44      1.64      1.84      2.04      2.24      2.54      2.94      3.34
      3.84      4.54      5.34      6.34      7.54      8.74      9.94     11.14     12.24     12.94
     13.34     13.44     13.14     12.44     11.54     10.44      9.44      8.34      7.44      6.74
      6.14      5.64      5.34      5.04      4.74      4.44      4.14      3.74      3.34      2.94
      2.54      2.04      1.64
      6.84      7.94      9.04     10.04     10.94     11.64     12.14     12.34     12.14     11.44
     10.54      9.24      7.74      6.24      4.94      3.94      3.34      3.04      3.14      3.44
      3.74      4.14      4.34      4.34      4.24      4.04      3.84      3.64      3.54      3.54
      3.64      3.74      4.04      4.34      4.64      5.04      5.54      6.14      6.84      7.54
      8.34      9.24     10.24     11.34     12.54     13.84     15.24     16.54     17.64     18.34
     18.54     18.24     17.34     16.04     14.44     12.74     11.14      9.84      8.84      8.24
      7.94      7.84      7.84      7.74      7.54      7.24      6.74      6.14      5.44      4.64
      3.84      3.14      2.44
      7.34      8.04      8.94     10.14     11.64     13.24     14.74     16.14     16.84     16.94
     16.04     14.44     12.14      9.64      7.04      4.84      3.14      2.14      1.84      1.94
      2.24      2.74      3.14      3.44      3.64      3.74      3.94      4.14      4.44      4.94
      5.44      6.04      6.74      7.44      8.24      9.14     10.24     11.34     12.44     13.54
     14.44     15.14     15.74     16.24     16.84     17.64     18.54     19.64     20.74     21.54
     21.84     21.44     20.34     18.74     16.84     14.94     13.24     12.04     11.34     11.14
     11.24     11.44     11.64     11.64     11.34     10.74      9.84      8.84      7.74      6.64
      5.64      4.84      4.14
      8.14      8.44      9.04     10.14     11.84     13.94     16.44     18.64     20.34     21.04
     20.44     18.64     15.74     12.34      8.94      5.84      3.44      1.94      1.34      1.34
      1.74      2.24      2.74      3.04      3.24      3.44      3.74      4.14      4.84      5.74
      6.74      7.84      9.04     10.14     11.44     12.74     14.24     15.84     17.34     18.54
     19.24     19.44     19.04     18.34     17.74     17.54     17.84     18.74     19.94     21.24
     21.94     22.04     21.24     19.74     17.94     16.14     14.74     13.84     13.64     13.84
     14.24     14.64     14.84     14.64     14.14     13.24     12.04     10.74      9.44      8.14
      7.14      6.34      5.84
     10.24     10.44     10.84     11.64     13.04     15.04     17.44     19.94     21.94     22.94
     22.64     21.04     18.34     15.04     11.64      8.74      6.54      5.24      4.74      4.74
      5.14      5.54      5.84      5.84      5.74      5.54      5.34      5.44      5.94      6.74
      7.94      9.34     10.74     12.04     13.34     14.74     16.24     17.84     19.34     20.54
     21.04     20.64     19.44     17.74     16.14     15.14     15.14     16.14     17.74     19.54
     20.84     21.14     20.44     18.84     17.04     15.34     14.14     13.64     13.74     14.04
     14.44     14.74     14.74     14.54     14.04     13.34     12.44     11.44     10.24      9.04
      7.94      7.04      6.54
     13.54     13.94     14.14     14.44     15.04     16.24     17.94     19.84     21.54     22.44
     22.24     21.04     18.94     16.44     14.14     12.14     10.84     10.04      9.74      9.74
      9.94     10.14     10.24     10.14      9.64      8.84      8.04      7.34      7.24      7.74
      8.94     10.44     11.94     13.24     14.34     15.24     16.24     17.44     18.74     19.74
     20.24     19.84     18.64     16.84     15.04     14.04     14.04     15.24     17.24     19.14
     20.34     20.24     19.04     16.84     14.54     12.74     11.74     11.44     11.64     11.84
     11.94     11.74     11.54     11.34     11.34     11.54     11.54     11.34     10.74      9.84
      8.64      7.54      6.74
     16.44     16.94     16.84     16.44     16.24     16.34     17.14     18.24     19.24     19.84
     19.64     18.64     17.14     15.54     14.24     13.24     12.74     12.34     12.14     11.94
     11.94     12.14     12.44     12.54     12.14     11.24      9.94      8.84      8.24      8.64
      9.94     11.74     13.54     14.84     15.44     15.74     15.94     16.44     17.34     18.44
     19.14     19.34     18.64     17.44     16.14     15.34     15.44     16.44     18.04     19.54
     20.14     19.34     17.24     14.54     11.94     10.24      9.54      9.64      9.94      9.94
      9.44      8.74      8.24      8.14      8.84      9.84     10.94     11.44     11.34     10.64
      9.44      8.24      7.24
     18.04     18.24     17.84     16.94     16.04     15.54     15.64     16.14     16.74     17.04
     16.84     15.94     14.74     13.74     12.94     12.64     12.54     12.34     12.14     11.94
     11.94     12.14     12.64     13.04     12.94     12.24     11.04      9.94      9.54     10.24
     11.94     14.14     15.94     16.94     16.94     16.44     15.94     16.04     16.74     17.84
     18.84     19.44     19.54     19.04     18.24     17.54     17.14     17.44     18.14     18.74
     18.64     17.54     15.44     12.84     10.54      9.34      9.14      9.64     10.04      9.84
      9.04      7.94      7.24      7.44      8.44      9.94     11.14     11.74     11.44     10.64
      9.54      8.64      8.04
     18.74     18.84     18.34     17.34     16.34     15.44     15.14     15.34     15.74     16.14
     16.14     15.64     14.94     14.14     13.64     13.54     13.64     13.84     13.84     13.74
     13.64     13.64     13.84     13.84     13.54     12.94     12.04     11.54     11.84     13.24
     15.44     17.54     18.74     18.64     17.44     16.04     15.24     15.34     16.14     17.34
     18.34     19.14     19.74     19.94     19.84     19.24     18.34     17.54     17.14     16.94
     16.84     16.04     14.64     12.74     11.04     10.04      9.94     10.24     10.44     10.04
      9.14      8.14      7.74      8.24      9.44     10.74     11.44     11.34     10.34      9.14
      8.14      7.74      7.84
     19.94     20.14     19.94     19.24     18.34     17.34     16.44     16.14     16.44     17.04
     17.64     18.04     18.04     17.84     17.64     17.44     17.54     17.74     18.04     18.24
     18.14     17.74     16.84     15.74     14.64     13.74     13.44     13.74     14.94     17.04
     19.34     20.84     20.84     19.14     16.44     14.24     13.44     14.04     15.34     16.54
     17.24     17.94     18.84     20.14     21.24     21.44     20.44     18.84     17.44     16.74
     16.54     16.44     15.74     14.44     12.84     11.44     10.44      9.74      9.04      8.24
      7.54      7.14      7.34      8.24      9.44     10.44     10.64      9.84      8.44      7.04
      6.14      6.14      6.74
     21.64     21.94     22.14     22.04     21.44     20.24     18.84     17.74     17.44     18.04
     19.24     20.44     21.34     21.94     22.04     21.74     21.44     21.34     21.64     22.24
     22.54     21.84     20.24     18.14     16.44     15.54     15.54     16.44     18.04     20.14
     22.14     23.24     22.54     19.94     16.44     13.74     13.14     14.24     16.04     17.14
     17.34     17.54     18.84     21.24     23.84     25.04     24.34     22.24     19.94     18.54
     18.14     18.14     17.74     16.64     14.94     12.94     10.94      9.04      7.34      6.14
      5.64      5.74      6.44      7.34      8.24      8.74      8.74      8.14      7.24      6.24
      5.74      5.74      6.34
     22.84     22.64     23.04     23.74     23.74     22.74     21.04     19.34     18.34     18.44
     19.34     20.74     22.24     23.44     24.04     23.74     22.94     22.34     22.64     23.64
     24.74     24.64     23.24     21.14     19.44     18.94     19.24     20.04     20.84     22.04
     23.64     25.04     25.14     23.14     19.84     17.04     16.24     17.44     19.34     20.34
     20.14     20.04     21.34     24.34     27.54     28.94     27.94     25.14     22.14     20.14
     19.44     19.14     18.74     17.94     16.64     15.04     12.94     10.54      8.34      6.74
      6.34      6.64      7.34      7.74      7.84      7.64      7.44      7.44      7.34      7.44
      7.44      7.54      7.84
     22.74     21.94     22.34     23.64     24.64     24.24     22.74     21.04     19.74     19.24
     19.24     19.84     20.94     22.44     23.54     23.74     22.94     22.14     22.34     23.94
     25.94     26.84     26.24     24.74     23.54     23.44     23.84     23.84     23.14     22.94
     24.04     26.24     28.04     27.74     25.14     21.94     20.24     20.84     22.64     23.94
     24.04     24.14     25.44     28.04     30.34     30.74     28.64     25.04     21.84     20.04
     19.34     19.04     18.64     18.34     18.24     17.84     16.64     14.54     12.24     10.64
     10.24     10.74     11.24     11.04     10.14      9.04      8.34      8.34      8.74      9.44
     10.04     10.44     10.64
     22.64     21.34     21.74     23.24     24.44     24.44     23.44     22.24     21.44     20.84
     20.14     19.64     19.74     20.84     22.34     23.24     23.24     22.94     23.34     25.04
     27.34     28.84     28.64     27.54     26.74     26.94     27.34     26.64     24.84     23.24
     23.64     26.14     29.04     29.74     27.24     23.24     20.44     20.24     22.24     24.34
     25.64     26.44     27.74     29.54     30.54     29.44     26.24     22.64     20.24     19.44
     19.44     19.44     19.14     19.24     19.84     20.54     20.24     18.74     16.64     15.24
     15.14     15.84     16.44     15.94     14.54     12.84     11.54     10.84     10.94     11.34
     12.04     12.74     13.24
     24.34     23.04     22.84     23.34     23.64     23.04     22.14     21.54     21.64     21.84
     21.34     20.34     19.54     19.84     21.14     22.74     23.94     24.64     25.34     26.84
     28.64     29.74     29.64     28.64     28.14     28.44     29.04     28.54     26.54     24.14
     23.34     24.74     26.84     27.04     24.44     20.14     17.04     16.84     19.24     22.34
     24.44     25.74     26.84     27.94     28.24     26.64     23.64     20.84     19.64     20.14
     21.04     21.24     20.94     20.94     21.64     22.44     22.34     21.14     19.64     18.74
     19.04     19.94     20.54     20.24     19.04     17.34     15.64     14.44     13.64     13.44
     13.74     14.44     15.34
     28.64     27.14     25.64     24.24     22.84     21.04     19.64     19.24     20.04     21.04
     21.44     20.84     19.84     19.34     20.04     21.94     24.14     25.94     27.24     28.24
     29.14     29.74     29.64     29.14     28.94     29.54     30.54     30.64     29.14     26.64
     24.44     23.54     23.44     22.74     20.44     17.44     15.64     16.34     19.04     22.14
     24.04     24.64     24.84     25.34     25.64     24.94     23.14     21.54     21.14     21.94
     22.94     23.24     22.94     22.84     23.14     23.44     23.24     22.34     21.54     21.34
     21.84     22.54     22.94     22.64     21.74     20.34     18.94     17.74     16.84     16.34
     16.44     16.94     17.84
     33.64     31.44     28.64     25.94     23.44     21.14     19.44     18.74     19.04     19.94
     20.94     21.14     20.64     19.94     20.14     21.74     24.54     27.14     28.84     29.44
     29.64     29.84     30.24     30.44     30.64     31.34     32.34     33.04     32.34     30.14
     27.04     24.34     22.44     21.34     20.44     19.84     19.94     21.34     23.74     25.94
     26.74     25.94     24.74     24.34     24.74     25.14     24.74     24.04     23.64     23.94
     24.24     24.14     23.94     23.94     24.14     24.14     23.84     23.54     23.44     23.74
     24.14     24.24     23.94     23.54     22.84     21.84     20.84     20.04     19.74     19.74
     20.04     20.54     21.14
     36.44     33.94     31.14     28.64     26.54     24.84     23.44     22.14     21.34     21.24
     21.84     22.64     23.04     22.94     23.04     24.14     26.44     28.94     30.44     30.74
     30.64     30.84     31.34     31.74     31.84     32.04     32.84     33.64     33.74     32.44
     29.94     26.94     24.84     24.14     24.64     25.54     26.34     27.34     28.84     30.24
     30.44     29.04     26.84     25.34     25.34     26.14     26.64     26.54     26.14     25.74
     25.24     24.74     24.54     24.84     25.14     25.24     25.04     25.04     25.34     25.64
     25.44     24.94     24.44     24.14     23.74     22.94     22.14     21.84     22.14     22.74
     23.34     23.84     24.34
     36.34     34.64     33.14     31.84     30.74     29.84     28.84     27.44     25.94     24.94
     24.94     25.94     27.14     27.74     28.04     28.54     29.54     30.74     31.44     31.64
     31.74     32.04     32.24     31.84     30.94     30.44     30.74     31.64     32.44     32.34
     31.24     29.54     28.24     27.84     28.44     29.14     29.24     28.94     29.34     30.64
     31.64     31.04     28.94     26.84     26.14     26.74     27.54     28.04     28.04     27.74
     27.04     26.34     26.04     26.34     26.84     26.84     26.54     26.44     26.54     26.44
     25.94     25.24     25.04     25.14     25.14     24.54     23.84     23.64     24.04     24.64
     25.24     25.64     26.14
     35.44     35.34     35.24     34.54     33.44     32.24     31.24     30.34     29.54     28.84
     28.94     29.74     30.94     31.94     32.34     32.24     31.84     31.34     31.24     31.54
     32.34     33.04     32.74     31.24     29.24     28.14     28.14     29.04     29.84     30.44
     30.64     30.34     29.74     29.24     28.94     28.64     27.74     26.64     26.54     28.14
     30.14     30.74     29.54     27.74     26.84     26.94     27.54     28.24     28.94     29.34
     28.94     28.14     27.74     28.14     28.54     28.54     27.94     27.54     27.34     27.04
     26.34     25.74     25.74     26.14     26.34     25.94     25.54     25.34     25.54     25.64
     25.74     25.94     26.44
     36.14     37.14     37.34     36.04     33.84     31.74     30.64     30.34     30.84     31.54
     32.14     32.64     33.14     33.74     34.04     33.54     32.34     31.14     30.74     31.44
     32.74     33.64     33.14     31.14     28.94     27.84     27.84     28.14     28.14     28.14
     28.64     29.14     28.94     28.14     27.34     26.84     26.14     25.24     25.04     26.24
     28.04     29.04     28.94     28.14     27.74     27.74     27.74     28.14     28.94     29.54
     29.44     28.84     28.54     28.94     29.44     29.34     28.64     28.04     27.74     27.54
     27.04     26.64     26.54     26.64     26.44     26.14     26.14     26.24     26.24     25.94
     25.64     25.64     25.94
     38.04     38.84     38.34     36.34     33.74     31.74     30.74     30.74     31.84     33.34
     34.34     34.44     34.14     33.94     33.84     33.24     32.24     31.44     31.54     32.24
     33.04     33.24     32.34     30.84     29.44     29.04     29.24     28.84     27.54     26.34
     26.44     27.24     27.54     27.04     26.64     26.74     26.94     26.74     26.24     26.24
     26.74     27.34     27.84     28.44     29.14     29.24     28.84     28.44     28.74     29.14
     29.04     28.54     28.34     28.84     29.34     29.04     28.24     27.64     27.54     27.64
     27.44     27.24     26.94     26.54     26.04     25.64     25.74     26.14     26.24     25.84
     25.44     25.34     25.54
     37.84     37.94     36.84     35.14     34.04     33.64     33.44     33.04     33.34     34.44
     35.24     35.14     34.44     33.94     33.64     33.04     32.64     32.84     33.44     33.54
     32.54     31.04     29.74     28.94     28.84     29.24     29.64     29.04     27.24     25.44
     25.14     26.14     27.24     27.54     27.64     28.04     28.44     28.14     27.34     26.54
     26.14     26.14     26.94     28.34     29.74     30.24     29.84     29.14     29.04     29.14
     28.94     28.44     28.34     28.64     28.64     28.14     27.34     26.94     26.94     27.04
     27.04     27.04     26.94     26.54     25.94     25.64     25.74     26.04     26.04     25.84
     25.54     25.44     25.54
     34.14     33.64     32.44     32.04     33.04     34.64     35.14     34.34     33.54     33.54
     33.74     33.64     33.24     33.24     33.24     32.94     32.94     33.74     34.64     33.94
     31.34     28.34     26.74     26.54     27.14     28.04     28.64     28.44     27.24     25.84
     25.44     26.44     27.84     28.74     29.04     28.84     28.34     27.54     26.74     26.34
     25.94     25.94     26.44     27.64     29.04     29.74     29.64     29.34     29.34     29.44
     29.24     28.94     28.74     28.64     28.24     27.54     26.94     26.74     26.64     26.54
     26.44     26.64     26.84     26.74     26.54     26.34     26.24     26.24     26.24     26.14
     26.24     26.04     25.84
     28.84     28.14     27.34     27.74     29.74     31.94     32.64     31.94     31.04     30.64
     30.24     29.64     29.64     30.54     31.54     31.74     31.84     32.64     33.44     32.54
     29.74     26.94     25.64     25.84     26.44     27.04     27.64     28.24     28.04     27.34
     26.74     27.04     28.14     29.04     29.14     28.34     27.04     26.14     26.14     26.54
     26.74     26.44     26.44     27.04     27.94     28.64     28.94     29.14     29.24     29.14
     28.94     28.84     28.94     28.64     27.94     27.24     26.94     26.94     26.84     26.54
     26.44     26.64     26.84     26.84     26.84     26.74     26.74     26.54     26.54     26.64
     26.94     26.84     26.34
     25.04     24.64     24.34     24.64     25.94     27.34     28.04     28.04     28.04     27.94
     27.04     25.84     25.54     26.84     28.54     29.24     29.24     29.44     29.94     29.44
     27.94     26.54     26.44     26.84     27.04     27.04     27.44     28.34     28.94     28.64
     27.84     27.34     27.54     28.04     28.24     27.54     26.54     26.24     26.84     27.54
     27.54     27.04     26.74     27.04     27.74     28.34     28.94     29.14     28.84     28.14
     27.64     27.94     28.34     28.34     27.84     27.34     27.04     26.94     26.74     26.64
     26.74     26.94     26.94     26.74     26.54     26.64     26.74     26.74     26.64     26.84
     27.14     27.24     27.04
     24.04     24.04     24.14     24.34     24.64     25.04     25.54     26.24     26.94     27.14
     26.24     24.74     24.14     25.14     26.34     26.64     26.14     25.84     26.04     26.14
     25.94     26.14     26.74     27.34     27.34     27.14     27.24     28.04     28.74     28.84
     28.34     27.54     27.04     27.14     27.34     27.24     27.14     27.34     27.84     27.84
     27.24     26.54     26.74     27.54     28.14     28.54     28.84     28.94     28.44     27.34
     26.64     27.04     27.74     28.04     27.84     27.44     27.14     26.84     26.54     26.54
     26.84     27.04     27.04     26.74     26.64     26.74     26.84     26.84     26.74     26.84
     26.94     27.24     27.34
     24.24     24.64     25.24     25.44     25.54     25.74     26.04     26.54     26.84     26.84
     26.44     25.94     25.84     26.14     25.84     24.84     23.74     23.34     23.74     24.24
     24.74     25.34     26.04     26.44     26.64     26.74     26.94     27.24     27.74     28.24
     28.44     28.04     27.44     27.24     27.44     27.64     27.84     28.04     27.84     27.04
     25.84     25.54     26.34     27.44     27.54     27.14     27.24     27.74     27.74     27.14
     26.64     26.84     27.54     27.84     27.84     27.74     27.64     27.24     26.84     26.64
     26.74     26.84     26.94     27.14     27.24     27.34     27.14     27.04     27.04     26.94
     26.84     26.94     27.34
     24.14     24.74     25.24     25.54     25.84     26.34     26.74     26.44     25.74     25.24
     25.54     26.54     27.54     27.34     25.64     23.44     22.24     22.44     23.44     24.34
     24.84     25.14     25.44     25.74     26.24     26.84     27.04     26.94     26.94     27.64
     28.44     28.44     28.04     27.84     28.04     28.24     28.24     28.04     27.54     26.34
     25.14     25.14     26.14     26.54     25.64     24.34     24.44     25.74     26.84     26.94
     26.74     26.94     27.34     27.54     27.64     27.84     28.04     27.94     27.74     27.44
     27.04     26.64     26.64     27.24     27.74     27.64     27.04     26.84     27.04     27.04
     26.74     26.64     26.94
     23.54     23.84     23.74     23.54     24.04     25.14     26.04     25.94     24.94     23.94
     24.04     25.34     26.54     26.24     24.24     22.24     21.64     22.74     24.24     25.14
     25.54     25.74     25.74     25.94     26.64     27.34     27.54     27.14     26.94     27.54
     28.14     28.24     28.04     28.14     28.54     28.54     28.34     28.14     27.84     27.04
     25.94     25.74     26.14     25.84     24.24     22.84     23.14     24.74     26.14     26.54
     26.54     26.64     26.94     26.94     27.04     27.24     27.64     27.94     28.24     28.14
     27.44     26.54     26.34     26.84     27.44     27.14     26.44     26.24     26.54     26.84
     26.74     26.44     26.54
