diamond 4 20年06月26日8时850百帕温度场
20 06 26  8  850 
2.500  -2.500  .0  180.0   90.0  .0
73  37
     -0.26     -0.26     -0.26     -0.26     -0.26     -0.26     -0.26     -0.26     -0.26     -0.26
     -0.26     -0.26     -0.26     -0.26     -0.26     -0.26     -0.26     -0.26     -0.26     -0.26
     -0.26     -0.26     -0.26     -0.26     -0.26     -0.26     -0.26     -0.26     -0.26     -0.26
     -0.26     -0.26     -0.26     -0.26     -0.26     -0.26     -0.26     -0.26     -0.26     -0.26
     -0.26     -0.26     -0.26     -0.26     -0.26     -0.26     -0.26     -0.26     -0.26     -0.26
     -0.26     -0.26     -0.26     -0.26     -0.26     -0.26     -0.26     -0.26     -0.26     -0.26
     -0.26     -0.26     -0.26     -0.26     -0.26     -0.26     -0.26     -0.26     -0.26     -0.26
     -0.26     -0.26     -0.26
      1.24      1.14      1.14      1.14      1.14      1.04      1.04      1.04      1.04      0.94
      0.94      0.94      0.84      0.84      0.84      0.74      0.74      0.74      0.64      0.64
      0.54      0.54      0.54      0.44      0.44      0.44      0.34      0.34      0.24      0.24
      0.24      0.14      0.14      0.04      0.04      0.04     -0.06     -0.06     -0.16     -0.26
     -0.26     -0.36     -0.36     -0.46     -0.56     -0.66     -0.66     -0.76     -0.86     -0.96
     -1.06     -1.16     -1.26     -1.36     -1.46     -1.56     -1.66     -1.76     -1.86     -1.86
     -1.96     -2.06     -2.16     -2.26     -2.36     -2.36     -2.46     -2.56     -2.56     -2.66
     -2.66     -2.76     -2.76
      1.44      1.44      1.44      1.34      1.24      1.24      1.14      1.04      0.94      0.84
      0.74      0.64      0.54      0.44      0.34      0.14      0.04     -0.06     -0.16     -0.26
     -0.36     -0.46     -0.56     -0.56     -0.66     -0.66     -0.66     -0.66     -0.66     -0.66
     -0.66     -0.56     -0.56     -0.46     -0.46     -0.36     -0.36     -0.26     -0.26     -0.26
     -0.26     -0.26     -0.26     -0.26     -0.36     -0.46     -0.56     -0.66     -0.76     -0.86
     -1.06     -1.26     -1.46     -1.66     -1.86     -2.06     -2.26     -2.46     -2.66     -2.96
     -3.16     -3.36     -3.56     -3.76     -3.86     -4.06     -4.26     -4.36     -4.56     -4.66
     -4.76     -4.86     -4.96
      1.34      1.44      1.44      1.44      1.44      1.34      1.24      1.14      0.94      0.74
      0.54      0.24      0.04     -0.26     -0.56     -0.96     -1.26     -1.56     -1.86     -2.16
     -2.36     -2.56     -2.76     -2.86     -2.96     -3.06     -3.06     -2.96     -2.86     -2.76
     -2.56     -2.26     -1.96     -1.66     -1.36     -1.06     -0.76     -0.36     -0.06      0.24
      0.44      0.64      0.84      0.94      1.04      1.04      0.94      0.84      0.64      0.44
      0.24     -0.06     -0.36     -0.76     -1.06     -1.46     -1.86     -2.26     -2.56     -2.96
     -3.26     -3.56     -3.86     -4.16     -4.36     -4.66     -4.86     -5.06     -5.26     -5.36
     -5.56     -5.66     -5.76
      1.24      1.44      1.64      1.74      1.84      1.84      1.74      1.64      1.44      1.14
      0.84      0.44      0.04     -0.46     -0.96     -1.46     -1.96     -2.46     -2.96     -3.36
     -3.86     -4.16     -4.56     -4.76     -4.96     -5.06     -5.06     -4.96     -4.76     -4.46
     -4.06     -3.56     -3.06     -2.36     -1.66     -0.96     -0.16      0.54      1.34      2.04
      2.64      3.24      3.74      4.04      4.34      4.44      4.44      4.24      4.04      3.64
      3.24      2.74      2.14      1.44      0.84      0.14     -0.56     -1.16     -1.76     -2.36
     -2.96     -3.46     -3.86     -4.26     -4.56     -4.86     -5.06     -5.36     -5.46     -5.66
     -5.76     -5.86     -6.06
      0.84      1.04      1.24      1.44      1.54      1.54      1.44      1.34      1.14      0.84
      0.54      0.24     -0.16     -0.66     -1.06     -1.56     -2.06     -2.56     -3.16     -3.66
     -4.16     -4.56     -4.96     -5.26     -5.56     -5.66     -5.66     -5.56     -5.26     -4.86
     -4.36     -3.66     -2.86     -1.86     -0.86      0.24      1.44      2.64      3.84      4.94
      6.04      6.94      7.74      8.44      8.84      9.14      9.14      8.94      8.64      8.14
      7.44      6.64      5.74      4.64      3.64      2.44      1.34      0.24     -0.86     -1.86
     -2.86     -3.66     -4.46     -5.06     -5.56     -5.96     -6.26     -6.46     -6.66     -6.76
     -6.76     -6.76     -6.76
     -0.06      0.04      0.04     -0.06     -0.06     -0.16     -0.36     -0.46     -0.56     -0.56
     -0.66     -0.76     -0.86     -0.96     -1.16     -1.46     -1.86     -2.26     -2.76     -3.26
     -3.76     -4.26     -4.66     -4.96     -5.16     -5.26     -5.16     -4.86     -4.46     -3.96
     -3.26     -2.46     -1.46     -0.36      0.84      2.14      3.44      4.94      6.34      7.74
      9.04     10.24     11.24     12.14     12.74     13.04     13.14     13.04     12.74     12.24
     11.44     10.64      9.54      8.34      7.04      5.54      4.04      2.34      0.74     -0.86
     -2.36     -3.76     -4.96     -5.96     -6.66     -7.26     -7.66     -7.86     -7.86     -7.86
     -7.76     -7.66     -7.46
     -0.66     -0.86     -1.16     -1.46     -1.66     -1.86     -1.86     -1.86     -1.56     -1.26
     -0.86     -0.46     -0.16      0.14      0.24      0.04     -0.26     -0.76     -1.46     -2.26
     -2.96     -3.66     -4.16     -4.46     -4.56     -4.46     -4.06     -3.46     -2.76     -1.96
     -1.06     -0.06      0.94      2.04      3.14      4.34      5.64      6.94      8.34      9.64
     10.94     12.14     13.14     14.04     14.64     14.94     15.14     15.14     14.94     14.64
     14.24     13.64     12.94     12.04     10.94      9.54      8.04      6.24      4.34      2.44
      0.44     -1.36     -2.96     -4.26     -5.26     -5.96     -6.26     -6.46     -6.46     -6.46
     -6.36     -6.26     -6.16
     -0.06     -0.26     -0.56     -0.86     -0.96     -0.96     -0.66     -0.16      0.54      1.34
      2.24      3.14      3.84      4.24      4.24      3.84      3.14      2.04      0.74     -0.66
     -1.96     -2.96     -3.66     -3.96     -3.86     -3.36     -2.56     -1.56     -0.36      0.74
      1.94      2.94      3.94      4.84      5.74      6.64      7.54      8.64      9.74     10.84
     12.04     13.04     13.94     14.54     15.04     15.24     15.44     15.44     15.44     15.44
     15.44     15.44     15.24     15.04     14.54     13.74     12.74     11.44      9.84      8.04
      6.24      4.44      2.84      1.54      0.54     -0.16     -0.56     -0.76     -0.86     -1.06
     -1.36     -1.86     -2.36
      2.34      2.44      2.54      2.74      3.04      3.44      4.14      5.04      6.14      7.24
      8.34      9.24      9.74      9.84      9.34      8.34      6.74      4.74      2.64      0.64
     -1.16     -2.46     -3.16     -3.26     -2.86     -1.96     -0.76      0.64      2.04      3.44
      4.64      5.64      6.44      7.04      7.64      8.14      8.84      9.64     10.64     11.64
     12.64     13.54     14.24     14.64     14.84     14.94     14.94     14.94     15.04     15.24
     15.44     15.64     15.84     15.94     15.94     15.74     15.44     14.94     14.24     13.44
     12.44     11.44     10.34      9.44      8.64      7.94      7.44      6.94      6.34      5.54
      4.54      3.14      1.54
      5.94      6.64      7.34      7.94      8.64      9.44     10.44     11.34     12.34     13.24
     13.94     14.24     14.24     13.64     12.44     10.64      8.34      5.74      3.14      0.74
     -1.06     -2.26     -2.66     -2.36     -1.56     -0.46      0.84      2.24      3.54      4.64
      5.74      6.54      7.24      7.74      8.14      8.64      9.24      9.94     10.94     11.94
     12.94     13.64     14.04     14.14     14.04     13.84     13.74     13.84     14.14     14.54
     14.84     14.94     14.94     14.64     14.24     13.94     13.84     14.04     14.34     14.84
     15.24     15.54     15.54     15.24     14.64     13.94     12.94     11.84     10.54      9.04
      7.24      5.14      2.84
      9.84     10.74     11.54     12.24     13.04     13.84     14.64     15.34     15.84     16.04
     15.94     15.54     14.84     13.74     12.24     10.34      7.94      5.24      2.74      0.54
     -1.06     -1.76     -1.76     -1.16     -0.26      0.64      1.54      2.44      3.24      4.14
      5.14      6.14      7.04      7.74      8.34      8.94      9.54     10.34     11.34     12.24
     13.14     13.54     13.44     12.94     12.34     11.84     11.74     12.14     12.94     13.74
     14.34     14.34     13.74     12.44     11.04      9.84      9.14      9.24     10.04     11.54
     13.24     14.84     15.94     16.44     16.04     15.14     13.64     11.84      9.94      7.94
      5.84      3.74      1.54
     12.74     13.14     13.34     13.54     13.94     14.54     15.14     15.64     15.64     15.24
     14.54     13.74     12.84     11.94     10.84      9.44      7.54      5.34      3.14      1.24
     -0.06     -0.66     -0.56     -0.06      0.44      0.84      1.14      1.44      2.04      3.04
      4.54      6.24      7.94      9.24     10.14     10.64     11.14     11.64     12.34     13.24
     13.84     14.04     13.54     12.44     11.14     10.04      9.74     10.24     11.54     12.94
     14.04     14.14     13.14     11.14      8.74      6.34      4.74      4.24      4.94      6.64
      8.94     11.34     13.24     14.24     14.24     13.24     11.44      9.34      7.14      5.14
      3.34      1.64      0.14
     14.04     13.54     12.74     12.14     12.04     12.44     13.14     13.64     13.64     13.14
     12.24     11.44     10.94     10.64     10.34      9.74      8.54      6.74      4.64      2.74
      1.24      0.54      0.24      0.34      0.34      0.24      0.14      0.44      1.44      3.24
      5.74      8.44     10.84     12.54     13.24     13.34     13.04     12.94     13.34     14.04
     14.84     15.24     14.84     13.74     12.04     10.64      9.74      9.84     10.84     12.14
     13.14     13.34     12.44     10.44      7.84      5.24      3.24      2.24      2.34      3.74
      5.84      8.34     10.64     12.14     12.54     11.74     10.04      7.84      5.74      4.04
      2.74      1.74      0.94
     14.44     13.24     11.74     10.54     10.04     10.34     11.04     11.84     12.14     11.84
     11.24     10.74     10.64     10.94     11.24     10.94      9.94      8.04      5.74      3.54
      1.84      0.84      0.34      0.14     -0.06     -0.06      0.24      1.24      3.14      5.84
      8.94     11.84     14.14     15.24     15.14     14.24     13.14     12.34     12.34     13.04
     14.14     15.24     15.74     15.44     14.44     13.14     12.04     11.34     11.24     11.44
     11.54     11.34     10.54      9.14      7.44      5.74      4.24      3.24      3.14      3.84
      5.44      7.64      9.84     11.64     12.34     11.94     10.44      8.54      6.64      5.14
      4.14      3.64      3.14
     15.04     14.14     12.64     11.04     10.14     10.04     10.64     11.44     11.94     11.94
     11.64     11.54     11.74     12.14     12.44     11.94     10.44      8.14      5.64      3.34
      1.94      1.14      0.94      1.04      1.24      1.84      3.04      5.04      7.64     10.44
     12.94     14.74     15.44     15.04     13.74     12.14     10.74      9.84      9.74     10.44
     11.54     12.94     14.24     15.14     15.34     15.04     14.24     13.24     12.14     11.14
     10.14      9.34      8.54      7.84      7.24      6.74      6.14      5.64      5.34      5.54
      6.54      8.14     10.04     11.64     12.44     12.14     10.94      9.14      7.44      6.14
      5.34      4.94      4.64
     16.34     16.24     15.04     13.34     11.84     11.24     11.44     12.04     12.54     12.64
     12.44     12.44     12.74     13.14     13.14     12.34     10.54      8.14      5.74      4.04
      3.34      3.44      4.04      4.64      5.54      6.84      8.84     11.34     13.84     15.74
     16.54     16.14     14.74     12.74     10.94      9.54      8.94      9.04      9.34      9.84
     10.34     10.84     11.74     12.74     13.74     14.34     14.34     13.74     12.64     11.34
     10.04      9.04      8.34      8.14      8.24      8.24      8.04      7.64      7.24      7.04
      7.44      8.34      9.54     10.44     10.84     10.44      9.34      7.84      6.44      5.44
      4.74      4.34      4.14
     17.44     17.84     16.84     15.04     13.24     12.34     12.24     12.74     13.14     13.14
     12.84     12.54     12.64     12.94     13.04     12.44     10.94      9.04      7.44      6.64
      6.94      8.14      9.54     10.84     12.14     13.74     15.74     17.74     19.34     19.64
     18.64     16.54     13.94     11.64     10.14      9.84     10.74     12.24     13.54     14.04
     13.64     12.64     11.94     11.64     12.04     12.44     12.64     12.44     11.94     11.34
     10.74     10.34     10.14     10.24     10.34     10.24      9.74      9.04      8.34      7.84
      7.74      7.84      8.04      7.94      7.64      7.04      6.34      5.44      4.64      3.94
      3.44      2.94      2.74
     17.54     17.84     16.94     15.14     13.64     12.94     13.14     13.74     14.04     13.74
     13.04     12.24     11.94     12.04     12.44     12.54     12.14     11.14     10.24     10.14
     11.04     12.94     15.14     17.04     18.54     19.74     20.84     21.44     21.24     20.04
     18.24     16.14     14.34     13.14     12.64     13.14     14.64     16.94     19.14     20.14
     19.54     17.84     15.84     14.24     13.24     12.54     11.84     11.24     10.84     10.74
     10.94     11.34     11.74     12.14     12.24     11.84     11.14     10.24      9.44      8.84
      8.44      7.84      7.04      5.94      5.04      4.44      4.14      3.94      3.74      3.44
      3.14      2.74      2.54
     17.44     17.64     16.74     15.44     14.44     14.24     14.64     15.14     15.24     14.84
     13.94     12.94     12.24     12.14     12.84     13.74     14.34     14.04     13.24     12.84
     13.64     15.74     18.54     20.94     22.44     22.94     22.54     21.14     18.84     16.44
     14.54     14.04     14.64     15.64     16.04     16.24     16.94     18.44     20.54     22.14
     22.34     21.34     19.74     18.24     16.74     15.24     13.44     11.94     10.94     10.64
     10.94     11.44     12.04     12.64     13.04     13.04     12.54     11.84     11.14     10.74
     10.24      9.24      7.74      6.14      4.84      4.24      4.14      4.14      4.04      4.04
      4.14      4.44      4.74
     18.74     19.24     18.74     17.94     17.24     17.04     16.84     16.54     16.04     15.64
     15.24     14.74     14.34     14.44     15.34     16.84     18.04     17.84     16.44     14.84
     14.84     16.74     19.84     22.64     23.94     23.54     21.74     18.54     14.64     11.04
      9.34     10.44     13.44     16.34     17.64     17.04     16.04     16.14     17.44     18.94
     19.84     19.94     19.84     19.84     19.64     18.64     16.84     14.84     13.24     12.44
     12.14     12.14     12.44     13.14     14.04     14.64     14.64     14.24     13.74     13.44
     12.94     11.84     10.14      8.24      6.84      6.14      5.74      5.34      4.94      5.04
      6.04      7.54      8.94
     21.84     22.84     22.74     22.14     21.34     20.24     18.64     16.84     15.54     15.34
     16.04     16.84     17.34     17.84     19.04     21.04     22.44     22.14     19.84     17.34
     16.44     18.14     21.24     23.74     24.54     23.54     21.04     17.44     13.04      8.94
      6.84      7.94     11.64     15.44     17.14     16.34     14.74     14.04     14.74     15.84
     16.44     16.64     17.44     18.94     20.44     20.84     19.84     18.24     16.74     15.74
     14.94     14.34     14.24     14.94     16.14     17.04     17.34     16.94     16.54     16.24
     15.74     14.64     12.94     11.24      9.94      9.14      8.34      7.24      6.44      6.64
      8.34     11.04     13.54
     25.54     26.24     26.04     25.34     24.24     22.44     19.74     16.74     14.74     14.64
     15.94     17.64     18.94     20.04     21.64     23.84     25.54     25.34     23.04     20.44
     19.54     21.14     23.84     25.74     25.64     24.24     22.34     20.04     16.94     13.14
     10.34     10.04     12.34     15.14     16.64     16.24     15.44     15.64     16.74     17.54
     17.14     16.54     16.84     18.54     20.64     21.74     21.44     20.34     19.34     18.54
     17.84     17.14     16.84     17.34     18.34     19.14     19.24     18.74     18.34     18.04
     17.74     16.84     15.34     13.94     12.94     12.34     11.44     10.34      9.34      9.54
     11.34     14.14     16.74
     28.14     27.64     26.74     25.94     25.14     23.44     20.84     17.84     15.64     15.04
     15.94     17.44     18.74     20.04     21.94     24.34     26.34     26.54     25.24     23.64
     23.64     25.24     27.24     28.04     27.14     25.74     25.04     24.84     23.84     21.54
     18.64     16.84     16.64     17.34     17.64     17.34     17.64     19.04     21.04     21.94
     21.24     19.74     19.04     19.74     21.04     21.74     21.34     20.54     19.94     19.64
     19.34     18.84     18.54     18.74     19.24     19.64     19.54     19.14     18.94     18.84
     18.64     18.04     16.94     16.04     15.44     15.14     14.64     13.94     13.34     13.54
     14.54     16.14     17.44
     29.34     27.64     26.24     25.64     25.14     24.24     22.54     20.34     18.44     17.24
     16.94     17.24     18.14     19.64     21.94     24.34     26.24     26.94     26.74     26.54
     27.34     28.84     29.74     29.34     27.94     26.74     26.74     27.74     28.44     27.84
     25.94     23.84     22.24     21.04     19.84     18.84     19.04     20.64     22.74     23.94
     23.64     22.34     21.34     21.04     21.04     20.84     20.24     19.84     19.74     19.84
     19.84     19.54     19.34     19.24     19.24     19.24     19.04     18.94     19.04     19.04
     18.84     18.34     17.64     17.24     16.94     16.84     16.64     16.44     16.44     16.54
     16.74     16.74     16.74
     30.04     28.04     27.04     26.64     26.24     25.44     24.24     22.94     21.54     19.94
     18.54     17.94     18.74     20.84     23.44     25.74     27.04     27.64     28.04     28.94
     30.04     30.84     30.54     29.24     27.64     26.44     26.24     26.84     27.54     27.94
     27.64     26.84     25.64     23.94     22.04     20.34     19.64     20.04     21.04     21.94
     22.24     22.04     21.54     20.84     20.14     19.54     19.24     19.44     19.94     20.14
     20.24     20.04     19.94     19.74     19.54     19.24     19.04     19.04     19.14     19.04
     18.64     18.04     17.64     17.54     17.44     17.14     16.84     16.94     17.24     17.34
     17.04     16.44     15.94
     30.64     29.74     29.44     29.24     28.44     26.94     25.64     24.74     23.74     22.24
     20.54     19.94     21.04     23.64     26.44     28.24     28.74     28.64     28.94     30.04
     31.14     31.24     30.14     28.44     26.84     25.64     24.64     23.64     23.24     23.74
     24.84     25.64     25.54     24.54     23.04     21.64     20.54     19.74     19.34     19.34
     19.84     20.54     20.84     20.44     19.64     19.04     19.14     19.94     20.54     20.74
     20.64     20.44     20.44     20.44     20.24     19.84     19.54     19.44     19.24     18.94
     18.34     17.84     17.64     17.64     17.44     16.84     16.34     16.24     16.54     16.84
     16.54     16.04     15.84
     31.04     31.24     31.74     31.64     30.34     28.44     27.04     26.44     25.84     24.74
     23.54     23.14     24.44     26.74     28.94     30.04     29.74     28.94     28.74     29.54
     30.64     30.84     29.54     27.74     26.34     25.14     23.44     21.34     19.94     20.14
     21.64     23.24     23.74     23.34     22.74     22.24     21.74     20.74     19.54     18.84
     19.14     20.24     21.24     21.24     20.44     19.84     19.94     20.54     20.94     20.84
     20.54     20.34     20.34     20.44     20.44     20.14     19.74     19.34     19.04     18.74
     18.44     18.14     18.04     17.94     17.54     16.94     16.34     16.24     16.44     16.64
     16.34     16.04     16.04
     30.84     31.54     32.24     32.14     30.94     29.54     28.64     28.44     28.24     27.64
     27.04     27.04     27.84     29.04     30.04     30.34     29.74     28.54     27.74     28.14
     29.24     29.74     28.74     26.94     25.44     24.14     22.64     20.64     19.14     19.24
     20.54     21.74     21.94     21.54     21.34     21.54     21.84     21.54     20.54     19.74
     19.74     20.74     21.94     22.24     21.74     21.04     20.64     20.64     20.74     20.64
     20.44     20.14     20.04     20.04     20.04     19.94     19.54     19.14     18.84     18.84
     18.94     18.94     18.74     18.34     17.94     17.44     17.14     17.04     17.14     17.04
     16.74     16.44     16.34
     29.94     30.54     30.94     30.94     30.34     29.74     29.44     29.44     29.34     29.04
     28.94     29.24     29.74     29.84     29.54     29.34     28.94     28.14     27.14     26.94
     27.54     27.84     26.94     24.94     23.04     21.94     21.04     19.94     19.14     19.24
     20.04     20.64     20.64     20.24     20.14     20.44     20.84     21.04     20.64     20.14
     20.04     20.54     21.44     21.94     21.74     21.14     20.54     20.24     20.34     20.64
     20.74     20.54     20.04     19.74     19.74     19.84     19.64     19.34     19.04     19.14
     19.34     19.44     19.14     18.54     18.14     17.84     17.74     17.64     17.44     17.24
     17.14     16.94     16.64
     28.24     28.64     28.84     28.94     28.84     28.54     28.24     27.94     27.44     27.04
     27.14     27.94     28.54     28.14     27.24     26.84     27.24     27.34     26.74     25.94
     25.74     25.44     24.14     21.94     19.94     19.04     18.84     18.64     18.44     18.44
     18.74     19.24     19.64     19.84     19.94     19.94     19.94     20.04     20.04     19.94
     19.74     19.74     20.14     20.54     20.64     20.24     19.84     19.64     20.04     20.64
     21.04     20.84     20.24     19.74     19.64     19.94     20.04     19.84     19.44     19.24
     19.24     19.34     19.14     18.64     18.24     18.04     17.84     17.64     17.24     16.94
     17.04     17.34     17.44
     25.44     25.64     25.84     26.24     26.44     26.04     25.44     24.74     23.84     23.04
     22.94     23.94     24.94     24.74     23.54     23.04     23.84     25.04     25.24     24.54
     23.74     22.84     21.44     19.44     17.84     17.34     17.54     17.84     17.74     17.54
     17.54     18.04     18.94     19.94     20.34     20.04     19.44     19.24     19.44     19.64
     19.44     19.14     19.14     19.34     19.64     19.64     19.44     19.24     19.34     19.74
     20.14     20.14     19.84     19.44     19.34     19.64     19.94     19.94     19.54     19.14
     18.84     18.94     19.14     19.04     18.74     18.34     18.04     17.74     17.34     16.94
     17.14     17.64     17.94
     21.84     21.84     22.34     23.14     23.64     23.34     22.74     22.24     21.54     20.44
     19.94     20.64     21.84     21.74     20.24     19.14     19.64     21.24     22.24     22.04
     21.34     20.74     19.84     18.74     17.74     17.44     17.84     18.14     18.14     17.94
     17.74     18.04     18.84     19.64     19.94     19.44     18.74     18.54     18.84     19.14
     19.14     18.94     18.84     19.04     19.34     19.54     19.44     18.94     18.54     18.44
     18.74     19.04     19.14     19.04     18.94     19.14     19.44     19.54     19.34     18.94
     18.64     18.94     19.44     19.54     19.14     18.64     18.34     18.34     18.04     17.64
     17.44     17.64     17.84
     18.54     18.44     19.04     20.24     21.04     21.14     21.14     21.54     21.54     20.54
     19.54     19.94     21.14     21.04     19.14     17.04     16.54     17.64     18.74     19.04
     18.94     19.04     19.04     18.74     18.14     17.84     18.04     18.54     18.84     18.94
     18.74     18.74     18.74     18.84     18.54     18.04     17.64     17.64     18.04     18.44
     18.64     18.64     18.74     18.94     19.24     19.44     19.24     18.74     18.04     17.84
     18.04     18.64     18.94     18.94     18.84     18.84     19.14     19.44     19.44     19.04
     18.84     19.14     19.54     19.74     19.24     18.64     18.44     18.64     18.64     18.24
     17.64     17.34     17.14
     16.34     16.34     17.04     18.24     19.04     19.44     20.14     21.44     21.94     21.14
     20.24     20.74     21.94     21.84     19.54     16.74     15.54     15.74     16.34     16.44
     16.74     17.44     18.04     18.04     17.54     17.14     17.44     18.14     18.84     19.14
     19.14     18.94     18.44     17.94     17.34     16.84     16.84     17.34     17.84     18.14
     18.14     18.24     18.24     18.44     18.64     18.74     18.64     18.24     17.84     17.84
     18.34     18.84     19.04     18.94     18.84     19.04     19.44     19.74     19.74     19.44
     19.24     19.34     19.54     19.44     19.04     18.64     18.44     18.54     18.54     18.24
     17.64     17.14     16.84
     15.14     15.34     16.24     17.24     17.84     18.24     19.34     20.84     21.44     20.84
     20.34     21.14     22.24     21.84     19.44     16.74     15.44     15.34     15.34     15.14
     15.24     15.94     16.64     16.74     16.34     16.24     16.84     17.84     18.74     19.04
     18.94     18.64     18.24     17.64     17.14     16.94     17.14     17.64     18.04     18.24
     18.14     18.04     18.04     18.04     18.04     17.94     17.84     17.54     17.44     17.64
     18.14     18.54     18.54     18.34     18.44     19.04     19.54     19.84     19.64     19.44
     19.44     19.34     19.34     19.24     19.24     19.14     18.94     18.64     18.34     18.04
     17.84     17.64     17.44
     14.44     14.74     15.84     16.84     17.54     18.04     19.04     20.34     20.84     20.64
     20.54     21.14     21.44     20.14     17.54     15.54     14.94     15.24     15.14     14.74
     14.54     15.04     15.64     15.94     16.04     16.34     17.24     18.34     19.14     19.24
     19.04     18.64     18.34     18.14     17.84     17.54     17.54     17.74     17.94     18.04
     18.14     18.14     18.14     18.04     17.94     17.84     17.64     17.24     16.94     16.94
     17.14     17.44     17.54     17.54     17.84     18.44     18.94     19.04     18.94     18.94
     19.14     19.24     19.04     18.94     19.24     19.54     19.44     19.04     18.64     18.44
     18.34     18.34     18.34
