diamond 4 20年06月24日20时850百帕温度场
20 06 24  20  850 
2.500  -2.500  .0  180.0   90.0  .0
73  37
      0.34      0.34      0.34      0.34      0.34      0.34      0.34      0.34      0.34      0.34
      0.34      0.34      0.34      0.34      0.34      0.34      0.34      0.34      0.34      0.34
      0.34      0.34      0.34      0.34      0.34      0.34      0.34      0.34      0.34      0.34
      0.34      0.34      0.34      0.34      0.34      0.34      0.34      0.34      0.34      0.34
      0.34      0.34      0.34      0.34      0.34      0.34      0.34      0.34      0.34      0.34
      0.34      0.34      0.34      0.34      0.34      0.34      0.34      0.34      0.34      0.34
      0.34      0.34      0.34      0.34      0.34      0.34      0.34      0.34      0.34      0.34
      0.34      0.34      0.34
      1.14      1.14      1.04      1.04      1.04      1.04      1.04      0.94      0.94      0.94
      0.84      0.84      0.84      0.74      0.74      0.74      0.64      0.64      0.64      0.54
      0.54      0.54      0.54      0.44      0.44      0.44      0.44      0.34      0.34      0.34
      0.34      0.34      0.34      0.34      0.24      0.24      0.24      0.24      0.24      0.24
      0.24      0.24      0.24      0.24      0.14      0.14      0.14      0.14      0.14      0.14
      0.14      0.04      0.04      0.04      0.04     -0.06     -0.06     -0.06     -0.06     -0.16
     -0.16     -0.16     -0.26     -0.26     -0.26     -0.36     -0.36     -0.46     -0.46     -0.46
     -0.56     -0.56     -0.56
      1.94      1.94      1.84      1.74      1.74      1.64      1.54      1.54      1.44      1.34
      1.24      1.14      0.94      0.84      0.74      0.64      0.54      0.34      0.24      0.14
      0.04     -0.06     -0.16     -0.26     -0.36     -0.46     -0.46     -0.56     -0.56     -0.56
     -0.56     -0.56     -0.56     -0.56     -0.56     -0.46     -0.46     -0.36     -0.36     -0.26
     -0.26     -0.16     -0.16     -0.16     -0.16     -0.06     -0.06     -0.06     -0.16     -0.16
     -0.16     -0.26     -0.26     -0.36     -0.46     -0.46     -0.56     -0.66     -0.76     -0.76
     -0.86     -0.96     -1.06     -1.16     -1.16     -1.26     -1.36     -1.36     -1.46     -1.56
     -1.56     -1.66     -1.76
      2.84      2.84      2.84      2.84      2.84      2.84      2.84      2.74      2.64      2.54
      2.34      2.14      1.94      1.74      1.44      1.14      0.84      0.64      0.34      0.04
     -0.26     -0.56     -0.76     -0.96     -1.16     -1.36     -1.46     -1.56     -1.56     -1.56
     -1.56     -1.46     -1.36     -1.16     -1.06     -0.76     -0.56     -0.36     -0.06      0.14
      0.44      0.64      0.84      1.04      1.14      1.34      1.34      1.44      1.34      1.34
      1.24      1.14      0.94      0.74      0.54      0.34      0.04     -0.16     -0.46     -0.66
     -0.96     -1.16     -1.36     -1.56     -1.76     -1.96     -2.06     -2.26     -2.36     -2.46
     -2.56     -2.66     -2.76
      2.84      3.14      3.44      3.64      3.84      4.04      4.04      4.04      4.04      3.84
      3.64      3.34      3.04      2.64      2.24      1.74      1.34      0.84      0.34     -0.06
     -0.46     -0.96     -1.26     -1.66     -1.86     -2.16     -2.36     -2.46     -2.46     -2.46
     -2.36     -2.16     -1.86     -1.56     -1.06     -0.56     -0.06      0.54      1.14      1.84
      2.44      3.04      3.64      4.14      4.54      4.84      5.14      5.24      5.34      5.24
      5.14      4.84      4.54      4.24      3.74      3.24      2.74      2.24      1.64      1.14
      0.54      0.04     -0.56     -1.06     -1.56     -1.96     -2.36     -2.76     -3.06     -3.36
     -3.66     -3.86     -4.06
      1.74      2.34      2.84      3.34      3.64      3.94      4.04      4.04      3.94      3.74
      3.54      3.14      2.74      2.24      1.74      1.14      0.64      0.14     -0.26     -0.76
     -1.16     -1.46     -1.86     -2.16     -2.36     -2.56     -2.76     -2.86     -2.96     -2.96
     -2.76     -2.56     -2.16     -1.66     -1.06     -0.26      0.54      1.54      2.64      3.74
      4.84      5.84      6.84      7.74      8.54      9.24      9.64     10.04     10.14     10.14
     10.04      9.74      9.24      8.74      8.14      7.44      6.64      5.74      4.84      3.94
      2.94      2.04      1.04      0.14     -0.76     -1.66     -2.56     -3.26     -3.96     -4.66
     -5.16     -5.66     -6.06
      0.44      1.04      1.64      2.04      2.44      2.64      2.74      2.84      2.74      2.54
      2.24      1.94      1.54      1.14      0.64      0.14     -0.26     -0.66     -0.96     -1.26
     -1.46     -1.56     -1.66     -1.76     -1.86     -1.96     -2.16     -2.26     -2.26     -2.36
     -2.26     -2.06     -1.76     -1.16     -0.46      0.44      1.64      2.84      4.24      5.74
      7.24      8.64      9.94     11.14     12.14     12.94     13.54     13.94     14.14     14.14
     13.94     13.64     13.14     12.54     11.84     11.04     10.04      9.04      7.94      6.74
      5.44      4.14      2.84      1.44      0.04     -1.26     -2.56     -3.76     -4.86     -5.86
     -6.76     -7.46     -8.06
      0.14      0.64      1.04      1.34      1.54      1.84      2.04      2.14      2.34      2.44
      2.44      2.34      2.04      1.74      1.24      0.84      0.34     -0.06     -0.46     -0.66
     -0.76     -0.76     -0.66     -0.56     -0.46     -0.36     -0.36     -0.46     -0.56     -0.56
     -0.56     -0.36      0.04      0.64      1.44      2.54      3.84      5.34      7.04      8.64
     10.24     11.84     13.14     14.24     15.14     15.84     16.24     16.54     16.54     16.44
     16.24     15.94     15.64     15.14     14.54     13.84     12.94     11.94     10.84      9.44
      8.04      6.54      4.84      3.24      1.54     -0.16     -1.76     -3.26     -4.66     -5.96
     -7.06     -8.06     -8.76
      1.34      1.64      1.94      2.14      2.44      2.74      3.24      3.84      4.44      4.94
      5.34      5.44      5.24      4.74      3.94      3.04      2.04      1.14      0.44     -0.06
     -0.36     -0.36     -0.16      0.04      0.34      0.64      0.84      0.94      1.04      1.14
      1.34      1.64      2.24      3.04      4.04      5.34      6.84      8.54     10.24     11.84
     13.44     14.74     15.74     16.54     16.94     17.24     17.34     17.34     17.34     17.24
     17.14     17.04     17.04     16.94     16.74     16.44     15.84     15.14     14.04     12.84
     11.24      9.54      7.74      5.94      4.04      2.14      0.34     -1.36     -2.96     -4.36
     -5.76     -6.86     -7.76
      3.34      3.84      4.34      4.74      5.14      5.74      6.54      7.44      8.34      9.04
      9.44      9.44      8.94      7.94      6.44      4.64      2.84      1.14     -0.36     -1.36
     -1.86     -1.96     -1.76     -1.16     -0.56      0.04      0.54      1.04      1.44      1.84
      2.34      2.94      3.74      4.74      5.94      7.44      8.94     10.54     12.14     13.44
     14.54     15.34     15.84     16.04     16.04     15.94     15.94     15.84     15.94     16.14
     16.44     16.74     17.24     17.64     18.04     18.24     18.24     17.94     17.34     16.24
     14.84     13.04     11.14      9.04      7.04      5.04      3.04      1.24     -0.46     -2.06
     -3.56     -4.76     -5.76
      5.54      6.64      7.64      8.44      9.24      9.94     10.74     11.44     12.24     12.64
     12.74     12.24     11.14      9.44      7.34      4.84      2.34     -0.06     -2.06     -3.46
     -4.26     -4.36     -3.86     -3.06     -2.06     -1.06     -0.06      0.74      1.44      2.14
      2.84      3.64      4.54      5.74      6.94      8.34      9.74     11.04     12.24     13.04
     13.54     13.64     13.34     13.04     12.64     12.54     12.64     12.94     13.54     14.14
     14.74     15.34     15.84     16.44     17.04     17.64     18.24     18.54     18.44     17.94
     16.94     15.54     13.74     11.64      9.54      7.44      5.44      3.54      1.84      0.14
     -1.36     -2.66     -3.66
      7.64      9.54     11.14     12.24     13.04     13.64     14.14     14.54     14.74     14.64
     14.14     13.14     11.74      9.94      7.74      5.44      2.94      0.44     -1.76     -3.36
     -4.36     -4.66     -4.06     -3.06     -1.76     -0.46      0.64      1.54      2.34      3.04
      3.74      4.64      5.74      6.84      8.04      9.34     10.64     11.84     12.64     13.04
     12.94     12.24     11.34     10.44      9.84      9.84     10.44     11.34     12.34     13.24
     13.74     13.94     13.74     13.54     13.64     13.94     14.54     15.34     16.04     16.44
     16.44     15.74     14.54     12.94     11.14      9.24      7.44      5.74      4.04      2.54
      1.14     -0.06     -1.06
      9.64     11.84     13.44     14.34     14.84     15.14     15.24     15.24     15.04     14.54
     13.74     12.74     11.54     10.24      8.94      7.44      5.74      3.74      1.64     -0.26
     -1.66     -2.06     -1.66     -0.56      0.84      2.14      3.04      3.64      4.04      4.54
      5.24      6.24      7.44      8.74     10.04     11.44     12.84     14.14     15.04     15.34
     14.94     13.84     12.44     11.04     10.24     10.24     10.94     12.24     13.54     14.24
     14.14     13.24     11.84     10.24      9.04      8.44      8.74      9.74     11.14     12.54
     13.54     14.04     13.84     13.14     11.94     10.64      9.24      7.94      6.64      5.34
      4.14      3.04      2.14
     11.44     13.04     13.84     14.04     13.74     13.54     13.34     13.34     13.24     12.94
     12.34     11.54     10.74     10.14      9.84      9.44      8.74      7.44      5.54      3.54
      1.94      1.44      1.94      3.24      4.74      5.84      6.34      6.34      6.14      6.24
      6.94      8.04      9.44     10.94     12.34     13.64     15.14     16.54     17.74     18.34
     18.14     16.94     15.34     13.64     12.54     12.34     12.84     13.84     14.74     14.94
     14.14     12.44     10.14      7.64      5.44      4.14      3.84      4.74      6.34      8.34
     10.24     11.64     12.44     12.44     11.94     11.24     10.34      9.44      8.54      7.54
      6.44      5.44      4.54
     13.14     13.74     13.44     12.44     11.24     10.44     10.14     10.44     10.94     11.24
     11.14     10.64     10.04      9.74      9.74     10.04     10.04      9.44      8.04      6.24
      4.94      4.54      5.44      7.04      8.64      9.64      9.64      8.94      8.24      8.24
      8.94     10.24     11.74     13.04     14.04     14.94     15.94     17.14     18.24     18.84
     18.74     17.84     16.54     15.14     14.14     13.74     13.74     13.84     13.74     13.14
     12.04     10.44      8.44      6.24      4.24      2.74      2.14      2.54      3.84      5.84
      7.94      9.74     10.74     11.14     10.94     10.44      9.94      9.34      8.64      7.74
      6.64      5.54      4.64
     15.04     14.94     13.74     11.94      9.94      8.44      7.84      8.34      9.54     10.74
     11.44     11.44     10.74     10.14      9.94     10.14     10.54     10.64     10.04      8.94
      8.14      8.24      9.24     10.84     12.24     12.74     12.14     11.04     10.34     10.44
     11.54     13.04     14.24     14.94     15.04     15.14     15.44     16.04     16.64     16.84
     16.44     15.64     14.94     14.54     14.34     14.24     13.94     13.04     11.64     10.14
      8.84      7.94      7.24      6.54      5.54      4.34      3.44      3.14      3.84      5.24
      6.94      8.34      9.14      9.24      8.94      8.54      8.24      7.84      7.24      6.34
      5.14      3.84      2.94
     16.94     16.54     15.14     13.14     10.84      8.84      7.84      8.04      9.44     11.34
     12.84     13.34     12.84     12.04     11.44     11.64     12.44     13.14     13.44     13.24
     12.84     12.94     13.54     14.34     14.84     14.44     13.44     12.44     12.14     12.94
     14.44     15.84     16.54     16.34     15.84     15.54     15.84     16.34     16.44     15.74
     14.54     13.34     13.04     13.74     14.94     15.84     15.54     13.94     11.34      8.94
      7.44      7.14      7.64      8.24      8.24      7.44      6.24      5.24      5.14      5.84
      6.74      7.54      7.64      7.34      6.84      6.54      6.34      6.34      5.94      5.14
      3.84      2.54      1.54
     18.04     17.34     16.24     14.74     12.84     10.74      9.24      8.84      9.74     11.54
     13.44     14.44     14.34     13.74     13.44     14.04     15.34     16.74     17.74     17.84
     17.54     17.04     16.74     16.54     16.14     15.24     14.14     13.54     13.94     15.54
     17.34     18.64     18.54     17.54     16.64     16.74     17.94     19.34     19.54     18.24
     15.94     14.04     13.64     14.94     17.14     18.74     18.74     16.74     13.54     10.34
      8.54      8.34      9.34     10.64     11.14     10.44      9.14      7.84      7.24      7.34
      7.64      7.64      7.04      6.24      5.54      5.24      5.34      5.64      5.64      5.04
      4.04      2.74      1.84
     18.24     17.14     16.24     15.44     14.44     12.84     11.14     10.04     10.14     11.24
     12.64     13.54     13.84     13.94     14.54     15.84     17.84     19.74     20.74     20.84
     19.94     18.84     17.94     17.44     17.04     16.54     16.04     15.94     16.74     18.54
     20.44     21.34     20.64     19.04     17.84     18.44     20.64     23.04     23.94     22.64
     19.94     17.54     16.84     18.04     20.04     21.44     21.04     18.84     15.54     12.34
     10.24      9.94     10.84     12.24     13.04     12.74     11.74     10.74     10.04      9.94
      9.84      9.34      8.34      7.24      6.24      5.74      5.64      5.64      5.64      5.34
      4.84      4.14      3.44
     18.54     16.94     15.94     15.64     15.34     14.54     13.14     11.94     11.44     11.64
     12.14     12.64     13.04     13.74     15.24     17.54     20.04     22.04     22.84     22.34
     20.94     19.24     18.14     18.04     18.64     19.44     19.74     19.74     20.14     21.34
     22.94     23.84     23.24     21.44     19.84     19.94     21.94     24.44     25.74     25.14
     23.34     21.64     21.34     22.04     22.84     22.74     21.14     18.64     15.64     13.04
     11.34     10.94     11.64     12.94     14.04     14.44     13.94     13.24     12.94     12.84
     12.84     12.44     11.64     10.64      9.54      8.54      7.44      6.54      5.94      5.74
      5.84      5.74      5.54
     20.34     18.54     17.14     16.34     15.94     15.44     14.54     13.74     13.34     13.34
     13.44     13.44     13.74     14.84     17.04     19.94     22.84     24.84     25.64     25.04
     23.34     21.24     19.74     19.74     21.14     23.04     24.04     23.64     22.64     22.44
     23.54     24.84     25.24     24.04     22.24     21.34     21.94     23.44     24.54     24.74
     24.54     24.74     25.44     25.94     25.24     23.04     19.94     17.14     14.94     13.44
     12.54     12.14     12.54     13.64     14.94     15.64     15.44     14.94     14.64     14.94
     15.44     15.64     15.54     15.04     14.14     12.84     10.94      9.04      7.74      7.24
      7.44      7.74      7.64
     23.84     21.94     19.54     17.64     16.24     15.24     14.44     14.04     14.14     14.54
     14.94     15.04     15.34     16.54     19.04     22.24     25.34     27.84     29.24     29.54
     28.54     26.34     24.04     23.24     24.34     26.54     27.74     26.64     24.14     22.14
     22.24     23.94     25.44     25.54     24.44     23.14     22.64     22.74     23.24     23.84
     24.84     26.44     27.94     28.24     26.34     22.84     18.94     16.14     15.04     14.94
     14.74     14.44     14.44     15.14     16.14     16.64     16.24     15.54     15.24     15.74
     16.74     17.64     18.14     18.14     17.64     16.54     14.84     12.84     11.24     10.44
     10.34     10.34      9.94
     27.44     25.14     21.84     18.74     16.44     14.84     13.74     13.24     13.54     14.34
     14.94     15.34     15.74     17.04     19.54     22.84     26.04     28.84     31.34     33.34
     34.04     32.84     30.34     28.34     28.44     30.14     31.34     29.94     26.44     23.04
     21.74     22.74     24.44     25.54     25.64     25.34     24.84     24.54     24.44     24.64
     25.54     26.84     27.84     27.54     25.34     21.74     18.34     16.44     16.34     17.14
     17.54     17.14     16.74     16.84     17.44     17.54     17.04     16.14     15.84     16.34
     17.44     18.34     18.74     18.74     18.54     18.04     17.24     16.14     15.04     14.14
     13.44     12.74     11.94
     29.24     26.54     23.04     20.04     17.84     16.24     14.94     14.04     13.84     14.24
     14.84     15.14     15.54     16.84     19.34     22.54     25.44     27.74     30.34     33.44
     36.14     37.04     35.64     33.54     32.84     33.84     34.94     33.74     30.34     26.34
     23.84     23.34     23.84     24.84     25.84     26.84     27.34     27.24     26.74     26.44
     26.24     26.14     25.54     24.34     22.44     20.14     18.24     17.44     18.04     19.14
     19.54     19.04     18.34     18.14     18.44     18.54     18.04     17.44     17.14     17.64
     18.34     18.54     18.34     17.94     17.64     17.64     17.74     17.64     17.14     16.34
     15.24     14.14     13.34
     29.04     26.74     24.14     22.34     21.34     20.44     19.14     17.84     17.04     16.84
     16.94     16.84     17.04     18.24     20.84     23.94     26.14     27.04     28.04     30.44
     34.04     36.84     37.34     36.14     35.24     35.64     36.44     35.74     33.14     29.84
     27.14     25.24     24.14     23.94     25.04     26.64     27.64     27.54     26.94     26.54
     26.04     24.94     23.04     21.24     20.04     19.44     19.24     19.34     19.94     20.54
     20.64     19.84     19.04     18.74     19.14     19.44     19.34     18.94     18.74     18.84
     18.94     18.64     18.04     17.34     16.94     16.94     17.14     17.34     17.14     16.44
     15.44     14.54     14.14
     28.34     27.24     26.34     26.04     25.84     25.34     24.24     22.94     21.94     21.54
     21.34     21.14     21.04     21.94     24.24     27.04     28.64     28.24     27.24     27.74
     30.34     33.44     35.04     34.64     33.74     33.54     33.74     33.24     31.74     29.94
     28.24     26.34     24.24     23.04     23.54     24.84     25.34     24.74     23.94     24.24
     24.74     24.14     22.14     20.24     19.64     20.34     21.04     21.44     21.54     21.54
     21.14     20.24     19.34     19.24     19.74     20.14     20.04     19.74     19.34     19.14
     18.84     18.44     18.04     17.64     17.24     16.94     16.64     16.44     16.14     15.64
     15.14     14.94     15.14
     28.34     28.74     29.24     29.44     29.04     28.24     27.14     26.14     25.54     25.44
     25.64     25.64     25.44     25.64     27.04     29.14     30.64     30.34     28.74     27.84
     28.74     30.54     31.34     30.54     29.14     28.44     28.24     27.84     27.14     26.94
     26.84     25.94     24.04     22.34     22.14     22.74     22.54     21.14     20.34     21.34
     23.44     24.04     22.74     21.04     20.74     21.54     22.34     22.54     22.24     21.94
     21.24     20.24     19.54     19.54     20.14     20.44     20.14     19.54     19.04     18.64
     18.34     18.14     18.04     17.94     17.54     16.84     16.24     15.74     15.34     15.24
     15.34     15.74     16.14
     29.04     30.24     31.14     30.94     29.74     28.44     27.44     26.94     26.94     27.34
     28.14     28.54     28.44     27.94     27.94     28.94     30.34     31.04     30.74     30.14
     29.94     29.84     28.74     26.64     24.64     23.74     23.54     23.44     23.24     23.84
     25.04     25.34     24.04     22.24     21.54     21.64     21.24     19.74     18.84     20.14
     22.64     24.14     23.54     22.14     21.74     22.04     22.24     22.04     21.74     21.54
     20.94     20.04     19.54     19.84     20.44     20.54     20.04     19.24     18.74     18.44
     18.24     18.14     18.14     17.84     17.24     16.44     15.94     15.64     15.44     15.44
     15.84     16.24     16.54
     29.04     30.24     30.74     30.14     28.84     27.74     27.44     27.54     27.84     28.34
     29.14     29.94     30.14     29.44     28.44     28.14     28.94     30.44     31.44     31.64
     31.04     29.64     27.34     24.44     22.04     21.24     21.64     21.84     21.84     22.54
     24.14     25.34     24.64     22.64     21.34     21.14     21.14     20.34     19.64     20.44
     22.34     23.64     23.44     22.64     22.04     21.74     21.34     20.84     20.84     21.04
     20.74     20.04     19.84     20.34     20.94     20.84     20.14     19.44     19.04     18.84
     18.64     18.54     18.34     17.74     16.84     16.24     16.14     16.14     16.14     16.04
     16.14     16.34     16.24
     27.74     28.34     28.54     28.04     27.54     27.54     28.04     28.54     28.84     28.94
     29.34     30.04     30.54     30.34     29.54     28.74     28.84     29.74     30.54     30.54
     29.54     27.84     25.64     23.04     21.04     20.54     21.14     21.64     21.54     21.94
     23.44     24.94     24.74     22.74     20.74     20.24     20.64     20.84     20.74     21.04
     21.94     22.74     22.94     22.64     22.14     21.54     20.64     20.24     20.54     20.94
     20.84     20.44     20.54     21.14     21.54     21.24     20.44     19.84     19.54     19.24
     18.94     18.74     18.44     17.84     17.04     16.64     16.84     16.94     16.84     16.64
     16.44     16.24     16.04
     25.34     25.64     25.74     25.84     26.24     27.04     27.84     28.24     28.24     28.24
     28.24     28.34     28.74     29.24     29.54     29.54     29.44     29.44     29.04     27.94
     26.24     24.64     23.34     21.94     20.74     20.34     20.94     21.44     21.24     21.14
     22.04     23.54     23.74     22.04     19.74     18.74     19.34     20.24     20.54     20.74
     21.14     21.74     22.14     22.14     21.84     21.04     20.24     20.04     20.44     20.94
     20.94     20.84     21.14     21.74     21.74     21.24     20.54     20.14     19.84     19.34
     18.94     18.64     18.54     18.04     17.54     17.34     17.54     17.54     17.24     16.84
     16.64     16.44     16.24
     22.84     23.14     23.34     23.64     24.34     25.14     25.54     25.44     25.34     25.54
     25.54     25.04     24.74     25.34     26.74     28.04     28.64     28.64     27.74     26.04
     23.84     22.34     21.74     21.54     21.04     20.64     20.94     21.44     21.34     20.94
     21.14     22.14     22.44     21.24     19.24     18.04     18.24     19.14     19.84     20.04
     20.34     20.74     21.04     21.04     20.64     20.04     19.64     19.64     20.04     20.24
     20.24     20.44     20.94     21.44     21.24     20.64     20.24     20.14     19.94     19.54
     19.04     18.94     18.84     18.54     18.14     17.94     17.94     17.74     17.34     17.04
     16.94     16.74     16.44
     20.94     21.24     21.34     21.44     21.94     22.54     22.44     21.84     21.64     22.34
     22.64     21.84     20.74     20.94     22.54     24.54     25.84     26.34     26.04     24.84
     23.04     21.54     21.24     21.54     21.44     21.14     21.14     21.64     21.84     21.54
     21.24     21.44     21.64     20.94     19.54     18.44     18.24     18.84     19.34     19.64
     19.74     19.94     19.84     19.54     19.04     18.84     18.94     19.24     19.44     19.34
     19.24     19.54     20.14     20.44     20.14     19.84     19.74     19.84     19.84     19.54
     19.44     19.44     19.34     18.94     18.44     18.34     18.44     18.14     17.74     17.44
     17.14     16.84     16.44
     19.34     19.74     19.54     19.34     19.84     20.54     20.54     19.84     19.54     20.14
     20.64     20.04     19.04     19.04     20.24     21.64     22.24     22.54     22.74     22.64
     21.64     20.64     20.44     20.94     21.14     20.94     20.74     21.14     21.64     21.64
     21.34     21.14     20.94     20.54     19.74     18.94     18.74     18.94     19.34     19.44
     19.44     19.24     18.84     18.34     18.14     18.24     18.74     19.14     19.14     18.84
     18.74     18.94     19.34     19.54     19.44     19.34     19.34     19.44     19.24     19.14
     19.34     19.54     19.34     18.94     18.54     18.64     18.94     18.84     18.54     18.14
     17.64     16.94     16.44
     17.94     18.24     18.04     17.94     18.64     19.64     20.14     19.64     19.14     19.24
     19.64     19.64     19.64     20.14     20.84     20.74     19.64     18.64     18.44     18.74
     18.74     18.54     18.74     19.54     20.24     20.24     19.94     20.04     20.44     20.74
     20.64     20.24     19.84     19.44     19.14     18.94     18.84     18.94     19.14     19.24
     19.04     18.74     18.24     17.94     17.84     18.24     18.64     18.94     18.94     18.74
     18.64     18.74     18.94     18.94     19.14     19.34     19.34     19.14     18.74     18.54
     18.64     18.74     18.74     18.44     18.34     18.64     19.04     19.24     19.14     18.74
     18.24     17.54     17.04
     16.44     16.84     17.14     17.54     18.24     19.14     19.74     19.64     19.14     18.84
     18.94     19.74     20.94     22.34     22.54     21.04     18.34     15.94     15.04     15.24
     15.84     16.34     17.14     18.24     19.34     19.94     19.74     19.54     19.54     19.74
     19.74     19.34     18.84     18.54     18.64     18.84     18.84     18.84     18.94     18.94
     18.84     18.44     18.04     17.74     17.74     17.94     18.24     18.44     18.44     18.54
     18.54     18.54     18.54     18.54     18.94     19.34     19.54     19.24     18.84     18.44
     18.24     18.14     18.14     18.24     18.24     18.34     18.64     18.84     18.94     18.74
     18.44     18.24     17.94
     14.84     15.54     16.84     17.84     18.24     18.24     18.44     18.74     18.94     18.94
     19.14     20.34     22.24     23.54     23.14     20.64     17.34     14.94     14.04     14.34
     14.94     15.64     16.54     17.64     18.84     19.84     20.14     19.94     19.64     19.64
     19.54     19.24     18.74     18.64     19.04     19.44     19.44     19.14     18.94     18.84
     18.74     18.54     18.04     17.54     17.24     17.34     17.64     17.94     17.94     18.04
     18.04     18.14     18.04     18.24     18.64     19.14     19.34     19.34     19.14     18.84
     18.34     18.04     18.14     18.44     18.54     18.34     18.24     18.14     18.04     17.94
     17.94     18.14     18.34
