diamond 4 20年06月25日8时850百帕温度场
20 06 25  8  850 
2.500  -2.500  .0  180.0   90.0  .0
73  37
      0.24      0.24      0.24      0.24      0.24      0.24      0.24      0.24      0.24      0.24
      0.24      0.24      0.24      0.24      0.24      0.24      0.24      0.24      0.24      0.24
      0.24      0.24      0.24      0.24      0.24      0.24      0.24      0.24      0.24      0.24
      0.24      0.24      0.24      0.24      0.24      0.24      0.24      0.24      0.24      0.24
      0.24      0.24      0.24      0.24      0.24      0.24      0.24      0.24      0.24      0.24
      0.24      0.24      0.24      0.24      0.24      0.24      0.24      0.24      0.24      0.24
      0.24      0.24      0.24      0.24      0.24      0.24      0.24      0.24      0.24      0.24
      0.24      0.24      0.24
      1.64      1.64      1.64      1.64      1.54      1.54      1.54      1.54      1.44      1.44
      1.44      1.34      1.34      1.34      1.34      1.24      1.24      1.24      1.14      1.14
      1.14      1.04      1.04      1.04      0.94      0.94      0.94      0.84      0.84      0.84
      0.74      0.74      0.74      0.64      0.64      0.54      0.54      0.44      0.44      0.34
      0.34      0.24      0.24      0.14      0.04      0.04     -0.06     -0.16     -0.26     -0.26
     -0.36     -0.46     -0.56     -0.56     -0.66     -0.76     -0.76     -0.86     -0.96     -1.06
     -1.06     -1.16     -1.16     -1.26     -1.36     -1.36     -1.46     -1.46     -1.46     -1.56
     -1.56     -1.56     -1.56
      2.54      2.44      2.34      2.24      2.14      2.04      1.94      1.84      1.74      1.64
      1.54      1.44      1.34      1.24      1.24      1.14      1.04      0.94      0.94      0.84
      0.74      0.74      0.64      0.64      0.64      0.54      0.54      0.54      0.54      0.44
      0.44      0.44      0.44      0.44      0.44      0.34      0.34      0.34      0.24      0.24
      0.14      0.14      0.04     -0.06     -0.16     -0.26     -0.36     -0.46     -0.56     -0.76
     -0.86     -1.06     -1.16     -1.36     -1.46     -1.66     -1.86     -1.96     -2.16     -2.26
     -2.46     -2.56     -2.76     -2.86     -2.96     -3.06     -3.16     -3.16     -3.26     -3.36
     -3.36     -3.36     -3.36
      2.54      2.44      2.34      2.24      2.04      1.94      1.84      1.74      1.54      1.44
      1.34      1.14      1.04      0.84      0.74      0.54      0.34      0.24      0.04     -0.16
     -0.26     -0.36     -0.56     -0.66     -0.66     -0.76     -0.76     -0.86     -0.86     -0.76
     -0.76     -0.66     -0.56     -0.46     -0.36     -0.26     -0.16     -0.06      0.04      0.04
      0.14      0.14      0.14      0.14      0.14      0.14      0.04     -0.06     -0.26     -0.36
     -0.56     -0.76     -0.96     -1.16     -1.36     -1.66     -1.86     -2.16     -2.46     -2.76
     -2.96     -3.26     -3.46     -3.66     -3.96     -4.06     -4.26     -4.36     -4.46     -4.56
     -4.66     -4.66     -4.66
      1.74      1.74      1.84      1.84      1.84      1.84      1.84      1.74      1.64      1.54
      1.44      1.24      1.04      0.84      0.64      0.34      0.04     -0.26     -0.56     -0.86
     -1.16     -1.46     -1.66     -1.96     -2.06     -2.26     -2.26     -2.26     -2.16     -1.96
     -1.76     -1.46     -1.16     -0.86     -0.46     -0.06      0.34      0.64      1.04      1.34
      1.54      1.84      2.04      2.14      2.34      2.34      2.44      2.44      2.44      2.34
      2.24      2.04      1.84      1.64      1.34      0.94      0.54      0.14     -0.36     -0.86
     -1.36     -1.86     -2.36     -2.86     -3.36     -3.76     -4.16     -4.56     -4.76     -5.06
     -5.26     -5.36     -5.46
      1.04      1.44      1.64      1.84      1.94      2.04      2.04      1.94      1.84      1.64
      1.44      1.24      1.04      0.74      0.44      0.14     -0.26     -0.66     -1.06     -1.46
     -1.96     -2.26     -2.66     -2.96     -3.16     -3.26     -3.26     -3.06     -2.76     -2.36
     -1.86     -1.16     -0.46      0.34      1.14      1.94      2.64      3.44      4.04      4.64
      5.24      5.64      6.04      6.34      6.64      6.84      7.04      7.14      7.24      7.34
      7.34      7.24      7.14      6.94      6.64      6.24      5.64      5.04      4.24      3.34
      2.44      1.54      0.54     -0.46     -1.36     -2.26     -3.06     -3.76     -4.46     -4.96
     -5.36     -5.76     -6.06
      1.74      2.14      2.44      2.54      2.64      2.54      2.34      2.04      1.74      1.34
      0.94      0.64      0.24     -0.16     -0.46     -0.76     -1.06     -1.46     -1.76     -2.16
     -2.46     -2.86     -3.16     -3.36     -3.56     -3.56     -3.36     -3.06     -2.56     -1.76
     -0.86      0.14      1.24      2.44      3.74      4.94      6.14      7.24      8.14      9.04
      9.74     10.34     10.84     11.24     11.54     11.74     11.94     12.14     12.24     12.44
     12.54     12.64     12.64     12.54     12.24     11.84     11.24     10.34      9.34      8.14
      6.74      5.34      3.84      2.34      0.94     -0.46     -1.66     -2.76     -3.76     -4.56
     -5.26     -5.96     -6.36
      3.14      3.54      3.74      3.84      3.74      3.64      3.24      2.84      2.34      1.74
      1.14      0.54      0.04     -0.46     -0.86     -1.26     -1.46     -1.66     -1.86     -2.06
     -2.16     -2.36     -2.56     -2.66     -2.76     -2.76     -2.56     -2.26     -1.66     -0.86
      0.14      1.34      2.74      4.14      5.64      7.14      8.64     10.04     11.24     12.34
     13.34     14.04     14.54     14.94     15.14     15.24     15.24     15.34     15.34     15.44
     15.54     15.64     15.84     15.84     15.74     15.54     14.94     14.14     12.94     11.54
      9.94      8.14      6.24      4.44      2.74      1.14     -0.26     -1.56     -2.66     -3.66
     -4.56     -5.36     -6.06
      3.74      4.24      4.64      5.14      5.54      5.84      5.94      5.74      5.44      4.84
      4.04      3.14      2.24      1.34      0.54     -0.06     -0.46     -0.76     -0.96     -0.96
     -1.06     -1.06     -1.16     -1.26     -1.36     -1.36     -1.36     -1.06     -0.66     -0.06
      0.74      1.84      3.04      4.44      6.04      7.64      9.24     10.94     12.44     13.74
     14.84     15.74     16.24     16.54     16.64     16.54     16.34     16.14     15.94     15.74
     15.74     15.94     16.14     16.44     16.64     16.64     16.44     15.84     14.94     13.54
     11.84     10.04      8.04      6.04      4.24      2.64      1.14     -0.06     -1.16     -2.26
     -3.26     -4.16     -5.06
      2.94      3.94      5.14      6.54      7.94      9.14     10.04     10.54     10.64     10.14
      9.24      7.94      6.54      5.04      3.64      2.34      1.34      0.64      0.14     -0.16
     -0.36     -0.46     -0.46     -0.56     -0.56     -0.46     -0.36     -0.16      0.14      0.54
      1.14      1.84      2.84      4.04      5.44      7.04      8.74     10.54     12.24     13.64
     14.74     15.54     16.04     16.14     16.04     15.84     15.54     15.24     14.94     14.74
     14.64     14.74     14.94     15.34     15.84     16.24     16.54     16.54     16.04     15.04
     13.74     12.04     10.14      8.14      6.24      4.54      2.94      1.54      0.34     -0.86
     -2.06     -3.16     -4.16
      2.54      4.24      6.34      8.64     10.84     12.74     14.24     15.04     15.24     14.74
     13.74     12.24     10.54      8.64      6.64      4.84      3.14      1.74      0.54     -0.36
     -0.96     -1.36     -1.46     -1.26     -0.96     -0.56      0.04      0.54      1.04      1.44
      1.94      2.34      3.04      3.94      5.24      6.74      8.54     10.34     12.04     13.24
     14.04     14.34     14.24     13.94     13.64     13.44     13.44     13.44     13.54     13.64
     13.64     13.64     13.74     13.94     14.34     14.94     15.54     16.04     16.34     16.14
     15.44     14.34     12.84     11.04      9.14      7.14      5.24      3.44      1.74      0.04
     -1.46     -2.76     -3.86
      4.44      6.64      9.14     11.54     13.64     15.24     16.34     16.84     16.74     16.14
     15.14     13.84     12.44     10.74      8.94      7.04      5.04      2.94      0.94     -0.76
     -2.06     -2.86     -3.06     -2.76     -1.96     -0.86      0.24      1.34      2.24      2.94
      3.24      3.54      3.94      4.64      5.84      7.44      9.34     11.34     12.84     13.84
     13.94     13.34     12.34     11.34     10.74     10.54     11.04     11.84     12.74     13.34
     13.54     13.34     12.84     12.34     12.04     12.14     12.74     13.54     14.54     15.34
     15.74     15.64     14.94     13.74     12.04     10.04      7.94      5.74      3.54      1.34
     -0.56     -2.16     -3.36
      8.34     10.44     12.34     13.94     15.04     15.74     15.94     15.84     15.34     14.74
     14.04     13.34     12.64     11.74     10.54      9.04      6.94      4.54      1.94     -0.46
     -2.36     -3.46     -3.76     -3.16     -2.06     -0.46      1.14      2.54      3.74      4.44
      4.84      5.04      5.34      5.94      7.14      8.94     11.14     13.24     14.94     15.64
     15.24     13.94     12.24     10.54      9.44      9.34     10.04     11.24     12.54     13.44
     13.64     12.94     11.64     10.14      8.84      8.14      8.24      9.14     10.54     12.14
     13.54     14.64     15.04     14.64     13.64     12.04     10.14      7.94      5.64      3.54
      1.54     -0.06     -1.36
     11.84     13.04     13.84     14.24     14.24     14.04     13.74     13.44     13.14     12.84
     12.64     12.44     12.24     11.84     11.14      9.94      8.04      5.54      2.94      0.44
     -1.36     -2.36     -2.36     -1.56     -0.16      1.34      2.94      4.24      5.34      6.14
      6.74      7.04      7.44      8.14      9.24     10.94     13.04     15.04     16.64     17.34
     16.94     15.64     13.84     12.14     10.94     10.44     10.84     11.64     12.44     12.94
     12.74     11.64      9.84      7.84      5.94      4.74      4.34      4.84      6.24      8.14
     10.24     12.04     13.24     13.74     13.44     12.34     10.94      9.14      7.44      5.74
      4.24      2.84      1.54
     13.64     13.84     13.44     12.74     11.94     11.44     11.24     11.44     11.74     12.14
     12.24     12.14     11.84     11.34     10.54      9.44      7.84      5.94      4.04      2.44
      1.44      1.24      1.74      2.64      3.84      4.94      5.94      6.84      7.74      8.54
      9.34     10.04     10.64     11.14     11.84     12.74     13.84     15.04     16.04     16.44
     16.24     15.64     14.74     13.94     13.24     12.64     12.24     11.84     11.54     11.14
     10.44      9.44      8.14      6.54      5.04      3.74      3.14      3.24      4.24      5.84
      7.74      9.64     11.24     12.04     12.14     11.44     10.34      9.14      7.94      6.84
      5.74      4.64      3.54
     14.84     14.24     13.04     11.54     10.24      9.44      9.54     10.24     11.24     12.14
     12.54     12.44     11.74     10.94      9.94      9.04      8.14      7.34      6.94      6.74
      6.94      7.44      8.04      8.54      8.94      9.34      9.64     10.04     10.64     11.44
     12.34     13.14     13.64     13.74     13.54     13.14     12.94     12.74     12.64     12.44
     12.34     12.54     12.94     13.54     13.94     13.74     12.84     11.44      9.94      8.74
      7.94      7.54      7.24      6.84      6.14      5.34      4.64      4.24      4.44      5.44
      6.84      8.34      9.74     10.44     10.64     10.14      9.24      8.24      7.34      6.44
      5.64      4.64      3.54
     16.54     15.74     14.34     12.44     10.64      9.44      9.14      9.84     10.94     12.14
     12.74     12.74     12.24     11.54     10.84     10.44     10.44     10.94     12.04     13.24
     14.14     14.54     14.34     13.84     13.24     12.84     12.64     12.84     13.04     13.54
     14.14     14.64     14.74     14.34     13.44     12.34     11.44     10.64     10.04      9.44
      9.04      9.24     10.14     11.64     13.04     13.54     12.84     11.14      9.24      7.64
      6.94      7.14      7.64      8.14      8.24      7.64      6.84      5.94      5.54      5.74
      6.44      7.44      8.24      8.64      8.64      8.34      7.74      7.04      6.24      5.44
      4.54      3.64      2.54
     18.34     17.64     16.34     14.64     12.74     11.14     10.24     10.14     10.84     11.74
     12.44     12.74     12.84     12.64     12.44     12.44     12.94     14.24     16.24     18.24
     19.44     19.34     18.14     16.44     15.14     14.54     14.54     14.54     14.34     13.94
     13.84     13.94     13.94     13.54     12.84     12.24     11.94     12.04     12.04     11.64
     10.84     10.14     10.14     11.14     12.44     13.34     13.14     11.94     10.14      8.64
      7.84      7.94      8.64      9.34      9.64      9.34      8.54      7.54      6.74      6.54
      6.64      6.84      6.74      6.44      6.04      5.84      5.64      5.44      4.94      4.44
      3.74      3.04      2.24
     18.94     18.24     17.34     16.24     14.84     13.34     12.14     11.44     11.34     11.64
     12.04     12.54     13.04     13.34     13.24     13.04     13.24     14.34     16.54     19.04
     20.64     20.54     19.04     17.14     15.94     15.84     16.04     15.74     14.64     13.34
     12.74     13.04     13.84     14.44     14.54     14.54     15.14     16.44     17.64     17.84
     16.64     14.84     13.24     12.84     13.34     14.04     14.14     13.54     12.34     10.94
      9.84      9.34      9.54     10.14     10.74     10.84     10.44      9.64      9.04      8.74
      8.54      7.94      6.84      5.44      4.34      3.84      3.84      4.04      3.84      3.54
      3.14      2.94      2.84
     18.84     17.94     17.34     16.84     16.04     15.04     14.04     13.24     12.74     12.44
     12.44     12.84     13.34     13.74     13.64     12.94     12.44     13.04     15.04     17.74
     19.94     20.54     19.74     18.54     18.14     18.34     18.34     17.14     14.84     12.64
     12.14     13.64     16.04     17.94     18.44     18.14     18.24     19.34     20.84     21.54
     20.64     18.54     16.34     15.14     14.84     15.04     15.24     14.94     14.24     13.04
     11.84     10.94     10.74     11.34     12.34     13.14     13.14     12.84     12.54     12.54
     12.34     11.44      9.64      7.34      5.54      4.74      4.54      4.54      4.14      3.54
      3.14      3.24      3.64
     19.74     19.04     18.34     17.64     16.74     15.84     15.04     14.44     14.04     13.74
     13.64     13.84     14.34     14.94     15.04     14.64     14.24     14.64     16.34     18.94
     21.34     22.44     22.34     21.84     21.64     21.64     20.74     18.44     15.04     12.54
     12.44     15.14     18.84     21.34     21.34     19.64     17.94     17.54     18.44     19.24
     19.24     18.34     17.44     16.94     16.74     16.44     16.14     15.64     15.24     14.64
     13.74     12.94     12.84     13.64     14.84     15.64     15.84     15.54     15.44     15.74
     16.04     15.64     14.04     11.84     10.04      9.04      8.64      8.04      7.04      5.64
      4.64      4.44      4.74
     22.64     22.34     21.24     19.64     17.84     16.24     15.04     14.54     14.44     14.54
     14.74     15.04     15.64     16.54     17.54     18.34     18.94     19.74     21.24     23.24
     24.84     25.54     25.34     24.74     24.14     23.44     21.84     19.04     15.84     13.64
     13.74     16.24     19.44     21.14     20.24     17.54     14.84     13.64     14.04     14.94
     15.94     16.84     17.84     18.84     19.14     18.44     17.14     16.04     15.64     15.64
     15.54     15.34     15.44     16.14     17.04     17.34     17.04     16.44     16.34     16.94
     17.74     17.94     17.24     16.04     14.84     14.24     13.84     13.04     11.54      9.64
      8.04      7.14      6.94
     26.04     25.94     24.34     21.84     19.14     16.84     15.24     14.44     14.34     14.74
     15.14     15.54     15.94     17.04     18.84     20.84     22.74     24.34     25.64     26.74
     27.34     27.24     26.54     25.54     24.64     23.54     22.04     20.24     18.44     17.14
     16.94     17.44     18.14     17.94     16.54     14.44     12.94     12.84     13.64     14.74
     15.94     17.44     19.44     21.14     21.54     20.24     18.14     16.54     16.14     16.54
     17.04     17.24     17.44     17.84     18.04     17.84     17.14     16.44     16.34     16.84
     17.64     18.04     18.04     17.64     17.34     17.24     17.14     16.64     15.64     14.04
     12.34     10.94     10.14
     28.34     27.84     25.74     23.14     20.64     18.54     16.84     15.74     15.34     15.54
     15.74     15.74     15.84     16.74     18.54     21.04     23.44     25.24     26.64     27.54
     27.84     27.54     26.74     25.74     24.94     24.04     23.34     23.04     23.04     22.84
     21.84     20.04     17.84     15.84     14.44     13.94     14.74     16.34     18.04     18.94
     19.24     19.74     20.74     21.94     21.94     20.64     18.64     17.34     17.24     17.84
     18.34     18.54     18.54     18.54     18.44     18.04     17.54     17.24     17.24     17.44
     17.44     17.34     17.34     17.44     17.54     17.54     17.54     17.54     17.34     16.74
     15.64     14.24     13.14
     29.34     28.04     25.84     23.84     22.54     21.54     20.44     19.14     18.14     17.84
     17.54     17.14     16.84     17.44     19.14     21.34     23.14     24.64     26.04     27.54
     28.54     28.64     28.04     27.14     26.44     25.84     25.54     25.94     26.84     27.04
     25.84     23.04     19.84     17.34     16.34     16.84     18.44     20.54     22.14     22.54
     21.74     20.74     20.24     20.44     20.34     19.64     18.94     18.74     19.14     19.64
     19.74     19.44     19.14     18.94     18.74     18.54     18.54     18.84     18.94     18.64
     17.94     17.14     16.94     17.04     17.04     16.84     16.74     16.84     17.24     17.34
     16.84     15.74     14.74
     30.14     28.44     26.54     25.34     25.04     24.94     24.24     22.94     21.64     21.04
     20.54     19.94     19.64     20.34     22.04     23.74     24.74     25.34     26.64     28.84
     30.74     31.14     30.24     28.84     27.74     26.94     26.34     26.14     26.54     26.74
     26.04     24.24     22.24     20.94     20.54     20.64     21.04     21.74     22.34     22.24
     21.34     20.04     19.14     18.74     18.74     18.94     19.34     20.24     20.94     21.14
     20.64     20.04     19.54     19.44     19.24     19.24     19.34     19.74     19.84     19.34
     18.24     17.34     17.14     17.24     17.14     16.64     16.14     16.14     16.54     16.74
     16.44     15.84     15.34
     31.14     29.84     28.54     27.74     27.64     27.54     26.74     25.44     24.44     24.14
     23.94     23.34     23.04     23.74     25.54     27.04     27.34     27.04     27.84     30.14
     32.34     32.74     31.04     28.84     27.04     25.74     24.64     23.64     23.14     23.04
     23.04     22.94     22.94     23.24     23.24     22.64     21.44     20.54     20.14     20.24
     20.24     19.94     19.64     19.34     19.24     19.44     20.14     21.04     21.64     21.44
     20.74     19.94     19.64     19.54     19.44     19.34     19.34     19.44     19.34     18.84
     18.04     17.54     17.44     17.54     17.34     16.74     16.34     16.14     16.14     16.04
     15.74     15.54     15.54
     31.34     30.94     30.34     29.74     29.34     28.74     27.84     26.84     26.44     26.74
     27.14     26.74     26.14     26.44     27.74     28.84     28.64     27.64     27.64     29.34
     31.34     31.74     29.84     27.14     25.14     23.84     22.54     21.24     20.24     20.04
     20.54     21.14     21.94     22.74     23.14     22.54     21.14     19.84     19.24     19.54
     20.44     21.44     21.94     21.84     21.24     20.64     20.54     20.84     20.94     20.74
     20.14     19.74     19.44     19.34     19.34     19.14     19.04     18.84     18.64     18.24
     17.94     17.74     17.64     17.54     17.24     16.84     16.54     16.44     16.24     15.94
     15.64     15.64     15.94
     30.24     30.64     30.74     30.54     30.14     29.44     28.74     28.04     28.14     28.94
     29.74     29.74     28.94     28.34     28.64     29.14     28.64     27.34     26.54     27.34
     28.94     29.34     28.04     25.84     24.04     22.74     21.74     20.44     19.64     19.64
     20.14     20.64     20.84     20.94     21.24     21.44     21.14     20.64     20.24     20.34
     21.24     22.54     23.34     23.34     22.44     21.24     20.44     20.24     20.24     20.34
     20.34     20.14     19.74     19.34     19.24     19.24     19.34     19.14     18.84     18.54
     18.24     18.04     17.84     17.54     17.14     16.94     16.84     16.74     16.54     16.34
     16.14     16.14     16.34
     28.44     28.84     29.54     29.94     29.94     29.84     29.54     29.14     29.14     29.74
     30.54     31.04     30.54     29.64     29.04     28.94     28.64     27.64     26.54     26.34
     27.04     27.54     26.84     25.14     23.54     22.24     21.24     20.04     19.44     19.64
     20.24     20.54     20.14     19.54     19.54     20.24     21.04     21.34     21.04     20.84
     21.14     21.94     22.74     22.74     22.04     21.14     20.44     20.14     20.44     20.94
     21.34     21.34     20.64     19.74     19.44     19.64     19.94     19.84     19.54     19.04
     18.64     18.24     17.94     17.74     17.64     17.54     17.34     17.04     16.94     16.84
     16.74     16.54     16.44
     26.34     26.64     27.44     28.14     28.64     28.94     29.14     28.94     28.44     28.14
     28.44     29.14     29.44     28.84     27.94     27.54     27.74     27.74     27.04     26.34
     26.14     26.04     25.24     23.64     22.04     20.84     19.84     18.84     18.14     18.44
     19.44     20.14     19.94     19.14     18.84     19.34     20.14     20.64     20.54     20.34
     20.34     20.74     21.14     21.14     20.94     20.74     20.44     20.34     20.54     21.24
     21.94     22.04     21.24     20.14     19.64     19.74     20.14     20.14     19.74     19.24
     18.74     18.34     18.14     18.24     18.44     18.24     17.84     17.44     17.24     17.24
     17.04     16.74     16.34
     24.14     24.24     24.94     25.54     26.04     26.34     26.84     27.04     26.34     25.04
     24.54     25.14     25.84     25.54     24.54     24.04     24.64     25.64     25.84     25.24
     24.64     24.04     22.84     21.04     19.54     18.84     18.54     17.94     17.34     17.44
     18.54     19.64     20.04     19.54     18.84     18.54     18.74     19.14     19.44     19.74
     20.04     20.24     20.14     20.04     20.04     20.24     20.24     19.94     19.84     20.34
     21.04     21.34     20.94     20.14     19.64     19.64     19.84     19.74     19.54     19.14
     18.74     18.54     18.54     18.84     18.94     18.74     18.24     17.74     17.54     17.34
     17.14     16.64     16.34
     21.84     21.74     22.14     22.64     22.94     23.24     23.94     24.54     24.14     22.74
     21.74     21.94     22.54     22.14     20.64     19.54     20.04     21.44     22.44     22.44
     22.04     21.34     20.24     18.64     17.64     17.84     18.44     18.54     18.24     18.24
     18.94     19.74     20.14     19.64     18.74     17.84     17.54     17.84     18.74     19.64
     20.14     20.04     19.64     19.34     19.34     19.54     19.44     19.04     18.74     18.94
     19.54     20.04     20.04     19.84     19.64     19.54     19.44     19.34     19.24     19.14
     18.94     18.94     18.94     19.14     19.04     18.74     18.44     18.14     17.94     17.74
     17.34     16.84     16.64
     19.74     19.44     19.74     20.24     20.64     21.04     21.84     22.64     22.64     21.74
     21.04     21.24     21.74     21.04     18.84     16.94     16.64     17.74     18.84     19.14
     19.24     19.04     18.44     17.74     17.34     17.94     18.94     19.54     19.54     19.64
     19.84     19.94     19.74     19.04     18.14     17.34     17.14     17.64     18.64     19.44
     19.74     19.54     19.24     18.94     18.84     18.74     18.64     18.44     18.24     18.44
     18.84     19.24     19.44     19.54     19.64     19.54     19.34     19.14     19.04     19.04
     19.04     19.04     19.04     19.14     19.04     18.84     18.74     18.74     18.64     18.34
     17.94     17.44     17.14
     17.94     17.64     17.84     18.54     19.34     20.04     20.64     21.14     21.14     20.74
     20.74     21.54     22.24     21.44     19.04     16.54     15.54     15.94     16.74     17.04
     17.24     17.44     17.64     17.74     17.94     18.44     18.94     19.24     19.54     19.74
     19.84     19.44     18.74     18.14     17.64     17.44     17.44     18.04     18.74     19.14
     19.04     18.94     18.94     18.84     18.54     18.04     17.94     18.14     18.54     18.84
     18.94     18.94     19.14     19.24     19.44     19.44     19.34     19.24     19.24     19.24
     19.04     18.94     19.04     19.04     19.04     19.14     19.24     19.34     19.14     18.84
     18.54     18.24     17.64
     16.44     16.24     16.44     17.14     18.24     19.14     19.74     19.84     19.44     19.24
     19.74     20.94     21.84     21.04     18.74     16.24     15.24     15.54     16.04     16.14
     16.14     16.44     17.04     17.74     18.34     18.64     18.74     18.64     18.94     19.34
     19.34     18.74     18.04     17.74     17.74     17.94     18.24     18.64     19.04     18.94
     18.74     18.84     19.24     19.14     18.34     17.54     17.34     17.94     18.64     18.94
     18.84     18.74     18.74     18.84     18.94     19.04     19.14     19.44     19.64     19.54
     19.24     19.04     19.04     19.14     19.14     19.34     19.44     19.34     19.04     18.74
     18.64     18.64     18.14
     15.04     15.04     15.34     16.04     17.14     18.24     18.94     19.24     19.04     19.14
     19.54     20.34     20.44     19.14     16.84     14.94     14.44     14.94     15.54     15.64
     15.64     15.94     16.54     17.34     18.24     18.84     18.94     19.04     19.24     19.64
     19.54     18.94     18.34     18.24     18.54     18.64     18.74     18.94     19.04     18.94
     18.84     19.24     19.54     19.24     18.14     17.04     17.04     17.74     18.34     18.44
     18.24     18.24     18.44     18.54     18.54     18.54     18.84     19.44     19.74     19.64
     19.34     19.04     19.04     18.94     18.94     18.84     18.94     18.74     18.34     18.04
     18.24     18.44     18.34
