diamond 4 20年06月27日20时850百帕温度场
20 06 27  20  850 
2.500  -2.500  .0  180.0   90.0  .0
73  37
     -4.06     -4.06     -4.06     -4.06     -4.06     -4.06     -4.06     -4.06     -4.06     -4.06
     -4.06     -4.06     -4.06     -4.06     -4.06     -4.06     -4.06     -4.06     -4.06     -4.06
     -4.06     -4.06     -4.06     -4.06     -4.06     -4.06     -4.06     -4.06     -4.06     -4.06
     -4.06     -4.06     -4.06     -4.06     -4.06     -4.06     -4.06     -4.06     -4.06     -4.06
     -4.06     -4.06     -4.06     -4.06     -4.06     -4.06     -4.06     -4.06     -4.06     -4.06
     -4.06     -4.06     -4.06     -4.06     -4.06     -4.06     -4.06     -4.06     -4.06     -4.06
     -4.06     -4.06     -4.06     -4.06     -4.06     -4.06     -4.06     -4.06     -4.06     -4.06
     -4.06     -4.06     -4.06
     -4.96     -4.96     -5.06     -5.06     -5.06     -5.06     -5.06     -5.06     -5.06     -5.06
     -5.06     -4.96     -4.96     -4.96     -4.86     -4.86     -4.76     -4.76     -4.66     -4.66
     -4.56     -4.46     -4.46     -4.36     -4.26     -4.26     -4.16     -4.06     -4.06     -3.96
     -3.96     -3.86     -3.76     -3.76     -3.66     -3.66     -3.56     -3.56     -3.56     -3.46
     -3.46     -3.36     -3.36     -3.36     -3.26     -3.26     -3.26     -3.26     -3.26     -3.16
     -3.16     -3.16     -3.16     -3.16     -3.16     -3.16     -3.16     -3.16     -3.16     -3.16
     -3.16     -3.16     -3.16     -3.06     -3.06     -3.06     -3.06     -3.06     -3.06     -3.06
     -3.06     -3.06     -3.06
     -5.26     -5.36     -5.36     -5.46     -5.46     -5.46     -5.46     -5.36     -5.36     -5.26
     -5.26     -5.16     -5.06     -4.96     -4.86     -4.76     -4.66     -4.56     -4.46     -4.26
     -4.16     -4.06     -3.96     -3.86     -3.66     -3.56     -3.46     -3.36     -3.26     -3.16
     -3.06     -2.96     -2.96     -2.86     -2.76     -2.76     -2.66     -2.66     -2.56     -2.56
     -2.46     -2.46     -2.46     -2.36     -2.36     -2.26     -2.26     -2.26     -2.16     -2.16
     -2.06     -2.06     -2.06     -1.96     -1.96     -1.96     -1.96     -1.96     -1.96     -1.96
     -1.96     -1.96     -1.96     -2.06     -2.06     -2.06     -2.06     -2.06     -2.16     -2.16
     -2.16     -2.06     -2.06
     -4.36     -4.36     -4.36     -4.36     -4.36     -4.36     -4.26     -4.26     -4.26     -4.16
     -4.16     -4.16     -4.16     -4.06     -4.06     -4.06     -4.06     -3.96     -3.96     -3.86
     -3.76     -3.66     -3.56     -3.46     -3.36     -3.26     -3.16     -3.06     -2.96     -2.86
     -2.86     -2.76     -2.76     -2.76     -2.76     -2.76     -2.76     -2.86     -2.86     -2.86
     -2.86     -2.86     -2.76     -2.76     -2.66     -2.56     -2.46     -2.36     -2.16     -2.06
     -1.86     -1.76     -1.66     -1.46     -1.36     -1.36     -1.26     -1.26     -1.26     -1.26
     -1.36     -1.36     -1.46     -1.56     -1.66     -1.86     -1.96     -2.06     -2.06     -2.16
     -2.26     -2.26     -2.16
     -2.26     -2.16     -2.06     -2.06     -1.96     -1.96     -1.96     -1.96     -1.96     -2.06
     -2.16     -2.36     -2.56     -2.66     -2.86     -3.06     -3.26     -3.46     -3.56     -3.56
     -3.66     -3.56     -3.46     -3.36     -3.16     -3.06     -2.86     -2.66     -2.46     -2.36
     -2.26     -2.16     -2.16     -2.16     -2.26     -2.36     -2.46     -2.56     -2.56     -2.66
     -2.76     -2.66     -2.66     -2.56     -2.36     -2.16     -1.96     -1.66     -1.36     -1.06
     -0.76     -0.46     -0.26     -0.06      0.04      0.04      0.04     -0.06     -0.26     -0.46
     -0.76     -1.16     -1.56     -1.96     -2.36     -2.66     -3.06     -3.36     -3.66     -3.86
     -4.06     -4.16     -4.16
     -0.26     -0.16     -0.06      0.04      0.14      0.14      0.24      0.14      0.04     -0.16
     -0.36     -0.66     -1.06     -1.46     -1.86     -2.36     -2.66     -3.06     -3.26     -3.36
     -3.46     -3.36     -3.16     -2.86     -2.46     -2.06     -1.56     -1.16     -0.76     -0.36
     -0.06      0.24      0.44      0.54      0.54      0.54      0.44      0.44      0.44      0.44
      0.44      0.54      0.64      0.94      1.24      1.54      1.94      2.34      2.74      3.14
      3.44      3.64      3.84      3.74      3.64      3.34      2.94      2.34      1.64      0.84
      0.04     -0.86     -1.76     -2.56     -3.36     -4.06     -4.76     -5.26     -5.76     -6.06
     -6.36     -6.56     -6.56
      0.84      0.94      0.94      1.04      1.14      1.24      1.24      1.14      0.94      0.74
      0.44      0.04     -0.46     -0.96     -1.46     -1.86     -2.26     -2.66     -2.86     -2.86
     -2.76     -2.56     -2.16     -1.66     -1.06     -0.36      0.34      1.14      1.84      2.44
      3.04      3.54      3.94      4.34      4.74      5.04      5.24      5.54      5.84      6.14
      6.44      6.74      7.04      7.44      7.74      8.24      8.64      9.04      9.34      9.64
      9.74      9.84      9.64      9.24      8.64      7.74      6.74      5.44      4.04      2.54
      0.94     -0.56     -2.06     -3.26     -4.36     -5.26     -5.96     -6.36     -6.66     -6.86
     -6.96     -6.86     -6.86
      1.94      2.04      2.14      2.14      2.14      1.94      1.74      1.44      1.04      0.64
      0.14     -0.36     -0.86     -1.36     -1.66     -1.96     -2.16     -2.26     -2.26     -2.16
     -1.86     -1.46     -0.96     -0.26      0.34      1.14      1.84      2.64      3.34      4.04
      4.74      5.44      6.24      6.94      7.74      8.64      9.44     10.24     11.04     11.74
     12.44     12.94     13.44     13.84     14.14     14.44     14.64     14.94     15.14     15.24
     15.24     15.14     14.74     14.14     13.24     12.04     10.54      8.74      6.64      4.44
      2.24      0.04     -1.96     -3.66     -5.06     -5.96     -6.46     -6.66     -6.56     -6.16
     -5.76     -5.26     -4.76
      4.74      4.84      4.84      4.74      4.44      3.94      3.34      2.54      1.64      0.64
     -0.26     -1.06     -1.66     -2.16     -2.46     -2.56     -2.56     -2.36     -2.06     -1.76
     -1.36     -0.96     -0.46      0.14      0.74      1.34      1.94      2.54      3.14      3.84
      4.54      5.34      6.24      7.44      8.64     10.04     11.44     12.84     14.04     15.14
     15.94     16.44     16.84     17.04     17.14     17.14     17.24     17.44     17.54     17.74
     17.94     17.94     17.84     17.44     16.74     15.74     14.34     12.44     10.34      7.84
      5.14      2.44     -0.16     -2.56     -4.46     -5.86     -6.66     -6.86     -6.66     -6.06
     -5.26     -4.36     -3.56
      8.64      8.84      8.84      8.64      8.14      7.44      6.44      5.24      3.84      2.34
      0.94     -0.26     -1.26     -1.96     -2.26     -2.36     -2.36     -2.16     -1.96     -1.66
     -1.46     -1.16     -0.76     -0.36      0.14      0.64      1.24      1.84      2.44      3.04
      3.74      4.64      5.74      7.14      8.64     10.34     12.04     13.64     14.94     15.94
     16.54     16.84     16.84     16.64     16.44     16.44     16.54     16.74     17.24     17.74
     18.24     18.64     18.94     18.94     18.74     18.24     17.34     16.14     14.54     12.44
      9.94      7.24      4.24      1.34     -1.46     -3.76     -5.46     -6.56     -6.96     -6.86
     -6.36     -5.66     -4.86
     11.54     11.74     11.84     11.94     11.74     11.24     10.44      9.24      7.84      6.34
      4.84      3.34      2.14      1.24      0.64      0.24      0.14     -0.06     -0.16     -0.36
     -0.56     -0.66     -0.66     -0.46     -0.16      0.34      1.04      1.74      2.44      3.24
      4.24      5.24      6.54      7.94      9.54     11.14     12.74     14.14     15.14     15.74
     15.94     15.74     15.34     14.84     14.54     14.54     14.74     15.44     16.24     17.04
     17.84     18.34     18.64     18.54     18.34     17.94     17.44     16.94     16.24     15.34
     14.04     12.14      9.84      7.14      4.14      1.24     -1.36     -3.46     -4.96     -5.86
     -6.26     -6.36     -6.06
     12.14     12.44     12.84     13.24     13.64     13.74     13.54     13.04     12.34     11.34
     10.14      8.94      7.84      6.94      6.14      5.64      5.14      4.74      4.14      3.54
      2.74      2.04      1.44      1.14      1.04      1.34      1.74      2.54      3.44      4.54
      5.84      7.34      8.84     10.34     11.74     13.04     14.14     15.04     15.64     15.94
     15.94     15.54     14.94     14.34     13.94     13.84     14.14     14.74     15.74     16.64
     17.24     17.44     17.14     16.34     15.24     14.24     13.34     13.04     13.04     13.44
     13.84     13.84     13.34     12.04     10.14      7.84      5.44      3.14      1.14     -0.36
     -1.66     -2.56     -3.16
     11.04     11.64     12.34     13.14     13.74     14.24     14.54     14.64     14.64     14.44
     14.04     13.44     12.74     12.04     11.44     11.04     10.64     10.24      9.64      8.74
      7.74      6.54      5.24      4.24      3.34      2.84      2.74      3.24      4.24      5.84
      7.94     10.04     12.14     13.74     14.74     15.34     15.64     15.94     16.14     16.54
     16.74     16.74     16.54     15.94     15.34     14.74     14.54     14.64     15.04     15.54
     15.94     15.94     15.14     13.74     11.74      9.64      7.84      6.84      6.84      7.84
      9.54     11.34     12.84     13.54     13.54     12.74     11.64     10.34      8.94      7.54
      6.14      4.64      3.34
      9.84     10.74     11.74     12.44     12.94     13.24     13.44     13.64     13.94     14.34
     14.64     14.74     14.64     14.34     13.94     13.74     13.54     13.44     13.24     12.54
     11.54     10.14      8.44      6.64      4.94      3.64      2.84      3.04      4.24      6.54
      9.54     12.74     15.34     17.04     17.44     16.94     16.14     15.54     15.54     16.14
     17.24     18.24     18.64     18.44     17.64     16.44     15.24     14.24     13.74     13.64
     13.94     14.04     13.74     12.54     10.54      7.94      5.34      3.44      2.74      3.44
      5.24      7.74     10.24     12.24     13.44     14.04     14.14     13.94     13.44     12.64
     11.54      9.94      8.14
      8.94     10.14     11.34     12.14     12.44     12.34     12.14     12.14     12.44     13.14
     13.94     14.44     14.54     14.34     13.94     13.64     13.64     13.74     13.64     13.34
     12.44     11.14      9.34      7.24      5.14      3.34      2.24      2.24      3.74      6.64
     10.54     14.44     17.54     19.04     18.74     17.24     15.24     13.84     13.74     14.84
     16.64     18.64     19.94     20.34     19.64     18.14     16.14     14.24     12.84     12.14
     12.14     12.74     13.24     13.14     11.94      9.84      7.14      4.64      3.24      3.14
      4.44      6.54      8.84     10.74     12.14     12.84     13.14     13.14     12.94     12.34
     11.24      9.74      7.94
      7.94      9.54     11.04     12.14     12.64     12.64     12.34     12.34     12.74     13.44
     14.24     14.84     14.94     14.44     13.74     13.14     12.74     12.74     12.74     12.54
     11.84     10.74      9.14      7.24      5.24      3.44      2.24      2.14      3.54      6.44
     10.34     14.34     17.44     18.94     18.54     16.84     14.74     13.34     13.24     14.54
     16.64     18.84     20.54     21.24     20.94     19.74     17.84     15.74     13.84     12.44
     12.04     12.34     13.14     13.74     13.34     11.94      9.84      7.64      6.04      5.64
      6.34      7.84      9.44     10.74     11.34     11.44     11.14     10.64      9.84      8.94
      7.64      6.24      4.84
      7.84      9.44     11.14     12.44     13.34     13.94     14.24     14.34     14.64     15.14
     15.64     15.84     15.64     14.94     13.94     13.14     12.54     12.34     12.34     12.14
     11.64     10.84      9.64      8.14      6.54      4.94      3.74      3.44      4.24      6.24
      9.24     12.44     15.34     17.24     17.94     17.64     16.84     16.24     16.44     17.54
     19.04     20.54     21.64     22.14     22.04     21.34     20.14     18.44     16.34     14.44
     13.04     12.44     12.54     12.74     12.54     11.64     10.14      8.64      7.64      7.34
      7.84      8.84      9.84     10.64     10.94     10.64      9.94      8.94      7.74      6.44
      5.04      3.84      2.84
      9.54     10.84     11.94     13.14     14.24     15.24     16.04     16.24     16.24     15.94
     15.74     15.54     15.14     14.54     13.84     13.34     12.94     12.64     12.44     12.14
     11.74     11.24     10.74      9.84      8.64      7.34      6.34      5.74      6.04      7.04
      8.84     11.14     13.74     16.44     18.74     20.34     21.14     21.54     21.84     22.44
     23.14     23.84     24.04     23.94     23.44     22.74     21.74     20.24     18.24     15.94
     13.84     12.34     11.44     10.84     10.34      9.64      8.74      8.04      7.54      7.54
      7.84      8.34      8.84      9.34      9.54      9.44      8.94      8.14      7.14      6.04
      4.94      3.94      3.34
     12.64     13.34     13.74     14.24     15.04     16.14     16.84     16.74     16.14     15.24
     14.54     14.14     13.94     13.84     13.84     13.84     13.84     13.44     12.54     11.54
     10.84     10.54     10.54     10.44      9.94      9.24      8.54      8.34      8.64      9.44
     10.64     12.44     15.04     18.04     21.14     23.44     24.54     24.64     24.54     24.74
     25.54     26.44     26.84     26.34     25.24     23.74     22.04     20.24     18.14     15.84
     13.74     11.94     10.74      9.84      9.24      8.74      8.44      8.34      8.44      8.54
      8.44      8.34      8.24      8.14      8.14      8.04      7.84      7.44      6.94      6.24
      5.64      4.94      4.34
     15.44     15.84     15.64     15.64     16.14     16.84     17.04     16.54     15.54     14.64
     14.24     14.24     14.54     14.84     15.44     16.14     16.44     15.64     13.74     11.44
      9.74      9.14      9.54     10.14     10.34     10.24     10.24     10.74     11.74     13.04
     14.54     16.34     18.64     21.34     23.74     24.94     24.54     23.14     22.04     22.44
     24.34     26.74     28.34     28.34     26.74     24.44     21.94     19.64     17.44     15.44
     13.74     12.34     11.34     10.74     10.44     10.34     10.54     10.94     11.24     11.34
     11.14     10.74     10.14      9.54      8.94      8.34      7.74      7.14      6.64      6.24
      5.74      5.24      4.54
     16.94     17.54     17.54     17.74     18.04     18.24     17.74     16.54     15.54     15.44
     16.14     17.04     17.64     18.04     18.94     20.24     20.94     20.14     17.64     14.34
     11.74     10.74     11.14     11.94     12.54     12.74     13.14     13.94     15.14     16.64
     18.14     19.84     21.74     23.54     24.74     24.34     22.34     19.64     18.14     18.94
     21.94     25.54     27.94     28.34     26.74     24.44     21.94     19.84     17.94     16.34
     14.94     13.94     13.34     13.04     13.04     13.34     13.74     14.24     14.64     14.74
     14.74     14.44     14.04     13.24     12.24     10.84      9.34      8.04      7.04      6.44
      6.04      5.54      5.04
     18.84     19.74     20.24     20.74     21.04     20.44     18.74     16.74     15.74     16.44
     18.24     19.84     20.54     20.84     21.84     23.84     25.64     25.84     23.84     20.94
     18.74     17.94     18.24     18.74     18.94     19.04     19.14     19.34     19.74     20.14
     20.64     21.54     22.74     23.94     24.44     23.74     21.74     19.54     18.34     19.24
     21.84     24.44     25.74     25.44     24.14     22.84     21.84     20.84     19.64     18.24
     17.04     16.14     15.74     15.54     15.74     16.14     16.54     16.84     16.84     16.84
     16.84     17.04     17.04     16.64     15.54     13.84     11.94     10.14      8.74      7.94
      7.44      7.14      7.04
     23.04     23.64     24.04     24.44     24.24     22.84     19.94     16.94     15.44     16.24
     18.44     20.34     20.94     21.34     22.84     25.74     28.64     29.94     29.24     28.04
     27.74     28.34     28.94     29.04     28.54     28.14     27.74     27.04     25.74     24.14
     22.94     22.64     22.94     23.74     24.34     24.64     24.34     23.74     23.44     23.94
     24.54     24.34     22.84     21.04     19.94     20.24     21.14     21.44     20.84     19.54
     18.34     17.64     17.34     17.24     17.44     17.94     18.34     18.44     18.14     17.54
     17.24     17.44     17.74     17.74     17.14     15.84     14.24     12.64     11.44     10.64
     10.24     10.04     10.14
     28.14     27.74     27.34     27.04     26.34     24.44     21.04     17.34     15.34     15.54
     17.34     18.84     19.74     20.74     23.34     27.14     30.34     31.54     31.44     31.64
     33.44     35.94     37.44     37.24     36.34     35.64     35.24     33.94     31.44     28.34
     25.94     24.64     24.34     24.54     25.14     26.04     26.94     27.64     28.14     28.24
     27.24     24.64     21.14     18.24     17.44     18.94     20.94     21.74     21.04     19.64
     18.64     18.34     18.24     18.14     18.24     18.74     19.24     19.44     18.94     18.14
     17.34     17.14     17.44     17.74     17.64     17.04     16.14     15.24     14.44     13.84
     13.44     13.24     13.34
     31.24     29.94     28.44     27.34     26.34     24.64     21.84     18.64     16.44     15.94
     16.74     17.94     19.14     21.34     25.14     29.34     32.04     32.14     30.94     31.14
     33.64     37.14     39.14     39.04     38.04     37.44     37.14     35.94     33.34     30.14
     27.94     26.94     26.64     26.24     26.04     26.14     26.54     27.14     27.74     28.04
     27.44     25.14     21.84     19.04     18.44     20.04     21.94     22.34     21.24     19.84
     19.14     19.24     19.24     18.94     18.64     18.84     19.34     19.64     19.44     18.74
     17.94     17.54     17.64     18.04     18.34     18.24     17.84     17.34     16.74     16.34
     15.94     15.64     15.44
     31.24     29.64     27.84     26.24     25.04     23.84     22.34     20.44     18.64     17.74
     17.74     18.34     19.94     22.84     27.24     31.64     33.84     33.14     30.84     29.84
     31.34     33.94     35.54     35.24     34.14     33.54     33.24     32.14     30.14     28.14
     27.24     27.54     27.84     27.24     26.04     24.84     23.84     23.24     23.34     24.34
     25.54     25.54     23.94     21.94     21.24     22.04     23.04     22.94     21.74     20.64
     20.34     20.44     20.24     19.64     19.04     18.84     18.94     19.14     19.14     18.84
     18.54     18.34     18.34     18.64     18.94     18.94     18.64     18.24     17.74     17.34
     17.04     16.74     16.44
     30.14     29.04     27.44     25.74     24.34     23.54     23.04     22.34     21.14     20.04
     19.64     20.04     21.54     24.14     27.94     31.94     34.44     34.54     32.74     31.04
     30.64     31.14     31.34     30.44     29.14     28.04     27.24     26.24     24.84     24.04
     24.54     25.94     26.84     26.54     25.24     23.54     21.74     20.24     19.64     20.94
     23.34     25.14     25.14     23.74     22.54     22.34     22.64     22.54     22.04     21.54
     21.44     21.24     20.64     19.94     19.44     19.14     18.84     18.64     18.54     18.64
     18.74     18.64     18.54     18.54     18.54     18.44     18.14     17.64     17.34     17.14
     16.94     16.74     16.54
     29.84     29.34     28.34     26.84     25.34     24.64     24.54     24.44     23.54     22.54
     22.14     22.84     24.14     25.74     27.74     30.44     33.24     35.14     35.34     34.14
     32.34     30.74     29.34     27.94     26.44     24.84     23.54     22.34     21.44     21.34
     22.14     23.54     24.24     24.14     23.44     22.64     21.64     20.14     19.24     19.94
     22.14     24.04     24.44     23.14     21.74     21.04     21.14     21.34     21.44     21.54
     21.24     20.64     19.94     19.64     19.64     19.64     19.24     18.74     18.54     18.74
     18.84     18.74     18.34     17.84     17.44     17.14     16.94     16.64     16.54     16.54
     16.54     16.44     16.04
     29.74     29.54     29.14     28.04     26.74     26.14     26.24     26.24     25.64     24.84
     25.04     26.34     27.74     28.34     28.44     29.24     31.44     34.24     36.14     35.94
     33.74     30.94     28.64     27.04     25.64     24.04     22.44     21.24     20.74     20.74
     21.24     21.74     21.74     21.34     21.14     21.44     21.64     21.24     20.54     20.54
     21.64     22.84     22.94     21.94     20.74     20.14     20.04     20.34     20.74     20.84
     20.44     19.74     19.14     19.24     19.64     19.74     19.44     18.94     18.84     19.14
     19.24     19.04     18.34     17.64     16.94     16.54     16.34     16.34     16.34     16.44
     16.44     16.24     15.84
     28.34     28.14     28.04     27.54     26.74     26.34     26.64     26.74     26.44     26.14
     26.84     28.64     30.14     30.44     29.74     29.34     30.24     32.44     34.34     34.44
     32.34     29.24     26.74     25.34     24.34     23.14     21.74     20.74     20.44     20.44
     20.64     20.74     20.44     19.74     19.24     19.64     20.54     21.04     20.94     20.84
     21.34     21.94     22.14     21.64     20.84     20.34     20.14     20.14     20.24     20.24
     19.94     19.44     19.24     19.34     19.54     19.44     19.14     19.04     19.14     19.34
     19.24     19.04     18.64     18.04     17.44     16.94     16.64     16.44     16.44     16.54
     16.64     16.54     16.14
     25.74     25.54     25.74     25.54     25.14     24.94     25.04     25.24     25.24     25.44
     26.54     28.04     29.14     29.44     29.44     29.44     29.84     30.64     31.34     30.84
     28.74     25.84     23.54     22.44     22.14     21.54     20.64     19.74     19.24     19.14
     19.64     20.24     20.44     19.84     18.94     18.64     19.04     19.64     19.94     20.24
     20.74     21.34     21.54     21.24     20.84     20.44     20.14     19.94     19.94     19.94
     19.84     19.84     19.94     19.94     19.64     19.14     18.94     19.04     19.34     19.14
     18.84     18.64     18.64     18.54     18.04     17.44     16.94     16.74     16.64     16.74
     17.04     17.04     16.84
     23.14     23.34     23.64     23.64     23.24     22.84     22.74     22.74     22.84     23.54
     24.54     25.24     25.14     25.34     26.64     28.34     29.44     29.34     28.54     27.34
     25.34     22.94     20.84     20.14     20.44     20.64     20.24     19.34     18.34     17.84
     18.34     19.64     20.74     20.74     19.74     18.84     18.54     18.64     18.84     19.24
     19.84     20.44     20.44     20.14     19.64     19.44     19.34     19.34     19.44     19.54
     19.54     19.74     20.04     20.14     19.64     19.14     19.04     19.54     19.64     19.24
     18.64     18.54     18.74     18.84     18.44     17.84     17.34     17.14     17.14     17.34
     17.64     17.64     17.44
     21.14     21.74     22.14     22.04     21.64     21.34     21.14     20.84     20.94     21.84
     22.74     22.64     21.54     21.24     23.24     26.34     28.04     27.54     25.84     24.34
     22.94     21.14     19.54     19.04     19.84     20.74     21.04     20.14     18.64     17.34
     17.34     18.44     19.84     20.44     20.04     19.34     18.84     18.44     18.34     18.54
     19.04     19.44     19.34     18.94     18.74     18.74     18.84     19.04     19.24     19.24
     19.04     19.04     19.34     19.54     19.24     19.04     19.24     19.84     19.94     19.54
     19.04     19.04     19.24     19.14     18.64     18.24     18.04     17.94     18.04     18.24
     18.34     18.14     17.74
     19.54     20.14     20.24     19.94     19.84     20.14     20.44     20.34     20.34     20.94
     21.74     21.44     20.14     19.84     21.64     24.24     25.34     24.14     22.24     21.14
     20.54     19.64     18.54     18.14     18.94     20.24     21.04     20.64     19.14     17.44
     16.54     16.94     17.94     18.74     19.04     19.04     18.84     18.54     18.24     18.34
     18.74     18.94     19.04     19.14     19.34     19.34     19.14     19.14     19.24     19.14
     18.94     18.64     18.74     18.74     18.64     18.54     18.84     19.24     19.44     19.34
     19.44     19.64     19.64     19.24     18.74     18.64     18.64     18.54     18.54     18.64
     18.64     18.24     17.64
     17.94     18.14     18.04     17.84     18.04     18.94     19.84     20.14     20.14     20.44
     20.84     20.84     20.44     20.54     21.74     22.74     22.04     19.94     18.14     17.74
     17.94     17.74     16.94     16.64     17.14     18.14     19.14     19.44     18.74     17.34
     16.24     16.14     16.74     17.54     18.14     18.54     18.64     18.44     18.34     18.54
     18.94     19.14     19.44     19.94     20.44     20.24     19.44     18.84     18.84     19.14
     19.04     18.74     18.64     18.44     18.24     18.14     18.24     18.34     18.44     18.64
     19.04     19.44     19.34     18.94     18.74     18.74     18.74     18.54     18.24     18.24
     18.24     18.04     17.74
     16.44     16.44     16.54     16.84     17.34     17.94     18.74     19.34     19.64     19.84
     19.94     20.24     20.94     21.94     22.64     21.84     19.44     16.84     15.64     16.04
     16.54     16.34     15.84     15.54     15.64     16.04     16.84     17.64     17.94     17.54
     17.04     16.94     17.54     18.14     18.74     18.94     18.84     18.64     18.54     18.94
     19.34     19.34     19.54     20.14     20.54     19.94     18.74     17.84     18.04     18.54
     18.84     18.74     18.54     18.44     18.24     18.24     18.24     18.24     17.94     17.94
     18.24     18.54     18.54     18.54     18.74     18.94     18.74     18.14     17.84     17.84
     17.94     18.04     18.04
     15.24     15.34     16.34     17.54     17.94     17.74     17.64     18.14     19.04     19.54
     19.74     20.24     21.54     23.04     23.34     21.34     17.94     15.54     15.34     16.24
     16.64     16.24     15.84     15.74     15.74     15.64     15.94     16.94     17.94     18.24
     18.24     18.44     18.94     19.44     19.74     19.74     19.34     18.84     18.84     19.14
     19.34     19.14     19.04     19.44     19.64     19.04     17.94     17.34     17.54     17.94
     18.04     18.14     18.34     18.44     18.54     18.64     18.94     18.94     18.44     17.94
     17.64     17.64     17.74     18.24     18.84     19.14     18.84     18.24     18.14     18.34
     18.44     18.34     18.34
