diamond 4 20年06月28日8时850百帕温度场
20 06 28  8  850 
2.500  -2.500  .0  180.0   90.0  .0
73  37
     -2.86     -2.86     -2.86     -2.86     -2.86     -2.86     -2.86     -2.86     -2.86     -2.86
     -2.86     -2.86     -2.86     -2.86     -2.86     -2.86     -2.86     -2.86     -2.86     -2.86
     -2.86     -2.86     -2.86     -2.86     -2.86     -2.86     -2.86     -2.86     -2.86     -2.86
     -2.86     -2.86     -2.86     -2.86     -2.86     -2.86     -2.86     -2.86     -2.86     -2.86
     -2.86     -2.86     -2.86     -2.86     -2.86     -2.86     -2.86     -2.86     -2.86     -2.86
     -2.86     -2.86     -2.86     -2.86     -2.86     -2.86     -2.86     -2.86     -2.86     -2.86
     -2.86     -2.86     -2.86     -2.86     -2.86     -2.86     -2.86     -2.86     -2.86     -2.86
     -2.86     -2.86     -2.86
     -4.66     -4.76     -4.86     -4.96     -4.96     -5.06     -5.16     -5.16     -5.16     -5.26
     -5.26     -5.26     -5.26     -5.26     -5.26     -5.26     -5.16     -5.16     -5.16     -5.16
     -5.06     -5.06     -4.96     -4.96     -4.86     -4.86     -4.76     -4.76     -4.66     -4.56
     -4.56     -4.46     -4.36     -4.36     -4.26     -4.16     -4.06     -4.06     -3.96     -3.86
     -3.86     -3.76     -3.66     -3.56     -3.56     -3.46     -3.36     -3.26     -3.26     -3.16
     -3.06     -3.06     -2.96     -2.86     -2.76     -2.76     -2.66     -2.56     -2.56     -2.46
     -2.36     -2.36     -2.26     -2.16     -2.06     -2.06     -1.96     -1.86     -1.86     -1.76
     -1.66     -1.56     -1.56
     -6.26     -6.46     -6.56     -6.66     -6.66     -6.76     -6.76     -6.76     -6.66     -6.66
     -6.56     -6.56     -6.46     -6.36     -6.36     -6.26     -6.16     -6.06     -5.96     -5.86
     -5.86     -5.76     -5.66     -5.56     -5.46     -5.36     -5.36     -5.26     -5.16     -5.06
     -4.96     -4.86     -4.76     -4.66     -4.56     -4.46     -4.26     -4.16     -4.06     -3.96
     -3.86     -3.66     -3.56     -3.46     -3.36     -3.26     -3.16     -3.06     -2.96     -2.86
     -2.86     -2.76     -2.66     -2.56     -2.56     -2.46     -2.36     -2.26     -2.26     -2.16
     -2.06     -1.96     -1.86     -1.86     -1.76     -1.66     -1.56     -1.36     -1.26     -1.16
     -1.06     -0.96     -0.86
     -6.66     -6.76     -6.76     -6.76     -6.66     -6.56     -6.46     -6.26     -6.06     -5.96
     -5.76     -5.66     -5.46     -5.36     -5.26     -5.16     -5.06     -4.96     -4.96     -4.96
     -4.86     -4.86     -4.86     -4.86     -4.86     -4.86     -4.86     -4.86     -4.86     -4.86
     -4.76     -4.66     -4.56     -4.46     -4.36     -4.26     -4.06     -3.96     -3.76     -3.56
     -3.36     -3.26     -3.06     -2.86     -2.76     -2.66     -2.46     -2.36     -2.26     -2.26
     -2.16     -2.16     -2.16     -2.16     -2.16     -2.16     -2.16     -2.16     -2.16     -2.16
     -2.16     -2.16     -2.16     -2.06     -2.06     -1.96     -1.86     -1.66     -1.56     -1.36
     -1.26     -1.06     -0.86
     -5.16     -5.06     -4.96     -4.86     -4.56     -4.36     -4.06     -3.86     -3.56     -3.36
     -3.16     -2.96     -2.86     -2.86     -2.76     -2.76     -2.76     -2.86     -2.96     -2.96
     -3.06     -3.16     -3.16     -3.26     -3.36     -3.46     -3.46     -3.56     -3.56     -3.56
     -3.56     -3.46     -3.46     -3.26     -3.16     -2.96     -2.76     -2.56     -2.26     -2.06
     -1.76     -1.56     -1.26     -1.06     -0.86     -0.76     -0.56     -0.46     -0.36     -0.36
     -0.36     -0.36     -0.46     -0.56     -0.66     -0.86     -1.06     -1.26     -1.56     -1.76
     -1.96     -2.26     -2.46     -2.56     -2.66     -2.76     -2.76     -2.66     -2.56     -2.36
     -2.16     -1.96     -1.76
     -2.46     -2.36     -2.06     -1.76     -1.46     -1.16     -0.96     -0.66     -0.56     -0.46
     -0.46     -0.46     -0.56     -0.76     -0.86     -1.06     -1.16     -1.16     -1.26     -1.26
     -1.16     -1.06     -1.06     -0.96     -0.86     -0.76     -0.66     -0.66     -0.56     -0.56
     -0.56     -0.46     -0.36     -0.26     -0.06      0.24      0.44      0.84      1.14      1.44
      1.74      2.04      2.34      2.54      2.74      2.84      2.94      3.04      3.14      3.14
      3.14      3.14      3.14      2.94      2.74      2.44      1.94      1.44      0.84      0.14
     -0.56     -1.16     -1.86     -2.36     -2.86     -3.16     -3.46     -3.56     -3.56     -3.46
     -3.26     -3.06     -2.76
      0.44      0.74      1.14      1.44      1.84      2.04      2.14      2.14      1.94      1.64
      1.24      0.74      0.34     -0.16     -0.46     -0.66     -0.76     -0.76     -0.56     -0.26
      0.14      0.64      1.14      1.54      1.94      2.34      2.64      2.84      3.04      3.14
      3.34      3.44      3.74      3.94      4.34      4.74      5.24      5.74      6.24      6.74
      7.04      7.34      7.44      7.54      7.54      7.44      7.34      7.34      7.34      7.44
      7.54      7.64      7.74      7.74      7.54      7.14      6.54      5.64      4.54      3.34
      2.04      0.74     -0.56     -1.66     -2.56     -3.16     -3.56     -3.76     -3.86     -3.76
     -3.56     -3.26     -2.96
      3.54      4.14      4.64      5.14      5.34      5.34      5.04      4.54      3.84      2.94
      1.94      0.94      0.04     -0.66     -1.16     -1.36     -1.36     -1.06     -0.56      0.04
      0.74      1.44      2.14      2.84      3.34      3.84      4.24      4.64      4.94      5.34
      5.74      6.24      6.84      7.54      8.24      9.04      9.94     10.84     11.54     12.24
     12.74     12.94     12.94     12.74     12.34     11.94     11.54     11.24     11.14     11.24
     11.44     11.84     12.24     12.54     12.44     12.14     11.34     10.04      8.34      6.44
      4.34      2.34      0.44     -1.16     -2.36     -3.16     -3.56     -3.66     -3.56     -3.36
     -3.06     -2.76     -2.56
      7.34      8.24      8.94      9.34      9.34      8.94      8.14      7.04      5.54      3.94
      2.24      0.74     -0.66     -1.66     -2.26     -2.46     -2.26     -1.86     -1.16     -0.46
      0.24      0.94      1.44      1.94      2.24      2.64      3.04      3.64      4.24      5.14
      6.14      7.24      8.44      9.64     10.84     12.14     13.24     14.34     15.34     16.04
     16.54     16.74     16.64     16.24     15.64     15.04     14.34     13.94     13.74     13.94
     14.44     15.04     15.74     16.34     16.44     16.04     15.14     13.54     11.34      8.84
      6.14      3.44      1.04     -0.96     -2.46     -3.36     -3.76     -3.86     -3.66     -3.36
     -3.06     -2.96     -2.86
     11.04     12.04     12.84     13.24     13.04     12.34     11.14      9.44      7.34      5.14
      2.94      0.94     -0.86     -2.16     -2.96     -3.26     -3.16     -2.76     -2.26     -1.56
     -1.06     -0.66     -0.46     -0.26     -0.16      0.14      0.64      1.54      2.84      4.34
      6.14      8.04      9.84     11.44     12.94     14.04     15.04     15.74     16.34     16.84
     17.14     17.24     17.04     16.74     16.24     15.74     15.34     15.04     15.14     15.54
     16.24     17.14     17.84     18.44     18.54     18.14     17.14     15.44     13.24     10.74
      7.94      5.14      2.54      0.24     -1.56     -2.86     -3.76     -4.16     -4.36     -4.36
     -4.36     -4.36     -4.46
     12.54     13.64     14.54     15.04     15.04     14.44     13.24     11.64      9.64      7.44
      5.14      2.94      1.04     -0.56     -1.86     -2.66     -3.06     -3.16     -2.96     -2.66
     -2.36     -2.06     -1.86     -1.76     -1.46     -1.06     -0.26      1.14      2.94      5.14
      7.54     10.04     12.24     13.94     15.14     15.84     16.04     15.84     15.64     15.44
     15.24     15.14     15.04     14.94     14.74     14.64     14.74     14.94     15.44     16.04
     16.84     17.54     18.04     18.24     18.04     17.44     16.44     15.14     13.64     11.94
     10.04      7.94      5.84      3.64      1.54     -0.46     -2.06     -3.36     -4.16     -4.76
     -5.06     -5.26     -5.36
     10.94     12.14     13.34     14.24     14.74     14.84     14.34     13.44     12.14     10.64
      9.04      7.34      5.54      3.84      2.24      0.74     -0.56     -1.46     -2.06     -2.26
     -2.16     -1.86     -1.46     -1.06     -0.46      0.14      1.14      2.54      4.44      6.84
      9.54     12.14     14.54     16.34     17.44     17.64     17.14     16.34     15.34     14.54
     14.04     13.74     13.64     13.64     13.64     13.64     13.74     14.14     14.74     15.44
     16.04     16.44     16.34     15.84     14.84     13.84     12.84     12.04     11.54     11.24
     10.94     10.44      9.44      7.94      6.04      3.84      1.74     -0.06     -1.36     -2.06
     -2.46     -2.46     -2.46
      7.84      9.14     10.64     12.04     13.24     13.94     14.24     14.04     13.74     13.24
     12.54     11.84     10.84      9.54      7.94      6.14      4.24      2.44      1.04      0.24
     -0.06      0.24      0.74      1.34      1.84      2.34      2.94      3.84      5.24      7.14
      9.64     12.34     15.04     17.14     18.54     18.94     18.54     17.54     16.44     15.64
     15.14     15.04     14.94     14.84     14.44     13.94     13.44     13.24     13.44     13.94
     14.34     14.44     13.84     12.64     11.04      9.34      7.94      7.34      7.44      8.14
      9.24     10.34     10.84     10.64      9.74      8.24      6.54      5.14      4.24      3.94
      4.04      4.14      4.04
      5.64      7.04      8.74     10.54     11.94     12.94     13.34     13.44     13.44     13.44
     13.54     13.74     13.84     13.44     12.54     11.04      9.14      7.14      5.34      4.14
      3.64      3.64      3.84      4.14      4.24      4.14      3.94      3.84      4.34      5.44
      7.44     10.14     13.04     15.74     17.64     18.54     18.44     17.64     16.74     16.14
     16.14     16.54     17.04     17.04     16.34     15.14     13.64     12.54     11.94     12.04
     12.44     12.64     12.24     10.94      9.04      6.94      5.14      4.04      3.94      4.64
      6.14      7.94      9.54     10.64     11.04     10.84     10.34      9.94      9.94     10.24
     10.74     10.84     10.24
      4.64      6.24      8.24     10.24     11.84     12.74     12.94     12.74     12.54     12.54
     12.84     13.44     14.14     14.54     14.34     13.64     12.44     10.94      9.54      8.64
      8.14      7.94      7.74      7.34      6.54      5.54      4.44      3.44      3.04      3.44
      4.74      6.84      9.64     12.44     14.64     15.84     15.74     14.94     13.94     13.54
     14.04     15.34     16.74     17.54     17.34     15.94     13.94     12.14     11.04     10.94
     11.34     11.84     11.84     11.14      9.64      7.74      5.84      4.34      3.44      3.44
      4.34      5.84      7.74      9.54     10.84     11.64     11.94     12.04     12.44     12.84
     13.24     12.94     11.74
      4.04      6.04      8.64     11.04     12.74     13.64     13.74     13.54     13.14     13.04
     13.24     13.64     14.14     14.54     14.74     14.54     14.04     13.34     12.84     12.54
     12.44     12.24     11.74     10.54      9.04      7.24      5.54      4.14      3.14      2.74
      3.04      4.14      6.04      8.34     10.44     11.74     11.84     11.14     10.24      9.94
     10.74     12.54     14.84     16.64     17.24     16.64     14.94     13.14     11.84     11.24
     11.44     11.84     12.04     11.64     10.84      9.64      8.24      6.84      5.74      5.04
      4.94      5.74      7.24      8.84     10.34     11.14     11.34     11.24     11.14     11.14
     10.94     10.44      9.04
      4.24      6.84      9.74     12.34     14.14     15.04     15.44     15.44     15.34     15.24
     15.24     15.24     15.14     15.14     14.94     14.74     14.54     14.44     14.54     14.84
     15.14     15.04     14.24     12.64     10.64      8.64      6.94      5.74      4.64      3.64
      2.84      2.74      3.54      5.24      7.44      9.24     10.24     10.44     10.24     10.34
     11.14     12.74     14.84     16.74     17.94     18.04     17.14     15.74     14.34     13.24
     12.54     12.14     11.64     11.24     10.74     10.14      9.54      8.84      7.94      7.04
      6.54      6.74      7.64      8.74      9.74     10.04      9.74      9.04      8.34      7.84
      7.44      6.84      5.74
      6.94      9.54     12.14     14.24     15.54     16.24     16.64     16.84     16.94     16.84
     16.64     16.24     15.74     15.24     14.84     14.44     14.14     13.94     14.04     14.24
     14.64     14.74     13.94     12.44     10.54      8.94      7.94      7.34      6.64      5.64
      4.34      3.54      3.94      5.54      8.04     10.54     12.54     13.84     14.74     15.54
     16.24     17.04     17.94     18.84     19.54     19.94     19.64     18.64     17.24     15.54
     13.84     12.24     10.94     10.04      9.44      9.24      9.14      8.94      8.64      8.04
      7.64      7.54      7.94      8.54      8.94      8.84      8.14      7.34      6.54      6.14
      5.74      5.34      4.64
     11.84     13.74     15.24     16.24     16.74     17.04     17.14     17.24     17.04     16.64
     16.04     15.44     14.84     14.34     13.94     13.64     13.24     12.74     12.14     11.94
     12.04     12.14     11.94     10.94      9.74      8.74      8.44      8.54      8.44      7.84
      6.94      6.74      7.74      9.74     12.24     14.24     15.84     17.04     18.24     19.54
     20.44     20.74     20.54     20.44     20.44     20.74     20.84     20.24     18.74     16.74
     14.44     12.24     10.44      9.24      8.64      8.44      8.54      8.74      8.84      8.84
      8.74      8.74      8.94      9.04      8.94      8.54      7.84      7.04      6.54      6.24
      5.94      5.54      4.84
     16.34     17.14     17.44     17.34     17.34     17.64     17.74     17.54     16.84     15.94
     15.24     14.74     14.34     14.04     13.84     13.74     13.44     12.74     11.64     10.64
     10.34     10.64     10.94     10.64      9.84      9.14      9.04      9.34      9.44      9.24
      9.14     10.04     12.14     14.74     16.44     16.74     16.04     15.54     16.04     17.44
     18.94     19.74     19.74     19.54     19.54     20.04     20.34     19.94     18.64     16.64
     14.34     12.34     10.84      9.84      9.24      9.14      9.34      9.74     10.34     10.84
     11.24     11.54     11.64     11.44     10.94     10.14      9.24      8.34      7.64      7.14
      6.54      5.84      4.94
     18.84     18.74     18.24     17.84     17.94     18.44     18.74     18.14     17.14     16.34
     16.14     16.24     16.34     16.04     15.84     16.04     16.24     15.94     14.64     13.14
     12.24     12.34     12.74     12.54     11.64     10.54      9.94      9.74      9.64      9.34
      9.44     10.84     13.44     16.04     16.84     15.54     13.04     11.04     10.84     12.44
     14.64     16.34     17.24     17.64     18.14     18.84     19.34     19.04     17.94     16.24
     14.44     13.04     12.04     11.34     11.04     11.04     11.44     12.14     13.14     14.04
     14.84     15.24     15.24     14.84     14.14     13.14     11.94     10.64      9.44      8.34
      7.34      6.34      5.44
     20.64     20.34     19.64     19.34     19.64     20.04     19.74     18.44     16.94     16.54
     17.44     18.84     19.54     19.34     19.14     19.74     20.94     21.54     20.64     18.64
     16.94     16.24     16.24     15.74     14.34     12.74     11.64     11.14     10.74      9.94
      9.44      9.84     11.44     13.14     13.54     12.34     10.44      9.34      9.84     11.74
     13.94     15.64     16.54     17.14     17.84     18.44     18.74     18.44     17.64     16.54
     15.44     14.64     13.94     13.34     13.04     13.14     13.74     14.74     15.84     16.84
     17.44     17.64     17.54     17.14     16.54     15.74     14.64     13.24     11.84     10.54
      9.34      8.44      7.74
     23.94     23.64     23.14     23.04     23.14     22.74     20.94     18.04     15.74     15.44
     17.34     19.84     21.14     21.24     21.24     22.74     25.24     26.94     26.44     24.04
     21.44     20.14     19.64     19.04     17.64     16.04     15.34     15.24     15.14     14.14
     12.64     11.24     10.64     10.44     10.44     10.64     11.44     13.04     15.24     17.14
     18.24     18.44     18.24     18.14     18.24     18.54     18.64     18.44     18.14     17.64
     17.24     16.74     16.14     15.44     15.04     15.04     15.74     16.74     17.74     18.34
     18.44     18.24     17.84     17.64     17.34     17.04     16.34     15.44     14.44     13.44
     12.64     11.94     11.34
     28.14     27.64     27.14     27.14     26.94     25.54     22.44     18.34     15.04     14.34
     16.24     19.04     20.84     21.44     22.14     24.44     27.74     30.04     29.64     27.14
     24.34     22.94     22.74     22.64     21.94     21.24     21.24     21.84     22.24     21.54
     19.64     17.04     14.44     12.44     11.54     12.34     15.04     18.64     21.64     23.04
     22.64     21.24     19.74     18.84     18.64     18.84     19.14     19.34     19.34     19.14
     18.94     18.54     17.94     17.24     16.84     16.94     17.54     18.24     18.84     19.04
     18.74     18.24     17.84     17.64     17.64     17.64     17.34     16.84     16.44     16.04
     15.64     15.14     14.64
     30.84     29.84     29.04     28.74     28.34     26.84     23.74     19.64     16.24     15.04
     16.14     18.54     20.54     21.94     23.54     26.14     29.24     31.14     30.64     28.54
     26.54     25.84     26.24     26.64     26.64     26.54     26.74     27.24     27.54     27.04
     25.74     23.64     20.94     18.14     16.24     16.24     18.34     21.24     23.44     23.94
     22.84     21.24     19.84     19.14     19.04     19.44     20.14     20.74     20.84     20.54
     20.14     19.54     19.04     18.44     18.24     18.34     18.74     19.24     19.44     19.34
     19.04     18.64     18.44     18.34     18.34     18.24     17.94     17.64     17.44     17.34
     17.04     16.74     16.34
     31.54     29.94     28.34     27.44     26.84     25.74     23.64     20.84     18.24     16.94
     17.44     19.24     21.54     23.74     26.04     28.44     30.54     31.54     31.14     30.04
     29.14     29.14     29.44     29.64     29.44     29.04     28.54     27.94     27.14     26.54
     26.24     25.94     24.94     23.04     21.04     19.84     19.84     20.44     20.94     20.84
     20.54     20.24     19.94     19.74     19.74     20.24     21.14     21.74     21.74     21.14
     20.44     19.84     19.44     19.04     18.84     18.94     19.24     19.44     19.44     19.34
     19.14     19.04     19.04     18.94     18.84     18.64     18.24     18.04     17.84     17.64
     17.34     17.14     16.94
     31.84     29.84     27.54     25.84     24.84     23.94     22.94     21.44     19.84     18.84
     19.04     20.64     23.24     26.14     28.74     30.54     31.54     31.84     31.84     31.74
     31.74     31.64     30.94     29.94     28.84     27.84     26.44     24.64     22.84     21.94
     22.24     23.24     24.14     24.04     23.04     21.64     20.34     19.34     18.64     18.64
     19.34     20.34     20.94     20.84     20.44     20.44     21.04     21.54     21.44     20.94
     20.24     19.84     19.54     19.14     18.94     18.94     19.14     19.14     19.04     18.94
     18.84     18.84     18.74     18.54     18.44     18.14     18.04     17.94     17.94     17.74
     17.44     17.24     17.24
     32.34     30.54     28.24     26.34     25.24     24.34     23.54     22.54     21.44     20.74
     21.04     22.54     25.24     28.04     30.24     31.34     31.64     31.74     32.14     32.64
     32.74     31.74     29.94     27.94     26.44     25.24     23.64     21.54     19.44     18.34
     18.64     19.84     21.14     22.04     22.24     21.74     20.64     19.44     18.74     18.94
     20.04     21.24     21.74     21.24     20.34     19.84     20.04     20.44     20.54     20.34
     20.14     19.94     19.64     19.14     18.84     18.74     18.94     18.94     18.84     18.74
     18.74     18.54     18.14     17.84     17.64     17.44     17.44     17.54     17.74     17.74
     17.54     17.24     17.14
     32.04     30.94     29.44     28.34     27.64     26.94     25.94     24.84     23.84     23.44
     23.94     25.44     27.54     29.64     30.74     31.04     30.94     31.04     31.64     32.04
     31.64     29.94     27.54     25.64     24.64     23.94     22.64     20.64     18.84     17.94
     18.04     18.54     19.24     19.94     20.54     20.74     20.44     19.94     19.74     20.04
     20.74     21.34     21.44     20.84     20.04     19.64     19.54     19.74     19.94     20.14
     20.24     20.14     19.74     19.14     18.74     18.74     18.84     18.94     18.84     18.94
     19.04     18.84     18.44     17.84     17.54     17.34     17.14     17.14     17.34     17.54
     17.44     17.04     16.74
     30.34     29.84     29.24     28.94     28.94     28.54     27.64     26.54     25.84     25.84
     26.54     27.94     29.44     30.44     30.54     30.04     29.74     29.94     30.34     30.44
     29.54     27.74     25.64     24.44     24.14     23.94     22.74     20.64     18.94     18.34
     18.44     18.64     18.74     18.94     19.34     19.54     19.44     19.34     19.54     19.94
     20.24     20.44     20.44     20.44     20.24     20.04     19.94     19.84     19.94     20.14
     20.24     20.04     19.64     19.14     18.84     18.94     19.04     19.04     19.04     19.24
     19.54     19.44     18.94     18.44     18.14     17.84     17.44     17.24     17.24     17.44
     17.44     17.14     16.74
     27.54     27.44     27.24     27.24     27.34     27.04     26.34     25.74     25.54     25.84
     26.64     27.94     29.04     29.44     28.84     28.04     27.74     28.04     28.44     28.54
     27.74     26.24     24.54     23.54     23.54     23.44     22.14     19.84     18.04     17.54
     17.94     18.44     18.74     19.04     19.14     18.84     18.34     18.14     18.54     19.14
     19.54     19.64     19.84     20.24     20.54     20.34     20.04     19.74     19.54     19.64
     19.64     19.44     19.24     19.04     19.04     19.14     19.24     19.14     19.14     19.24
     19.44     19.34     18.94     18.64     18.44     18.34     18.04     17.74     17.64     17.74
     17.84     17.74     17.44
     24.34     24.44     24.34     24.14     24.04     23.64     23.24     23.14     23.44     23.74
     24.14     25.14     26.14     26.34     25.54     24.54     24.34     24.94     25.74     26.24
     26.04     24.94     23.34     22.04     21.64     21.54     20.64     18.84     17.34     16.84
     17.34     17.94     18.64     19.24     19.34     18.64     17.74     17.34     17.84     18.64
     19.14     19.34     19.54     19.74     19.84     19.64     19.24     18.94     18.74     18.64
     18.74     18.84     18.94     19.04     19.14     19.14     19.04     19.04     19.04     19.14
     19.04     18.84     18.54     18.34     18.34     18.44     18.54     18.54     18.44     18.44
     18.44     18.34     18.04
     20.54     20.94     21.14     21.24     21.14     20.94     20.94     21.34     21.64     21.54
     21.34     21.84     22.84     23.04     21.84     20.54     20.34     21.24     22.34     23.14
     23.34     22.64     21.14     19.64     19.14     19.44     19.44     18.74     17.94     17.64
     17.84     18.14     18.44     18.94     19.04     18.44     17.54     17.24     17.74     18.54
     18.84     18.94     18.84     18.74     18.74     18.64     18.54     18.34     18.14     18.14
     18.24     18.54     18.84     18.94     18.84     18.64     18.64     18.74     18.94     18.94
     18.84     18.74     18.64     18.54     18.34     18.34     18.44     18.74     18.84     18.74
     18.54     18.24     17.84
     16.94     17.34     17.94     18.84     19.44     19.64     20.04     20.84     21.04     20.44
     19.74     20.24     21.44     21.44     19.74     17.84     17.34     18.14     19.14     19.64
     19.74     19.24     18.04     17.04     16.94     17.84     18.84     19.14     19.04     18.84
     18.64     18.34     18.14     18.24     18.14     17.84     17.44     17.54     18.04     18.44
     18.54     18.34     18.24     18.24     18.44     18.74     18.84     18.64     18.34     18.14
     18.34     18.64     18.74     18.74     18.54     18.24     18.04     18.24     18.44     18.54
     18.54     18.74     18.94     18.94     18.64     18.14     17.94     18.14     18.44     18.54
     18.24     17.84     17.44
     14.84     15.04     15.84     17.04     18.04     18.64     19.24     20.14     20.54     19.84
     19.24     20.14     21.74     21.84     19.54     16.94     16.04     16.74     17.34     17.14
     16.64     16.04     15.44     15.14     15.64     16.94     18.24     18.94     19.04     18.84
     18.54     18.04     17.64     17.54     17.44     17.34     17.44     18.04     18.54     18.64
     18.34     18.24     18.44     18.84     19.24     19.44     19.34     18.84     18.34     18.24
     18.34     18.54     18.54     18.34     18.24     18.04     17.84     17.74     17.94     18.04
     18.04     18.24     18.74     18.94     18.74     18.04     17.54     17.54     17.84     18.14
     18.14     17.84     17.44
     14.64     14.64     15.24     16.34     17.14     17.54     18.04     18.94     19.44     19.14
     19.04     20.44     22.34     22.34     19.84     16.94     15.94     16.44     16.74     16.24
     15.34     14.74     14.34     14.34     15.14     16.54     17.74     18.44     18.54     18.44
     18.14     17.74     17.64     17.64     17.64     17.54     17.94     18.64     19.14     18.94
     18.54     18.54     19.14     19.64     19.84     19.64     19.04     18.24     17.74     17.84
     18.14     18.24     18.04     18.04     18.14     18.24     17.94     17.74     17.64     17.74
     17.64     17.54     17.94     18.44     18.64     18.34     17.84     17.64     17.84     18.24
     18.44     18.24     17.94
     14.74     14.94     15.74     16.84     17.54     17.44     17.54     18.34     19.04     19.14
     19.44     20.74     22.14     21.54     18.94     16.34     15.54     16.04     16.34     15.94
     15.44     15.04     14.74     14.54     15.04     16.24     17.44     18.24     18.64     18.64
     18.44     18.14     18.14     18.34     18.44     18.44     18.64     19.24     19.44     19.04
     18.54     18.74     19.34     19.74     19.44     18.94     18.24     17.64     17.34     17.54
     17.84     17.84     17.74     17.74     18.14     18.34     18.14     17.84     17.74     17.84
     17.54     17.24     17.34     17.84     18.54     18.74     18.54     18.34     18.54     18.74
     18.84     18.44     17.94
