diamond 4 20年06月30日8时850百帕温度场
20 06 30  8  850 
2.500  -2.500  .0  180.0   90.0  .0
73  37
      0.64      0.64      0.64      0.64      0.64      0.64      0.64      0.64      0.64      0.64
      0.64      0.64      0.64      0.64      0.64      0.64      0.64      0.64      0.64      0.64
      0.64      0.64      0.64      0.64      0.64      0.64      0.64      0.64      0.64      0.64
      0.64      0.64      0.64      0.64      0.64      0.64      0.64      0.64      0.64      0.64
      0.64      0.64      0.64      0.64      0.64      0.64      0.64      0.64      0.64      0.64
      0.64      0.64      0.64      0.64      0.64      0.64      0.64      0.64      0.64      0.64
      0.64      0.64      0.64      0.64      0.64      0.64      0.64      0.64      0.64      0.64
      0.64      0.64      0.64
      1.34      1.14      1.04      0.84      0.74      0.54      0.44      0.24      0.14      0.04
     -0.16     -0.26     -0.36     -0.46     -0.56     -0.66     -0.76     -0.86     -0.96     -0.96
     -1.06     -1.16     -1.16     -1.26     -1.36     -1.36     -1.36     -1.46     -1.46     -1.56
     -1.56     -1.56     -1.56     -1.66     -1.66     -1.66     -1.66     -1.66     -1.66     -1.66
     -1.66     -1.66     -1.66     -1.66     -1.66     -1.66     -1.66     -1.56     -1.56     -1.56
     -1.56     -1.46     -1.46     -1.46     -1.36     -1.36     -1.26     -1.26     -1.16     -1.16
     -1.06     -0.96     -0.96     -0.86     -0.76     -0.76     -0.66     -0.56     -0.46     -0.46
     -0.36     -0.26     -0.16
      0.84      0.54      0.24     -0.06     -0.36     -0.66     -0.86     -1.06     -1.36     -1.46
     -1.66     -1.86     -1.96     -2.06     -2.16     -2.26     -2.26     -2.36     -2.36     -2.36
     -2.36     -2.36     -2.36     -2.36     -2.26     -2.26     -2.26     -2.16     -2.16     -2.06
     -2.06     -2.06     -1.96     -1.96     -1.96     -1.86     -1.86     -1.86     -1.86     -1.86
     -1.86     -1.86     -1.86     -1.86     -1.86     -1.86     -1.86     -1.86     -1.96     -1.96
     -1.96     -1.96     -1.96     -1.86     -1.86     -1.86     -1.76     -1.76     -1.66     -1.56
     -1.46     -1.36     -1.26     -1.06     -0.96     -0.86     -0.66     -0.56     -0.36     -0.26
     -0.16      0.04      0.14
     -0.06     -0.46     -0.86     -1.16     -1.46     -1.76     -2.06     -2.26     -2.36     -2.56
     -2.66     -2.76     -2.76     -2.76     -2.76     -2.66     -2.56     -2.46     -2.26     -2.06
     -1.86     -1.66     -1.36     -1.16     -0.86     -0.66     -0.36     -0.16      0.04      0.24
      0.44      0.64      0.84      0.94      1.04      1.24      1.34      1.34      1.44      1.44
      1.44      1.44      1.34      1.34      1.14      1.04      0.84      0.64      0.34      0.14
     -0.16     -0.36     -0.66     -0.86     -1.06     -1.26     -1.46     -1.56     -1.56     -1.56
     -1.46     -1.36     -1.26     -1.06     -0.86     -0.56     -0.36     -0.16      0.14      0.34
      0.54      0.74      0.84
     -0.86     -1.26     -1.56     -1.86     -2.16     -2.36     -2.56     -2.66     -2.86     -2.86
     -2.96     -2.96     -2.86     -2.76     -2.56     -2.26     -1.96     -1.56     -1.06     -0.56
     -0.06      0.54      1.14      1.74      2.34      2.84      3.44      3.84      4.34      4.74
      5.14      5.44      5.74      6.04      6.34      6.54      6.84      7.04      7.34      7.54
      7.64      7.74      7.74      7.74      7.54      7.24      6.94      6.34      5.74      5.04
      4.24      3.34      2.54      1.64      0.84      0.04     -0.66     -1.16     -1.66     -1.96
     -2.06     -2.06     -2.06     -1.86     -1.56     -1.26     -0.96     -0.56     -0.26      0.04
      0.34      0.54      0.64
     -2.46     -2.86     -3.16     -3.36     -3.56     -3.66     -3.76     -3.86     -3.86     -3.96
     -3.96     -3.86     -3.76     -3.56     -3.26     -2.86     -2.26     -1.66     -0.86      0.04
      0.94      1.84      2.84      3.84      4.74      5.64      6.44      7.04      7.64      8.14
      8.64      9.04      9.34      9.74     10.14     10.54     11.04     11.54     12.14     12.74
     13.34     13.84     14.34     14.64     14.74     14.64     14.24     13.64     12.64     11.54
     10.14      8.64      7.04      5.34      3.74      2.24      0.84     -0.36     -1.26     -1.96
     -2.36     -2.56     -2.66     -2.46     -2.26     -1.96     -1.66     -1.26     -0.96     -0.76
     -0.56     -0.36     -0.26
     -5.16     -5.46     -5.66     -5.76     -5.76     -5.66     -5.56     -5.56     -5.46     -5.36
     -5.26     -5.16     -5.06     -4.86     -4.46     -4.06     -3.46     -2.66     -1.76     -0.86
      0.24      1.44      2.54      3.64      4.74      5.74      6.54      7.34      7.94      8.44
      8.74      9.14      9.44      9.74     10.14     10.74     11.34     12.24     13.14     14.24
     15.44     16.54     17.64     18.54     19.24     19.54     19.44     19.04     18.04     16.74
     15.14     13.14     11.04      8.84      6.64      4.64      2.94      1.44      0.34     -0.56
     -1.06     -1.26     -1.36     -1.26     -1.16     -0.96     -0.86     -0.76     -0.76     -0.76
     -0.76     -0.76     -0.76
     -6.36     -6.56     -6.56     -6.36     -6.06     -5.66     -5.26     -4.86     -4.56     -4.16
     -3.96     -3.76     -3.66     -3.46     -3.36     -3.06     -2.76     -2.36     -1.86     -1.26
     -0.56      0.24      1.14      2.04      2.94      3.74      4.54      5.34      5.94      6.44
      6.84      7.24      7.54      7.84      8.24      8.84      9.54     10.54     11.74     13.14
     14.64     16.24     17.74     19.04     20.14     20.84     21.04     20.74     20.04     18.74
     17.04     15.04     12.84     10.54      8.24      6.24      4.54      3.14      2.14      1.54
      1.24      1.04      1.04      1.04      0.94      0.74      0.54      0.14     -0.36     -0.76
     -1.06     -1.26     -1.36
     -3.86     -3.76     -3.46     -2.96     -2.36     -1.56     -0.86     -0.06      0.54      1.14
      1.44      1.64      1.54      1.34      1.14      0.74      0.44      0.04     -0.16     -0.36
     -0.46     -0.36     -0.16      0.34      0.84      1.64      2.44      3.34      4.24      5.04
      5.74      6.24      6.74      7.14      7.54      8.04      8.74      9.74     10.94     12.34
     13.84     15.44     16.94     18.34     19.34     20.04     20.24     20.04     19.24     18.04
     16.44     14.64     12.54     10.34      8.24      6.44      4.84      3.64      2.74      2.34
      2.04      1.94      1.84      1.64      1.24      0.74     -0.06     -0.86     -1.76     -2.46
     -2.96     -3.16     -3.16
      1.14      1.44      1.94      2.64      3.34      4.24      5.14      6.04      6.84      7.34
      7.64      7.44      7.04      6.24      5.34      4.24      3.14      2.14      1.14      0.24
     -0.46     -0.96     -1.16     -1.06     -0.66      0.14      1.24      2.54      3.84      5.04
      6.14      6.94      7.54      7.94      8.34      8.64      9.24     10.04     11.14     12.44
     13.94     15.44     16.84     17.94     18.64     19.04     19.04     18.74     18.04     17.04
     15.74     14.14     12.34     10.44      8.54      6.64      4.94      3.54      2.44      1.64
      1.14      0.74      0.44      0.04     -0.56     -1.36     -2.16     -3.16     -3.96     -4.66
     -5.16     -5.26     -5.16
      4.74      5.14      5.64      6.14      6.74      7.54      8.44      9.44     10.14     10.64
     10.54     10.04      8.94      7.54      6.04      4.44      2.94      1.54      0.44     -0.56
     -1.36     -1.96     -2.26     -2.16     -1.66     -0.76      0.44      1.94      3.54      5.04
      6.34      7.34      7.94      8.34      8.54      8.74      9.14      9.84     11.04     12.44
     13.94     15.54     16.74     17.64     18.14     18.24     18.04     17.74     17.34     16.84
     16.24     15.34     14.24     12.74     10.94      8.94      6.94      5.04      3.34      2.04
      1.14      0.44     -0.06     -0.46     -0.96     -1.46     -2.06     -2.76     -3.26     -3.76
     -4.06     -4.26     -4.36
      5.24      5.64      5.84      6.14      6.54      7.24      8.24      9.24     10.24     10.74
     10.64      9.84      8.44      6.64      4.74      2.84      1.34      0.04     -0.86     -1.46
     -1.96     -2.16     -2.26     -2.06     -1.66     -1.06     -0.16      0.94      2.24      3.54
      4.84      5.94      6.74      7.24      7.64      7.94      8.44      9.34     10.64     12.24
     13.94     15.54     16.74     17.34     17.44     17.14     16.84     16.64     16.74     17.04
     17.34     17.54     17.24     16.34     14.84     12.84     10.64      8.44      6.54      5.04
      4.04      3.44      3.14      3.04      2.84      2.64      2.34      2.04      1.64      1.34
      1.04      0.54      0.04
      4.34      4.64      4.74      4.84      5.14      5.84      7.04      8.44      9.74     10.74
     10.94     10.34      8.94      7.04      5.04      3.04      1.44      0.34     -0.46     -0.86
     -0.96     -0.86     -0.66     -0.36     -0.16     -0.06      0.04      0.24      0.64      1.54
      2.74      4.04      5.44      6.54      7.34      8.04      8.84      9.84     11.24     12.94
     14.74     16.24     17.14     17.34     16.94     16.14     15.54     15.34     15.74     16.74
     17.84     18.84     19.04     18.44     17.04     15.04     12.94     10.94      9.44      8.54
      8.14      8.14      8.24      8.34      8.34      8.14      7.74      7.24      6.84      6.44
      5.94      5.44      4.64
      4.14      4.24      4.24      4.34      4.64      5.44      6.64      8.24      9.94     11.34
     12.24     12.14     11.24      9.54      7.54      5.44      3.64      2.14      1.24      0.64
      0.54      0.74      1.24      1.84      2.14      2.04      1.64      1.14      0.94      1.44
      2.54      4.24      6.14      7.74      8.84      9.64     10.34     11.14     12.24     13.74
     15.24     16.54     17.34     17.24     16.54     15.54     14.54     14.24     14.64     15.84
     17.14     18.24     18.34     17.54     15.74     13.54     11.44     10.04      9.34      9.44
      9.94     10.54     11.04     11.04     10.74     10.04      9.24      8.44      7.74      7.24
      6.84      6.64      6.34
      4.14      4.04      4.04      4.34      4.84      5.64      6.54      7.94      9.54     11.14
     12.54     13.24     12.94     11.84     10.04      8.04      6.04      4.24      2.94      1.94
      1.44      1.64      2.34      3.34      4.24      4.64      4.64      4.24      4.14      4.54
      5.74      7.44      9.04     10.24     10.84     10.94     10.94     11.14     11.74     12.64
     13.74     14.84     15.64     15.94     15.54     14.84     14.04     13.64     13.84     14.74
     15.74     16.44     16.04     14.64     12.34      9.84      7.84      6.84      6.84      7.74
      8.84      9.74     10.14      9.84      9.04      8.04      7.14      6.24      5.64      5.24
      4.94      5.04      5.34
      4.04      3.74      4.04      4.84      5.74      6.34      6.84      7.44      8.54     10.04
     11.84     13.14     13.64     13.14     11.74     10.14      8.44      6.94      5.64      4.44
      3.54      3.24      3.64      4.84      6.24      7.54      8.44      8.94      9.44     10.14
     11.04     11.94     12.44     12.24     11.54     10.64     10.04      9.94     10.14     10.64
     11.24     11.94     12.74     13.54     14.14     14.24     13.94     13.54     13.44     13.74
     14.34     14.54     13.94     12.34     10.04      7.64      5.84      5.04      5.24      6.04
      7.04      7.74      7.84      7.34      6.64      6.04      5.74      5.64      5.54      5.14
      4.64      4.24      4.44
      4.84      4.54      5.24      6.74      8.04      8.64      8.64      8.54      9.04     10.34
     12.24     13.84     14.74     14.54     13.54     12.44     11.64     11.04     10.54      9.64
      8.54      7.64      7.24      7.94      9.44     11.24     12.84     14.04     14.84     15.44
     15.64     15.24     14.14     12.44     10.64      9.44      9.34     10.14     11.14     11.74
     11.74     11.54     11.74     12.64     13.74     14.64     14.74     14.24     13.64     13.24
     13.24     13.24     12.74     11.64     10.04      8.34      7.04      6.24      5.94      6.14
      6.44      6.54      6.44      6.24      6.24      6.64      7.54      8.54      9.14      8.74
      7.44      5.84      4.84
      7.74      7.44      8.54     10.34     11.94     12.64     12.44     11.94     11.94     12.94
     14.54     15.94     16.54     16.14     15.14     14.44     14.34     14.94     15.44     15.44
     14.54     13.24     12.34     12.44     13.64     15.34     17.04     18.14     18.44     18.14
     17.24     15.74     13.54     11.04      9.14      8.74     10.14     12.84     15.54     17.04
     16.74     15.54     14.54     14.54     15.34     16.24     16.44     15.74     14.64     13.64
     12.94     12.54     12.04     11.54     10.84     10.14      9.34      8.54      7.64      6.84
      6.34      6.14      6.24      6.64      7.44      8.74     10.54     12.34     13.34     12.74
     10.74      8.04      5.94
     12.14     11.84     12.84     14.44     15.94     16.64     16.44     15.84     15.64     16.04
     16.94     17.64     17.64     16.84     15.64     14.84     15.04     16.04     17.14     17.64
     17.24     16.34     15.64     15.84     17.04     18.64     19.84     20.14     19.34     17.74
     15.74     13.74     11.74      9.74      8.54      8.84     11.24     15.24     19.34     21.84
     22.14     20.64     18.84     17.64     17.44     17.64     17.44     16.74     15.64     14.54
     13.44     12.54     11.64     11.04     10.94     10.94     10.84     10.04      8.74      7.34
      6.44      6.34      6.84      7.84      9.04     10.54     12.24     13.84     14.84     14.34
     12.34      9.54      7.34
     16.44     16.14     16.54     17.54     18.54     19.04     18.94     18.54     18.14     18.04
     18.14     18.14     17.74     16.94     15.94     15.14     15.04     15.54     16.24     16.54
     16.44     16.04     16.04     16.74     18.04     19.44     20.24     19.64     17.84     15.24
     12.94     11.34     10.54     10.04      9.74     10.04     11.54     14.74     18.64     21.84
     23.24     22.64     21.04     19.44     18.24     17.44     16.74     16.14     15.64     15.14
     14.34     13.14     11.74     10.84     10.74     11.14     11.44     10.94      9.74      8.34
      7.44      7.64      8.64      9.94     11.04     11.94     12.84     13.84     14.44     14.24
     12.94     11.04      9.54
     20.54     20.14     19.94     19.94     20.04     20.04     20.04     19.84     19.44     18.84
     18.44     18.24     18.34     18.34     18.14     17.84     17.54     17.24     16.94     16.34
     15.74     15.54     15.74     16.54     17.54     18.44     18.74     17.94     15.84     13.14
     10.74      9.84     10.44     11.64     12.44     12.24     12.04     12.94     15.24     18.24
     20.54     21.54     21.04     19.84     18.24     16.54     15.24     14.64     14.74     15.04
     14.84     13.94     12.74     11.84     11.74     12.34     12.84     12.64     11.84     10.84
     10.34     10.64     11.54     12.74     13.54     14.04     14.24     14.54     14.84     14.84
     14.34     13.24     12.14
     24.64     24.34     23.54     22.54     21.54     20.94     20.64     20.44     19.94     19.24
     18.74     18.84     19.64     20.64     21.54     21.94     22.04     21.74     20.84     19.44
     18.14     17.44     17.54     17.84     18.04     18.04     17.84     17.34     15.94     13.54
     11.04      9.74     10.44     12.64     14.44     14.74     13.84     13.24     14.14     16.34
     18.84     20.64     21.24     20.64     19.34     17.44     15.54     14.34     14.04     14.34
     14.74     14.64     14.34     14.14     14.24     14.74     15.04     15.04     14.84     14.34
     14.04     14.14     14.54     15.24     15.74     16.04     16.14     16.14     16.24     16.34
     16.04     15.14     13.94
     28.54     28.14     26.94     25.24     23.34     21.94     21.14     20.74     20.14     19.34
     18.84     19.04     20.04     21.44     22.74     23.94     24.94     25.54     25.04     23.44
     21.74     20.74     20.94     21.34     21.24     20.54     19.94     19.84     19.44     17.64
     14.34     11.34     10.44     11.74     14.14     15.64     16.04     16.14     16.94     18.44
     20.24     21.54     22.14     22.14     21.54     20.04     18.04     16.14     14.84     14.44
     14.74     15.34     16.24     16.94     17.24     17.14     16.94     17.04     17.34     17.54
     17.34     16.84     16.44     16.34     16.64     16.94     17.04     16.94     16.94     16.94
     16.74     15.84     14.34
     30.74     30.14     28.94     27.14     25.04     23.24     21.94     21.24     20.44     19.44
     18.74     18.64     19.24     20.24     21.34     22.84     24.84     26.64     27.14     25.94
     24.04     23.24     24.04     25.54     26.04     25.24     24.34     24.44     24.84     23.74
     20.14     15.44     11.94     11.14     12.64     14.94     16.94     18.64     20.24     21.64
     22.44     22.54     22.54     22.64     22.74     22.24     20.84     18.94     17.04     15.84
     15.64     16.64     18.04     19.14     19.34     18.54     17.84     17.94     18.74     19.44
     19.44     18.44     17.34     16.74     16.64     16.84     16.84     16.64     16.44     16.44
     16.24     15.54     14.24
     31.14     30.34     29.44     28.14     26.44     24.74     23.24     22.24     21.24     20.34
     19.54     19.24     19.34     19.84     20.74     22.34     24.84     27.54     28.74     27.74
     25.74     24.84     26.14     28.54     29.84     29.14     27.84     27.54     28.34     28.14
     25.64     20.94     16.24     13.44     13.14     14.44     16.44     18.74     20.84     22.34
     22.84     22.34     21.84     21.74     22.04     22.14     21.64     20.54     19.14     18.04
     17.64     18.34     19.64     20.44     20.14     19.04     18.14     18.44     19.54     20.34
     20.24     19.14     17.84     17.04     16.64     16.54     16.44     16.14     15.94     15.84
     15.74     15.44     14.74
     30.84     30.04     29.44     28.84     27.74     26.24     24.64     23.34     22.54     22.04
     21.54     21.44     21.64     22.34     23.34     25.04     27.54     30.24     31.64     30.84
     28.74     27.34     27.94     29.84     30.84     29.84     27.94     26.84     27.44     28.24
     27.54     24.74     20.94     17.94     16.24     15.84     16.34     17.54     19.34     20.84
     21.74     21.64     21.24     20.84     20.74     20.74     20.74     20.74     20.54     20.14
     19.84     19.94     20.44     20.74     20.34     19.44     18.84     19.24     20.14     20.54
     19.94     18.84     17.84     17.24     16.74     16.44     16.34     16.24     16.14     16.04
     15.84     15.74     15.44
     30.64     29.94     29.64     29.34     28.54     27.14     25.34     24.04     23.54     23.54
     23.74     24.04     24.84     26.04     27.44     28.94     30.74     32.84     34.34     34.24
     32.64     30.74     29.84     29.84     29.44     27.74     25.34     23.84     23.94     24.94
     25.54     24.64     22.84     20.84     19.14     18.04     17.34     17.34     18.14     19.54
     20.84     21.64     21.84     21.34     20.64     19.94     19.84     20.44     21.24     21.44
     21.14     20.64     20.44     20.44     20.24     19.94     19.84     20.24     20.54     20.14
     19.14     18.24     17.64     17.14     16.64     16.14     16.14     16.54     16.74     16.44
     16.04     15.84     15.84
     30.24     29.84     29.44     29.14     28.44     27.24     25.74     24.54     24.34     24.84
     25.34     25.94     26.94     28.54     29.94     30.74     31.54     32.84     34.34     35.24
     34.64     32.84     30.84     29.04     27.14     25.04     22.94     21.64     21.34     21.74
     22.24     22.04     21.34     20.44     19.64     19.04     18.44     18.24     18.54     19.44
     20.74     21.84     22.44     22.14     21.24     20.24     19.84     20.44     21.34     21.74
     21.24     20.44     20.04     20.14     20.24     20.34     20.54     20.64     20.44     19.74
     18.74     18.14     17.84     17.34     16.64     16.04     16.04     16.54     16.84     16.54
     15.94     15.64     15.64
     29.04     28.84     28.24     27.74     27.54     27.14     26.34     25.64     25.64     26.14
     26.64     27.24     28.24     29.54     30.44     30.44     30.24     30.74     32.14     33.54
     33.74     32.44     30.04     27.44     25.04     23.24     21.94     21.24     20.84     20.64
     20.54     20.14     19.54     18.94     18.74     18.74     18.94     19.14     19.44     20.04
     20.74     21.44     21.84     21.74     21.24     20.44     19.94     20.14     20.74     21.04
     20.64     20.14     19.84     20.04     20.34     20.44     20.34     20.34     20.04     19.54
     19.04     18.74     18.64     18.04     17.24     16.54     16.44     16.74     16.74     16.44
     15.84     15.54     15.54
     27.34     27.04     26.14     25.64     25.84     26.24     26.44     26.34     26.54     27.04
     27.44     28.04     28.94     29.94     30.24     29.64     28.94     29.14     30.34     31.34
     31.34     30.04     27.84     25.24     23.14     21.84     21.44     21.24     20.94     20.54
     20.14     19.84     19.44     19.04     18.64     18.54     18.74     19.24     19.84     20.34
     20.54     20.54     20.44     20.44     20.24     19.94     19.54     19.44     19.64     19.94
     19.94     19.84     19.84     20.04     20.24     20.14     19.94     19.74     19.54     19.44
     19.34     19.34     19.24     18.74     18.04     17.64     17.44     17.24     16.94     16.44
     16.14     15.94     15.84
     25.44     25.04     23.84     23.14     23.44     24.14     24.64     24.84     25.24     25.84
     26.34     27.04     28.04     28.84     28.84     27.94     27.44     27.94     29.04     29.54
     28.94     27.44     25.34     23.14     21.54     20.74     20.64     20.54     20.14     19.74
     19.64     19.94     20.24     20.24     19.74     19.04     18.54     18.74     19.34     19.94
     20.14     19.84     19.54     19.44     19.54     19.54     19.14     18.74     18.74     18.94
     19.34     19.54     19.64     19.84     19.94     19.94     19.74     19.44     19.24     19.24
     19.24     19.34     19.14     18.74     18.34     18.34     18.24     17.94     17.34     16.94
     16.84     16.64     16.34
     23.34     22.84     21.64     20.94     20.84     21.14     21.24     21.44     21.84     22.64
     23.24     24.14     25.14     25.84     25.54     24.44     24.14     25.04     26.34     27.04
     26.54     25.14     23.44     21.84     20.64     20.24     20.34     20.24     19.64     19.04
     18.84     19.34     20.14     20.64     20.34     19.44     18.44     18.14     18.74     19.44
     19.84     19.74     19.64     19.64     19.74     19.64     19.24     18.74     18.54     18.64
     18.94     19.14     19.14     19.34     19.54     19.84     19.94     19.64     19.14     18.84
     18.94     19.04     18.84     18.44     18.14     18.24     18.44     18.34     17.84     17.64
     17.64     17.54     17.04
     20.54     20.24     19.64     19.24     19.14     19.04     18.74     18.74     19.24     19.84
     20.44     21.34     22.34     22.74     21.84     20.34     19.74     20.44     22.04     23.14
     23.44     23.04     22.14     21.04     20.34     20.34     20.64     20.64     20.14     19.44
     18.94     18.84     19.24     19.84     19.84     19.14     18.34     18.04     18.54     19.24
     19.64     19.84     19.94     20.04     20.14     19.94     19.74     19.34     19.14     18.94
     18.94     18.74     18.64     18.74     19.14     19.64     19.74     19.44     18.84     18.54
     18.64     19.04     19.14     18.64     18.14     18.04     18.34     18.54     18.34     18.24
     18.24     18.24     17.74
     17.54     17.64     17.54     17.84     18.24     18.44     18.44     18.44     18.74     19.14
     19.54     20.44     21.44     21.54     20.14     18.04     16.74     16.84     17.84     19.04
     20.04     20.64     20.54     20.14     19.84     20.04     20.44     20.64     20.64     20.44
     19.94     19.24     18.84     18.84     18.94     18.54     18.24     18.44     18.94     19.44
     19.54     19.64     19.94     20.14     20.04     19.74     19.64     19.74     19.64     19.34
     19.04     18.74     18.54     18.54     18.64     18.84     18.94     18.84     18.44     18.24
     18.54     19.24     19.44     18.94     18.34     18.14     18.44     18.74     18.54     18.34
     18.34     18.34     18.04
     15.34     15.44     15.74     16.44     17.24     18.04     18.74     19.14     19.14     19.14
     19.54     20.74     21.94     21.74     19.84     17.44     15.94     15.54     15.74     16.24
     17.14     17.94     18.34     18.44     18.64     18.94     19.24     19.34     19.74     20.24
     20.24     19.64     18.84     18.54     18.44     18.34     18.44     18.94     19.54     19.74
     19.44     19.44     19.74     19.74     19.34     18.84     18.94     19.34     19.44     19.34
     19.04     18.94     18.74     18.44     18.14     17.94     17.94     18.04     18.14     18.24
     18.64     19.14     19.34     18.94     18.44     18.34     18.64     18.84     18.54     18.04
     17.84     17.74     17.64
     14.24     14.34     14.74     15.14     15.94     17.04     18.24     18.84     18.74     18.44
     19.04     20.64     21.84     21.14     18.74     16.44     15.34     15.24     15.24     15.04
     15.34     15.84     16.24     16.74     17.44     18.14     18.24     18.14     18.34     19.04
     19.44     19.14     18.64     18.54     18.74     18.74     18.94     19.54     19.94     19.74
     19.24     19.24     19.44     19.24     18.54     17.84     17.94     18.44     18.84     18.94
     18.84     18.84     18.74     18.34     17.74     17.24     17.24     17.64     18.24     18.74
     19.04     19.04     18.94     18.74     18.54     18.64     18.84     18.84     18.44     17.74
     17.34     17.14     17.14
     13.84     14.24     14.64     15.04     15.44     16.24     17.44     18.34     18.44     18.34
     19.04     20.44     20.84     19.24     16.34     14.34     14.24     14.94     15.14     14.94
     14.94     15.24     15.64     16.24     17.24     18.24     18.54     18.34     18.24     18.54
     18.64     18.34     18.34     18.84     19.44     19.64     19.64     19.94     19.94     19.44
     18.84     18.84     19.14     18.84     18.04     17.44     17.54     18.04     18.34     18.34
     18.34     18.44     18.34     18.04     17.64     17.24     17.14     17.64     18.54     19.24
     19.54     19.34     18.94     18.64     18.54     18.64     18.64     18.54     18.24     17.84
     17.34     17.04     16.94
