diamond 4 20年06月25日8时400百帕温度场
20 06 25  8  400 
2.500  -2.500  .0  180.0   90.0  .0
73  37
    -32.26    -32.26    -32.26    -32.26    -32.26    -32.26    -32.26    -32.26    -32.26    -32.26
    -32.26    -32.26    -32.26    -32.26    -32.26    -32.26    -32.26    -32.26    -32.26    -32.26
    -32.26    -32.26    -32.26    -32.26    -32.26    -32.26    -32.26    -32.26    -32.26    -32.26
    -32.26    -32.26    -32.26    -32.26    -32.26    -32.26    -32.26    -32.26    -32.26    -32.26
    -32.26    -32.26    -32.26    -32.26    -32.26    -32.26    -32.26    -32.26    -32.26    -32.26
    -32.26    -32.26    -32.26    -32.26    -32.26    -32.26    -32.26    -32.26    -32.26    -32.26
    -32.26    -32.26    -32.26    -32.26    -32.26    -32.26    -32.26    -32.26    -32.26    -32.26
    -32.26    -32.26    -32.26
    -31.06    -31.06    -31.06    -31.16    -31.16    -31.26    -31.26    -31.36    -31.36    -31.46
    -31.46    -31.56    -31.56    -31.66    -31.76    -31.76    -31.86    -31.96    -31.96    -32.06
    -32.16    -32.16    -32.26    -32.36    -32.36    -32.46    -32.46    -32.56    -32.56    -32.66
    -32.66    -32.76    -32.76    -32.86    -32.86    -32.86    -32.86    -32.96    -32.96    -32.96
    -32.96    -32.96    -32.96    -32.96    -32.96    -32.96    -32.96    -32.96    -32.96    -32.96
    -32.96    -32.96    -32.96    -32.96    -32.96    -32.96    -32.96    -32.96    -32.96    -32.96
    -32.96    -32.96    -32.96    -32.96    -32.96    -32.96    -32.96    -32.96    -32.96    -32.96
    -32.96    -32.96    -32.96
    -29.96    -29.96    -30.06    -30.06    -30.16    -30.16    -30.26    -30.26    -30.36    -30.46
    -30.56    -30.66    -30.76    -30.96    -31.06    -31.26    -31.36    -31.56    -31.76    -31.96
    -32.06    -32.26    -32.46    -32.66    -32.76    -32.96    -33.06    -33.26    -33.36    -33.46
    -33.56    -33.56    -33.66    -33.66    -33.76    -33.76    -33.76    -33.76    -33.76    -33.76
    -33.66    -33.66    -33.56    -33.56    -33.56    -33.46    -33.46    -33.36    -33.36    -33.36
    -33.26    -33.26    -33.26    -33.26    -33.26    -33.26    -33.26    -33.26    -33.26    -33.26
    -33.36    -33.36    -33.36    -33.46    -33.46    -33.46    -33.56    -33.56    -33.66    -33.66
    -33.76    -33.76    -33.76
    -30.46    -30.36    -30.26    -30.16    -30.16    -30.06    -29.96    -29.96    -29.96    -29.96
    -30.06    -30.16    -30.26    -30.46    -30.66    -30.86    -31.16    -31.46    -31.76    -32.06
    -32.36    -32.66    -32.86    -33.16    -33.46    -33.66    -33.86    -33.96    -34.16    -34.26
    -34.26    -34.36    -34.26    -34.26    -34.26    -34.16    -34.06    -33.86    -33.76    -33.66
    -33.46    -33.36    -33.26    -33.06    -32.96    -32.86    -32.76    -32.76    -32.66    -32.66
    -32.66    -32.76    -32.76    -32.86    -32.96    -33.06    -33.16    -33.26    -33.46    -33.56
    -33.76    -33.86    -34.06    -34.16    -34.36    -34.46    -34.66    -34.76    -34.96    -35.06
    -35.16    -35.26    -35.36
    -32.46    -32.16    -31.86    -31.56    -31.36    -31.06    -30.86    -30.66    -30.56    -30.46
    -30.46    -30.56    -30.66    -30.86    -31.16    -31.36    -31.76    -32.06    -32.46    -32.76
    -33.16    -33.46    -33.76    -34.06    -34.26    -34.46    -34.56    -34.66    -34.66    -34.66
    -34.56    -34.36    -34.16    -33.96    -33.66    -33.36    -33.06    -32.76    -32.46    -32.06
    -31.86    -31.56    -31.26    -31.06    -30.96    -30.76    -30.66    -30.66    -30.66    -30.66
    -30.76    -30.96    -31.06    -31.26    -31.56    -31.86    -32.16    -32.46    -32.76    -33.06
    -33.36    -33.76    -34.06    -34.36    -34.66    -35.06    -35.26    -35.56    -35.86    -36.16
    -36.36    -36.56    -36.86
    -34.56    -34.16    -33.76    -33.26    -32.86    -32.46    -32.06    -31.76    -31.56    -31.46
    -31.36    -31.46    -31.56    -31.76    -32.06    -32.46    -32.76    -33.16    -33.56    -33.96
    -34.36    -34.66    -34.86    -35.06    -35.26    -35.36    -35.36    -35.26    -35.06    -34.86
    -34.46    -34.16    -33.66    -33.16    -32.66    -32.06    -31.56    -30.96    -30.46    -30.06
    -29.66    -29.26    -28.96    -28.76    -28.56    -28.36    -28.26    -28.26    -28.26    -28.36
    -28.46    -28.66    -28.86    -29.16    -29.46    -29.76    -30.16    -30.56    -31.06    -31.46
    -31.86    -32.36    -32.86    -33.26    -33.76    -34.16    -34.66    -35.06    -35.56    -35.96
    -36.36    -36.76    -37.16
    -35.86    -35.36    -34.86    -34.36    -33.76    -33.16    -32.66    -32.16    -31.86    -31.56
    -31.46    -31.56    -31.76    -32.06    -32.36    -32.86    -33.36    -33.86    -34.26    -34.76
    -35.06    -35.46    -35.66    -35.96    -36.06    -36.16    -36.16    -36.06    -35.86    -35.56
    -35.06    -34.56    -33.86    -33.06    -32.26    -31.46    -30.66    -29.96    -29.26    -28.76
    -28.26    -27.96    -27.66    -27.46    -27.36    -27.26    -27.16    -27.06    -27.06    -27.06
    -27.06    -27.16    -27.26    -27.46    -27.66    -27.96    -28.36    -28.76    -29.16    -29.56
    -29.96    -30.36    -30.86    -31.36    -31.96    -32.46    -33.16    -33.76    -34.46    -35.06
    -35.76    -36.36    -36.86
    -36.16    -35.66    -34.96    -34.26    -33.46    -32.66    -31.86    -31.16    -30.56    -30.16
    -30.06    -30.16    -30.46    -30.96    -31.56    -32.26    -32.96    -33.56    -34.16    -34.76
    -35.26    -35.66    -36.06    -36.46    -36.76    -37.06    -37.26    -37.36    -37.26    -37.06
    -36.66    -35.96    -35.16    -34.16    -33.06    -31.96    -30.86    -29.86    -28.96    -28.26
    -27.86    -27.56    -27.46    -27.46    -27.46    -27.36    -27.36    -27.16    -27.06    -26.86
    -26.76    -26.66    -26.66    -26.76    -26.96    -27.16    -27.46    -27.76    -28.06    -28.36
    -28.66    -28.96    -29.36    -29.86    -30.46    -31.16    -31.96    -32.86    -33.76    -34.66
    -35.56    -36.36    -37.06
    -35.46    -34.66    -33.86    -32.96    -31.96    -30.86    -29.86    -28.96    -28.26    -27.86
    -27.76    -28.06    -28.56    -29.36    -30.26    -31.26    -32.16    -33.06    -33.86    -34.56
    -35.16    -35.76    -36.26    -36.86    -37.36    -37.76    -38.26    -38.56    -38.66    -38.56
    -38.26    -37.66    -36.66    -35.46    -34.06    -32.56    -31.06    -29.66    -28.56    -27.76
    -27.36    -27.16    -27.26    -27.56    -27.76    -27.86    -27.86    -27.66    -27.36    -26.96
    -26.66    -26.46    -26.36    -26.46    -26.66    -26.96    -27.26    -27.66    -27.86    -28.06
    -28.26    -28.46    -28.76    -29.16    -29.66    -30.46    -31.46    -32.46    -33.66    -34.86
    -35.96    -36.96    -37.76
    -33.06    -32.26    -31.46    -30.56    -29.66    -28.66    -27.76    -26.86    -26.26    -26.06
    -26.06    -26.56    -27.36    -28.26    -29.46    -30.56    -31.76    -32.76    -33.76    -34.66
    -35.46    -36.16    -36.76    -37.36    -37.76    -38.26    -38.56    -38.86    -38.96    -38.96
    -38.66    -38.16    -37.26    -35.96    -34.36    -32.56    -30.76    -29.06    -27.66    -26.76
    -26.36    -26.56    -26.96    -27.56    -28.16    -28.46    -28.46    -28.16    -27.66    -27.06
    -26.46    -26.16    -26.06    -26.26    -26.56    -26.96    -27.36    -27.76    -27.96    -28.06
    -28.16    -28.16    -28.36    -28.66    -29.26    -29.96    -30.96    -32.16    -33.46    -34.76
    -36.06    -37.16    -38.06
    -29.56    -29.06    -28.66    -28.16    -27.66    -27.16    -26.46    -25.96    -25.66    -25.46
    -25.66    -26.16    -26.86    -27.76    -28.76    -29.96    -31.16    -32.46    -33.76    -34.96
    -36.06    -37.06    -37.76    -38.16    -38.46    -38.56    -38.56    -38.46    -38.36    -38.16
    -37.86    -37.36    -36.56    -35.36    -33.86    -32.06    -30.16    -28.26    -26.86    -25.96
    -25.76    -26.26    -27.16    -28.26    -29.16    -29.76    -29.86    -29.46    -28.76    -27.86
    -27.16    -26.76    -26.66    -26.86    -27.16    -27.56    -27.86    -28.06    -28.06    -28.06
    -28.06    -28.06    -28.26    -28.46    -28.96    -29.56    -30.46    -31.46    -32.66    -33.96
    -35.26    -36.56    -37.56
    -27.06    -26.86    -26.86    -26.76    -26.56    -26.36    -26.06    -25.86    -25.66    -25.66
    -25.76    -25.96    -26.36    -26.96    -27.76    -28.86    -30.26    -31.76    -33.56    -35.16
    -36.66    -37.86    -38.66    -39.06    -39.06    -38.86    -38.46    -37.96    -37.46    -37.06
    -36.56    -35.96    -35.26    -34.16    -32.86    -31.16    -29.36    -27.66    -26.46    -25.76
    -25.86    -26.56    -27.86    -29.36    -30.66    -31.46    -31.66    -31.26    -30.56    -29.66
    -29.06    -28.66    -28.66    -28.86    -28.96    -29.06    -28.96    -28.76    -28.46    -28.26
    -28.26    -28.36    -28.56    -28.86    -29.16    -29.56    -29.96    -30.66    -31.56    -32.66
    -33.86    -35.16    -36.36
    -26.56    -26.36    -26.16    -25.96    -25.76    -25.56    -25.46    -25.36    -25.36    -25.46
    -25.56    -25.66    -25.76    -26.06    -26.66    -27.66    -29.06    -30.86    -32.86    -34.76
    -36.36    -37.56    -38.26    -38.46    -38.46    -38.16    -37.66    -37.16    -36.66    -36.06
    -35.36    -34.56    -33.66    -32.46    -31.16    -29.66    -28.16    -26.86    -25.96    -25.66
    -25.96    -26.86    -28.26    -29.76    -31.06    -31.86    -32.16    -31.96    -31.46    -30.86
    -30.56    -30.66    -30.86    -31.06    -30.96    -30.66    -30.16    -29.46    -28.96    -28.66
    -28.76    -28.96    -29.36    -29.56    -29.66    -29.66    -29.76    -29.96    -30.46    -31.26
    -32.36    -33.46    -34.66
    -26.86    -26.36    -25.76    -25.16    -24.66    -24.36    -24.26    -24.46    -24.76    -25.06
    -25.36    -25.46    -25.66    -25.86    -26.36    -27.16    -28.46    -30.16    -31.86    -33.36
    -34.46    -35.16    -35.36    -35.26    -35.16    -35.16    -35.06    -34.96    -34.76    -34.26
    -33.66    -32.76    -31.56    -30.36    -28.96    -27.66    -26.66    -25.86    -25.46    -25.46
    -25.86    -26.56    -27.56    -28.66    -29.66    -30.26    -30.56    -30.46    -30.16    -30.06
    -30.26    -30.66    -31.16    -31.56    -31.46    -30.96    -30.16    -29.36    -28.86    -28.76
    -28.96    -29.46    -29.76    -29.96    -29.86    -29.56    -29.36    -29.36    -29.66    -30.26
    -31.06    -31.96    -32.86
    -26.56    -25.66    -24.86    -24.06    -23.66    -23.56    -23.86    -24.26    -24.76    -25.26
    -25.66    -25.86    -26.06    -26.36    -26.76    -27.46    -28.26    -29.36    -30.36    -31.06
    -31.36    -31.26    -30.96    -30.56    -30.46    -30.56    -30.86    -31.16    -31.26    -31.26
    -30.96    -30.36    -29.56    -28.46    -27.26    -26.26    -25.56    -25.26    -25.26    -25.46
    -25.76    -26.06    -26.46    -26.96    -27.46    -27.86    -28.06    -27.96    -27.76    -27.76
    -28.06    -28.76    -29.46    -29.86    -29.86    -29.36    -28.66    -28.06    -27.86    -28.16
    -28.76    -29.36    -29.76    -29.76    -29.56    -29.26    -29.16    -29.26    -29.66    -30.26
    -30.86    -31.36    -31.66
    -25.26    -24.56    -23.96    -23.76    -23.96    -24.46    -25.06    -25.56    -25.86    -25.96
    -25.96    -25.96    -26.26    -26.56    -26.96    -27.36    -27.86    -28.26    -28.56    -28.66
    -28.56    -28.16    -27.66    -27.26    -27.16    -27.16    -27.26    -27.46    -27.66    -27.86
    -28.26    -28.46    -28.46    -27.96    -27.16    -26.26    -25.66    -25.46    -25.56    -25.86
    -25.96    -25.86    -25.86    -26.06    -26.36    -26.66    -26.66    -26.36    -25.96    -25.56
    -25.66    -26.16    -26.76    -27.26    -27.16    -26.76    -26.26    -26.06    -26.36    -27.06
    -27.96    -28.86    -29.36    -29.66    -29.66    -29.66    -29.76    -30.06    -30.46    -30.96
    -31.46    -31.66    -31.66
    -23.86    -23.66    -23.86    -24.36    -25.16    -26.26    -27.06    -27.26    -26.86    -25.96
    -25.16    -24.86    -25.16    -25.76    -26.36    -26.76    -26.86    -26.96    -27.06    -27.16
    -27.16    -27.06    -26.96    -26.86    -26.76    -26.56    -26.16    -25.76    -25.46    -25.76
    -26.56    -27.66    -28.56    -28.66    -28.16    -27.16    -26.16    -25.76    -25.76    -25.96
    -25.96    -25.86    -25.76    -26.06    -26.56    -26.86    -26.76    -26.06    -24.96    -24.06
    -23.76    -24.06    -24.56    -24.86    -24.66    -24.16    -23.76    -23.76    -24.26    -25.36
    -26.66    -27.86    -28.86    -29.76    -30.36    -30.86    -31.26    -31.46    -31.56    -31.76
    -31.96    -32.16    -32.36
    -23.06    -23.36    -23.86    -24.66    -25.76    -26.96    -27.66    -27.56    -26.46    -24.86
    -23.56    -23.06    -23.56    -24.46    -25.36    -25.76    -25.86    -25.76    -25.86    -26.06
    -26.46    -26.76    -27.06    -27.26    -27.26    -27.06    -26.46    -25.66    -25.16    -25.26
    -26.16    -27.56    -28.76    -29.06    -28.46    -27.26    -25.96    -25.26    -25.16    -25.26
    -25.36    -25.36    -25.56    -26.16    -26.96    -27.36    -26.96    -25.56    -23.86    -22.46
    -21.96    -22.16    -22.66    -22.76    -22.36    -21.56    -20.96    -20.96    -21.56    -22.76
    -24.16    -25.76    -27.36    -28.96    -30.46    -31.56    -32.16    -32.06    -31.66    -31.26
    -31.26    -31.66    -32.36
    -22.76    -23.16    -23.56    -23.96    -24.76    -25.66    -26.36    -26.26    -25.16    -23.66
    -22.46    -22.06    -22.66    -23.66    -24.36    -24.46    -24.26    -23.96    -23.86    -24.06
    -24.36    -24.76    -24.96    -25.26    -25.46    -25.56    -25.46    -25.26    -25.06    -25.36
    -26.06    -27.16    -27.96    -28.06    -27.26    -25.86    -24.56    -23.96    -23.86    -24.16
    -24.36    -24.46    -24.86    -25.66    -26.66    -27.16    -26.46    -24.66    -22.46    -20.76
    -20.26    -20.46    -20.76    -20.56    -19.66    -18.56    -17.76    -17.76    -18.46    -19.46
    -20.66    -22.16    -23.86    -25.96    -27.96    -29.66    -30.66    -30.66    -30.16    -29.46
    -29.26    -29.66    -30.66
    -22.96    -23.16    -23.06    -22.86    -22.96    -23.66    -24.46    -24.76    -24.46    -23.56
    -22.76    -22.46    -22.56    -22.66    -22.46    -21.76    -20.96    -20.36    -20.16    -20.26
    -20.36    -20.46    -20.56    -20.66    -20.96    -21.46    -22.16    -23.06    -24.06    -24.86
    -25.56    -26.06    -26.26    -25.96    -25.06    -23.86    -22.76    -22.26    -22.26    -22.66
    -22.86    -23.16    -23.66    -24.66    -25.86    -26.46    -25.76    -23.86    -21.46    -19.66
    -18.86    -18.76    -18.56    -17.76    -16.56    -15.46    -14.86    -15.06    -15.66    -16.46
    -17.16    -18.06    -19.36    -21.16    -23.16    -25.16    -26.56    -27.16    -27.16    -26.76
    -26.56    -26.76    -27.46
    -23.46    -23.46    -22.86    -22.16    -21.86    -22.36    -23.36    -24.26    -24.46    -24.06
    -23.26    -22.36    -21.36    -20.16    -18.66    -17.26    -16.16    -15.56    -15.46    -15.56
    -15.76    -15.96    -16.06    -16.06    -16.16    -16.56    -17.66    -19.46    -21.56    -23.26
    -24.26    -24.56    -24.36    -23.86    -22.96    -21.86    -20.76    -20.06    -19.96    -20.26
    -20.66    -21.16    -21.96    -23.16    -24.56    -25.36    -24.96    -23.16    -20.86    -18.76
    -17.46    -16.76    -16.06    -14.96    -13.86    -13.06    -12.96    -13.46    -14.16    -14.56
    -14.76    -15.16    -15.76    -16.96    -18.46    -20.06    -21.56    -22.86    -23.56    -23.76
    -23.66    -23.46    -23.46
    -23.56    -23.36    -22.76    -21.96    -21.56    -21.96    -22.96    -23.96    -24.16    -23.46
    -22.16    -20.46    -18.46    -16.26    -14.26    -12.66    -11.86    -11.66    -11.76    -12.06
    -12.46    -12.96    -13.36    -13.36    -13.06    -12.86    -13.46    -15.36    -17.96    -20.36
    -21.86    -22.26    -22.06    -21.66    -20.86    -19.66    -18.16    -17.06    -16.66    -17.06
    -17.86    -18.86    -19.96    -21.36    -22.76    -23.56    -23.26    -21.76    -19.46    -17.16
    -15.46    -14.36    -13.56    -12.86    -12.36    -12.16    -12.56    -13.16    -13.76    -14.06
    -14.16    -14.36    -14.86    -15.46    -16.26    -17.06    -18.06    -19.26    -20.26    -20.76
    -20.76    -20.26    -19.86
    -22.86    -22.76    -22.26    -21.66    -21.36    -21.66    -22.46    -22.86    -22.46    -21.16
    -19.26    -17.06    -15.06    -13.06    -11.46    -10.46    -10.06    -10.16    -10.36    -10.56
    -10.86    -11.46    -12.06    -12.06    -11.36    -10.46    -10.26    -11.66    -14.06    -16.66
    -18.36    -18.96    -18.86    -18.56    -17.96    -16.66    -15.06    -13.76    -13.36    -14.06
    -15.36    -16.76    -18.06    -19.26    -20.16    -20.66    -20.16    -18.66    -16.66    -14.56
    -13.16    -12.36    -12.16    -12.26    -12.46    -12.76    -13.16    -13.66    -14.06    -14.36
    -14.76    -15.36    -15.96    -16.36    -16.56    -16.66    -16.86    -17.36    -17.86    -18.26
    -18.26    -17.96    -17.56
    -21.46    -21.76    -21.56    -21.06    -20.76    -20.76    -21.06    -20.86    -19.86    -18.16
    -16.16    -14.46    -13.16    -12.06    -11.26    -10.66    -10.36    -10.26    -10.26    -10.26
    -10.36    -10.66    -11.06    -11.06    -10.36     -9.16     -8.56     -9.26    -11.26    -13.36
    -14.86    -15.26    -15.16    -14.86    -14.36    -13.36    -12.26    -11.36    -11.46    -12.46
    -13.86    -15.16    -16.16    -16.86    -17.26    -17.16    -16.36    -15.06    -13.56    -12.36
    -11.66    -11.76    -12.36    -13.16    -13.76    -14.06    -14.16    -14.36    -14.66    -15.26
    -15.86    -16.56    -17.26    -17.56    -17.56    -17.36    -17.06    -16.96    -16.86    -16.96
    -16.86    -16.76    -16.66
    -20.26    -20.76    -20.76    -20.26    -19.66    -19.36    -19.16    -18.66    -17.46    -15.86
    -14.36    -13.46    -13.16    -12.86    -12.26    -11.36    -10.56    -10.16    -10.16    -10.26
    -10.36    -10.46    -10.56    -10.46     -9.86     -9.06     -8.56     -8.96    -10.26    -11.76
    -12.66    -12.76    -12.36    -11.86    -11.56    -11.16    -10.76    -10.66    -11.16    -12.16
    -13.06    -13.86    -14.36    -14.56    -14.46    -13.96    -13.06    -12.26    -11.56    -11.36
    -11.66    -12.36    -13.46    -14.56    -15.06    -15.16    -14.96    -14.96    -15.46    -16.16
    -16.86    -17.46    -17.76    -17.86    -17.76    -17.66    -17.46    -17.06    -16.76    -16.56
    -16.46    -16.46    -16.36
    -19.16    -19.76    -19.66    -19.16    -18.36    -17.66    -17.16    -16.56    -15.56    -14.56
    -13.86    -13.66    -13.66    -13.46    -12.66    -11.26     -9.86     -9.26     -9.56    -10.26
    -10.76    -10.96    -10.76    -10.66    -10.46    -10.16     -9.96    -10.16    -10.76    -11.56
    -12.06    -11.96    -11.46    -10.86    -10.66    -10.56    -10.66    -11.06    -11.56    -12.06
    -12.36    -12.46    -12.66    -12.76    -12.56    -11.86    -11.16    -10.86    -10.96    -11.56
    -12.26    -13.16    -14.26    -15.26    -15.66    -15.56    -15.26    -15.36    -15.96    -16.76
    -17.46    -17.86    -17.96    -17.86    -17.86    -17.76    -17.56    -17.26    -16.86    -16.56
    -16.26    -16.16    -15.86
    -17.96    -18.26    -18.16    -17.56    -16.76    -16.16    -15.46    -14.66    -14.06    -13.66
    -13.66    -13.76    -13.76    -13.36    -12.36    -10.96     -9.66     -9.06     -9.56    -10.56
    -11.46    -11.66    -11.56    -11.46    -11.46    -11.56    -11.36    -11.26    -11.36    -11.76
    -12.26    -12.16    -11.76    -11.36    -11.16    -11.26    -11.36    -11.56    -11.66    -11.76
    -11.66    -11.66    -11.86    -11.96    -11.76    -11.26    -10.66    -10.76    -11.36    -12.06
    -12.76    -13.56    -14.46    -15.36    -15.86    -15.66    -15.46    -15.46    -16.06    -16.86
    -17.66    -18.36    -18.76    -18.86    -18.76    -18.46    -17.96    -17.16    -16.46    -16.06
    -15.86    -15.66    -15.36
    -16.66    -16.66    -16.36    -15.96    -15.66    -15.16    -14.46    -13.66    -13.16    -13.16
    -13.46    -13.66    -13.46    -12.96    -12.36    -11.56    -10.86    -10.36    -10.66    -11.36
    -12.06    -12.36    -12.26    -12.26    -12.36    -12.36    -12.06    -11.56    -11.56    -11.86
    -12.36    -12.46    -12.16    -11.86    -11.86    -12.16    -12.16    -11.96    -11.66    -11.66
    -11.76    -12.06    -12.36    -12.56    -12.26    -11.76    -11.36    -11.56    -12.36    -13.06
    -13.56    -14.06    -14.96    -15.86    -16.26    -15.96    -15.56    -15.46    -15.86    -16.66
    -17.66    -18.76    -19.76    -20.46    -20.36    -19.56    -18.26    -16.86    -15.66    -15.16
    -15.06    -15.26    -15.46
    -15.86    -15.66    -15.26    -15.06    -15.16    -15.16    -14.56    -13.56    -12.86    -12.86
    -13.36    -13.56    -13.36    -13.06    -12.96    -12.86    -12.66    -12.26    -12.06    -12.16
    -12.46    -12.76    -12.96    -13.06    -13.06    -12.86    -12.36    -11.86    -11.76    -12.16
    -12.66    -12.66    -12.26    -11.96    -12.26    -12.76    -12.86    -12.46    -11.96    -11.96
    -12.46    -13.06    -13.36    -13.46    -13.26    -12.86    -12.66    -13.06    -13.66    -14.26
    -14.66    -15.16    -16.06    -16.76    -16.86    -16.26    -15.56    -15.36    -15.76    -16.46
    -17.36    -18.56    -19.86    -20.66    -20.56    -19.56    -17.96    -16.16    -14.66    -14.06
    -14.36    -15.06    -15.86
    -15.66    -15.46    -14.96    -14.86    -15.26    -15.56    -15.06    -13.96    -12.96    -12.86
    -13.36    -13.76    -13.86    -13.76    -13.76    -13.86    -13.66    -13.26    -12.86    -12.76
    -12.86    -13.16    -13.56    -13.86    -13.86    -13.56    -13.06    -12.56    -12.46    -12.86
    -13.26    -13.06    -12.46    -12.16    -12.46    -13.16    -13.36    -12.96    -12.46    -12.56
    -13.16    -13.66    -13.86    -13.96    -13.86    -13.86    -13.86    -14.06    -14.56    -14.96
    -15.26    -15.86    -16.76    -17.36    -16.96    -15.96    -15.16    -15.16    -15.66    -16.16
    -16.76    -17.36    -18.26    -18.76    -18.76    -18.06    -16.76    -15.16    -13.86    -13.26
    -13.56    -14.66    -15.86
    -15.76    -15.46    -15.06    -14.86    -15.36    -15.76    -15.46    -14.36    -13.26    -12.96
    -13.46    -14.16    -14.46    -14.56    -14.46    -14.16    -13.86    -13.46    -13.26    -13.26
    -13.26    -13.46    -13.86    -14.16    -14.26    -14.06    -13.76    -13.36    -13.26    -13.36
    -13.66    -13.66    -13.16    -12.66    -12.86    -13.46    -13.76    -13.46    -12.96    -13.06
    -13.46    -13.76    -13.76    -13.86    -14.06    -14.36    -14.36    -14.36    -14.46    -14.56
    -14.86    -15.46    -16.36    -16.86    -16.46    -15.46    -14.76    -14.86    -15.26    -15.56
    -15.56    -15.56    -15.76    -16.06    -16.16    -15.86    -15.26    -14.36    -13.46    -12.86
    -13.06    -13.96    -15.26
    -15.66    -15.46    -15.06    -14.96    -15.36    -15.76    -15.46    -14.46    -13.56    -13.36
    -13.86    -14.56    -15.06    -15.16    -14.86    -14.46    -14.16    -14.06    -14.16    -14.06
    -13.76    -13.66    -13.66    -13.86    -13.96    -14.06    -14.06    -13.86    -13.56    -13.46
    -13.66    -13.86    -13.66    -13.26    -13.26    -13.66    -13.96    -13.76    -13.56    -13.56
    -13.76    -13.76    -13.66    -13.76    -14.26    -14.56    -14.46    -14.26    -14.06    -13.96
    -14.16    -14.56    -15.26    -15.86    -15.76    -15.06    -14.56    -14.46    -14.66    -14.56
    -14.36    -14.16    -14.26    -14.46    -14.56    -14.46    -14.26    -13.96    -13.36    -12.86
    -12.86    -13.46    -14.56
    -15.56    -15.46    -15.16    -15.16    -15.46    -15.76    -15.46    -14.76    -14.26    -14.26
    -14.56    -14.96    -15.16    -15.26    -15.16    -14.86    -14.86    -15.16    -15.46    -15.16
    -14.46    -13.86    -13.76    -13.76    -13.76    -13.86    -14.06    -14.26    -13.96    -13.56
    -13.46    -13.66    -13.66    -13.46    -13.46    -13.76    -14.06    -14.16    -14.06    -14.06
    -14.16    -14.06    -13.96    -14.16    -14.46    -14.66    -14.46    -14.16    -14.06    -14.06
    -14.06    -14.06    -14.56    -15.06    -15.16    -14.86    -14.36    -14.06    -13.96    -13.86
    -13.76    -13.86    -14.16    -14.36    -14.26    -14.06    -13.86    -13.76    -13.46    -13.16
    -13.06    -13.36    -14.06
    -15.56    -15.36    -15.16    -15.36    -15.76    -15.86    -15.56    -15.16    -15.06    -15.26
    -15.36    -15.26    -15.06    -15.06    -15.06    -15.26    -15.46    -15.86    -16.06    -15.76
    -15.06    -14.66    -14.66    -14.56    -14.16    -13.86    -14.16    -14.66    -14.76    -14.26
    -13.86    -13.66    -13.56    -13.46    -13.36    -13.76    -14.26    -14.46    -14.36    -14.36
    -14.36    -14.36    -14.46    -14.66    -14.76    -14.56    -14.26    -14.26    -14.46    -14.56
    -14.46    -14.26    -14.26    -14.56    -14.66    -14.46    -14.16    -13.76    -13.56    -13.66
    -13.86    -14.26    -14.66    -14.66    -14.36    -13.96    -13.66    -13.56    -13.56    -13.46
    -13.26    -13.26    -13.66
    -15.66    -15.26    -15.16    -15.46    -15.86    -15.76    -15.46    -15.36    -15.56    -15.96
    -15.96    -15.46    -15.06    -15.06    -15.16    -15.36    -15.46    -15.66    -15.76    -15.46
    -15.16    -15.36    -15.86    -15.76    -14.96    -14.16    -14.26    -15.06    -15.56    -15.36
    -14.86    -14.36    -13.86    -13.56    -13.56    -14.06    -14.56    -14.86    -14.66    -14.36
    -14.26    -14.46    -14.86    -15.16    -15.06    -14.46    -14.06    -14.06    -14.46    -14.76
    -14.66    -14.46    -14.36    -14.36    -14.26    -14.16    -13.96    -13.76    -13.76    -13.86
    -14.26    -14.56    -14.76    -14.56    -14.16    -13.76    -13.56    -13.56    -13.66    -13.56
    -13.36    -13.16    -13.06
    -15.76    -15.26    -15.06    -15.26    -15.56    -15.46    -15.36    -15.46    -15.96    -16.36
    -16.26    -15.76    -15.46    -15.56    -15.66    -15.56    -15.26    -15.16    -15.06    -14.96
    -14.96    -15.56    -16.36    -16.46    -15.56    -14.56    -14.46    -15.26    -16.06    -16.26
    -15.86    -15.16    -14.56    -14.06    -14.16    -14.66    -15.26    -15.46    -15.26    -14.76
    -14.56    -14.76    -15.26    -15.56    -15.26    -14.56    -13.96    -13.96    -14.26    -14.56
    -14.56    -14.46    -14.46    -14.36    -14.26    -14.26    -14.26    -14.26    -14.16    -14.16
    -14.36    -14.56    -14.46    -14.16    -13.76    -13.66    -13.66    -13.86    -13.86    -13.76
    -13.56    -13.16    -12.96
    -16.06    -15.46    -15.16    -15.16    -15.26    -15.26    -15.26    -15.66    -16.26    -16.56
    -16.36    -15.96    -15.86    -15.96    -15.96    -15.56    -15.06    -14.86    -14.86    -14.86
    -14.86    -15.36    -16.06    -16.36    -15.86    -15.16    -15.06    -15.46    -16.06    -16.36
    -16.26    -15.76    -15.06    -14.66    -14.76    -15.26    -15.86    -16.16    -15.96    -15.56
    -15.16    -15.16    -15.46    -15.66    -15.36    -14.66    -14.16    -14.16    -14.36    -14.46
    -14.46    -14.56    -14.66    -14.46    -14.36    -14.46    -14.76    -14.76    -14.56    -14.26
    -14.36    -14.46    -14.36    -14.06    -13.76    -13.86    -13.96    -14.06    -13.96    -13.76
    -13.66    -13.56    -13.36
