diamond 11 20年06月26日8时300百帕流场
20 06 26  8  300 
2.500 -2.500  .0 180.0   90.0 .0  73 37
     13.80     13.50     13.20     12.90     12.60     12.20     11.80     11.40     10.90     10.50
     10.00      9.50      9.00      8.50      7.90      7.30      6.80      6.20      5.60      5.00
      4.30      3.70      3.10      2.40      1.80      1.10      0.50     -0.20     -0.80     -1.50
     -2.10     -2.80     -3.40     -4.00     -4.70     -5.30     -5.90     -6.50     -7.10     -7.60
     -8.20     -8.70     -9.30     -9.80    -10.30    -10.70    -11.20    -11.60    -12.00    -12.40
    -12.70    -13.10    -13.40    -13.70    -13.90    -14.10    -14.30    -14.50    -14.70    -14.80
    -14.90    -14.90    -15.00    -15.00    -15.00    -14.90    -14.80    -14.70    -14.60    -14.40
    -14.20    -14.00    -13.80
      5.40      4.90      4.50      4.10      3.70      3.20      2.80      2.40      1.90      1.50
      1.10      0.60      0.20     -0.20     -0.60     -1.00     -1.30     -1.70     -2.00     -2.30
     -2.50     -2.70     -2.90     -3.10     -3.20     -3.30     -3.30     -3.40     -3.40     -3.30
     -3.30     -3.20     -3.10     -3.00     -3.00     -2.90     -2.80     -2.70     -2.70     -2.70
     -2.70     -2.80     -2.90     -3.10     -3.40     -3.60     -4.00     -4.40     -4.90     -5.40
     -6.00     -6.60     -7.20     -7.90     -8.70     -9.40    -10.20    -11.00    -11.80    -12.60
    -13.30    -14.00    -14.70    -15.40    -16.00    -16.50    -17.00    -17.40    -17.80    -18.00
    -18.20    -18.30    -18.30
     -2.00     -2.00     -1.90     -1.90     -1.90     -2.00     -2.00     -2.10     -2.20     -2.40
     -2.60     -2.80     -3.10     -3.40     -3.70     -4.10     -4.50     -4.80     -5.20     -5.50
     -5.80     -6.00     -6.20     -6.20     -6.20     -6.10     -5.80     -5.40     -4.80     -4.20
     -3.40     -2.40     -1.40     -0.30      0.90      2.10      3.30      4.60      5.80      6.90
      8.00      8.90      9.70     10.30     10.80     11.10     11.20     11.00     10.70     10.10
      9.40      8.50      7.30      6.10      4.70      3.20      1.60     -0.10     -1.80     -3.50
     -5.10     -6.70     -8.30     -9.70    -11.00    -12.20    -13.20    -14.00    -14.70    -15.20
    -15.50    -15.70    -15.60
     -6.90     -6.30     -5.70     -5.20     -4.60     -4.00     -3.50     -3.00     -2.60     -2.20
     -2.00     -1.80     -1.70     -1.70     -1.80     -2.10     -2.40     -2.80     -3.30     -3.90
     -4.40     -5.00     -5.50     -5.90     -6.20     -6.40     -6.30     -6.00     -5.50     -4.70
     -3.70     -2.40     -0.90      0.90      2.80      4.90      7.10      9.40     11.70     13.90
     16.00     18.00     19.80     21.30     22.60     23.60     24.30     24.70     24.70     24.30
     23.70     22.70     21.40     19.80     18.00     16.00     13.80     11.50      9.20      6.80
      4.40      2.10      0.00     -2.10     -3.90     -5.50     -6.90     -8.00     -8.80     -9.30
     -9.60     -9.60     -9.40
     -9.70     -9.30     -9.00     -8.60     -8.20     -7.80     -7.30     -6.70     -6.10     -5.50
     -4.80     -4.20     -3.60     -3.10     -2.70     -2.40     -2.20     -2.10     -2.30     -2.50
     -2.90     -3.40     -3.90     -4.40     -4.90     -5.20     -5.50     -5.50     -5.30     -4.80
     -4.00     -2.90     -1.50      0.10      2.00      4.10      6.40      8.70     11.10     13.50
     15.80     18.00     20.10     21.90     23.60     24.90     26.00     26.80     27.20     27.40
     27.20     26.60     25.70     24.40     22.90     21.10     19.00     16.80     14.40     11.90
      9.40      6.90      4.50      2.20      0.20     -1.70     -3.20     -4.50     -5.50     -6.10
     -6.40     -6.40     -6.10
     -8.20     -8.60     -9.10     -9.50     -9.70     -9.90     -9.90     -9.70     -9.40     -8.90
     -8.20     -7.50     -6.60     -5.80     -4.90     -4.20     -3.50     -2.90     -2.40     -2.10
     -1.90     -1.90     -1.90     -1.90     -2.00     -2.10     -2.20     -2.10     -1.90     -1.60
     -1.10     -0.40      0.50      1.50      2.70      4.00      5.40      6.80      8.20      9.60
     10.90     12.20     13.50     14.70     15.80     16.90     17.90     18.80     19.60     20.20
     20.60     20.80     20.70     20.30     19.50     18.50     17.10     15.50     13.60     11.60
      9.50      7.30      5.20      3.00      1.10     -0.70     -2.30     -3.70     -4.70     -5.50
     -5.90     -6.10     -6.00
      0.30      0.00     -0.20     -0.30     -0.40     -0.40     -0.20      0.00      0.30      0.70
      1.10      1.50      1.90      2.20      2.30      2.30      2.20      2.00      1.80      1.50
      1.30      1.20      1.20      1.40      1.70      2.00      2.50      3.00      3.50      4.00
      4.50      4.90      5.30      5.70      6.00      6.30      6.50      6.70      6.80      6.80
      6.70      6.70      6.70      6.70      6.90      7.30      8.00      8.80      9.70     10.80
     11.80     12.70     13.50     14.00     14.20     14.10     13.80     13.10     12.20     11.10
      9.80      8.40      6.90      5.40      3.90      2.50      1.20      0.00     -1.00     -1.80
     -2.30     -2.70     -3.00
     14.10     15.70     17.20     18.70     20.00     21.20     22.20     23.10     23.80     24.20
     24.50     24.30     23.80     22.80     21.30     19.30     17.00     14.40     11.70      9.20
      6.90      5.20      3.90      3.30      3.20      3.60      4.30      5.10      6.00      6.70
      7.20      7.50      7.40      7.20      6.80      6.30      5.70      5.00      4.30      3.60
      2.80      1.90      1.10      0.50      0.10      0.00      0.30      1.10      2.20      3.60
      5.10      6.60      8.10      9.40     10.50     11.40     12.10     12.70     13.10     13.30
     13.30     13.20     12.90     12.30     11.70     11.00     10.20      9.40      8.70      8.00
      7.30      6.60      5.80
     26.90     30.30     33.30     35.90     38.00     39.60     40.90     41.90     42.60     43.10
     43.20     42.90     41.90     40.20     37.60     34.30     30.10     25.50     20.60     15.70
     11.30      7.50      4.50      2.50      1.40      1.10      1.50      2.20      3.10      3.80
      4.10      4.10      3.70      2.90      1.90      0.90      0.00     -0.80     -1.40     -1.90
     -2.40     -3.10     -3.80     -4.60     -5.30     -5.60     -5.60     -5.00     -3.90     -2.50
     -0.80      1.00      2.80      4.50      6.20      7.80      9.50     11.30     13.00     14.80
     16.40     17.90     19.00     19.90     20.50     20.80     20.80     20.60     20.10     19.40
     18.30     16.90     15.30
     31.80     35.00     37.50     39.20     40.30     40.90     41.10     41.20     41.20     41.20
     41.20     41.00     40.40     39.30     37.40     34.60     31.00     26.70     21.90     16.90
     12.10      7.70      4.00      1.10     -1.00     -2.10     -2.50     -2.20     -1.50     -0.70
     -0.10      0.10     -0.30     -1.10     -2.20     -3.30     -4.10     -4.50     -4.50     -4.30
     -4.10     -4.20     -4.80     -5.90     -7.10     -8.40     -9.20     -9.50     -9.20     -8.30
     -7.10     -5.60     -4.20     -2.70     -1.20      0.60      2.60      5.00      7.80     10.80
     13.80     16.80     19.50     22.00     24.00     25.70     26.80     27.30     27.10     26.10
     24.20     21.70     18.50
     26.60     28.10     28.90     29.10     28.80     28.20     27.50     26.70     26.00     25.50
     25.20     25.00     24.90     24.60     23.90     22.80     21.00     18.70     15.90     12.90
      9.70      6.60      3.70      1.00     -1.30     -2.90     -3.80     -3.70     -2.70     -1.10
      0.80      2.50      3.60      3.90      3.50      2.70      2.00      1.70      2.00      2.60
      3.10      3.00      2.00     -0.10     -2.90     -5.90     -8.70    -10.80    -12.00    -12.40
    -12.20    -11.70    -11.10    -10.50     -9.70     -8.50     -6.80     -4.50     -1.50      2.00
      5.80      9.70     13.50     17.20     20.50     23.40     25.50     26.70     26.60     25.20
     22.60     18.90     14.50
     15.80     15.90     15.80     15.60     15.40     15.10     14.80     14.50     14.10     13.70
     13.20     12.80     12.50     12.10     11.70     11.10     10.10      8.90      7.50      6.00
      4.60      3.30      2.00      0.70     -0.60     -1.70     -2.10     -1.50      0.30      3.50
      7.40     11.40     14.60     16.50     16.90     16.30     15.30     14.50     14.30     14.50
     14.70     14.20     12.40      9.20      4.90     -0.10     -4.80     -8.60    -11.30    -12.90
    -13.70    -14.00    -14.20    -14.40    -14.40    -14.00    -12.90    -11.00     -8.30     -5.00
     -1.30      2.50      6.30      9.90     13.00     15.70     17.60     18.50     18.30     16.90
     14.30     10.90      7.20
      6.70      6.60      6.50      6.50      6.50      6.80      7.20      7.80      8.40      8.90
      9.20      9.20      9.00      8.60      7.80      6.70      5.20      3.30      1.20     -0.50
     -1.70     -2.10     -1.70     -1.00     -0.10      0.80      1.80      3.40      6.00      9.70
     14.30     19.00     22.70     24.80     25.10     23.80     21.90     20.10     19.10     18.90
     18.90     18.60     17.00     14.10      9.90      5.10      0.30     -3.70     -6.70     -8.50
     -9.40     -9.90    -10.30    -10.70    -11.00    -11.10    -10.60     -9.50     -7.60     -5.10
     -2.30      0.30      2.50      4.10      5.00      5.40      5.40      5.00      4.30      3.40
      2.50      1.70      1.30
      3.00      3.20      2.80      1.60      0.10     -1.30     -2.00     -1.60     -0.30      1.60
      3.70      5.50      6.80      7.60      7.70      6.90      5.20      2.70     -0.30     -3.00
     -4.60     -4.80     -3.20     -0.40      3.00      6.40      9.10     11.40     13.30     15.40
     17.50     19.50     20.60     20.50     19.00     16.60     13.90     11.80     10.70     10.70
     11.40     12.20     12.40     11.70     10.20      8.10      5.90      4.00      2.70      1.90
      1.60      1.50      1.40      1.00      0.50      0.00     -0.50     -0.60     -0.20      0.60
      1.50      2.10      1.90      0.90     -1.10     -3.60     -6.00     -7.80     -8.70     -8.20
     -6.40     -3.50      0.30
      2.20      3.00      2.00     -1.00     -5.40     -9.90    -13.10    -14.00    -12.50     -9.40
     -5.50     -1.80      1.30      3.60      5.10      5.70      5.30      4.00      2.10      0.10
     -1.00     -0.50      1.90      6.00     10.90     15.60     19.20     21.00     21.00     19.70
     17.50     14.80     11.70      8.40      5.00      2.10      0.00     -1.10     -1.10     -0.30
      1.10      2.70      4.40      6.20      8.00      9.60     11.20     12.60     13.80     14.70
     15.30     15.60     15.60     15.30     14.60     13.50     11.90     10.10      8.30      6.80
      5.50      4.10      2.30     -0.20     -3.40     -6.80     -9.80    -11.60    -11.70     -9.90
     -6.30     -1.20      4.60
      0.50      2.40      2.10     -0.90     -6.10    -11.70    -15.80    -17.20    -15.90    -12.80
     -9.20     -6.00     -3.60     -1.80     -0.20      1.20      2.40      3.50      4.30      5.30
      6.60      8.60     11.60     15.50     19.80     23.60     26.20     26.70     24.90     21.10
     16.10     10.60      5.20      0.50     -2.80     -4.60     -4.80     -4.00     -2.90     -2.10
     -1.60     -1.20     -0.20      1.60      4.40      7.80     11.50     15.10     18.10     20.20
     21.50     22.00     22.30     22.50     22.50     22.10     20.60     18.10     14.80     11.30
      8.00      5.20      2.70      0.50     -1.70     -3.60     -4.90     -5.30     -4.60     -2.50
      0.90      5.20     10.10
     -1.50      1.40      3.00      2.50      0.30     -2.60     -4.80     -5.50     -5.10     -4.30
     -3.90     -4.20     -4.70     -4.90     -4.40     -3.10     -0.90      1.90      5.50      9.60
     13.80     17.50     20.40     22.50     24.00     25.00     25.10     24.00     21.50     17.80
     13.40      9.00      4.90      1.90      0.50      0.90      2.60      4.80      6.10      5.60
      3.70      1.10     -0.80     -1.40     -0.60      1.50      4.30      7.40     10.30     12.50
     13.90     14.80     16.00     18.00     20.70     23.20     24.40     23.50     20.50     16.30
     11.70      7.60      4.40      2.30      1.20      0.80      0.90      1.30      1.90      2.90
      4.60      7.30     10.90
     -0.10      1.80      4.20      6.50      8.40      9.60     10.30     10.00      8.40      5.30
      1.40     -2.20     -4.50     -4.70     -3.20     -0.70      2.50      6.40     11.10     16.60
     22.00     26.00     27.70     27.10     25.10     22.40     19.70     17.00     14.30     11.80
      9.60      8.10      7.10      6.70      7.30      9.10     11.80     14.40     15.20     13.60
      9.80      5.30      1.30     -1.30     -2.70     -3.20     -3.00     -2.40     -1.50     -0.70
      0.00      1.20      3.90      8.70     15.20     22.00     27.10     29.20     28.00     24.30
     19.20     13.90      9.20      5.60      3.30      2.00      1.20      0.40     -0.50     -0.90
      0.00      2.80      7.40
      4.90      4.00      5.00      7.80     11.50     14.90     16.70     15.90     12.20      6.60
      0.90     -2.70     -2.70      0.70      6.00     11.70     16.60     21.00     25.50     30.20
     34.60     37.20     37.00     34.10     29.40     24.40     19.70     15.60     12.20      9.60
      8.30      8.00      8.40      8.90      9.80     11.40     13.90     16.30     17.30     15.90
     12.80      9.30      6.60      5.20      4.30      3.30      1.80      0.10     -1.80     -3.50
     -4.50     -3.90     -0.40      6.20     15.00     24.10     31.20     35.00     35.30     32.70
     28.30     23.00     17.60     12.60      8.10      4.20      0.80     -2.30     -4.50     -5.20
     -3.60      0.80      7.70
     10.00      7.10      6.20      7.40      9.90     12.50     13.70     12.60      9.10      4.80
      1.70      1.90      6.00     13.00     21.00     28.30     33.90     37.90     41.10     44.10
     46.60     47.70     46.50     43.00     38.20     33.20     28.60     24.20     20.00     16.40
     13.90     12.40     11.60     10.80     10.10     10.30     11.70     13.90     15.40     15.50
     14.60     14.10     15.00     17.20     19.50     20.70     20.10     17.70     14.00      9.80
      6.50      5.50      8.00     13.60     21.00     28.00     33.20     36.00     36.50     35.40
     33.30     30.60     27.50     23.80     19.50     14.70     10.00      6.10      3.80      3.80
      6.20     11.00     17.30
     13.30     11.20      9.70      9.10      9.10      9.50      9.90      9.70      9.20      9.30
     11.30     15.60     21.50     27.70     33.10     37.20     40.20     42.30     43.90     45.40
     46.80     47.70     47.50     46.00     43.70     41.10     38.40     35.40     31.80     28.10
     24.80     22.00     19.60     17.00     14.50     12.80     12.80     14.10     15.60     16.70
     17.50     19.10     22.40     27.10     32.10     35.90     37.50     36.40     32.80     27.80
     23.30     20.80     20.80     22.60     24.80     26.30     27.10     27.60     28.30     29.20
     30.40     31.90     33.40     34.20     33.60     31.40     28.40     25.90     25.00     25.70
     27.50     29.50     31.20
     15.60     15.20     14.40     13.10     11.60     10.80     11.20     12.60     15.10     18.80
     23.80     29.00     32.80     34.10     33.30     31.80     30.60     30.10     30.20     30.70
     31.80     33.70     35.80     37.50     38.30     38.40     38.10     37.30     35.90     34.10
     32.20     30.10     27.80     24.90     21.80     19.10     17.70     17.50     18.20     19.10
     20.40     22.30     25.20     29.00     33.20     37.00     39.60     40.20     38.60     35.50
     32.20     29.40     27.00     24.00     19.90     15.60     12.90     12.90     15.00     18.20
     21.80     25.90     30.80     35.80     39.50     41.20     41.60     41.90     42.90     44.00
     43.90     41.80     38.10
     16.70     16.20     15.90     15.20     14.50     14.70     16.20     18.60     21.40     24.70
     28.10     30.60     30.40     27.10     22.00     17.20     14.30     12.90     12.30     12.10
     12.90     15.20     18.50     21.80     24.20     25.50     26.30     26.90     27.60     28.30
     28.90     29.00     28.40     27.00     25.00     22.90     21.00     19.90     19.50     20.00
     21.20     22.60     23.80     24.60     25.20     26.00     27.20     28.40     29.30     29.50
     29.10     27.60     24.10     17.90      9.80      2.50     -0.80      0.60      5.00      9.60
     13.20     16.50     20.90     26.40     31.60     35.50     38.20     40.80     43.20     44.30
     42.70     38.50     32.70
     14.40     12.20     11.90     12.70     14.60     17.40     20.70     23.20     24.40     24.30
     23.50     21.60     18.10     12.90      7.70      4.10      2.70      2.60      2.50      2.20
      2.40      3.70      5.90      8.20      9.90     10.90     11.50     12.30     13.80     15.80
     18.00     19.80     21.00     21.50     21.70     21.30     20.40     19.20     18.30     18.50
     19.50     20.50     20.40     18.70     16.10     13.60     12.60     13.30     15.40     18.00
     20.00     20.10     17.00     10.80      2.90     -3.50     -5.60     -2.80      2.40      6.70
      8.30      8.60      9.80     12.70     16.50     19.90     23.10     26.30     28.80     29.40
     27.30     23.70     20.10
      9.30      6.50      6.60      9.00     12.80     17.20     21.00     23.20     22.90     20.50
     16.80     12.10      6.80      1.60     -2.10     -3.40     -2.50     -1.10     -0.30     -0.20
     -0.30     -0.20      0.00      0.20      0.70      1.30      2.00      2.90      4.20      6.10
      8.50     10.70     12.80     14.60     16.40     17.60     17.70     16.70     15.50     14.80
     14.80     14.90     14.20     12.30      9.20      6.20      4.40      4.60      6.50      9.30
     11.30     11.60      9.90      6.60      2.70     -0.40     -1.30      0.70      3.90      6.00
      5.40      3.20      1.60      2.00      4.00      6.80      9.70     12.30     13.80     13.20
     10.90      8.80      8.20
      5.70      4.60      5.60      8.20     11.30     14.00     15.80     16.40     15.50     13.40
     10.10      5.80      0.70     -4.20     -7.30     -8.00     -6.80     -5.50     -4.70     -4.40
     -4.20     -4.20     -4.60     -5.00     -4.70     -3.50     -2.00     -0.60      0.70      2.20
      4.10      6.20      8.40     10.60     12.60     13.80     13.80     12.40     10.40      8.40
      6.70      5.50      4.40      3.50      2.60      1.70      1.30      1.80      3.20      4.60
      5.00      4.30      3.60      3.80      4.50      4.80      4.20      3.50      3.30      2.60
      0.40     -2.90     -5.40     -5.40     -2.90      0.80      4.40      6.80      7.30      5.70
      3.10      1.50      1.90
      5.00      6.30      8.00      9.50      9.80      8.60      6.60      4.60      2.90      1.60
      0.30     -1.60     -4.70     -8.40    -11.20    -12.10    -11.70    -11.40    -11.90    -12.40
    -12.30    -11.60    -10.80    -10.10     -9.00     -7.40     -5.50     -3.80     -2.30     -0.90
      0.60      2.40      4.50      6.60      8.00      8.10      6.80      4.50      2.10     -0.30
     -2.50     -4.40     -5.50     -5.40     -4.30     -2.70     -1.30     -0.10      0.90      1.30
      0.50     -1.10     -1.60      0.10      3.00      4.70      3.80      1.20     -1.20     -3.40
     -6.30    -10.00    -12.50    -11.40     -6.80     -0.80      4.30      7.30      8.00      6.70
      4.40      2.20      0.80
      4.10      6.00      7.60      7.80      6.10      2.60     -1.60     -5.60     -8.70    -10.50
    -10.90    -10.70    -11.10    -12.70    -14.30    -14.70    -14.10    -14.00    -15.40    -17.50
    -18.70    -18.10    -16.30    -14.50    -13.20    -12.40    -11.40     -9.90     -8.20     -6.60
     -5.50     -4.30     -2.50     -0.50      0.50     -0.40     -2.60     -5.00     -6.70     -7.70
     -8.60     -9.60    -10.20     -9.70     -8.10     -5.80     -4.00     -3.00     -2.50     -2.40
     -2.80     -3.70     -4.20     -3.30     -1.50     -0.40     -1.40     -3.50     -5.30     -7.00
     -9.60    -13.00    -14.80    -12.70     -6.80      0.10      5.40      8.60     10.20     10.30
      8.90      6.00      2.10
      1.00      1.90      2.50      2.20      0.50     -2.40     -5.50     -8.90    -12.30    -15.00
    -15.90    -15.10    -14.00    -14.10    -14.80    -14.60    -13.00    -11.70    -12.70    -15.90
    -19.00    -20.10    -18.90    -17.40    -17.00    -17.60    -17.80    -16.40    -14.00    -12.00
    -11.50    -11.20    -10.10     -8.30     -7.20     -7.90     -9.70    -11.10    -11.20    -10.40
     -9.40     -8.80     -8.80     -8.60     -7.70     -6.10     -4.80     -4.60     -5.30     -5.50
     -4.80     -3.80     -3.60     -4.00     -4.20     -4.30     -4.40     -4.60     -4.40     -4.50
     -5.60     -7.30     -7.50     -4.70      0.00      4.40      7.00      8.60      9.90     10.80
      9.90      6.70      1.90
     -1.50     -1.80     -2.10     -2.70     -3.90     -5.40     -6.50     -7.50     -9.30    -11.30
    -12.30    -11.50    -10.40    -10.60    -12.00    -12.40    -10.80     -8.70     -8.60    -11.50
    -15.90    -18.90    -19.70    -19.40    -19.70    -20.70    -20.80    -18.90    -15.70    -13.60
    -13.50    -14.20    -13.90    -12.60    -11.70    -11.90    -12.30    -11.90    -10.60     -8.90
     -7.40     -6.50     -6.40     -6.80     -6.60     -5.20     -3.50     -3.60     -5.20     -6.30
     -5.30     -3.00     -1.60     -1.90     -2.70     -2.60     -1.70     -0.60      0.30      1.20
      2.20      3.60      5.70      8.10      9.50      9.20      7.60      6.50      6.50      6.60
      5.40      2.70     -0.50
     -1.80     -2.30     -2.70     -3.40     -4.80     -6.40     -7.10     -6.90     -6.60     -6.60
     -6.40     -5.60     -4.90     -5.70     -7.60     -9.10     -8.80     -7.60     -7.40     -9.60
    -13.60    -17.30    -19.30    -19.60    -19.20    -18.90    -18.00    -16.00    -13.70    -12.40
    -12.90    -13.80    -14.00    -13.70    -13.70    -13.70    -12.80    -10.60     -8.40     -7.10
     -6.50     -6.40     -6.80     -7.70     -7.80     -6.00     -3.20     -2.00     -3.30     -5.00
     -4.60     -2.40     -0.50      0.00      0.00      1.00      2.40      3.10      3.10      3.90
      6.50     10.40     13.60     14.50     12.30      8.20      4.20      1.90      1.00      0.30
     -0.80     -1.70     -1.50
     -3.40     -3.50     -3.20     -3.00     -4.00     -6.10     -7.90     -8.20     -7.20     -5.80
     -4.70     -3.90     -3.80     -4.20     -5.00     -5.60     -6.30     -7.00     -8.30    -10.00
    -12.30    -14.60    -15.90    -15.40    -13.60    -11.70    -10.40    -10.00    -10.20    -11.00
    -12.10    -12.70    -13.00    -13.60    -14.60    -15.00    -13.50    -10.40     -7.90     -7.10
     -7.40     -7.90     -8.50     -9.60    -10.00     -8.50     -5.40     -3.20     -3.00     -3.90
     -3.80     -2.70     -1.70     -1.40     -0.80      0.50      1.50      1.10      0.30      1.10
      4.40      8.50     10.70      9.40      5.40      0.80     -2.30     -3.60     -4.00     -4.20
     -3.80     -1.70      1.60
     -8.10     -8.40     -7.50     -5.90     -5.20     -6.00     -7.60     -8.50     -8.00     -6.80
     -5.80     -6.00     -6.90     -7.20     -6.10     -4.50     -4.50     -6.40     -8.90    -10.30
    -10.30    -10.10     -9.70     -8.20     -5.50     -3.00     -2.50     -4.20     -7.00     -9.30
    -10.50    -10.80    -10.90    -11.70    -13.10    -13.80    -12.60    -10.00     -8.10     -7.70
     -8.30     -8.60     -8.80     -9.40    -10.10     -9.90     -8.80     -7.30     -6.10     -5.20
     -4.40     -4.10     -4.60     -5.30     -5.30     -4.70     -4.70     -5.40     -5.50     -3.80
     -0.50      2.10      2.20     -0.10     -3.10     -5.40     -6.60     -7.00     -6.80     -5.90
     -3.30      1.10      5.40
    -11.10    -12.30    -12.10    -10.60     -8.70     -7.40     -7.10     -7.40     -7.40     -6.80
     -6.20     -7.10     -9.40    -10.90     -9.90     -7.20     -5.80     -7.30     -9.60    -10.20
     -8.60     -6.80     -5.60     -4.10     -1.90      0.00     -0.20     -2.50     -5.20     -6.90
     -7.20     -7.00     -7.00     -7.70     -8.70     -9.20     -8.80     -8.00     -7.50     -7.70
     -8.20     -8.60     -8.50     -8.20     -8.20     -8.90    -10.10    -10.90    -10.10     -8.20
     -6.60     -6.50     -7.60     -8.50     -8.80     -9.00     -9.70    -10.20     -9.00     -6.20
     -3.40     -2.60     -3.60     -4.90     -5.40     -5.40     -5.90     -7.10     -8.00     -7.00
     -3.60      1.00      4.50
     -8.00     -9.90    -11.50    -12.10    -11.10     -9.20     -7.70     -7.30     -7.40     -6.90
     -5.80     -6.00     -8.40    -11.30    -12.00    -10.20     -8.50     -8.90    -10.50    -10.80
     -9.50     -8.40     -8.20     -8.00     -6.90     -5.70     -5.80     -6.80     -7.30     -6.60
     -5.40     -4.90     -5.20     -5.80     -6.00     -5.90     -6.10     -6.60     -7.20     -7.70
     -8.40     -9.30     -9.80     -9.00     -7.50     -7.20     -8.90    -11.10    -11.60    -10.20
     -9.00     -9.20    -10.10     -9.90     -9.10     -9.00     -9.90    -10.20     -8.60     -6.00
     -4.50     -4.70     -5.30     -5.00     -3.70     -2.90     -4.00     -6.60     -8.70     -8.70
     -6.50     -3.40     -1.20
     -3.00     -4.50     -7.20     -9.60    -10.60    -10.00     -8.80     -8.30     -8.50     -8.00
     -6.20     -4.70     -5.40     -7.60     -9.10     -8.40     -7.40     -8.00     -9.80    -11.40
    -12.40    -13.60    -15.40    -16.30    -15.80    -14.90    -14.70    -14.80    -13.60    -11.20
     -9.00     -8.50     -9.30    -10.00     -9.70     -8.90     -8.50     -8.70     -9.00     -8.90
     -9.40    -11.00    -12.70    -12.50    -10.00     -7.70     -7.60     -9.10     -9.80     -9.50
     -9.90    -11.50    -12.50    -11.20     -8.80     -7.70     -8.20     -8.50     -7.50     -6.20
     -5.90     -6.20     -6.10     -5.00     -4.00     -4.10     -5.40     -7.20     -8.80     -9.40
     -8.90     -7.60     -5.80
     -2.40     -3.40     -5.40     -7.50     -9.10     -9.70     -9.10     -8.40     -8.00     -7.60
     -6.20     -4.20     -2.90     -2.80     -2.80     -2.20     -2.10     -3.80     -7.10    -10.70
    -14.10    -17.50    -20.50    -21.60    -21.00    -20.10    -20.30    -20.80    -19.90    -17.60
    -15.40    -15.10    -16.20    -17.10    -16.60    -15.00    -13.30    -12.20    -11.50    -10.80
    -10.80    -12.40    -14.80    -15.70    -13.80    -10.60     -8.50     -7.80     -7.20     -7.10
     -8.60    -11.50    -13.20    -12.00     -9.30     -7.90     -8.00     -8.00     -7.30     -6.80
     -7.10     -7.20     -6.40     -5.70     -6.30     -7.70     -8.40     -8.00     -7.60     -7.90
     -8.20     -7.30     -5.00
     -5.90     -6.50     -7.10     -7.60     -8.20     -8.70     -9.30     -9.80    -10.30    -10.70
    -11.20    -11.60    -12.00    -12.40    -12.70    -13.10    -13.40    -13.70    -13.90    -14.10
    -14.30    -14.50    -14.70    -14.80    -14.90    -14.90    -15.00    -15.00    -15.00    -14.90
    -14.80    -14.70    -14.60    -14.40    -14.20    -14.00    -13.80    -13.50    -13.20    -12.90
    -12.60    -12.20    -11.80    -11.40    -10.90    -10.50    -10.00     -9.50     -9.00     -8.50
     -7.90     -7.30     -6.80     -6.20     -5.60     -5.00     -4.30     -3.70     -3.10     -2.40
     -1.80     -1.10     -0.50      0.20      0.80      1.50      2.10      2.80      3.40      4.00
      4.70      5.30      5.90
     -9.30     -9.60     -9.90    -10.20    -10.40    -10.60    -10.80    -11.00    -11.10    -11.20
    -11.20    -11.20    -11.20    -11.20    -11.10    -11.00    -10.90    -10.70    -10.60    -10.40
    -10.10     -9.90     -9.70     -9.40     -9.20     -8.90     -8.70     -8.50     -8.30     -8.10
     -7.90     -7.80     -7.70     -7.70     -7.70     -7.70     -7.80     -7.90     -8.10     -8.30
     -8.50     -8.70     -9.00     -9.30     -9.60     -9.90    -10.10    -10.40    -10.60    -10.80
    -11.00    -11.10    -11.20    -11.20    -11.10    -10.90    -10.70    -10.40    -10.00     -9.60
     -9.00     -8.40     -7.70     -6.90     -6.10     -5.20     -4.20     -3.20     -2.20     -1.10
      0.00      1.20      2.30
     -8.40     -8.60     -8.80     -9.00     -9.20     -9.40     -9.60     -9.80    -10.00    -10.20
    -10.40    -10.50    -10.50    -10.50    -10.40    -10.30    -10.00     -9.70     -9.20     -8.60
     -8.00     -7.20     -6.40     -5.40     -4.40     -3.40     -2.40     -1.30     -0.30      0.60
      1.50      2.30      2.90      3.40      3.70      3.80      3.70      3.40      2.90      2.20
      1.30      0.20     -1.00     -2.30     -3.80     -5.30     -6.90     -8.50    -10.10    -11.70
    -13.10    -14.40    -15.60    -16.60    -17.50    -18.10    -18.50    -18.60    -18.50    -18.20
    -17.60    -16.80    -15.80    -14.60    -13.20    -11.70    -10.00     -8.20     -6.30     -4.40
     -2.40     -0.40      1.60
     -3.30     -3.30     -3.40     -3.60     -3.90     -4.30     -4.80     -5.40     -6.00     -6.70
     -7.40     -8.10     -8.70     -9.40     -9.90    -10.30    -10.60    -10.60    -10.50    -10.10
     -9.40     -8.50     -7.30     -5.80     -4.10     -2.20     -0.10      2.10      4.40      6.60
      8.70     10.70     12.50     14.00     15.20     16.00     16.40     16.30     15.80     14.80
     13.40     11.60      9.50      7.00      4.30      1.30     -1.80     -4.90     -8.10    -11.20
    -14.20    -16.90    -19.50    -21.70    -23.60    -25.10    -26.10    -26.80    -26.90    -26.70
    -26.00    -24.90    -23.40    -21.60    -19.40    -17.00    -14.30    -11.50     -8.60     -5.60
     -2.60      0.40      3.20
      1.50      1.40      1.30      1.00      0.70      0.30     -0.20     -0.80     -1.50     -2.40
     -3.30     -4.40     -5.60     -6.80     -8.00     -9.10    -10.20    -11.00    -11.70    -11.90
    -11.90    -11.30    -10.40     -8.90     -6.90     -4.50     -1.80      1.30      4.70      8.10
     11.50     14.70     17.80     20.40     22.50     24.10     25.10     25.50     25.10     24.10
     22.50     20.30     17.60     14.40     10.90      7.00      2.90     -1.30     -5.60     -9.80
    -14.00    -17.90    -21.50    -24.80    -27.60    -30.00    -31.70    -32.90    -33.40    -33.40
    -32.70    -31.30    -29.50    -27.10    -24.30    -21.10    -17.60    -13.90    -10.00     -6.10
     -2.20      1.60      5.30
      1.90      1.50      1.20      1.00      0.90      0.80      0.80      0.80      0.60      0.40
     -0.10     -0.80     -1.70     -2.90     -4.30     -5.80     -7.30     -8.90    -10.20    -11.30
    -12.00    -12.10    -11.70    -10.70     -9.00     -6.60     -3.60     -0.20      3.60      7.70
     11.80     15.80     19.40     22.60     25.20     27.20     28.30     28.70     28.40     27.30
     25.50     23.20     20.40     17.20     13.60      9.80      5.70      1.40     -3.10     -7.60
    -12.10    -16.50    -20.80    -24.80    -28.40    -31.40    -33.90    -35.70    -36.80    -37.10
    -36.60    -35.40    -33.50    -30.90    -27.80    -24.10    -20.10    -15.80    -11.40     -6.80
     -2.40      2.00      6.10
      0.10     -0.60     -1.10     -1.20     -1.20     -0.80     -0.30      0.40      1.00      1.40
      1.60      1.40      0.80     -0.20     -1.50     -3.20     -5.00     -6.90     -8.60    -10.00
    -11.00    -11.30    -11.10    -10.10     -8.40     -5.90     -2.90      0.70      4.60      8.80
     12.90     16.90     20.50     23.40     25.70     27.20     27.90     27.70     26.80     25.40
     23.40     21.10     18.60     15.90     13.10     10.10      7.00      3.60     -0.10     -4.00
     -8.20    -12.60    -17.10    -21.40    -25.50    -29.10    -32.20    -34.70    -36.30    -37.20
    -37.20    -36.40    -34.70    -32.40    -29.30    -25.70    -21.60    -17.20    -12.50     -7.90
     -3.30      1.20      5.30
      2.30      1.40      0.60      0.20      0.10      0.30      0.80      1.50      2.00      2.30
      2.20      1.50      0.30     -1.50     -3.60     -6.00     -8.30    -10.50    -12.10    -13.20
    -13.50    -13.00    -11.80     -9.70     -7.10     -3.90     -0.30      3.60      7.50     11.40
     15.10     18.50     21.30     23.50     25.00     25.60     25.40     24.40     22.90     20.90
     18.70     16.50     14.50     12.70     11.10      9.60      8.00      6.10      3.70      0.70
     -2.80     -6.90    -11.20    -15.60    -19.80    -23.70    -27.10    -29.80    -31.80    -33.10
    -33.70    -33.50    -32.50    -30.80    -28.40    -25.30    -21.70    -17.70    -13.50     -9.20
     -5.00     -1.10      2.60
     10.20      8.90      7.50      6.30      5.50      5.10      4.90      4.80      4.50      3.80
      2.30      0.10     -3.00     -6.60    -10.50    -14.40    -17.90    -20.50    -22.00    -22.30
    -21.30    -19.10    -15.90    -12.00     -7.60     -3.00      1.60      5.90      9.80     13.10
     16.00     18.20     20.00     21.20     21.80     21.70     21.10     19.70     17.80     15.60
     13.40     11.40      9.90      9.00      8.70      8.80      8.90      8.50      7.50      5.50
      2.60     -1.10     -5.20     -9.30    -13.20    -16.60    -19.50    -21.90    -23.80    -25.30
    -26.30    -26.90    -26.90    -26.20    -25.00    -23.00    -20.50    -17.60    -14.50    -11.40
     -8.30     -5.50     -2.80
     18.80     16.40     13.90     11.70     10.10      9.00      8.30      7.70      6.70      4.90
      2.10     -1.70     -6.60    -12.20    -18.00    -23.40    -28.00    -31.30    -32.80    -32.60
    -30.50    -26.90    -22.00    -16.30    -10.20     -4.10      1.50      6.30     10.20     12.90
     14.70     15.70     16.20     16.30     16.30     16.10     15.60     14.70     13.10     11.10
      8.80      6.80      5.40      5.00      5.70      7.00      8.60      9.80      9.90      8.70
      6.20      2.80     -1.00     -4.70     -7.80    -10.20    -11.90    -13.20    -14.40    -15.50
    -16.70    -17.90    -18.80    -19.30    -19.40    -18.90    -18.10    -17.10    -16.00    -14.90
    -13.90    -12.70    -11.20
     22.20     18.40     14.80     12.00     10.20      9.20      8.60      8.00      6.80      4.60
      1.20     -3.40     -9.10    -15.40    -21.80    -27.80    -32.90    -36.50    -38.40    -38.20
    -36.20    -32.40    -27.10    -20.80    -13.80     -6.60      0.20      6.10     10.50     13.30
     14.50     14.40     13.50     12.50     11.80     11.60     11.70     11.50     10.50      8.50
      5.70      2.80      0.60     -0.20      0.60      2.90      5.90      8.50     10.00      9.60
      7.50      4.20      0.50     -2.80     -5.00     -6.00     -6.20     -6.00     -5.90     -6.30
     -7.20     -8.50     -9.90    -11.20    -12.40    -13.50    -14.60    -16.00    -17.70    -19.50
    -21.00    -21.70    -21.40
     20.00     15.30     11.60      9.10      8.00      7.80      7.70      7.20      5.60      3.00
     -0.80     -5.50    -10.90    -16.50    -22.20    -27.60    -32.30    -35.90    -38.20    -38.70
    -37.50    -34.50    -29.80    -23.70    -16.50     -8.40     -0.20      7.50     13.60     17.40
     18.70     17.70     15.30     12.70     10.80     10.20     10.50     10.90     10.30      8.00
      4.00     -0.80     -5.00     -7.40     -7.10     -4.30      0.10      4.50      7.50      8.30
      6.70      3.50     -0.10     -3.10     -4.60     -4.40     -3.00     -1.10      0.50      1.20
      0.90     -0.20     -1.80     -3.70     -5.80     -8.30    -11.50    -15.30    -19.50    -23.70
    -27.20    -29.20    -29.10
     16.20     11.60      8.50      7.20      7.30      8.00      8.40      7.60      5.30      1.60
     -2.90     -7.80    -12.50    -17.00    -21.40    -25.70    -29.90    -33.60    -36.20    -37.40
    -36.70    -34.10    -29.80    -23.70    -16.20     -7.40      2.10     11.40     19.30     24.40
     26.00     24.10     19.90     15.10     11.50     10.00     10.30     11.20     10.90      8.20
      3.00     -3.90    -10.50    -14.80    -15.60    -12.70     -7.30     -1.30      3.50      5.70
      5.00      2.20     -1.30     -4.10     -5.20     -4.10     -1.40      1.90      4.90      6.70
      7.00      5.90      3.80      0.90     -2.40     -6.30    -10.90    -16.00    -21.20    -25.90
    -29.20    -30.50    -29.30
     13.90      9.40      6.60      5.90      6.90      8.50      9.60      9.20      6.80      2.50
     -2.70     -7.90    -12.50    -16.40    -20.20    -24.10    -28.40    -32.50    -35.60    -36.80
    -35.60    -31.90    -26.20    -19.20    -11.30     -2.50      6.90     16.20     24.30     29.50
     30.60     27.60     21.60     14.80      9.70      7.60      8.30     10.10     10.80      8.60
      2.90     -5.00    -13.00    -18.70    -20.60    -18.20    -12.60     -5.80      0.00      3.30
      3.50      1.30     -2.00     -4.80     -5.80     -4.50     -1.20      3.00      7.00      9.70
     10.20      8.70      5.50      1.20     -3.50     -8.40    -13.30    -17.90    -21.70    -24.30
    -25.00    -23.80    -20.80
     13.20      7.90      3.80      1.90      2.50      5.20      8.40     10.40      9.90      6.70
      1.60     -4.10     -9.30    -13.70    -17.80    -22.40    -27.50    -32.40    -35.90    -36.40
    -33.40    -27.30    -19.30    -10.70     -2.70      4.80     11.80     18.60     24.40     28.00
     27.90     23.70     16.70      9.30      4.10      2.70      4.70      8.00     10.10      9.00
      4.30     -3.00    -10.80    -16.60    -19.00    -17.40    -12.60     -6.50     -0.80      2.60
      3.30      1.50     -1.60     -4.60     -6.20     -5.50     -2.70      1.50      5.80      8.80
      9.50      7.50      3.50     -1.70     -7.10    -12.00    -15.80    -18.40    -19.40    -18.60
    -16.10    -12.30     -8.00
     14.10      6.80     -0.40     -5.30     -6.00     -2.30      4.10     10.30     13.50     12.50
      7.90      1.60     -4.60     -9.90    -14.80    -20.10    -25.80    -31.10    -34.30    -33.80
    -29.00    -20.70    -10.70     -1.30      5.90     10.80     14.00     16.70     19.10     20.30
     18.90     14.30      7.60      1.20     -2.30     -1.70      2.10      6.70      9.50      9.10
      5.50     -0.20     -6.10    -10.60    -12.50    -11.50     -7.90     -3.00      1.50      4.30
      4.70      2.80     -0.30     -3.60     -5.90     -6.50     -5.20     -2.30      1.20      3.90
      4.60      2.90     -0.80     -5.40     -9.80    -13.30    -15.40    -16.00    -14.70    -11.50
     -6.90     -1.70      2.80
     16.30      7.40     -2.90    -10.90    -13.20     -8.90      0.00      9.40     15.10     15.30
     10.80      4.30     -2.00     -7.20    -11.70    -16.50    -21.70    -26.50    -29.00    -27.80
    -22.40    -13.70     -3.70      5.00     10.60     12.90     12.80     12.20     11.80     11.30
      9.30      5.10     -0.40     -4.70     -5.50     -2.50      2.80      7.30      9.00      7.40
      3.80     -0.30     -3.90     -6.30     -7.00     -5.70     -2.50      1.70      5.40      7.10
      6.70      4.60      1.80     -0.90     -3.20     -4.90     -5.70     -5.40     -4.20     -3.00
     -2.50     -3.50     -5.50     -8.00    -10.30    -12.10    -13.00    -12.80    -10.80     -6.70
     -1.00      5.10      9.70
     18.00      9.20     -1.80    -10.90    -14.10    -10.10     -1.40      7.40     12.00     11.20
      6.60      1.40     -2.50     -4.80     -6.90    -10.00    -14.10    -18.00    -20.00    -19.10
    -14.90     -8.40     -0.90      5.60      9.60     10.40      9.00      7.20      6.00      5.30
      3.70      0.40     -3.70     -6.00     -4.40      0.70      6.50      9.40      8.00      3.60
     -1.20     -4.60     -6.30     -6.70     -6.00     -3.90     -0.10      4.40      7.70      8.80
      7.70      6.10      5.10      4.70      4.00      2.00     -1.20     -4.50     -7.10     -8.60
     -9.40     -9.90    -10.30    -10.50    -10.70    -11.40    -12.30    -12.60    -10.70     -5.70
      1.90      9.90     16.00
     16.30      9.50      0.40     -7.10     -9.60     -6.50     -0.50      4.10      4.60      1.50
     -2.10     -3.40     -1.80      0.80      1.90      0.10     -3.60     -7.40     -9.80    -10.20
     -8.90     -6.30     -2.90      0.70      3.30      4.10      3.20      2.00      1.70      2.00
      1.60     -0.70     -3.70     -4.60     -1.20      5.40     11.10     12.00      7.20     -0.30
     -6.50     -9.20     -9.40     -8.60     -7.40     -5.10     -1.00      3.50      6.50      7.00
      6.40      6.90      9.70     13.50     15.40     13.20      7.30     -0.30     -7.10    -11.80
    -14.40    -15.30    -15.10    -14.10    -13.50    -13.90    -15.30    -15.80    -13.20     -5.90
      5.00     16.10     24.00
     11.00      6.10      0.10     -4.30     -4.90     -2.20      0.80      0.90     -2.40     -6.40
     -7.30     -3.20      4.10     10.60     13.00     10.80      6.00      1.40     -1.70     -3.60
     -5.20     -6.80     -7.60     -6.90     -5.40     -4.20     -4.10     -4.30     -3.60     -2.00
     -1.00     -1.90     -3.80     -3.70      0.80      8.20     14.00     13.70      7.10     -1.60
     -7.80     -9.30     -8.20     -6.90     -6.20     -5.00     -2.60      0.10      1.40      1.30
      2.20      6.90     15.20     23.40     27.00     23.50     14.30      3.10     -6.50    -13.10
    -16.90    -18.70    -19.00    -18.50    -18.00    -18.50    -19.60    -19.00    -14.00     -3.70
     10.10     22.90     30.90
      5.40      1.20     -2.90     -4.80     -3.40     -0.10      1.80      0.10     -4.00     -6.50
     -3.70      4.30     13.80     20.10     20.70     16.30     10.20      5.20      2.20      0.00
     -2.90     -6.90    -10.60    -12.30    -11.90    -11.00    -10.70    -10.90    -10.30     -8.10
     -5.90     -5.30     -6.10     -5.50     -0.80      6.90     13.10     13.40      7.50     -0.10
     -4.60     -4.50     -2.30     -0.80     -0.90     -1.50     -2.20     -3.50     -5.70     -6.80
     -3.50      6.10     19.40     30.10     33.00     26.90     15.10      2.70     -6.70    -12.50
    -16.10    -18.50    -20.10    -21.00    -21.40    -21.70    -21.50    -18.70    -11.30      0.80
     14.70     26.00     31.20
      2.70     -1.90     -5.70     -6.60     -3.70      0.80      3.40      2.50      0.10      0.40
      5.70     14.20     21.30     23.70     20.60     14.50      8.50      4.70      3.00      1.90
     -0.40     -4.30     -8.70    -11.70    -12.60    -12.60    -13.30    -14.60    -15.10    -13.50
    -10.80     -9.30     -9.30     -8.90     -5.00      2.00      8.60     10.60      7.40      2.50
      0.00      1.00      3.40      4.90      4.80      3.30      0.00     -5.50    -11.40    -13.70
     -8.40      4.60     19.80     29.60     29.70     21.40      9.80      0.10     -5.90     -9.10
    -11.50    -14.40    -17.40    -19.90    -21.40    -21.50    -19.80    -15.40     -7.10      4.10
     15.30     22.60     24.30
      1.60     -2.70     -6.00     -6.10     -2.30      3.10      6.40      6.50      5.90      8.10
     13.70     19.70     22.30     20.10     14.70      9.10      5.00      3.00      2.60      2.70
      2.10     -0.10     -3.50     -6.60     -8.40     -9.40    -11.00    -13.40    -15.20    -14.80
    -12.60    -10.80    -10.60    -10.60     -8.30     -2.80      3.40      6.90      6.50      4.30
      2.80      3.00      4.20      5.50      6.30      5.60      1.60     -5.80    -13.70    -16.30
    -10.20      2.80     15.60     21.50     18.60     10.80      3.20     -1.00     -2.40     -3.30
     -5.20     -8.70    -12.80    -16.40    -18.40    -18.30    -16.00    -11.40     -4.50      3.80
     11.20     15.20     15.00
     -1.40     -3.30     -4.20     -2.40      2.60      8.00     10.70     10.40      9.80     11.80
     15.70     18.50     17.60     13.50      8.70      5.40      3.50      2.40      2.10      2.50
      3.10      2.60      0.50     -2.20     -4.20     -5.50     -7.10     -9.60    -11.80    -12.10
    -10.60     -8.90     -8.50     -8.90     -7.90     -4.30      0.50      4.10      5.20      4.50
      3.00      1.60      0.90      1.30      2.90      3.60      0.90     -5.80    -12.60    -14.30
     -8.60      1.20      8.70      9.90      5.80      1.20     -0.50      0.70      2.20      1.80
     -0.90     -4.90     -9.30    -13.00    -14.80    -14.20    -11.70     -8.00     -3.70      1.20
      5.80      8.70      9.10
     -6.10     -4.50     -1.90      2.60      8.50     13.30     14.70     13.20     11.60     11.80
     13.10     13.20     11.10      8.20      6.10      5.10      4.10      2.70      1.70      1.90
      2.80      2.90      1.40     -1.10     -3.10     -4.30     -5.30     -6.80     -8.20     -8.30
     -6.90     -5.40     -5.00     -5.30     -5.00     -3.00     -0.10      2.20      3.40      3.20
      2.00     -0.20     -2.20     -2.70     -1.50     -0.50     -2.10     -6.40    -10.20    -10.00
     -5.50      0.00      2.50      0.80     -2.20     -3.00     -0.70      2.70      4.30      2.90
     -0.50     -4.60     -8.40    -11.10    -11.80    -10.20     -7.50     -5.40     -3.80     -1.60
      1.90      5.50      7.50
     -8.90     -5.10     -0.10      6.00     11.80     15.50     15.90     14.10     11.80     10.20
      8.60      6.80      5.40      5.20      6.00      6.30      4.90      2.80      1.80      2.40
      3.50      3.30      1.40     -1.30     -3.40     -4.50     -5.20     -5.80     -5.90     -5.10
     -3.70     -2.80     -2.80     -3.20     -2.90     -1.70     -0.50      0.20      0.60      0.90
      0.80     -0.40     -2.20     -3.30     -3.30     -3.40     -4.80     -7.00     -7.90     -6.30
     -3.30     -1.30     -1.30     -2.40     -3.00     -1.90      0.30      2.30      2.50      0.50
     -3.00     -6.50     -9.00     -9.70     -8.40     -5.70     -3.40     -3.20     -4.30     -3.80
     -0.40      4.20      7.20
     -7.50     -4.10      1.00      6.60     10.80     12.80     12.70     11.50      9.80      7.10
      3.70      1.00      1.00      3.70      6.60      7.00      4.70      2.30      2.20      4.10
      5.70      5.20      3.00      0.40     -1.80     -3.40     -4.60     -4.90     -4.10     -2.40
     -1.30     -1.60     -2.80     -3.60     -3.20     -2.00     -1.50     -1.90     -2.10     -1.20
      0.10      0.40     -0.40     -1.50     -2.20     -3.10     -4.60     -5.60     -5.20     -3.80
     -3.10     -3.30     -3.00     -1.20      0.70      1.30      0.60     -0.30     -1.10     -2.90
     -5.90     -8.80     -9.40     -7.00     -3.00      0.60      1.40     -1.20     -4.80     -5.80
     -2.60      2.30      5.30
     -4.30     -2.30      1.60      5.60      7.60      7.50      6.80      6.40      5.50      2.90
     -1.00     -3.40     -1.90      2.70      6.60      6.70      3.70      1.30      1.80      4.30
      6.30      6.30      4.90      3.00      1.00     -1.20     -2.90     -3.20     -1.70      0.10
      0.50     -1.30     -3.80     -5.00     -4.20     -2.70     -2.20     -2.80     -3.00     -1.70
      0.00      0.60      0.00     -0.70     -0.70     -0.70     -1.40     -2.00     -1.90     -2.20
     -4.00     -5.50     -3.80      0.70      4.20      3.40      0.00     -2.50     -3.10     -4.60
     -8.10    -10.80     -8.90     -2.40      4.90      8.60      7.00      1.40     -4.60     -7.10
     -5.30     -1.40      1.10
     -2.30     -0.90      2.30      4.80      5.00      3.60      2.20      1.90      1.60     -0.30
     -3.20     -4.50     -2.40      2.20      5.50      5.20      2.20     -0.30     -0.40      1.20
      2.90      3.90      4.20      3.50      1.80     -0.40     -1.80     -1.30      0.60      1.90
      1.10     -1.60     -4.50     -5.40     -4.10     -2.10     -1.30     -1.80     -1.90     -0.70
      0.50      0.00     -1.60     -2.00     -0.20      1.90      2.50      1.80      0.60     -1.40
     -4.50     -6.40     -4.10      1.40      5.10      3.80     -0.10     -2.00     -2.10     -4.10
     -9.10    -11.80     -7.00      3.50     12.90     15.60     11.50      4.00     -3.10     -7.30
     -8.10     -6.80     -4.80
     -1.60      0.20      2.70      4.10      3.40      1.70      0.50      0.60      0.70     -0.20
     -1.60     -2.00     -0.40      1.90      3.20      2.50      0.40     -1.50     -2.70     -2.90
     -2.10     -0.40      1.00      1.20     -0.20     -1.70     -1.70      0.10      2.10      2.40
      0.60     -2.40     -4.60     -4.70     -2.90     -0.70      0.10     -0.40     -0.60      0.40
      1.00     -0.60     -3.00     -3.20      0.00      3.90      5.00      3.30      0.80     -1.50
     -3.70     -5.00     -3.00      1.50      4.50      3.50      0.90      0.20      0.30     -2.70
     -8.30    -10.00     -3.10      8.80     17.30     17.60     12.10      4.80     -1.80     -7.40
    -11.30    -12.50    -10.40
     -0.50      1.30      2.60      2.40      0.90     -0.30     -0.10      1.10      1.90      1.70
      1.30      1.60      2.20      2.10      1.00     -0.20     -0.80     -1.30     -2.60     -4.20
     -4.80     -3.60     -2.00     -1.60     -2.30     -2.40     -0.80      1.50      2.80      2.00
     -0.30     -2.70     -4.10     -3.70     -1.80      0.00      0.60     -0.30     -0.80      0.00
      0.70     -0.40     -2.40     -2.30      1.30      5.40      5.80      2.70     -0.50     -1.80
     -1.90     -1.70     -0.50      2.10      4.00      3.60      2.00      1.60      1.30     -1.60
     -5.70     -5.30      2.00     11.50     16.10     13.90      8.70      3.50     -2.00     -8.60
    -14.30    -16.30    -13.00
      0.90      1.90      1.70     -0.20     -2.60     -3.30     -1.70      0.90      2.20      1.70
      1.40      2.40      3.70      3.20      0.90     -0.80     -0.50      0.50     -0.10     -2.50
     -4.60     -4.90     -4.00     -3.20     -2.30     -0.60      1.60      3.00      2.70      1.20
     -0.50     -1.70     -2.40     -2.20     -1.20      0.00      0.10     -1.10     -2.20     -1.70
     -0.40     -0.10     -0.70     -0.20      2.80      5.80      5.50      1.80     -1.30     -1.50
      0.20      1.30      1.80      2.70      3.90      3.80      2.40      1.00     -0.30     -1.90
     -2.90     -0.60      5.00     10.00     10.70      7.90      4.90      2.20     -2.50     -9.50
    -15.30    -16.00    -11.10
      0.90      1.20      0.40     -1.90     -4.60     -5.50     -3.50     -0.40      0.70     -0.80
     -2.10     -0.20      3.40      5.00      3.30      1.00      0.90      2.20      2.00     -0.70
     -4.10     -5.90     -5.60     -3.80     -0.90      2.20      3.90      3.40      1.40     -0.10
     -0.30      0.00     -0.10     -0.20      0.00      0.30     -0.20     -1.60     -2.90     -2.90
     -1.50     -0.20      0.40      1.20      3.00      4.70      4.10      1.30     -0.80     -0.20
      1.80      2.60      2.10      2.00      3.00      3.50      2.00     -0.50     -2.40     -2.90
     -1.70      1.00      3.90      5.10      4.50      3.70      4.00      3.20     -1.30     -8.00
    -12.40    -11.50     -6.60
     -0.70     -0.60     -0.60     -1.80     -3.90     -5.00     -3.60     -1.00     -0.40     -2.90
     -5.30     -3.40      1.90      5.90      5.80      3.40      2.50      3.10      2.60     -0.50
     -4.40     -6.70     -6.40     -3.80      0.10      3.50      4.50      2.50     -0.20     -1.20
     -0.40      0.90      1.40      1.50      1.50      1.00      0.00     -1.20     -2.00     -2.00
     -1.40     -0.40      0.70      1.60      2.40      2.70      2.10      0.70      0.00      0.90
      2.20      2.20      0.80      0.10      1.20      2.40      1.60     -0.90     -3.00     -3.10
     -1.60      0.00      0.60      0.30      0.40      2.20      4.70      4.90      1.20     -4.10
     -7.10     -6.30     -3.70
     -1.40     -1.80     -1.60     -1.40     -2.10     -3.20     -2.70     -0.80     -0.20     -2.40
     -5.10     -4.30      0.20      4.60      5.50      4.30      3.60      3.70      2.40     -1.00
     -4.50     -5.90     -5.10     -2.90      0.10      2.80      3.60      2.10      0.00     -0.80
     -0.30      0.40      1.00      1.80      2.00      1.00     -0.40     -0.90     -0.10      0.30
     -0.20     -0.40      0.80      2.40      3.00      2.20      0.80     -0.20     -0.20      0.70
      1.60      1.10     -0.60     -1.70     -0.90      0.70      1.00     -0.50     -2.10     -2.00
     -0.90     -0.10     -0.30     -0.90     -0.60      1.20      3.40      4.00      2.30     -0.50
     -2.60     -3.80     -4.70
      0.20     -1.80     -2.80     -2.30     -1.80     -2.20     -2.70     -2.00     -0.90     -1.30
     -2.70     -3.00     -1.10      1.40      2.80      3.40      4.20      4.20      1.90     -2.00
     -4.40     -4.20     -2.80     -1.90     -0.90      0.80      2.40      2.90      2.20      1.20
      0.20     -0.70     -0.80      0.20      0.70     -0.50     -2.00     -1.30      1.10      2.20
      0.70     -0.70      0.50      3.50      4.90      3.70      1.20     -0.60     -1.10     -0.70
      0.00     -0.10     -1.20     -2.30     -2.10     -0.90     -0.20     -0.80     -1.60     -1.10
      0.30      1.60      2.00      1.40      0.50     -0.10      0.10      0.80      1.50      1.00
     -1.00     -4.30     -7.30
      2.40     -1.70     -4.50     -4.10     -2.30     -2.00     -3.70     -5.10     -4.30     -2.30
     -1.10     -1.20     -1.50     -1.20      0.10      2.20      4.10      3.70      0.00     -4.40
     -6.00     -4.40     -2.60     -2.70     -3.10     -1.70      1.20      3.40      3.70      2.50
      0.50     -1.60     -2.70     -2.30     -1.90     -2.80     -3.70     -2.30      1.00      2.50
      0.40     -2.00     -1.10      2.70      5.40      5.00      2.50     -0.10     -1.70     -2.50
     -2.60     -2.20     -2.10     -2.30     -2.10     -1.50     -1.10     -1.40     -1.70     -0.90
      1.10      3.20      4.30      3.90      1.80     -0.70     -2.00     -1.40      0.30      0.70
     -1.30     -4.90     -7.70
