diamond 11 20年06月25日20时300百帕流场
20 06 25  20  300 
2.500 -2.500  .0 180.0   90.0 .0  73 37
     10.10     10.00      9.90      9.70      9.50      9.30      9.10      8.80      8.60      8.30
      8.00      7.70      7.40      7.00      6.70      6.30      6.00      5.60      5.20      4.80
      4.40      4.00      3.50      3.10      2.60      2.20      1.70      1.30      0.80      0.40
     -0.10     -0.50     -1.00     -1.50     -1.90     -2.40     -2.80     -3.20     -3.70     -4.10
     -4.50     -4.90     -5.30     -5.70     -6.10     -6.50     -6.80     -7.20     -7.50     -7.80
     -8.10     -8.40     -8.70     -8.90     -9.10     -9.40     -9.60     -9.70     -9.90    -10.10
    -10.20    -10.30    -10.40    -10.40    -10.50    -10.50    -10.50    -10.50    -10.50    -10.40
    -10.30    -10.30    -10.10
      1.10      0.90      0.70      0.50      0.30      0.10     -0.10     -0.30     -0.60     -0.80
     -1.00     -1.20     -1.40     -1.70     -1.90     -2.10     -2.40     -2.60     -2.90     -3.10
     -3.30     -3.50     -3.70     -3.90     -4.10     -4.20     -4.40     -4.50     -4.50     -4.60
     -4.60     -4.70     -4.70     -4.70     -4.70     -4.60     -4.60     -4.60     -4.60     -4.60
     -4.70     -4.70     -4.80     -4.90     -5.10     -5.30     -5.50     -5.80     -6.10     -6.50
     -6.90     -7.30     -7.80     -8.40     -8.90     -9.50    -10.10    -10.70    -11.30    -12.00
    -12.60    -13.30    -13.90    -14.50    -15.10    -15.70    -16.30    -16.80    -17.30    -17.70
    -18.10    -18.50    -18.80
     -4.80     -4.40     -3.90     -3.50     -3.00     -2.60     -2.10     -1.80     -1.40     -1.20
     -1.00     -0.90     -0.80     -0.90     -1.00     -1.20     -1.50     -1.80     -2.20     -2.60
     -3.00     -3.40     -3.70     -4.10     -4.30     -4.50     -4.60     -4.60     -4.50     -4.30
     -4.00     -3.50     -3.00     -2.40     -1.70     -1.00     -0.20      0.50      1.30      2.00
      2.60      3.10      3.60      3.90      4.00      4.00      3.90      3.50      3.00      2.40
      1.60      0.60     -0.40     -1.60     -2.90     -4.30     -5.70     -7.20     -8.70    -10.10
    -11.60    -13.00    -14.40    -15.70    -16.90    -18.10    -19.10    -20.00    -20.80    -21.50
    -22.10    -22.60    -22.90
     -6.60     -5.50     -4.50     -3.40     -2.30     -1.20     -0.20      0.80      1.70      2.50
      3.20      3.80      4.20      4.40      4.40      4.30      4.00      3.50      2.90      2.10
      1.30      0.50     -0.30     -1.10     -1.80     -2.30     -2.60     -2.70     -2.50     -2.10
     -1.40     -0.50      0.70      2.00      3.60      5.20      6.90      8.70     10.40     12.00
     13.50     14.80     15.80     16.60     17.20     17.40     17.30     17.00     16.30     15.40
     14.20     12.70     11.10      9.30      7.30      5.20      3.00      0.80     -1.40     -3.60
     -5.80     -7.80     -9.80    -11.70    -13.30    -14.90    -16.20    -17.40    -18.30    -19.00
    -19.60    -19.90    -20.00
     -6.60     -5.80     -5.10     -4.30     -3.40     -2.50     -1.50     -0.50      0.60      1.70
      2.70      3.70      4.50      5.10      5.50      5.70      5.50      5.10      4.40      3.40
      2.30      1.10     -0.10     -1.30     -2.40     -3.20     -3.80     -4.10     -3.90     -3.40
     -2.50     -1.30      0.30      2.20      4.40      6.70      9.10     11.50     13.90     16.10
     18.20     20.00     21.50     22.70     23.60     24.10     24.30     24.20     23.80     23.20
     22.30     21.20     19.90     18.40     16.90     15.20     13.40     11.50      9.60      7.60
      5.60      3.60      1.70     -0.30     -2.10     -3.90     -5.50     -7.00     -8.30     -9.40
    -10.20    -10.80    -11.00
     -6.50     -6.40     -6.40     -6.20     -5.90     -5.50     -4.80     -4.00     -2.90     -1.70
     -0.50      0.70      1.80      2.70      3.30      3.60      3.40      2.90      2.00      0.80
     -0.60     -2.00     -3.50     -4.90     -6.10     -7.00     -7.50     -7.70     -7.50     -6.90
     -5.90     -4.60     -2.90     -1.00      1.10      3.40      5.70      8.10     10.40     12.50
     14.50     16.20     17.70     19.00     20.00     20.80     21.40     21.80     22.10     22.30
     22.40     22.40     22.30     22.20     22.00     21.60     21.20     20.70     20.00     19.20
     18.30     17.10     15.80     14.40     12.70     10.90      9.10      7.20      5.30      3.50
      1.90      0.60     -0.40
     -3.50     -3.10     -2.60     -2.00     -1.30     -0.50      0.50      1.50      2.60      3.70
      4.80      5.60      6.20      6.30      6.10      5.40      4.30      2.80      1.10     -0.80
     -2.70     -4.40     -5.80     -6.90     -7.60     -7.90     -7.90     -7.50     -6.90     -6.00
     -5.10     -4.00     -2.80     -1.50     -0.20      1.30      2.80      4.30      5.80      7.30
      8.60      9.70     10.70     11.60     12.40     13.10     13.80     14.60     15.60     16.60
     17.60     18.70     19.80     20.80     21.70     22.50     23.20     23.70     24.20     24.40
     24.60     24.50     24.10     23.50     22.60     21.20     19.60     17.60     15.50     13.30
     11.10      9.20      7.50
      6.50      8.90     11.30     13.50     15.60     17.30     18.70     19.80     20.50     20.90
     20.80     20.30     19.20     17.60     15.40     12.80      9.90      6.80      3.70      1.00
     -1.40     -3.10     -4.20     -4.50     -4.30     -3.60     -2.50     -1.30     -0.20      0.70
      1.40      1.80      2.00      2.10      2.20      2.50      2.90      3.40      4.00      4.60
      5.00      5.20      5.30      5.30      5.20      5.40      5.80      6.60      7.80      9.20
     10.90     12.70     14.40     15.80     17.10     18.10     19.00     19.70     20.40     21.10
     21.90     22.70     23.30     23.80     23.80     23.40     22.50     21.10     19.30     17.20
     15.00     13.00     11.10
     21.60     25.70     29.50     32.60     34.90     36.50     37.30     37.50     37.00     36.10
     34.60     32.60     30.00     26.90     23.20     19.30     15.10     11.10      7.40      4.30
      2.00      0.50     -0.10      0.10      1.00      2.30      3.70      5.10      6.10      6.70
      6.60      6.10      5.20      4.30      3.50      3.10      3.00      3.10      3.40      3.40
      3.00      2.20      1.00     -0.50     -1.90     -2.90     -3.40     -3.00     -2.00     -0.30
      1.80      4.00      6.00      7.70      9.10     10.10     11.00     11.70     12.60     13.80
     15.20     16.80     18.40     19.90     21.00     21.50     21.20     20.30     18.80     16.90
     14.80     12.70     10.90
     32.20     35.70     38.40     40.20     41.00     40.80     40.00     38.80     37.40     35.90
     34.20     32.20     29.90     27.10     23.90     20.30     16.60     12.90      9.70      7.00
      5.00      3.70      3.00      2.90      3.30      4.00      4.80      5.50      5.80      5.70
      5.10      4.00      2.80      1.70      1.10      1.00      1.50      2.20      2.80      2.90
      2.10      0.30     -2.30     -5.40     -8.30    -10.70    -12.10    -12.50    -11.90    -10.40
     -8.50     -6.40     -4.40     -2.60     -1.00      0.30      1.70      3.20      4.90      7.00
      9.30     11.80     14.20     16.40     17.90     18.60     18.40     17.40     15.60     13.50
     11.10      8.90      7.10
     30.70     31.60     31.80     31.30     30.20     28.80     27.20     25.70     24.70     24.10
     23.80     23.50     23.00     22.00     20.40     18.10     15.40     12.60      9.90      7.50
      5.50      3.90      2.60      1.70      1.10      0.90      1.00      1.40      1.80      1.90
      1.80      1.30      0.70      0.30      0.40      1.10      2.40      3.80      4.70      4.70
      3.50      0.90     -2.50     -6.30     -9.90    -12.70    -14.60    -15.50    -15.60    -15.20
    -14.60    -13.90    -13.10    -12.20    -11.00     -9.50     -7.40     -5.00     -2.20      0.80
      3.80      6.60      9.10     11.00     12.20     12.50     11.90     10.50      8.60      6.40
      4.30      2.60      1.30
     19.70     18.40     17.20     16.10     15.00     14.10     13.30     13.00     13.10     13.80
     14.90     16.20     17.10     17.40     16.80     15.30     13.00     10.20      7.30      4.60
      2.20      0.30     -1.10     -1.90     -2.20     -1.70     -0.50      1.30      3.40      5.40
      6.80      7.60      7.70      7.60      7.60      7.90      8.60      9.30      9.50      8.80
      7.00      4.30      1.00     -2.10     -4.80     -6.70     -7.90     -8.80     -9.70    -11.00
    -12.50    -14.30    -15.80    -16.70    -16.70    -15.50    -13.40    -10.60     -7.60     -4.70
     -2.30     -0.40      1.00      1.80      2.10      2.00      1.30      0.40     -0.60     -1.50
     -1.90     -1.80     -1.30
      9.10      7.50      6.50      6.10      6.00      6.10      6.20      6.50      7.10      8.00
      9.20     10.40     11.50     12.20     12.00     10.90      8.90      6.10      3.10      0.30
     -1.80     -3.00     -3.10     -2.30     -0.50      2.20      5.80     10.00     14.40     18.20
     20.90     22.10     21.70     20.30     18.50     16.80     15.50     14.30     13.00     11.30
      9.30      7.20      5.30      4.10      3.40      3.30      3.20      2.60      1.20     -1.10
     -4.20     -7.50    -10.60    -12.80    -13.70    -13.20    -11.60     -9.40     -7.20     -5.60
     -4.90     -4.90     -5.40     -6.10     -6.50     -6.60     -6.40     -5.90     -5.00     -3.50
     -1.40      1.20      4.10
      5.40      4.20      3.10      2.00      0.90     -0.10     -0.90     -1.30     -1.20     -0.60
      0.30      1.40      2.60      3.70      4.60      4.90      4.50      3.30      1.70      0.40
      0.00      0.80      2.90      5.90      9.60     13.70     18.10     22.70     27.10     30.50
     32.30     31.90     29.60     26.00     21.90     18.10     14.90     12.40     10.50      9.00
      8.00      7.50      7.70      8.50      9.70     10.90     11.50     11.30     10.30      8.40
      5.90      3.20      0.70     -1.20     -2.30     -2.30     -1.60     -0.50      0.30      0.40
     -0.60     -2.40     -4.50     -6.20     -7.00     -6.60     -5.20     -3.00     -0.30      2.90
      6.50     10.30     13.90
      6.20      4.90      2.20     -1.70     -6.20    -10.20    -13.00    -13.90    -13.40    -11.80
    -10.00     -8.10     -6.30     -4.30     -2.10      0.30      2.40      4.10      5.40      7.00
      9.30     12.60     16.50     20.50     23.90     26.40     28.30     29.90     31.00     31.40
     30.40     27.70     23.50     18.60     13.70      9.60      6.50      4.60      3.60      3.40
      4.10      5.50      7.50      9.60     11.50     12.90     13.80     14.20     14.30     14.30
     14.20     13.80     13.20     12.20     11.10     10.10      9.50      9.20      9.00      8.20
      6.50      4.00      1.30     -0.90     -1.80     -1.10      1.00      3.90      7.10     10.30
     13.40     16.20     18.40
      5.80      4.60      0.80     -5.20    -11.70    -17.10    -20.00    -20.10    -18.10    -15.20
    -12.30    -10.00     -8.30     -6.50     -4.20     -1.20      2.40      6.20     10.10     14.20
     18.80     23.60     28.10     31.20     32.30     31.50     29.40     26.80     24.20     21.60
     18.50     14.90     10.80      6.80      3.40      0.90     -0.70     -1.60     -1.70     -1.10
      0.40      2.30      4.50      6.50      8.00      9.30     10.50     12.00     13.80     15.90
     18.10     19.90     20.80     20.40     18.90     16.80     14.80     13.40     12.50     11.70
     10.20      7.90      4.90      2.10      0.40      0.40      1.80      4.10      6.70      9.00
     10.80     12.00     12.40
      2.30      2.30      0.00     -3.90     -7.70    -10.10    -10.70     -9.80     -8.10     -6.50
     -5.30     -4.50     -4.10     -3.50     -2.40     -0.20      3.00      7.10     11.70     16.60
     21.50     25.90     29.20     30.40     29.30     26.20     22.00     17.90     14.30     11.20
      8.40      6.00      4.00      2.90      2.30      1.90      1.20      0.10     -0.80     -1.20
     -1.00     -0.30      0.40      0.90      1.40      2.30      3.80      6.10      9.00     12.30
     15.60     18.50     20.60     21.30     20.40     18.50     16.30     14.60     13.60     13.00
     11.90      9.60      6.20      2.20     -1.30     -3.70     -4.60     -4.10     -2.80     -1.00
      0.80      2.20      3.20
     -1.50     -0.40      0.30      1.50      3.90      6.90      9.00      8.80      6.50      3.10
      0.40     -0.80     -0.50      0.70      2.40      4.50      7.40     10.90     14.90     18.70
     21.90     24.00     24.80     24.00     21.70     18.60     15.30     12.40     10.00      7.90
      6.20      5.40      5.90      7.60      9.60     10.70     10.10      8.00      5.60      3.70
      2.60      1.80      0.70     -0.70     -1.80     -2.20     -1.60     -0.10      2.10      4.80
      8.30     12.40     16.50     20.00     21.90     22.30     21.50     20.50     19.80     19.30
     18.30     16.00     12.20      7.10      1.40     -3.90     -8.10    -10.40    -10.60     -8.70
     -5.50     -1.70      1.90
     -1.50     -1.50      0.50      5.20     12.20     18.50     21.00     17.90     10.50      2.70
     -1.90     -1.70      2.00      7.10     11.80     15.70     19.20     22.70     26.00     28.40
     29.40     28.90     27.30     24.90     22.30     20.00     18.10     16.50     14.50     12.00
      9.50      8.20      9.20     12.20     15.70     17.80     17.60     15.70     13.60     12.30
     12.00     11.60     10.40      8.20      5.50      2.80      0.60     -0.90     -1.40     -0.10
      3.50      9.20     16.20     22.80     27.80     30.60     31.40     31.20     30.80     30.40
     29.60     28.00     24.80     20.10     14.10      7.40      0.90     -3.80     -5.60     -3.90
      0.50      6.30     11.90
      3.50      1.20      1.60      5.40     11.60     16.70     17.30     12.30      4.10     -2.50
     -3.80      1.10      9.50     18.20     25.00     29.80     33.50     37.10     40.10     42.00
     42.10     40.70     38.20     35.40     32.90     30.90     29.20     27.20     23.90     19.20
     14.30     11.00     10.60     13.00     16.60     19.30     20.20     20.10     20.20     21.50
     23.60     25.50     26.10     24.80     21.80     17.30     12.00      6.90      3.70      3.80
      7.70     14.40     22.20     29.00     33.70     36.20     36.90     36.90     36.80     36.80
     36.80     36.50     35.60     33.60     30.30     25.70     20.10     15.00     12.30     13.00
     16.70     21.60     26.10
     10.60      7.60      6.10      6.50      8.00      8.90      7.40      3.70      0.30      0.20
      4.90     13.30     22.40     29.50     33.70     36.20     38.30     40.80     43.30     45.10
     45.90     45.60     44.60     43.00     41.10     39.10     37.00     34.30     30.40     25.30
     19.80     15.60     14.10     15.10     17.50     19.80     21.30     22.60     24.40     27.00
     30.40     33.70     36.20     37.20     35.90     31.90     25.80     19.50     15.40     15.30
     18.90     24.10     28.60     31.00     31.40     30.90     30.40     30.40     30.80     31.60
     32.60     33.80     35.20     37.00     38.50     38.80     37.50     34.90     32.60     32.10
     33.30     35.00     35.90
     15.30     14.10     12.70     10.60      8.00      5.40      3.60      3.80      6.80     12.80
     20.30     27.00     30.80     31.60     30.40     29.10     28.80     29.40     30.40     31.60
     33.10     34.70     36.00     36.40     35.60     34.10     32.30     30.50     28.60     26.40
     24.10     22.40     21.70     22.00     22.70     23.50     24.20     25.10     26.10     27.20
     28.70     30.90     33.80     36.70     38.20     36.90     33.20     28.70     25.90     26.00
     27.60     28.50     26.90     23.20     19.20     16.50     15.70     16.20     17.40     18.90
     20.60     22.60     25.40     29.50     34.60     39.60     42.90     43.90     43.10     41.90
     40.80     39.60     37.60
     15.90     16.20     15.80     13.60     10.40      7.80      7.90     11.50     17.80     24.70
     29.30     29.90     26.90     22.20     18.00     15.50     14.20     13.30     12.40     12.20
     13.30     15.60     18.30     20.00     20.40     19.60     18.70     18.50     19.50     21.50
     23.90     26.20     27.90     28.50     28.20     27.50     26.70     26.00     25.10     23.60
     22.30     22.20     24.00     27.10     30.20     31.70     31.30     30.10     29.20     28.80
     27.20     23.00     16.40      9.60      4.90      3.30      3.80      4.90      6.20      7.90
     10.00     12.40     15.20     18.90     24.20     30.20     35.40     38.30     38.70     37.60
     36.00     34.20     32.20
     14.30     13.90     13.40     12.30     11.20     11.60     14.50     19.20     24.10     26.90
     25.90     21.30     14.90      9.50      6.40      5.40      4.60      3.10      1.20      0.00
      0.30      2.10      4.50      6.40      7.30      7.40      7.30      8.00     10.30     14.10
     18.80     23.50     27.00     28.50     28.00     26.40     24.70     23.10     21.40     19.20
     17.10     16.00     16.40     18.30     20.70     23.00     24.70     25.60     25.50     23.70
     19.30     12.40      4.80     -0.50     -2.00     -0.60      1.10      1.60      1.60      2.60
      5.00      7.60      9.60     11.20     13.90     17.80     21.80     24.20     24.70     24.00
     23.20     22.80     22.70
     13.00     11.40     10.00      9.50     10.80     14.20     18.40     21.70     22.60     20.50
     15.70      9.70      4.30      1.10      0.10     -0.10     -0.80     -2.30     -3.80     -4.40
     -4.10     -3.20     -2.00     -0.70      0.50      1.50      2.30      3.40      5.60      8.70
     12.70     16.90     20.40     22.00     21.50     19.70     17.60     16.20     15.20     14.40
     13.60     13.20     13.00     13.20     14.00     15.50     17.50     18.90     18.50     15.50
     10.20      3.90     -1.00     -2.50     -0.40      2.90      4.20      2.90      1.00      0.70
      2.40      4.30      4.80      4.60      5.40      7.80     10.60     12.30     12.50     11.90
     11.70     12.10     13.00
     11.50     10.50      9.20      9.00     11.00     14.50     17.50     17.80     15.00     10.20
      5.00      0.80     -2.10     -3.90     -5.30     -6.80     -8.40     -9.40     -9.20     -8.00
     -7.00     -7.00     -7.20     -6.80     -5.50     -3.70     -1.70      0.40      2.90      5.40
      7.80     10.20     12.20     13.20     12.40     10.30      8.40      7.40      7.30      7.50
      7.90      8.20      8.20      7.80      7.80      8.80     10.40     11.30     10.20      7.20
      3.30     -0.10     -1.70     -0.70      2.50      5.40      5.80      3.50      0.50     -1.20
     -1.60     -2.30     -3.70     -4.30     -2.50      1.80      6.40      9.10      9.60      8.70
      7.80      7.10      6.60
      7.70      8.80      8.70      8.60      9.50     10.70     10.70      8.30      3.80     -1.00
     -4.40     -6.40     -8.00    -10.20    -13.10    -15.80    -17.30    -16.80    -14.50    -11.90
    -10.70    -11.50    -12.90    -13.40    -12.60    -10.90     -8.60     -5.70     -2.50      0.10
      1.60      2.70      3.70      4.10      3.10      1.20     -0.40     -0.80     -0.80     -0.90
     -1.10     -0.80     -0.30      0.10      0.50      1.50      2.60      2.80      1.60     -0.30
     -1.80     -2.50     -2.50     -1.60      0.20      2.00      2.30      0.70     -1.70     -4.10
     -6.70    -10.00    -12.80    -12.50     -7.70      0.10      7.60     12.10     13.10     11.80
      9.50      6.70      3.70
      2.50      4.40      5.10      4.90      4.00      2.60      0.30     -2.90     -6.80    -10.00
    -11.60    -12.40    -13.90    -16.80    -19.90    -21.50    -20.70    -17.90    -14.30    -11.70
    -11.20    -12.60    -14.50    -15.60    -15.80    -15.50    -14.70    -12.70    -10.10     -8.20
     -7.30     -6.60     -5.40     -4.40     -4.80     -6.10     -6.90     -6.60     -6.50     -7.40
     -8.40     -8.30     -7.10     -5.90     -5.20     -5.00     -4.90     -5.20     -5.90     -6.00
     -5.20     -4.60     -4.90     -5.60     -5.40     -4.20     -3.30     -3.70     -5.00     -6.80
     -9.30    -12.20    -14.10    -12.20     -6.00      2.60     10.00     14.20     15.10     13.50
     10.40      6.30      1.70
     -0.60      0.00      0.60      0.10     -2.20     -5.10     -7.70     -9.90    -11.80    -13.40
    -13.90    -14.30    -16.00    -18.80    -20.80    -20.00    -16.30    -11.90     -8.60     -7.20
     -7.70     -9.30    -11.20    -12.60    -13.70    -15.00    -15.90    -15.90    -15.20    -14.90
    -15.00    -14.40    -12.30    -10.10     -9.30     -9.90    -10.00     -9.00     -8.40     -9.10
    -10.00     -9.50     -7.80     -6.70     -7.20     -8.50     -9.50     -9.90     -9.30     -7.60
     -5.60     -4.90     -6.10     -7.70     -7.80     -6.40     -5.50     -6.10     -7.20     -7.30
     -6.50     -5.50     -4.00     -1.20      3.10      7.50     10.50     11.70     11.40     10.10
      7.50      3.70     -0.80
     -1.10     -1.50     -1.00     -1.60     -4.20     -7.50     -9.50    -10.10    -10.60    -11.20
    -11.20    -11.10    -12.40    -14.80    -16.00    -13.80     -9.30     -5.40     -3.80     -4.10
     -5.30     -6.90     -8.80    -10.70    -12.50    -14.00    -15.20    -15.60    -15.70    -16.50
    -17.50    -17.30    -15.00    -12.20    -10.80    -10.80    -10.50     -9.30     -8.20     -8.20
     -8.20     -6.90     -5.30     -5.10     -6.90     -9.10    -10.10     -9.70     -7.90     -5.40
     -3.20     -2.80     -4.20     -5.40     -4.60     -2.80     -2.50     -4.30     -5.80     -4.30
      0.10      5.30      9.40     11.70     12.10     10.70      8.30      6.20      5.20      4.60
      3.40      0.90     -2.40
     -2.40     -2.50     -1.20     -1.10     -3.20     -6.00     -7.30     -7.20     -7.60     -8.30
     -8.10     -7.10     -7.10     -8.80     -9.70     -8.10     -5.00     -3.40     -4.20     -5.90
     -7.10     -8.20    -10.20    -12.70    -14.90    -15.90    -15.80    -15.10    -14.40    -14.80
    -16.00    -16.70    -15.70    -13.70    -12.20    -11.60    -10.90     -9.80     -8.80     -8.40
     -7.80     -6.50     -5.50     -6.00     -7.50     -8.40     -7.80     -6.30     -4.60     -2.60
     -1.00     -0.70     -1.70     -2.20     -0.80      1.10      1.20     -0.70     -1.90      0.30
      5.50     11.00     14.40     14.90     12.40      8.10      3.60      0.60     -0.20      0.10
      0.40     -0.10     -1.40
     -6.50     -6.10     -4.40     -3.40     -4.30     -5.80     -6.00     -5.80     -6.70     -8.20
     -8.30     -6.50     -5.10     -5.40     -5.80     -5.10     -4.20     -5.40     -8.30    -10.40
    -10.50    -10.10    -11.00    -13.10    -15.00    -15.80    -15.50    -14.50    -13.40    -13.20
    -14.20    -15.90    -16.70    -16.10    -14.50    -12.90    -11.60    -10.50    -10.00     -9.80
     -9.40     -8.90     -8.80     -9.30     -9.20     -7.50     -5.10     -3.70     -3.50     -3.10
     -2.00     -1.20     -1.60     -2.20     -1.70     -0.50      0.00     -0.30      0.00      2.20
      5.30      7.70      8.30      7.00      4.30      0.80     -2.40     -4.10     -4.30     -3.50
     -2.10     -0.40      0.90
     -9.90    -10.30     -9.40     -8.50     -8.50     -8.30     -7.00     -6.10     -7.10     -9.30
    -10.00     -8.40     -6.30     -5.30     -4.90     -4.60     -5.50     -8.80    -13.00    -14.90
    -13.60    -10.90     -9.30     -9.20     -9.70    -10.50    -11.50    -12.30    -12.50    -12.20
    -12.60    -13.90    -15.10    -15.20    -13.90    -11.90    -10.30     -9.50     -9.20     -9.20
     -9.20     -9.70    -10.60    -11.00     -9.60     -6.70     -4.30     -4.30     -6.00     -6.90
     -5.80     -4.10     -3.90     -5.00     -6.00     -6.10     -5.40     -4.40     -2.80     -0.90
      0.20      0.20     -0.90     -2.30     -3.90     -5.50     -6.70     -7.40     -7.50     -6.90
     -5.10     -1.80      1.90
     -9.10    -10.10    -10.50    -10.90    -11.40    -10.70     -8.60     -6.60     -6.70     -8.40
     -9.60     -8.80     -7.10     -5.80     -5.30     -5.60     -7.60    -11.70    -16.30    -18.50
    -17.40    -14.30    -11.10     -8.80     -7.40     -7.40     -8.90    -11.00    -12.10    -11.60
    -10.10     -9.00     -8.60     -8.60     -8.30     -7.80     -7.50     -7.10     -6.60     -6.20
     -6.30     -7.40     -9.00     -9.60     -8.60     -6.60     -5.70     -7.10     -9.40    -10.30
     -9.30     -7.50     -6.80     -7.50     -8.50     -9.00     -8.90     -8.40     -7.40     -6.30
     -5.60     -5.30     -5.20     -5.40     -5.90     -6.70     -7.70     -8.30     -8.60     -8.40
     -6.90     -3.60      0.50
     -6.20     -6.00     -6.60     -8.40    -10.70    -11.60    -10.20     -7.80     -6.40     -6.70
     -7.10     -6.60     -5.60     -5.00     -5.10     -6.20     -8.30    -11.80    -15.90    -19.30
    -21.10    -21.10    -19.80    -17.80    -15.80    -14.50    -14.50    -15.00    -14.70    -12.60
     -8.90     -4.90     -2.50     -2.30     -3.90     -5.90     -7.20     -7.20     -6.00     -4.90
     -4.90     -6.10     -7.50     -8.00     -7.70     -7.50     -8.00     -8.90     -9.80    -10.20
    -10.30    -10.20     -9.90     -9.00     -8.00     -7.30     -7.40     -8.30     -9.30     -9.40
     -8.60     -7.10     -5.60     -4.80     -4.80     -5.60     -6.50     -7.10     -7.50     -7.40
     -6.50     -4.80     -2.30
     -6.10     -4.00     -3.50     -5.80     -9.80    -12.60    -12.50    -10.20     -7.90     -6.70
     -5.80     -4.70     -3.60     -3.30     -4.00     -5.30     -6.50     -8.10    -10.80    -15.10
    -20.10    -24.10    -26.50    -27.40    -27.30    -26.30    -24.50    -22.30    -19.80    -16.50
    -12.10     -7.50     -4.60     -4.70     -7.30    -10.30    -11.80    -11.10     -9.20     -7.70
     -7.70     -8.40     -8.60     -8.10     -7.90     -8.60     -9.30     -8.50     -6.90     -6.50
     -8.30    -10.90    -11.90    -10.50     -7.80     -5.80     -5.40     -6.50     -8.10     -9.00
     -8.70     -7.70     -6.80     -6.40     -6.20     -6.00     -5.90     -6.10     -6.40     -6.30
     -5.90     -5.60     -5.20
     -8.40     -6.30     -5.70     -7.80    -11.60    -13.90    -13.50    -11.30     -9.30     -8.00
     -6.90     -5.30     -3.70     -3.00     -3.30     -4.00     -4.00     -3.60     -4.50     -7.80
    -12.70    -17.30    -20.90    -24.40    -27.70    -29.50    -28.50    -25.60    -22.70    -20.30
    -17.70    -15.10    -13.50    -13.70    -15.10    -16.30    -16.00    -14.30    -12.40    -11.40
    -11.50    -11.50    -10.20     -8.30     -7.70     -8.90     -9.60     -7.60     -4.10     -2.40
     -4.30     -7.70     -9.90     -9.80     -8.70     -7.80     -7.30     -7.20     -7.10     -7.10
     -7.00     -7.40     -8.60     -9.60     -9.40     -7.80     -6.30     -6.20     -7.00     -7.40
     -7.10     -6.80     -6.70
     -2.80     -3.20     -3.70     -4.10     -4.50     -4.90     -5.30     -5.70     -6.10     -6.50
     -6.80     -7.20     -7.50     -7.80     -8.10     -8.40     -8.70     -8.90     -9.10     -9.40
     -9.60     -9.70     -9.90    -10.10    -10.20    -10.30    -10.40    -10.40    -10.50    -10.50
    -10.50    -10.50    -10.50    -10.40    -10.30    -10.30    -10.10    -10.00     -9.90     -9.70
     -9.50     -9.30     -9.10     -8.80     -8.60     -8.30     -8.00     -7.70     -7.40     -7.00
     -6.70     -6.30     -6.00     -5.60     -5.20     -4.80     -4.40     -4.00     -3.50     -3.10
     -2.60     -2.20     -1.70     -1.30     -0.80     -0.40      0.10      0.50      1.00      1.50
      1.90      2.40      2.80
     -5.20     -5.30     -5.50     -5.60     -5.80     -5.90     -6.10     -6.20     -6.40     -6.50
     -6.60     -6.70     -6.80     -6.90     -7.00     -7.00     -7.00     -7.00     -7.00     -7.00
     -7.00     -6.90     -6.80     -6.70     -6.60     -6.50     -6.40     -6.20     -6.10     -6.00
     -5.90     -5.80     -5.80     -5.70     -5.70     -5.70     -5.80     -5.80     -5.90     -6.10
     -6.20     -6.40     -6.60     -6.80     -7.10     -7.30     -7.60     -7.80     -8.10     -8.30
     -8.60     -8.80     -8.90     -9.10     -9.20     -9.20     -9.30     -9.20     -9.10     -9.00
     -8.80     -8.60     -8.30     -7.90     -7.50     -7.10     -6.50     -6.00     -5.40     -4.70
     -4.10     -3.30     -2.60
     -1.90     -1.80     -1.70     -1.80     -1.90     -2.20     -2.50     -2.80     -3.30     -3.70
     -4.20     -4.70     -5.30     -5.70     -6.20     -6.50     -6.80     -7.10     -7.20     -7.20
     -7.10     -6.80     -6.50     -6.00     -5.50     -4.90     -4.20     -3.50     -2.70     -2.00
     -1.30     -0.70     -0.20      0.20      0.50      0.70      0.70      0.50      0.20     -0.30
     -1.00     -1.80     -2.70     -3.70     -4.90     -6.10     -7.30     -8.60     -9.90    -11.10
    -12.20    -13.30    -14.30    -15.10    -15.90    -16.40    -16.90    -17.10    -17.20    -17.10
    -16.90    -16.60    -16.10    -15.40    -14.70    -13.80    -12.80    -11.80    -10.70     -9.60
     -8.40     -7.20     -6.00
      4.50      4.70      4.80      4.60      4.30      3.80      3.10      2.30      1.40      0.30
     -0.90     -2.10     -3.40     -4.60     -5.80     -6.90     -7.90     -8.60     -9.10     -9.40
     -9.40     -9.00     -8.40     -7.50     -6.20     -4.80     -3.10     -1.30      0.60      2.50
      4.30      6.00      7.50      8.70      9.60     10.20     10.30     10.10      9.50      8.40
      7.00      5.30      3.20      0.90     -1.50     -4.10     -6.80     -9.40    -12.00    -14.50
    -16.80    -18.90    -20.80    -22.40    -23.60    -24.60    -25.30    -25.60    -25.60    -25.40
    -24.80    -24.00    -22.90    -21.60    -20.10    -18.50    -16.80    -14.90    -13.10    -11.20
     -9.20     -7.40     -5.50
      8.70      8.70      8.50      8.30      7.90      7.40      6.80      6.00      5.00      3.80
      2.40      0.80     -0.90     -2.80     -4.70     -6.60     -8.40     -9.90    -11.20    -12.00
    -12.40    -12.20    -11.40    -10.10     -8.20     -5.90     -3.10     -0.10      3.20      6.50
      9.70     12.60     15.20     17.40     19.10     20.10     20.40     20.10     19.10     17.50
     15.30     12.60      9.50      6.10      2.40     -1.40     -5.10     -8.90    -12.40    -15.80
    -18.90    -21.60    -24.10    -26.10    -27.70    -28.90    -29.80    -30.20    -30.30    -29.90
    -29.30    -28.30    -27.00    -25.40    -23.60    -21.60    -19.30    -17.00    -14.50    -11.90
     -9.30     -6.80     -4.20
      8.40      8.10      7.80      7.70      7.70      7.80      7.90      7.90      7.60      7.00
      6.10      4.60      2.80      0.50     -2.10     -4.90     -7.70    -10.30    -12.50    -14.20
    -15.20    -15.40    -14.70    -13.20    -10.90     -7.90     -4.30     -0.30      4.00      8.40
     12.60     16.50     20.00     22.90     25.10     26.40     26.90     26.60     25.40     23.40
     20.70     17.50     13.80      9.80      5.70      1.60     -2.50     -6.40    -10.10    -13.50
    -16.60    -19.40    -21.80    -23.90    -25.70    -27.10    -28.20    -29.00    -29.50    -29.60
    -29.50    -29.10    -28.40    -27.40    -26.10    -24.60    -22.70    -20.50    -18.00    -15.20
    -12.20     -9.00     -5.70
      6.80      6.50      6.40      6.80      7.40      8.20      9.10      9.80     10.30     10.20
      9.40      7.90      5.70      2.70     -0.70     -4.50     -8.30    -11.80    -14.80    -17.00
    -18.20    -18.40    -17.50    -15.50    -12.60     -9.00     -4.80     -0.20      4.50      9.10
     13.60     17.70     21.40     24.40     26.70     28.20     28.80     28.50     27.30     25.20
     22.40     19.10     15.40     11.50      7.70      3.90      0.40     -2.80     -5.80     -8.60
    -11.10    -13.60    -15.80    -18.00    -19.90    -21.60    -23.10    -24.40    -25.50    -26.30
    -27.00    -27.50    -27.80    -27.90    -27.80    -27.40    -26.60    -25.20    -23.30    -20.80
    -17.70    -14.10    -10.10
      9.30      9.40      9.70     10.10     10.70     11.30     11.80     12.10     12.00     11.10
      9.50      7.00      3.60     -0.40     -4.80     -9.30    -13.60    -17.20    -20.00    -21.50
    -21.80    -20.70    -18.50    -15.20    -11.20     -6.70     -2.00      2.50      6.90     10.90
     14.50     17.90     20.80     23.40     25.60     27.10     27.90     27.70     26.60     24.50
     21.70     18.30     14.70     11.20      8.00      5.20      2.90      0.90     -0.90     -2.70
     -4.60     -6.70     -9.00    -11.50    -13.90    -16.20    -18.10    -19.70    -21.00    -22.00
    -23.00    -23.90    -25.00    -26.10    -27.30    -28.30    -29.00    -29.00    -28.20    -26.40
    -23.60    -19.80    -15.30
     17.60     17.90     17.70     17.10     16.30     15.30     14.10     12.50     10.50      7.80
      4.40      0.20     -4.50     -9.60    -14.60    -19.20    -23.00    -25.60    -27.00    -26.80
    -25.10    -22.00    -17.80    -12.70     -7.20     -1.80      3.20      7.50     10.90     13.50
     15.60     17.40     19.30     21.20     23.20     24.90     25.90     26.00     24.80     22.40
     19.10     15.20     11.40      8.20      5.80      4.50      4.00      3.90      3.90      3.40
      2.20      0.20     -2.60     -5.70     -8.90    -11.80    -14.00    -15.50    -16.40    -16.90
    -17.30    -18.10    -19.40    -21.30    -23.90    -26.60    -29.10    -31.00    -31.70    -31.00
    -28.70    -25.10    -20.30
     26.90     26.30     24.70     22.30     19.50     16.50     13.30     10.00      6.30      2.00
     -2.80     -8.20    -13.90    -19.40    -24.40    -28.40    -31.10    -32.30    -32.10    -30.40
    -27.30    -22.80    -17.30    -11.10     -4.60      1.60      6.90     10.90     13.40     14.70
     15.20     15.70     16.60     18.20     20.30     22.50     24.10     24.20     22.60     19.10
     14.40      9.40      4.90      1.80      0.60      1.30      3.20      5.70      7.80      8.90
      8.40      6.30      3.00     -0.90     -4.70     -7.80     -9.90    -10.70    -10.60    -10.00
     -9.60    -10.00    -11.70    -14.80    -19.00    -23.90    -28.80    -32.70    -35.00    -35.30
    -33.50    -29.80    -24.60
     30.60     28.50     25.40     21.60     17.70     13.90     10.30      6.80      3.00     -1.40
     -6.60    -12.40    -18.40    -24.10    -28.80    -32.20    -34.00    -34.40    -33.50    -31.50
    -28.40    -24.30    -19.00    -12.80     -6.00      0.80      6.60     10.80     13.10     13.70
     13.20     12.80     13.30     15.10     18.00     21.00     23.10     23.00     20.20     14.90
      8.20      1.40     -3.90     -6.60     -6.30     -3.40      1.20      6.20     10.10     12.20
     12.00      9.70      6.10      1.90     -1.80     -4.30     -5.30     -5.00     -3.60     -2.10
     -1.20     -1.70     -4.30     -8.90    -15.20    -22.30    -29.10    -34.70    -38.00    -38.50
    -36.50    -32.10    -26.20
     27.10     24.20     20.60     16.80     13.30     10.30      7.90      5.60      3.00     -0.50
     -5.30    -11.20    -17.50    -23.40    -28.30    -31.70    -33.50    -33.80    -33.20    -31.70
    -29.60    -26.40    -21.90    -16.00     -8.90     -1.30      5.50     10.40     12.90     13.00
     11.70     10.50     10.70     12.80     16.50     20.40     22.80     22.10     17.70     10.40
      1.60     -6.60    -12.20    -14.10    -12.10     -7.10     -0.70      5.40      9.80     11.70
     11.00      8.40      4.90      1.50     -0.90     -1.80     -1.20      0.60      2.80      4.60
      5.20      4.00      0.40     -5.50    -13.10    -21.40    -29.20    -35.00    -38.00    -37.70
    -34.50    -29.20    -22.70
     21.00     18.10     15.10     12.10      9.50      7.70      6.70      6.00      4.70      2.00
     -2.30     -8.20    -14.90    -21.50    -26.90    -30.90    -33.20    -34.10    -33.80    -32.70
    -30.60    -27.20    -22.40    -15.70     -7.70      0.90      8.60     14.00     16.00     14.90
     12.00      9.40      8.70     10.80     14.90     19.40     21.80     20.40     14.80      6.00
     -3.70    -12.00    -17.00    -17.70    -14.50     -8.70     -2.10      3.50      6.80      7.60
      6.20      3.50      0.70     -1.10     -1.30     -0.10      2.20      4.70      6.70      7.70
      7.30      5.10      1.10     -4.70    -11.90    -19.60    -26.50    -31.40    -33.10    -31.50
    -27.10    -21.00    -14.60
     16.50     13.90     11.10      8.20      5.90      4.80      5.00      5.60      5.50      3.70
     -0.40     -6.30    -13.00    -19.70    -25.50    -30.00    -33.10    -34.60    -34.60    -32.80
    -29.30    -24.20    -17.60     -9.60     -0.70      8.30     15.90     20.50     21.10     17.90
     12.60      7.70      5.60      7.20     11.50     16.10     18.50     16.90     11.00      2.50
     -6.30    -13.30    -16.80    -16.50    -13.20     -8.30     -3.20      0.70      2.60      2.50
      0.80     -1.40     -2.90     -3.00     -1.30      1.50      4.60      6.90      7.70      6.90
      4.90      2.00     -1.50     -5.60    -10.50    -15.80    -20.80    -24.20    -24.90    -22.50
    -17.80    -12.10     -7.00
     14.20     10.50      6.20      2.20     -0.40     -0.40      1.80      4.60      6.30      5.30
      1.50     -4.30    -10.70    -16.70    -21.90    -26.20    -29.70    -31.80    -31.70    -29.00
    -23.80    -16.80     -8.90     -0.70      7.30     14.90     20.90     24.00     22.80     17.70
     10.40      3.80      0.70      1.90      6.30     11.10     13.60     12.20      7.20      0.50
     -5.90    -10.40    -12.30    -11.90     -9.90     -6.90     -3.90     -1.50     -0.30     -0.50
     -1.80     -3.50     -4.40     -3.70     -1.30      2.10      5.40      7.10      6.50      3.80
      0.20     -3.20     -5.60     -7.20     -8.80    -11.00    -13.80    -16.20    -16.90    -15.00
    -11.20     -6.80     -3.70
     12.80      6.50     -0.80     -6.70     -9.00     -6.60     -0.80      5.60      9.40      9.00
      4.60     -1.70     -7.80    -12.60    -16.20    -19.40    -22.30    -24.30    -24.00    -20.60
    -14.40     -7.10     -0.20      5.40     10.10     14.50     18.30     20.30     18.70     13.10
      5.30     -1.60     -4.80     -3.10      1.70      6.60      9.00      7.80      4.10     -0.30
     -3.80     -5.90     -6.70     -6.70     -6.10     -4.90     -3.10     -1.20      0.20      0.30
     -0.90     -3.00     -4.70     -4.90     -3.00      0.30      3.70      5.40      4.30      0.70
     -4.00     -7.90     -9.50     -9.10     -8.00     -7.60     -8.70    -10.50    -11.50    -10.60
     -8.00     -5.10     -3.60
     12.80      3.30     -6.90    -14.10    -15.10     -9.50     -0.10      9.00     13.70     12.60
      7.00     -0.20     -6.20     -9.70    -11.40    -12.60    -14.10    -15.30    -14.50    -10.80
     -5.00      0.90      4.70      6.00      6.30      7.50     10.10     12.40     12.00      7.50
      0.40     -5.90     -8.10     -5.50     -0.20      4.50      6.10      4.40      1.20     -1.50
     -2.90     -3.40     -3.60     -3.90     -3.70     -2.60     -0.30      2.40      4.30      4.30
      2.20     -1.10     -4.40     -6.20     -5.50     -2.80      0.70      2.80      2.20     -1.40
     -6.60    -11.10    -13.10    -12.30     -9.90     -8.00     -7.60     -8.40     -8.80     -7.80
     -5.30     -2.90     -2.30
     14.00      2.80     -8.40    -15.00    -14.20     -7.00      2.90     10.90     13.90     11.50
      5.60     -0.80     -5.50     -7.50     -7.60     -7.40     -7.80     -8.10     -7.10     -3.90
      0.50      3.90      4.30      2.00     -0.50     -0.60      2.50      6.40      7.60      4.20
     -2.10     -7.50     -8.40     -4.70      1.00      4.80      4.80      1.70     -2.00     -4.10
     -4.60     -4.40     -4.50     -4.60     -3.70     -1.00      3.00      7.10      9.40      9.30
      6.70      2.80     -1.20     -3.90     -4.60     -3.30     -1.00      0.80      0.40     -2.80
     -8.00    -13.30    -16.70    -17.10    -15.20    -12.70    -10.70     -9.30     -7.40     -4.30
     -0.40      2.50      2.80
     13.80      3.60     -5.60     -9.50     -7.30     -1.40      4.30      7.10      6.70      4.40
      1.60     -0.40     -1.60     -1.80     -1.60     -1.60     -2.00     -2.60     -2.40     -1.00
      1.00      1.60     -0.20     -3.90     -6.80     -6.10     -1.70      3.40      5.30      2.40
     -3.30     -7.40     -6.70     -1.50      4.30      6.80      4.70     -0.10     -4.30     -6.20
     -6.30     -6.30     -6.90     -7.50     -6.40     -2.70      2.60      8.00     11.80     13.20
     12.60     10.60      7.70      4.70      2.20      0.60      0.00     -0.10     -1.10     -4.00
     -9.00    -14.90    -20.00    -22.50    -22.10    -19.60    -15.90    -11.50     -6.00      0.30
      6.10      9.80     10.00
      9.90      2.60     -2.40     -2.70      0.30      2.70      1.90     -1.40     -4.10     -3.70
      0.20      5.00      8.20      9.00      7.80      6.00      4.20      2.60      1.10      0.00
     -1.10     -2.90     -5.90     -9.30    -11.20     -9.60     -5.10     -0.50      1.00     -1.80
     -6.10     -7.90     -4.80      1.80      7.70      9.10      5.50      0.00     -3.90     -4.90
     -4.40     -4.80     -6.90     -9.60    -10.80     -9.00     -4.30      2.20      9.20     15.50
     20.00     21.60     20.10     15.90     10.50      5.40      1.70     -0.50     -2.20     -4.80
     -9.30    -15.40    -21.60    -26.00    -27.20    -24.90    -19.80    -12.80     -4.40      4.10
     11.20     14.90     14.80
      4.30     -0.30     -1.50      1.00      3.90      3.20     -2.20     -8.60    -10.70     -5.60
      4.70     14.80     20.10     19.70     16.00     12.00      8.90      6.50      3.80      0.70
     -2.60     -6.00     -9.30    -12.20    -13.50    -12.60     -9.80     -7.40     -7.10     -9.00
    -11.00     -9.90     -4.60      2.80      8.40      9.30      6.00      1.40     -1.00     -0.50
      0.90      0.20     -3.70     -9.80    -15.50    -18.10    -15.80     -8.10      3.90     17.00
     27.20     31.40     28.90     21.80     13.30      6.20      1.50     -1.00     -2.70     -4.90
     -8.70    -14.30    -20.70    -25.80    -27.70    -25.70    -20.30    -12.40     -3.40      5.30
     11.80     14.80     14.30
     -0.10     -3.00     -2.40      0.70      3.10      1.30     -4.30     -9.20     -8.10      0.50
     13.20     23.40     26.70     23.60     17.70     12.60      9.50      7.30      4.60      1.00
     -2.80     -6.30     -9.30    -11.70    -13.30    -14.00    -13.90    -13.90    -14.40    -15.00
    -14.60    -11.80     -6.40     -0.10      4.60      6.10      4.60      2.40      1.80      3.40
      5.20      4.50     -0.40     -8.90    -18.50    -25.20    -25.20    -16.20      0.10     18.40
     31.50     34.70     28.50     17.80      8.10      2.40      0.00     -0.90     -2.00     -4.10
     -7.50    -12.20    -17.60    -22.10    -23.90    -22.20    -17.50    -10.70     -3.30      3.40
      8.30     10.30      9.80
     -3.70     -5.10     -4.10     -1.40      0.60      0.00     -2.40     -3.30      0.70      9.80
     19.80     25.70     25.10     19.90     13.70      9.50      7.30      5.60      3.30      0.30
     -2.60     -5.10     -7.30     -9.30    -11.10    -12.70    -14.20    -15.30    -15.70    -15.20
    -13.70    -11.40     -8.50     -5.20     -1.90      0.60      1.80      2.10      2.70      4.10
      5.30      4.40     -0.20     -8.50    -18.30    -25.80    -26.30    -16.90      0.40     18.80
     29.80     29.10     19.30      7.60      0.40     -1.20      0.10      0.80     -0.40     -2.90
     -6.10     -9.80    -13.60    -16.70    -17.90    -16.60    -13.10     -8.50     -3.70      0.60
      3.80      5.20      5.10
     -8.30     -7.60     -5.60     -2.70      0.00      1.60      2.50      4.50      9.10     15.40
     20.40     21.50     18.50     13.60      9.70      7.40      5.90      4.00      1.50     -0.90
     -2.80     -4.20     -5.70     -7.20     -8.70    -10.10    -11.30    -12.00    -11.70    -10.30
     -8.70     -7.90     -8.20     -8.20     -6.50     -3.20      0.00      1.90      2.70      2.80
      2.40      0.80     -3.00     -8.90    -15.40    -19.80    -18.80    -10.40      3.50     16.50
     21.80     17.20      7.10     -1.00     -3.10     -0.40      2.60      3.00      1.00     -1.80
     -4.40     -6.90     -9.50    -11.60    -12.30    -11.20     -8.90     -6.20     -3.50     -0.90
      1.60      3.20      3.80
    -12.30     -9.30     -5.60     -1.30      2.90      6.20      8.30     10.00     12.30     14.70
     15.80     14.70     12.00      9.50      8.20      7.50      6.10      3.40      0.50     -1.70
     -2.70     -3.50     -4.60     -6.10     -7.40     -8.20     -8.50     -8.40     -7.30     -5.20
     -3.40     -3.30     -5.10     -6.70     -6.10     -3.10      0.60      2.70      2.90      1.80
     -0.20     -3.10     -6.50     -9.70    -11.60    -11.40     -8.40     -2.30      5.50     10.90
     10.50      4.70     -1.70     -3.60     -0.70      3.30      4.80      3.20      0.60     -1.20
     -2.60     -4.50     -6.70     -8.40     -8.40     -7.10     -5.40     -4.00     -2.90     -1.10
      1.40      3.90      5.30
    -11.10     -7.40     -3.10      2.00      7.10     10.70     12.00     11.50     10.60     10.30
     10.00      9.50      8.60      8.10      7.80      7.00      5.00      2.20     -0.40     -1.80
     -2.10     -2.20     -2.90     -4.30     -5.80     -6.80     -7.10     -6.80     -5.40     -3.00
     -0.70      0.10     -1.10     -2.70     -2.50     -0.40      2.00      3.20      2.70      1.00
     -1.70     -5.30     -8.60     -9.90     -8.30     -4.90     -1.10      2.20      4.40      4.20
      0.90     -3.30     -4.70     -1.40      3.70      5.90      3.90      0.30     -1.60     -1.90
     -2.50     -4.70     -7.00     -7.30     -5.40     -2.90     -1.60     -1.80     -2.50     -1.90
      0.60      3.90      6.20
     -4.70     -2.60      0.10      4.10      8.60     11.60     11.70      9.50      7.00      5.80
      6.20      7.30      8.00      7.80      6.40      4.30      2.00      0.20     -1.00     -1.50
     -1.40     -0.80     -0.60     -1.20     -2.70     -4.40     -5.50     -5.70     -4.60     -2.40
     -0.10      1.10      0.90      0.10      0.20      1.30      2.20      1.90      0.70     -1.00
     -3.20     -6.10     -8.50     -8.20     -5.10     -1.10      1.40      1.90      1.20     -0.70
     -3.50     -5.30     -3.40      1.80      6.30      5.80      1.20     -3.10     -4.40     -4.30
     -5.90     -9.00    -10.10     -6.90     -1.10      3.30      3.90      1.10     -2.30     -3.70
     -2.10      1.30      4.20
      1.00      0.80      1.10      2.90      5.80      8.00      7.90      5.90      3.60      2.80
      4.00      6.20      7.60      7.00      4.50      1.80      0.20      0.10      0.30     -0.20
     -1.00     -0.90      0.10      0.90      0.30     -1.50     -3.20     -3.60     -2.70     -1.10
      0.40      1.00      0.70      0.20      0.30      0.90      0.90     -0.40     -2.30     -3.90
     -5.10     -6.20     -6.30     -4.40     -1.00      1.40      1.30     -0.30     -1.70     -2.40
     -3.20     -3.60     -1.40      3.20      6.50      5.10      0.20     -3.90     -5.50     -7.10
    -11.00    -14.60    -12.90     -4.80      5.30     11.30     10.40      4.70     -1.80     -5.60
     -5.60     -3.00     -0.10
      1.60      0.30     -0.70     -0.40      1.20      2.90      3.30      2.40      1.10      0.60
      1.60      3.40      4.80      4.50      2.80      1.40      1.90      3.70      4.50      2.80
     -0.50     -2.50     -2.00     -0.20      0.60     -0.30     -1.60     -1.80     -0.60      0.80
      1.50      1.00     -0.10     -0.90     -0.90     -0.20     -0.20     -1.60     -3.70     -5.30
     -5.70     -5.00     -3.40     -0.70      2.10      3.00      1.00     -1.70     -2.60     -1.90
     -1.50     -1.80     -1.00      2.20      5.10      4.90      1.80     -1.70     -4.40     -8.30
    -13.40    -16.00    -11.30      0.00     11.60     17.10     14.70      7.10     -1.20     -6.80
     -8.60     -7.30     -4.70
     -0.30     -1.40     -2.20     -2.20     -1.40     -0.30      0.20      0.00     -0.60     -1.10
     -1.20     -0.90     -0.20      0.40      1.10      2.40      5.10      8.10      9.10      6.20
      0.60     -4.20     -5.50     -3.80     -1.80     -1.20     -1.50     -1.20      0.20      1.60
      1.90      1.00     -0.50     -1.50     -1.50     -0.60     -0.10     -1.00     -2.70     -3.90
     -3.80     -2.90     -1.80     -0.20      1.60      2.20      0.70     -1.30     -2.00     -1.10
     -0.70     -1.70     -2.10     -0.10      3.10      4.60      3.20      0.40     -2.90     -6.90
    -10.70    -11.00     -5.20      4.80     13.60     16.80     13.60      6.50     -1.60     -8.00
    -11.20    -11.00     -8.20
     -0.20     -0.80     -1.10     -1.10     -1.00     -1.00     -1.40     -1.80     -1.70     -1.70
     -2.30     -3.40     -3.70     -2.40      0.20      3.40      6.60      9.20      9.80      7.00
      1.30     -4.60     -7.60     -6.70     -4.00     -2.00     -1.20     -0.60      0.20      0.80
      0.80      0.00     -1.00     -1.50     -1.10     -0.20      0.40      0.00     -1.00     -1.40
     -0.90     -0.70     -1.80     -2.90     -2.40     -0.60      0.60      0.30     -0.50     -0.70
     -1.10     -2.20     -3.00     -1.70      1.10      3.20      2.70      0.30     -2.40     -4.60
     -5.40     -3.50      1.10      6.60     10.20     10.70      8.40      3.60     -2.80     -9.20
    -13.10    -13.40    -10.20
      1.50      1.20      1.10      1.00      0.40     -0.90     -2.60     -3.40     -2.50     -1.10
     -1.00     -2.20     -2.80     -1.30      1.80      4.70      6.20      6.50      6.20      4.70
      1.00     -4.00     -7.40     -7.30     -4.40     -1.20      0.60      0.90      0.40     -0.60
     -1.80     -2.50     -2.30     -1.30     -0.20      0.70      0.80      0.00     -0.80     -0.50
      0.70      0.80     -1.70     -4.90     -5.40     -2.30      1.30      2.30      0.90     -0.70
     -1.50     -2.00     -2.50     -1.90      0.00      1.70      1.50     -0.40     -2.40     -3.00
     -1.60      1.10      3.60      4.80      4.60      4.10      3.40      1.20     -3.40     -9.00
    -12.90    -13.30    -10.10
      1.10      1.60      2.00      2.10      1.10     -1.00     -3.30     -4.10     -2.70     -0.60
      0.30      0.00      0.10      2.00      4.80      6.20      5.40      3.60      2.50      2.00
      0.30     -3.00     -6.10     -6.30     -3.50      0.00      2.10      2.00      0.30     -2.30
     -4.50     -5.10     -3.60     -0.90      1.30      2.10      1.50     -0.30     -1.80     -1.50
      0.50      1.60     -0.20     -3.50     -4.40     -1.30      2.60      3.50      1.50     -0.60
     -1.10     -1.00     -1.40     -1.50     -0.40      1.30      1.70      0.40     -1.30     -1.60
     -0.30      1.50      2.50      2.00      1.10      1.20      1.80      0.90     -2.50     -6.80
     -9.70    -10.10     -8.10
     -1.40      0.00      1.30      1.60      0.60     -1.30     -3.00     -3.10     -1.90     -0.90
     -0.80     -0.80      0.40      2.80      4.90      5.40      4.30      2.90      2.20      1.80
      0.30     -2.50     -4.70     -4.60     -2.30      0.30      1.50      1.00     -1.00     -3.90
     -6.20     -6.20     -3.60     -0.10      2.30      2.90      1.80     -0.20     -2.10     -2.30
     -0.40      1.60      1.30     -0.60     -1.20      0.70      3.00      2.90      0.90     -0.40
     -0.20      0.00     -0.90     -1.90     -1.10      0.80      2.20      2.00      1.00      0.40
      0.50      0.90      0.90      0.50      0.50      1.30      2.10      1.30     -1.30     -4.10
     -5.50     -5.80     -5.80
     -1.90     -0.80      0.10     -0.20     -1.50     -2.80     -2.60     -1.10     -0.20     -1.30
     -3.40     -3.90     -2.20      0.00      1.00      1.00      1.60      3.00      3.90      2.80
      0.00     -2.80     -3.70     -2.40     -0.60      0.30      0.10     -0.70     -2.00     -3.80
     -5.10     -4.60     -2.30      0.10      1.10      1.10      0.70      0.10     -0.90     -1.40
     -0.70      0.60      0.90      0.30      0.20      1.10      1.60      0.60     -0.80     -0.80
      0.10      0.20     -1.30     -2.60     -2.30     -0.70      0.60      1.30      1.80      2.20
      2.20      1.50      0.70      0.30      0.60      1.40      1.80      1.00     -0.90     -2.60
     -3.30     -3.50     -4.40
      1.30      0.50     -0.90     -3.10     -5.40     -5.90     -3.60     -0.10      1.20     -1.20
     -4.40     -5.10     -3.40     -2.20     -3.00     -3.80     -1.90      1.90      3.90      1.90
     -2.10     -4.50     -3.30     -0.40      1.10      0.70     -0.20     -0.40     -0.10     -0.40
     -1.00     -1.00     -0.70     -1.10     -2.30     -2.80     -1.90     -0.30      0.50      0.40
     -0.10     -0.60     -1.10     -1.20     -0.40      0.60      0.50     -1.10     -2.40     -2.20
     -1.20     -1.00     -1.70     -2.20     -2.30     -2.40     -2.70     -2.20     -0.20      2.10
      3.20      2.50      1.20      0.30      0.00      0.40      1.00      0.90     -0.40     -2.20
     -3.30     -3.60     -3.80
      5.10      2.30     -1.80     -5.90     -8.50     -8.20     -4.70     -0.50      1.00     -0.90
     -3.20     -2.90     -1.00     -0.70     -3.00     -4.90     -3.50     -0.10      1.20     -1.30
     -5.10     -6.10     -3.40     -0.20      0.80      0.00      0.10      2.00      4.20      4.90
      4.10      2.50      0.20     -2.80     -5.30     -5.70     -3.80     -1.20      0.50      1.10
      0.70     -0.50     -1.90     -2.10     -0.30      1.80      2.00     -0.20     -2.80     -4.10
     -4.00     -3.30     -2.20     -0.90     -0.80     -2.40     -4.50     -4.80     -2.60      0.30
      2.00      2.00      1.30      0.30     -0.50     -0.40      0.80      1.80      1.10     -1.10
     -3.20     -3.70     -2.70
