diamond 11 20年06月27日8时300百帕流场
20 06 27  8  300 
2.500 -2.500  .0 180.0   90.0 .0  73 37
     -2.70     -3.70     -4.70     -5.70     -6.60     -7.50     -8.50     -9.40    -10.30    -11.10
    -12.00    -12.80    -13.60    -14.40    -15.20    -15.90    -16.60    -17.20    -17.90    -18.40
    -19.00    -19.50    -20.00    -20.50    -20.90    -21.20    -21.60    -21.80    -22.10    -22.30
    -22.50    -22.60    -22.60    -22.70    -22.70    -22.60    -22.50    -22.40    -22.20    -22.00
    -21.70    -21.40    -21.00    -20.60    -20.20    -19.80    -19.20    -18.70    -18.10    -17.50
    -16.90    -16.20    -15.50    -14.70    -14.00    -13.20    -12.40    -11.50    -10.70     -9.80
     -8.90     -8.00     -7.00     -6.10     -5.10     -4.20     -3.20     -2.20     -1.20     -0.20
      0.80      1.80      2.70
      5.40      5.00      4.50      4.10      3.70      3.30      2.90      2.50      2.10      1.70
      1.20      0.80      0.40      0.00     -0.30     -0.70     -1.10     -1.50     -1.90     -2.30
     -2.70     -3.10     -3.50     -3.90     -4.30     -4.70     -5.10     -5.40     -5.80     -6.20
     -6.50     -6.90     -7.20     -7.50     -7.90     -8.20     -8.50     -8.70     -9.00     -9.30
     -9.50     -9.70     -9.90    -10.00    -10.20    -10.30    -10.30    -10.30    -10.30    -10.30
    -10.20    -10.00     -9.80     -9.60     -9.30     -8.90     -8.50     -8.00     -7.50     -6.90
     -6.30     -5.60     -4.80     -3.90     -3.00     -2.10     -1.10      0.00      1.10      2.30
      3.50      4.80      6.10
     11.00     11.10     11.10     11.20     11.10     11.00     10.90     10.70     10.50     10.20
      9.80      9.40      9.00      8.50      8.00      7.50      7.00      6.50      6.00      5.50
      5.10      4.60      4.30      3.90      3.60      3.30      3.10      2.90      2.70      2.60
      2.50      2.40      2.30      2.20      2.10      2.00      1.90      1.80      1.80      1.70
      1.60      1.60      1.50      1.50      1.40      1.40      1.30      1.30      1.20      1.10
      1.00      0.80      0.60      0.50      0.20      0.00     -0.30     -0.50     -0.80     -1.10
     -1.30     -1.50     -1.60     -1.70     -1.70     -1.60     -1.40     -1.10     -0.60     -0.10
      0.60      1.30      2.20
      9.30     10.00     10.60     11.10     11.60     11.90     12.10     12.10     12.00     11.70
     11.20     10.60      9.90      9.10      8.20      7.20      6.30      5.40      4.50      3.70
      3.00      2.50      2.10      1.80      1.70      1.80      1.90      2.20      2.50      3.00
      3.50      4.00      4.50      5.10      5.70      6.30      6.90      7.50      8.20      8.90
      9.60     10.40     11.20     12.00     12.80     13.70     14.50     15.30     16.00     16.50
     16.90     17.20     17.20     17.00     16.50     15.80     14.90     13.70     12.30     10.80
      9.20      7.40      5.70      4.00      2.30      0.80     -0.60     -1.80     -2.80     -3.60
     -4.10     -4.40     -4.50
      3.50      4.40      5.40      6.20      7.10      7.80      8.30      8.70      8.90      8.80
      8.50      8.00      7.20      6.20      5.10      4.00      2.80      1.70      0.70     -0.10
     -0.70     -1.10     -1.20     -1.10     -0.70     -0.20      0.50      1.30      2.20      3.10
      4.10      5.10      6.00      7.00      8.00      8.90      9.90     10.90     11.90     13.00
     14.20     15.50     16.90     18.40     20.10     21.80     23.60     25.30     27.00     28.50
     29.70     30.60     31.10     31.10     30.70     29.70     28.20     26.30     24.00     21.30
     18.40     15.30     12.10      9.00      6.00      3.20      0.60     -1.70     -3.60     -5.20
     -6.50     -7.40     -8.10
      2.20      2.50      2.90      3.20      3.60      4.00      4.40      4.60      4.60      4.50
      4.10      3.50      2.70      1.70      0.70     -0.20     -1.10     -1.70     -2.10     -2.10
     -1.90     -1.40     -0.60      0.30      1.40      2.50      3.60      4.60      5.70      6.70
      7.60      8.50      9.40     10.30     11.10     11.90     12.60     13.30     14.00     14.70
     15.50     16.30     17.30     18.40     19.80     21.30     23.00     24.80     26.60     28.30
     29.80     30.90     31.70     31.90     31.50     30.60     29.10     27.10     24.60     21.70
     18.50     15.10     11.70      8.40      5.20      2.30     -0.30     -2.60     -4.40     -5.90
     -7.00     -7.80     -8.30
      9.60      9.10      8.50      7.90      7.20      6.50      5.70      4.70      3.70      2.50
      1.20     -0.20     -1.70     -3.00     -4.30     -5.20     -5.70     -5.70     -5.30     -4.30
     -3.00     -1.40      0.30      2.00      3.50      4.80      5.80      6.60      7.30      7.90
      8.50      9.30     10.10     11.10     12.10     13.10     14.00     14.60     15.00     15.00
     14.90     14.60     14.30     14.10     14.10     14.30     14.90     15.70     16.70     17.70
     18.80     19.70     20.30     20.70     20.70     20.30     19.50     18.30     16.80     14.90
     12.80     10.40      7.80      5.20      2.60      0.10     -2.30     -4.30     -6.10     -7.40
     -8.40     -9.00     -9.30
     19.30     19.50     19.30     18.70     17.60     16.10     14.30     12.20     10.00      7.60
      5.10      2.70      0.40     -1.80     -3.60     -5.10     -6.00     -6.40     -6.20     -5.40
     -4.30     -3.00     -1.60     -0.40      0.50      1.00      1.20      1.30      1.30      1.60
      2.20      3.40      5.10      7.20      9.40     11.60     13.40     14.70     15.20     14.90
     14.00     12.50     10.90      9.20      7.80      6.70      6.10      5.90      6.10      6.40
      6.90      7.50      8.00      8.50      9.10      9.60     10.10     10.50     10.80     10.80
     10.50      9.80      8.50      6.80      4.50      1.90     -0.90     -3.70     -6.30     -8.60
    -10.30    -11.30    -11.80
     21.70     23.90     25.50     26.30     26.30     25.70     24.40     22.80     20.90     19.00
     17.10     15.10     13.30     11.40      9.40      7.50      5.70      3.90      2.40      1.00
     -0.20     -1.20     -2.20     -3.20     -4.40     -5.50     -6.50     -7.20     -7.50     -7.00
     -5.60     -3.40     -0.50      3.00      6.60      9.90     12.60     14.20     14.70     14.00
     12.30     10.00      7.30      4.80      2.70      1.10      0.30      0.00      0.00      0.30
      0.60      1.00      1.40      1.90      2.80      3.90      5.40      7.20      9.20     11.00
     12.60     13.50     13.70     13.00     11.40      9.00      5.90      2.30     -1.20     -4.50
     -7.10     -8.80     -9.50
     14.90     18.10     20.90     23.10     24.90     26.00     26.80     27.30     27.80     28.40
     29.10     29.90     30.40     30.60     30.10     28.80     26.70     23.90     20.40     16.50
     12.40      8.20      4.10      0.20     -3.10     -5.70     -7.50     -8.30     -8.00     -6.70
     -4.50     -1.60      1.80      5.30      8.60     11.40     13.30     14.10     13.70     12.20
      9.80      6.80      3.70      0.90     -1.20     -2.60     -3.20     -3.20     -2.80     -2.20
     -1.80     -1.60     -1.60     -1.50     -1.10     -0.20      1.20      3.20      5.60      8.20
     10.70     13.00     14.90     16.20     16.70     16.30     15.00     12.90     10.30      7.50
      5.00      3.20      2.50
      5.90      7.80     10.00     12.30     14.60     16.90     19.30     21.90     24.90     28.10
     31.60     35.10     38.30     40.80     42.40     42.70     41.70     39.40     35.90     31.50
     26.20     20.50     14.80      9.50      5.10      2.10      0.70      0.80      2.30      4.70
      7.50     10.20     12.30     13.90     14.70     14.90     14.60     13.70     12.50     10.80
      8.60      6.10      3.50      0.90     -1.30     -3.00     -4.00     -4.30     -4.30     -4.00
     -3.80     -3.90     -4.40     -5.00     -5.50     -5.70     -5.50     -4.60     -3.20     -1.20
      1.20      4.20      7.60     11.30     15.00     18.40     20.90     22.40     22.70     22.00
     20.70     19.30     18.40
      0.50      1.00      1.80      2.90      4.40      6.30      8.70     11.70     15.20     19.00
     23.10     27.20     31.00     34.10     36.50     38.00     38.50     38.10     36.60     34.10
     30.50     26.00     20.90     16.00     11.90      9.40      8.80     10.30     13.20     16.80
     19.90     21.90     22.20     20.90     18.50     15.70     13.20     11.30     10.30     10.00
     10.00      9.70      8.80      7.20      4.80      2.00     -0.60     -2.80     -4.20     -5.00
     -5.40     -5.80     -6.50     -7.50     -8.80    -10.10    -11.00    -11.40    -11.30    -10.60
     -9.00     -6.40     -2.60      2.40      8.20     14.40     20.00     24.50     27.30     28.50
     28.30     27.40     26.30
     -2.10     -1.00     -0.50     -0.30     -0.20      0.20      1.00      2.60      4.90      7.60
     10.60     13.50     16.10     18.20     19.90     21.30     22.50     23.50     24.10     24.00
     22.90     20.60     17.30     13.40      9.90      7.70      7.70      9.80     13.70     18.10
     21.80     23.50     22.80     19.80     15.30     10.60      6.90      4.90      5.00      6.90
      9.80     12.80     14.60     14.60     12.50      8.90      4.40      0.30     -2.80     -4.60
     -5.20     -5.40     -5.80     -6.60     -7.80     -9.20    -10.40    -11.10    -11.50    -11.40
    -10.80     -9.30     -6.70     -2.80      2.20      7.70     13.00     17.40     20.30     21.70
     22.00     21.60     21.00
     -4.60     -1.50      0.20      0.20     -0.70     -2.10     -3.10     -3.30     -2.60     -1.00
      1.10      3.30      5.30      6.90      8.10      8.90      9.60     10.40     11.20     11.70
     11.60     10.40      8.00      4.90      1.80     -0.40     -0.80      1.00      4.60      9.10
     13.10     15.30     14.90     12.00      7.40      2.50     -1.50     -3.50     -2.90      0.00
      4.60      9.60     13.60     15.50     14.70     11.40      6.80      2.30     -1.00     -2.50
     -2.50     -1.70     -1.00     -0.90     -1.30     -1.80     -2.20     -2.30     -2.30     -2.40
     -2.70     -2.90     -2.70     -1.70      0.00      2.10      4.20      6.00      7.10      7.70
      7.90      8.10      8.70
     -5.50     -1.30      1.40      2.10      1.10     -0.80     -3.00     -4.60     -5.20     -4.50
     -2.70     -0.20      2.40      4.70      6.20      7.00      7.10      6.70      6.10      5.20
      4.10      2.80      1.10     -1.00     -3.30     -5.30     -6.30     -5.90     -3.80     -0.50
      3.00      5.60      6.30      4.90      1.90     -1.80     -5.10     -6.90     -6.80     -4.50
     -0.70      3.90      8.00     10.60     11.10      9.50      6.50      3.60      1.80      1.60
      2.90      4.90      6.70      7.90      8.60      9.20     10.00     10.70     10.90     10.20
      8.50      6.30      3.90      1.90      0.30     -0.90     -1.90     -2.80     -3.40     -3.70
     -3.70     -3.30     -2.10
     -1.30      1.50      4.10      5.80      6.30      5.40      3.60      1.20     -0.90     -2.00
     -1.60     -0.10      2.10      4.30      6.00      7.00      7.10      6.30      4.90      3.10
      1.50      0.40      0.00     -0.10     -0.40     -1.20     -2.60     -3.90     -4.40     -3.40
     -1.40      1.10      3.00      3.60      3.00      1.60      0.10     -0.70     -0.50      0.60
      2.50      4.60      6.70      8.20      8.70      8.30      7.30      6.40      6.20      7.00
      8.70     10.60     12.40     13.80     15.20     16.60     18.20     19.30     19.20     17.60
     14.60     11.00      7.40      4.30      1.50     -1.10     -3.60     -5.60     -7.10     -8.00
     -8.50     -8.70     -8.10
      7.00      6.30      7.40      9.80     12.40     13.90     13.60     11.20      7.70      4.20
      1.60      0.10     -0.50     -0.60     -0.30      0.40      1.30      2.10      2.50      2.30
      2.20      2.90      4.80      7.30      9.40      9.90      8.30      5.30      2.30      0.60
      0.90      2.80      5.20      7.10      8.10      8.50      8.70      9.40     10.40     11.40
     11.90     11.80     11.20     10.50      9.90      9.50      9.20      9.00      9.00      9.20
      9.50      9.90     10.30     10.80     11.80     13.40     15.20     16.60     16.80     15.50
     13.10     10.50      8.30      6.50      4.70      2.30     -0.50     -3.30     -5.60     -7.40
     -8.60     -9.50     -9.30
     14.10      9.70      8.20      9.90     13.30     16.50     17.50     15.70     12.10      7.80
      3.90      0.40     -2.80     -5.60     -7.20     -6.90     -4.60     -1.10      2.70      5.90
      8.60     11.80     15.70     20.10     23.40     24.30     22.20     17.70     12.60      8.80
      7.20      7.80      9.40     10.90     11.50     11.40     11.50     12.10     13.30     14.50
     14.90     14.20     12.70     11.00      9.70      8.90      8.40      7.70      6.70      5.40
      4.10      3.00      2.20      1.80      2.20      3.30      5.10      6.80      8.20      9.00
      9.50     10.30     11.60     12.60     12.60     10.70      7.10      2.70     -1.40     -4.50
     -6.30     -6.50     -4.80
     16.50     10.20      6.60      6.40      8.30     10.40     10.90      9.70      7.80      6.10
      4.90      3.60      1.60     -0.70     -2.10     -1.40      2.10      7.40     13.30     18.70
     23.30     27.60     32.10     36.40     39.20     39.30     36.30     30.90     24.50     19.00
     15.30     13.60     13.00     12.40     11.10      9.20      7.20      6.00      5.90      6.40
      7.00      7.20      6.90      6.50      6.40      6.30      5.90      4.70      3.10      1.50
      0.40      0.00      0.20      0.70      1.20      1.90      2.90      4.40      6.50      9.00
     12.10     15.80     19.60     22.70     23.70     22.00     17.60     11.60      5.50      1.00
     -0.80      0.80      5.50
     14.80     10.70      7.80      6.30      5.40      4.20      2.40      1.10      1.40      3.90
      7.80     11.70     14.30     15.60     16.70     18.80     22.30     26.90     31.70     36.10
     40.00     43.80     47.30     50.30     51.60     50.70     47.40     42.00     35.50     29.00
     23.30     18.90     15.80     13.40     11.10      8.40      5.60      3.20      1.60      1.10
      1.30      2.00      3.30      5.20      7.30      8.90      9.30      8.70      7.60      7.10
      8.10     10.30     13.10     15.60     17.00     17.50     17.50     17.50     18.20     19.50
     21.70     24.60     27.70     30.50     31.80     30.90     27.50     21.90     15.60     10.50
      8.60     11.30     17.80
     12.60     13.80     14.10     13.00     10.20      6.30      2.80      1.40      3.10      7.90
     14.50     21.20     27.00     31.50     34.90     37.70     40.00     41.90     43.40     44.90
     46.90     49.30     51.70     53.40     53.90     52.80     50.40     46.70     41.80     35.90
     29.70     24.10     19.90     17.40     16.00     15.20     14.30     13.20     12.20     11.20
     10.40     10.10     11.00     13.40     16.70     19.70     21.50     21.90     21.90     22.70
     25.10     28.70     32.60     35.70     37.40     37.50     36.40     34.70     32.70     30.90
     29.60     29.00     29.20     30.40     31.90     33.10     33.00     31.00     27.20     23.10
     21.00     22.70     27.70
     13.70     18.50     20.60     19.80     16.80     13.50     11.40     11.30     13.40     16.90
     21.20     25.60     30.00     34.00     37.20     39.10     39.40     38.60     37.60     37.40
     38.30     40.00     41.80     43.10     43.80     44.00     43.70     42.80     40.80     37.40
     33.20     28.90     25.80     24.30     24.30     25.40     26.80     28.30     29.10     28.70
     26.80     24.30     22.70     23.40     26.30     29.90     32.70     34.20     35.00     36.20
     37.90     39.90     41.40     42.20     42.10     41.20     39.40     37.00     34.00     30.70
     27.60     25.10     23.80     24.00     26.00     29.30     33.20     36.10     36.70     35.30
     33.40     32.80     33.80
     18.80     21.20     20.60     18.30     16.40     16.60     18.60     21.20     22.70     22.80
     22.10     21.50     21.90     23.00     24.00     24.10     23.00     21.40     20.40     20.50
     21.70     23.20     24.60     25.90     27.40     29.30     31.20     32.70     33.10     32.60
     31.40     30.00     29.10     28.60     28.50     29.00     30.20     32.10     33.90     34.20
     32.00     27.90     24.20     23.10     25.10     28.70     32.00     34.10     35.40     36.30
     36.80     36.10     34.10     31.30     28.40     25.80     23.70     21.90     20.40     19.00
     17.70     16.80     16.60     17.20     19.10     22.80     28.30     34.50     39.50     41.60
     40.80     38.30     35.20
     23.00     19.40     14.00     10.00      9.90     13.90     19.40     23.10     22.90     19.60
     15.20     11.70      9.80      9.10      8.60      7.70      6.60      5.90      6.00      7.10
      8.60      9.70     10.30     11.20     13.10     15.80     18.60     20.40     21.20     21.70
     22.40     23.40     24.40     24.60     23.90     22.50     21.50     21.50     22.40     22.70
     21.10     17.60     14.10     12.90     14.50     17.60     20.40     22.40     24.10     25.50
     25.90     24.40     21.20     16.90     12.40      8.60      6.00      5.20      5.90      7.30
      8.50      9.40     10.20     11.10     12.30     14.60     19.00     25.50     32.30     37.00
     37.80     34.90     29.60
     19.30     12.80      6.60      3.70      5.60     11.00     16.20     17.60     14.50      9.00
      4.10      1.30      0.30      0.00     -0.30     -0.50     -0.50     -0.10      0.70      1.80
      2.70      3.10      3.10      3.30      4.60      6.70      8.40      8.90      8.40      8.10
      8.90     10.80     12.80     14.10     14.00     12.60     10.50      8.80      8.20      8.10
      7.60      6.20      4.80      4.70      5.90      7.60      9.00     10.20     12.00     14.00
     15.10     14.50     12.30      9.30      5.80      2.40      0.00     -0.30      1.30      2.90
      3.40      2.60      1.90      2.20      3.20      4.80      7.70     12.40     18.10     22.70
     24.10     21.80     16.80
      7.60      4.40      2.60      3.00      5.90      9.50     11.00      8.60      3.20     -2.30
     -5.50     -6.20     -5.80     -5.60     -5.30     -4.50     -3.30     -2.40     -2.00     -1.70
     -1.10     -0.40     -0.10     -0.10      0.20      0.70      0.80      0.00     -1.20     -1.80
     -1.20      0.50      2.70      4.80      6.30      6.70      5.70      4.00      2.50      2.00
      2.20      2.60      3.00      3.40      3.60      3.40      3.10      3.70      5.50      7.40
      8.00      7.10      5.80      4.80      3.90      2.60      1.30      1.40      2.40      2.00
     -1.10     -5.80     -9.00     -8.80     -6.10     -2.80      0.00      2.60      5.40      7.30
      7.50      5.60      2.60
     -2.70     -0.60      1.90      3.80      4.90      5.00      3.20     -0.50     -5.10     -8.40
     -9.30     -8.80     -8.80    -10.00    -10.90    -10.50     -9.10     -8.30     -8.40     -8.50
     -7.50     -5.50     -3.90     -3.40     -3.80     -4.40     -5.00     -5.40     -5.50     -4.70
     -3.20     -1.50      0.00      1.40      2.90      3.90      3.90      2.80      1.30      0.50
      0.70      1.50      2.20      2.30      1.40     -0.10     -0.90      0.00      2.00      3.30
      2.20     -0.50     -2.40     -2.20     -0.90      0.00      0.10      0.30      0.20     -1.90
     -7.10    -13.20    -16.40    -14.40     -8.90     -3.40      0.10      1.40      1.20     -0.10
     -2.20     -4.20     -5.20
     -2.60      1.00      2.90      2.10     -0.30     -2.90     -4.80     -6.50     -7.90     -8.20
     -7.20     -6.40     -7.80    -11.40    -15.10    -16.50    -16.00    -15.40    -15.50    -15.60
    -14.40    -12.00    -10.00     -9.30     -9.60    -10.00     -9.90     -9.10     -7.40     -5.00
     -2.30     -0.40      0.40      0.20     -0.20     -0.70     -1.40     -2.50     -3.70     -4.40
     -4.50     -4.10     -3.70     -3.80     -4.80     -6.00     -6.10     -4.40     -2.00     -0.90
     -2.70     -5.90     -8.00     -7.50     -5.40     -3.90     -3.70     -4.30     -5.50     -7.70
    -11.00    -13.70    -13.30     -8.90     -2.70      2.60      5.20      5.50      4.10      1.30
     -2.30     -5.00     -5.10
      4.50      5.80      3.90     -0.60     -5.20     -7.70     -7.80     -6.80     -6.00     -4.90
     -3.10     -2.00     -3.60     -8.40    -14.00    -17.50    -17.90    -17.00    -16.60    -17.00
    -17.20    -17.10    -16.90    -16.90    -16.70    -16.00    -14.90    -13.40    -11.30     -8.90
     -6.60     -4.90     -4.30     -4.70     -5.90     -7.60     -9.10    -10.10    -10.60    -10.90
    -11.10    -10.90    -10.50    -10.00     -9.90     -9.90     -9.20     -7.30     -5.00     -3.70
     -4.00     -5.00     -5.40     -4.60     -3.40     -2.90     -3.80     -5.70     -7.70     -9.10
     -8.80     -6.30     -1.90      3.00      6.60      8.00      8.00      7.60      7.10      5.50
      2.20     -1.00     -2.00
      7.20      6.30      2.60     -1.90     -5.10     -5.70     -4.40     -3.20     -2.90     -2.90
     -1.70     -0.20     -0.70     -4.60    -10.20    -14.10    -14.70    -13.10    -12.00    -12.80
    -15.30    -18.50    -21.00    -22.00    -21.30    -19.70    -18.20    -17.00    -16.00    -15.30
    -14.80    -14.30    -13.40    -12.40    -11.80    -12.10    -12.70    -12.90    -12.50    -12.20
    -12.20    -12.00    -11.30    -10.30     -9.40     -8.40     -7.40     -6.10     -4.80     -3.50
     -1.90      0.10      1.70      2.40      2.00      1.10      0.00     -1.70     -3.60     -4.10
     -1.70      3.50      8.90     11.70     10.90      8.10      5.50      4.90      6.00      6.70
      5.50      2.70      0.50
      1.30      0.40     -1.40     -2.50     -2.30     -1.30     -0.40     -0.40     -1.80     -3.30
     -3.40     -2.20     -1.90     -4.10     -8.20    -11.40    -11.80    -10.00     -8.50     -9.10
    -12.10    -16.30    -19.60    -20.50    -19.30    -17.60    -16.50    -15.90    -15.50    -15.70
    -16.90    -18.10    -17.90    -15.90    -13.50    -12.00    -11.20    -10.30     -9.20     -8.60
     -8.50     -8.40     -7.90     -7.30     -6.70     -5.90     -4.70     -3.70     -3.20     -2.70
     -1.00      2.10      4.40      4.30      2.50      1.30      1.70      2.40      2.40      2.70
      5.30      9.60     12.90     12.70      9.40      5.00      1.70      0.80      2.20      4.50
      5.90      5.10      2.70
     -5.90     -6.00     -5.30     -3.60     -1.70     -0.80     -0.80     -1.50     -2.60     -4.10
     -5.00     -4.90     -4.50     -5.30     -7.70    -10.20    -11.30    -10.70     -9.70     -9.60
    -10.90    -12.90    -14.10    -13.60    -11.90    -10.50    -10.00     -9.50     -8.40     -7.80
     -8.80    -11.10    -12.60    -12.20    -10.90     -9.80     -9.10     -7.90     -6.60     -5.90
     -5.90     -6.10     -6.30     -6.80     -7.70     -7.80     -6.50     -4.80     -4.20     -4.50
     -3.90     -1.90     -0.10     -0.60     -2.60     -3.30     -1.20      1.90      4.20      5.70
      7.80     10.20     10.90      9.10      5.90      2.80      0.20     -1.40     -1.40      0.70
      3.90      5.70      4.80
     -7.30     -7.00     -5.90     -4.40     -3.50     -3.90     -4.60     -4.60     -4.20     -4.70
     -5.90     -6.40     -5.80     -5.10     -5.90     -8.00    -10.20    -11.50    -11.90    -11.60
    -11.20    -10.70     -9.60     -7.80     -5.60     -4.40     -4.10     -3.60     -1.60      0.60
      1.00     -1.00     -3.70     -5.90     -7.50     -8.80     -9.20     -8.20     -6.80     -6.20
     -6.60     -7.20     -7.90     -9.20    -11.00    -12.10    -11.20     -9.10     -7.80     -8.00
     -8.40     -7.30     -5.80     -5.60     -6.80     -7.30     -5.60     -2.50      0.60      3.10
      5.50      7.00      6.50      4.50      2.70      1.50     -0.20     -2.80     -4.50     -3.40
      0.00      3.40      4.40
     -5.20     -4.60     -4.60     -4.80     -5.40     -6.50     -7.10     -6.60     -5.80     -6.30
     -7.70     -8.00     -6.40     -4.40     -3.90     -5.20     -7.10     -8.80    -10.10    -10.70
    -10.70    -10.30     -9.30     -7.70     -5.60     -4.00     -3.50     -3.20     -1.70      0.70
      2.30      1.90     -0.20     -3.30     -6.30     -8.80     -9.60     -8.70     -7.30     -6.90
     -7.90     -9.00     -9.70    -10.50    -12.00    -13.40    -13.50    -12.10    -10.60    -10.20
    -10.50     -9.80     -8.10     -6.80     -7.00     -7.80     -7.90     -6.70     -4.70     -2.00
      0.70      2.20      1.90      0.50     -0.40     -0.70     -2.10     -4.80     -7.10     -6.80
     -4.30     -1.50      0.40
     -5.70     -4.80     -5.70     -6.80     -7.20     -7.20     -6.90     -6.40     -6.50     -7.90
     -9.60     -9.60     -7.60     -5.20     -4.40     -4.50     -4.40     -4.20     -4.90     -6.70
     -8.70    -10.40    -11.30    -11.30     -9.90     -8.00     -7.10     -7.20     -7.20     -6.10
     -4.40     -3.50     -4.10     -5.80     -7.80     -9.20     -9.50     -8.70     -7.90     -8.10
     -9.40    -10.60    -11.00    -10.50    -10.50    -11.40    -12.30    -12.20    -11.20    -10.40
    -10.30    -10.00     -8.80     -7.30     -6.70     -7.40     -8.20     -8.30     -7.20     -5.40
     -3.30     -1.90     -1.80     -2.40     -2.70     -2.90     -4.30     -6.60     -8.30     -8.20
     -6.90     -5.70     -4.10
     -8.20     -7.80     -9.40    -10.50     -9.60     -7.60     -5.90     -5.00     -5.10     -6.30
     -7.70     -7.90     -6.80     -6.00     -6.00     -5.50     -3.50     -1.20     -1.00     -3.40
     -6.70     -9.60    -11.80    -13.30    -13.30    -12.20    -11.30    -11.60    -12.50    -12.60
    -11.60    -10.50    -10.30    -10.60    -10.80    -10.80    -10.80    -11.00    -11.50    -12.00
    -12.80    -13.40    -13.30    -11.90    -10.20     -9.70    -10.60    -11.50    -11.30    -10.80
    -10.90    -11.30    -11.00     -9.90     -8.80     -8.40     -8.20     -7.50     -6.70     -5.80
     -5.00     -4.30     -3.70     -3.30     -3.00     -3.30     -4.70     -6.80     -8.20     -8.00
     -7.10     -6.40     -5.50
     -7.00     -7.70    -10.00    -11.20    -10.10     -7.80     -5.70     -4.00     -2.60     -2.10
     -2.60     -3.20     -3.50     -4.00     -4.70     -4.50     -2.60     -0.70     -1.10     -3.60
     -6.30     -8.10     -9.90    -12.30    -14.50    -15.40    -15.50    -15.80    -16.30    -16.20
    -15.20    -14.30    -14.20    -14.40    -13.90    -13.20    -13.50    -15.00    -16.60    -17.20
    -17.00    -16.70    -16.10    -14.30    -11.60     -9.70     -9.90    -11.20    -12.20    -12.60
    -13.10    -13.50    -13.10    -11.80    -10.30     -9.20     -7.90     -6.40     -5.30     -5.10
     -5.20     -4.80     -3.80     -2.90     -2.50     -3.00     -4.60     -6.80     -8.20     -7.90
     -6.10     -4.30     -3.20
    -22.50    -22.40    -22.20    -22.00    -21.70    -21.40    -21.00    -20.60    -20.20    -19.80
    -19.20    -18.70    -18.10    -17.50    -16.90    -16.20    -15.50    -14.70    -14.00    -13.20
    -12.40    -11.50    -10.70     -9.80     -8.90     -8.00     -7.00     -6.10     -5.10     -4.20
     -3.20     -2.20     -1.20     -0.20      0.80      1.80      2.70      3.70      4.70      5.70
      6.60      7.50      8.50      9.40     10.30     11.10     12.00     12.80     13.60     14.40
     15.20     15.90     16.60     17.20     17.90     18.40     19.00     19.50     20.00     20.50
     20.90     21.20     21.60     21.80     22.10     22.30     22.50     22.60     22.60     22.70
     22.70     22.60     22.50
    -16.30    -16.00    -15.70    -15.50    -15.20    -14.90    -14.70    -14.40    -14.10    -13.90
    -13.60    -13.30    -13.00    -12.80    -12.50    -12.20    -11.90    -11.60    -11.20    -10.90
    -10.60    -10.20     -9.90     -9.50     -9.10     -8.70     -8.30     -7.90     -7.40     -6.90
     -6.40     -5.90     -5.40     -4.80     -4.30     -3.60     -3.00     -2.30     -1.70     -0.90
     -0.20      0.60      1.40      2.20      3.10      3.90      4.80      5.80      6.70      7.70
      8.70      9.70     10.70     11.70     12.80     13.80     14.80     15.90     16.90     17.90
     18.90     19.80     20.80     21.60     22.50     23.30     24.00     24.70     25.30     25.90
     26.30     26.70     27.00
    -10.30    -10.20    -10.10    -10.10    -10.10    -10.20    -10.30    -10.40    -10.50    -10.70
    -10.80    -10.80    -10.90    -10.90    -10.90    -10.90    -10.80    -10.60    -10.50    -10.20
    -10.00     -9.70     -9.40     -9.10     -8.80     -8.50     -8.20     -7.90     -7.60     -7.30
     -7.00     -6.80     -6.50     -6.20     -5.90     -5.60     -5.20     -4.90     -4.50     -4.10
     -3.60     -3.10     -2.60     -2.10     -1.50     -1.00     -0.40      0.30      0.90      1.60
      2.30      3.00      3.80      4.50      5.40      6.30      7.20      8.20      9.30     10.40
     11.60     12.90     14.20     15.50     16.90     18.30     19.70     21.00     22.30     23.60
     24.80     25.80     26.80
     -4.20     -4.50     -4.80     -5.30     -6.00     -6.70     -7.50     -8.30     -9.20    -10.00
    -10.80    -11.50    -12.00    -12.50    -12.70    -12.80    -12.70    -12.40    -12.00    -11.40
    -10.60     -9.80     -9.00     -8.10     -7.20     -6.40     -5.60     -4.90     -4.30     -3.80
     -3.30     -3.00     -2.60     -2.30     -2.10     -1.80     -1.50     -1.20     -0.90     -0.50
     -0.20      0.20      0.60      0.90      1.20      1.40      1.50      1.40      1.30      1.10
      0.70      0.30     -0.20     -0.70     -1.10     -1.50     -1.80     -1.80     -1.70     -1.30
     -0.70      0.30      1.50      3.00      4.70      6.70      8.80     11.10     13.40     15.70
     18.00     20.10     22.00
      1.50      1.00      0.40     -0.50     -1.50     -2.80     -4.30     -6.00     -7.70     -9.50
    -11.20    -12.70    -14.00    -15.00    -15.60    -15.80    -15.60    -14.90    -13.90    -12.50
    -10.90     -9.20     -7.30     -5.50     -3.70     -2.10     -0.70      0.60      1.60      2.40
      3.10      3.60      4.00      4.30      4.60      4.90      5.20      5.70      6.20      6.80
      7.40      8.10      8.70      9.20      9.60      9.70      9.40      8.80      7.80      6.40
      4.50      2.30     -0.10     -2.80     -5.40     -8.00    -10.40    -12.40    -14.00    -15.00
    -15.30    -15.00    -14.00    -12.30    -10.10     -7.40     -4.20     -0.80      2.80      6.40
      9.90     13.30     16.30
      4.20      3.80      3.20      2.50      1.40      0.00     -1.70     -3.80     -6.10     -8.60
    -11.00    -13.20    -15.10    -16.50    -17.20    -17.20    -16.60    -15.30    -13.40    -11.10
     -8.60     -5.90     -3.30     -0.80      1.40      3.30      4.90      6.20      7.20      8.00
      8.60      9.00      9.30      9.60      9.70      9.90     10.20     10.60     11.20     11.90
     12.80     13.80     14.90     15.80     16.60     17.00     16.80     16.10     14.50     12.20
      9.10      5.40      1.10     -3.60     -8.40    -13.10    -17.50    -21.40    -24.40    -26.60
    -27.70    -27.80    -26.70    -24.70    -21.80    -18.10    -13.80     -9.20     -4.50      0.30
      4.80      8.90     12.50
      3.00      2.50      2.00      1.40      0.50     -0.80     -2.50     -4.60     -7.00     -9.60
    -12.20    -14.50    -16.30    -17.30    -17.50    -16.70    -15.00    -12.60     -9.60     -6.30
     -3.00      0.00      2.70      4.90      6.50      7.70      8.60      9.30      9.90     10.50
     11.10     11.70     12.20     12.50     12.60     12.60     12.40     12.20     12.10     12.20
     12.60     13.40     14.40     15.60     16.80     17.80     18.10     17.70     16.40     14.00
     10.60      6.30      1.20     -4.40    -10.10    -15.80    -21.10    -25.70    -29.40    -32.10
    -33.60    -33.80    -32.80    -30.60    -27.40    -23.20    -18.40    -13.20     -7.80     -2.60
      2.40      6.80     10.60
      2.40      1.00     -0.30     -1.60     -3.00     -4.70     -6.60     -8.70    -11.10    -13.50
    -15.80    -17.70    -18.90    -19.30    -18.50    -16.60    -13.70     -9.90     -5.70     -1.50
      2.20      5.20      7.30      8.50      8.80      8.80      8.60      8.60      9.10     10.10
     11.50     13.10     14.60     15.60     16.00     15.60     14.50     12.90     11.20      9.60
      8.60      8.30      8.90     10.10     11.70     13.30     14.40     14.80     14.20     12.40
      9.40      5.50      0.90     -4.10     -9.20    -14.30    -19.00    -23.30    -26.90    -29.70
    -31.70    -32.70    -32.70    -31.60    -29.30    -26.10    -21.90    -16.90    -11.50     -5.90
     -0.40      4.60      8.80
      6.80      4.10      1.20     -1.80     -4.60     -7.40     -9.90    -12.30    -14.70    -16.90
    -18.90    -20.60    -21.70    -21.90    -21.00    -18.80    -15.50    -11.20     -6.50     -1.90
      2.00      4.80      6.40      6.70      6.30      5.50      5.00      5.20      6.50      8.90
     12.00     15.40     18.40     20.50     21.10     20.10     17.60     14.10     10.10      6.30
      3.60      2.20      2.30      3.70      6.10      8.60     10.70     11.90     11.90     10.60
      8.20      5.00      1.40     -2.20     -5.80     -9.10    -12.30    -15.40    -18.50    -21.60
    -24.60    -27.40    -29.60    -31.00    -31.20    -30.10    -27.50    -23.50    -18.30    -12.20
     -5.60      0.80      6.50
     14.20     10.60      6.50      2.20     -1.90     -5.50     -8.60    -11.10    -13.20    -15.20
    -17.10    -19.10    -21.00    -22.30    -22.80    -22.10    -20.10    -17.00    -13.10     -9.10
     -5.50     -2.90     -1.30     -0.60     -0.40     -0.20      0.60      2.50      5.50      9.70
     14.40     19.10     22.90     25.20     25.40     23.40     19.30     13.80      7.80      2.30
     -1.70     -3.60     -3.30     -1.10      2.40      6.10      9.20     11.10     11.30      9.90
      7.50      4.50      1.70     -0.70     -2.40     -3.70     -4.90     -6.50     -8.80    -12.00
    -16.00    -20.50    -25.10    -29.20    -32.10    -33.50    -32.90    -30.20    -25.50    -18.90
    -11.20     -3.20      4.20
     18.10     15.00     11.20      7.00      3.00     -0.50     -3.10     -5.00     -6.40     -7.90
     -9.80    -12.40    -15.50    -18.80    -21.60    -23.50    -24.00    -23.20    -21.40    -19.20
    -16.90    -14.90    -12.90    -10.90     -8.50     -5.30     -1.30      3.50      8.80     14.20
     19.10     23.20     25.90     26.80     25.70     22.50     17.40     11.00      4.30     -1.80
     -6.20     -8.20     -7.70     -5.00     -0.80      3.70      7.60     10.00     10.40      8.90
      6.10      2.90      0.20     -1.50     -2.00     -1.60     -0.90     -0.60     -1.60     -4.00
     -7.70    -12.60    -17.90    -23.10    -27.50    -30.60    -31.90    -31.00    -27.60    -21.90
    -14.40     -6.20      1.60
     16.20     14.40     11.90      9.00      6.20      4.10      2.70      2.10      1.60      0.70
     -1.20     -4.40     -8.60    -13.20    -17.70    -21.20    -23.70    -25.10    -25.90    -26.40
    -26.70    -26.40    -24.80    -21.50    -15.90     -8.30      0.50      9.20     16.70     22.30
     25.50     26.70     26.20     24.40     21.70     18.00     13.40      8.10      2.50     -2.80
     -7.10     -9.60    -10.00     -8.40     -5.10     -1.00      3.00      6.00      7.20      6.40
      4.00      0.70     -2.40     -4.20     -4.40     -3.10     -1.00      0.90      2.00      1.60
     -0.30     -3.40     -7.20    -11.50    -15.80    -19.60    -22.60    -24.00    -23.20    -20.00
    -14.80     -8.20     -1.70
     14.20     12.70     10.50      8.20      6.30      5.40      5.60      6.30      6.80      6.40
      4.50      0.90     -3.80     -8.90    -13.40    -17.00    -19.70    -22.00    -24.70    -28.20
    -31.90    -34.60    -34.70    -30.70    -22.00     -9.60      4.40     17.30     26.80     31.50
     31.60     28.40     23.60     18.80     14.90     11.90      9.50      7.10      4.30      1.00
     -2.50     -5.90     -8.50     -9.90     -9.70     -7.80     -4.50     -0.70      2.30      3.50
      2.60     -0.20     -3.70     -6.40     -7.40     -6.20     -3.50     -0.20      2.80      4.70
      5.50      5.00      3.60      1.20     -2.10     -6.30    -10.60    -14.40    -16.60    -16.40
    -13.90     -9.50     -4.60
     17.50     14.20     10.10      6.20      3.70      3.20      4.60      6.90      8.90      9.30
      7.60      3.80     -1.30     -6.50    -10.60    -13.40    -15.30    -17.40    -21.10    -26.80
    -33.70    -39.60    -41.60    -37.50    -26.50    -10.10      8.30     24.50     35.00     38.30
     34.90     27.30     18.60     11.40      7.00      5.40      5.70      6.70      7.30      6.80
      4.90      1.20     -3.60     -8.60    -12.50    -13.90    -12.20     -7.90     -2.60      1.50
      2.90      1.20     -2.50     -6.40     -8.50     -8.20     -5.60     -1.80      2.20      5.40
      7.70      9.00      9.20      8.10      5.40      1.30     -3.80     -8.70    -12.30    -13.70
    -12.60     -9.30     -4.80
     24.20     18.50     11.00      4.10     -0.20     -1.00      1.40      5.50      9.40     11.40
     10.40      6.70      1.20     -4.50     -8.90    -11.60    -13.20    -15.20    -19.20    -25.90
    -34.30    -41.70    -44.70    -40.50    -28.20     -9.90     10.50     27.90     38.20     39.80
     33.90     23.70     13.00      4.70      0.30     -0.40      1.50      4.60      7.90     10.10
     10.20      7.50      1.90     -5.60    -12.80    -17.30    -17.30    -12.80     -5.80      0.80
      4.30      3.80      0.20     -4.20     -7.10     -7.50     -5.40     -2.20      1.10      3.80
      5.80      7.00      7.40      6.50      4.10      0.30     -4.20     -8.30    -11.10    -11.90
    -10.50     -7.00     -1.80
     28.10     21.70     12.30      3.30     -2.70     -4.20     -1.60      3.60      9.00     12.40
     12.70      9.50      4.00     -2.20     -7.40    -10.80    -12.90    -15.30    -19.40    -25.90
    -33.80    -40.60    -42.90    -38.40    -26.40     -8.70     10.50     26.50     35.70     36.50
     30.40     20.40     10.10      2.20     -2.20     -3.00     -1.20      2.30      6.50     10.20
     12.00     10.60      5.20     -3.00    -11.80    -17.80    -18.80    -14.40     -6.70      0.90
      5.40      5.60      2.60     -1.30     -3.70     -3.90     -2.50     -0.70      0.60      1.20
      1.50      1.70      1.60      0.40     -2.00     -5.10     -8.10    -10.00    -10.80    -10.20
     -8.30     -4.70      1.30
     25.20     21.10     13.30      4.90     -1.30     -3.60     -2.20      2.00      6.90     10.50
     11.30      8.90      4.10     -1.50     -6.20     -9.50    -11.90    -14.50    -18.60    -24.40
    -30.70    -35.50    -36.40    -31.90    -21.60     -7.30      8.10     21.20     29.10     30.80
     27.00     19.70     11.60      4.60      0.00     -1.80     -1.00      2.10      6.40     10.50
     12.60     11.10      5.50     -3.00    -11.70    -17.40    -18.00    -13.40     -5.90      1.10
      5.10      5.40      3.20      0.80     -0.10      0.60      1.80      2.00      1.10     -0.50
     -1.60     -2.00     -2.60     -4.20     -7.00    -10.00    -11.90    -12.10    -11.10     -9.70
     -8.10     -4.90      1.50
     16.50     16.30     12.90      8.10      3.50      0.40     -0.50      0.90      3.40      5.40
      5.60      3.60      0.10     -3.30     -5.60     -6.60     -7.60     -9.70    -13.60    -18.80
    -23.70    -26.80    -26.90    -23.30    -16.30     -6.70      3.80     13.50     20.70     24.40
     24.10     20.50     14.80      8.40      2.90     -0.20      0.10      3.40      8.50     13.00
     14.40     11.30      4.00     -5.40    -13.60    -17.80    -17.00    -11.90     -5.10      0.60
      3.30      3.20      1.80      1.10      1.90      3.70      4.90      4.40      2.40      0.20
     -1.10     -1.40     -2.10     -4.70     -9.00    -13.50    -15.90    -15.60    -13.50    -11.50
     -9.70     -6.40      1.10
      5.30      8.70     10.40      9.90      7.30      3.80      0.90     -0.10      0.40      1.00
      0.30     -1.90     -4.30     -5.20     -4.10     -1.90     -0.50     -1.60     -5.20    -10.10
    -14.40    -16.90    -17.30    -15.70    -12.40     -7.80     -1.90      4.80     11.20     16.40
     19.10     18.50     14.70      8.60      2.20     -1.80     -1.50      3.20     10.10     15.70
     16.80     12.00      2.70     -7.80    -15.80    -19.00    -16.90    -11.40     -5.20     -0.70
      1.20      1.10      0.40      0.60      2.20      4.30      5.70      5.40      4.00      2.60
      2.20      2.40      1.30     -2.70     -9.50    -16.70    -21.20    -21.60    -18.70    -14.60
    -10.20     -4.20      5.70
     -3.50      1.90      6.80      8.60      6.60      2.60     -0.60     -1.20      0.20      1.40
      0.80     -1.50     -3.50     -3.00      0.00      4.10      6.50      5.70      2.20     -2.40
     -6.30     -8.90    -10.30    -11.10    -11.30    -10.40     -8.00     -4.10      0.90      5.80
      9.70     11.10      9.30      4.60     -1.30     -5.30     -4.70      0.90      9.30     16.20
     17.90     13.00      3.30     -7.50    -15.60    -18.60    -16.60    -11.40     -5.60     -1.30
      1.00      1.70      1.70      2.00      2.90      4.10      5.00      5.30      5.00      4.80
      5.10      5.50      4.00     -1.00     -9.60    -19.40    -26.60    -28.50    -24.80    -17.20
     -7.50      3.70     16.60
     -5.60      0.60      5.50      6.10      2.40     -2.30     -4.30     -2.00      2.80      6.60
      7.30      5.50      3.70      4.00      6.40      9.20     10.10      8.30      4.60      0.80
     -2.10     -4.30     -6.70     -9.40    -11.90    -13.30    -12.90    -11.00     -8.30     -5.10
     -1.80      0.80      1.50     -0.30     -3.80     -6.30     -5.50     -0.20      7.60     14.30
     16.50     13.00      5.10     -4.30    -11.80    -15.20    -14.20     -9.90     -4.50      0.20
      3.40      5.10      5.80      5.80      5.30      4.60      4.30      4.40      4.60      4.80
      5.10      5.00      3.70     -0.60     -8.70    -19.30    -28.70    -32.80    -29.30    -18.60
     -3.60     12.80     27.60
     -0.80      4.70      7.20      4.70     -1.30     -6.30     -6.30     -0.80      6.80     12.60
     14.60     13.60     12.10     11.60     12.00     11.60      9.50      6.00      2.40     -0.10
     -1.50     -2.80     -5.20     -8.70    -11.90    -13.70    -13.90    -13.40    -12.70    -11.80
    -10.00     -7.20     -4.50     -3.30     -3.60     -4.00     -2.50      1.70      7.20     11.60
     13.00     10.80      5.70     -0.70     -6.50     -9.90     -9.80     -6.50     -1.70      2.80
      6.00      7.90      9.00      9.00      7.60      5.40      3.40      2.60      2.70      2.90
      2.60      2.20      1.50     -0.80     -6.40    -15.60    -25.70    -31.90    -30.00    -19.00
     -1.70     16.60     30.80
      4.60      7.80      7.80      3.70     -1.90     -5.10     -3.10      3.30     10.60     15.50
     17.10     16.70     16.00     15.20     13.70     10.70      6.50      2.20     -0.80     -2.00
     -2.10     -2.50     -4.20     -6.90     -9.30    -10.40    -10.40    -10.40    -11.20    -12.00
    -11.70     -9.60     -6.80     -4.60     -3.40     -2.00      0.60      4.40      7.70      9.00
      8.10      6.00      3.50      0.80     -2.30     -4.90     -5.40     -3.00      0.70      3.80
      5.40      6.40      7.60      8.30      7.30      4.30      1.30      0.20      0.80      1.60
      1.30      0.40     -0.30     -1.00     -3.80    -10.20    -18.90    -25.70    -25.70    -17.00
     -1.90     13.90     24.90
      3.80      4.10      3.40      1.70      0.30      0.90      4.20      8.80     12.70     14.40
     14.50     14.50     14.60     14.10     11.90      8.10      3.90      0.50     -1.60     -2.30
     -2.30     -2.30     -3.00     -4.20     -5.20     -5.40     -5.20     -5.70     -7.30     -8.90
     -9.20     -7.90     -6.10     -5.00     -4.30     -2.60      0.80      4.90      7.00      6.00
      2.90      0.50      0.30      1.00      0.50     -1.40     -2.40     -1.20      1.20      2.50
      1.90      1.30      2.40      4.10      3.90      1.20     -1.60     -1.70      0.70      3.10
      3.10      1.20     -0.60     -1.30     -2.30     -5.70    -11.40    -16.50    -17.30    -11.90
     -2.00      8.40     15.30
     -2.20     -3.80     -2.90      0.20      4.20      7.80     10.50     11.90     11.70     10.70
     10.00     10.60     11.60     11.40      9.30      6.20      3.40      1.60      0.40     -0.70
     -1.50     -1.90     -2.10     -2.50     -2.70     -2.50     -2.60     -3.70     -5.90     -7.60
     -7.40     -5.60     -3.80     -3.50     -3.90     -3.30     -0.60      3.00      4.60      2.70
     -1.00     -2.90     -1.20      2.00      3.10      1.00     -1.40     -1.40      0.20      0.60
     -1.10     -2.60     -1.90      0.00     -0.10     -2.50     -4.10     -2.20      2.30      5.50
      4.90      1.60     -1.10     -1.80     -1.70     -2.70     -5.40     -8.00     -8.50     -6.00
     -1.50      3.10      6.60
     -7.10     -8.40     -5.10      1.60      8.00     11.40     11.60      9.80      7.60      6.10
      6.30      7.90      9.80     10.10      8.30      5.90      4.30      3.60      2.90      1.70
      0.40     -0.50     -1.30     -2.30     -3.10     -3.40     -3.60     -5.00     -7.30     -8.80
     -7.70     -4.50     -1.40      0.00     -0.50     -1.20     -0.50      1.20      1.90      0.30
     -2.60     -3.30     -0.30      3.90      5.10      2.00     -1.90     -2.70     -1.00     -0.20
     -1.60     -3.20     -2.80     -1.60     -2.50     -4.80     -5.10     -1.40      3.40      4.70
      1.50     -2.60     -3.80     -1.70      0.60      0.70     -1.20     -3.10     -3.80     -3.40
     -2.60     -1.60      0.30
     -6.90     -6.70     -2.10      4.70      9.60     10.20      7.50      4.30      2.50      2.50
      3.90      6.50      9.10     10.10      9.00      6.80      5.30      4.60      4.20      3.60
      3.10      2.30      0.50     -2.20     -4.50     -5.20     -5.10     -5.80     -7.60     -8.70
     -7.40     -3.90      0.10      2.70      3.20      2.20      1.10      0.60      0.40     -0.60
     -2.30     -2.40      0.60      4.50      5.00      1.20     -3.20     -3.80     -1.50     -0.10
     -1.50     -2.90     -2.40     -1.60     -3.00     -5.30     -4.50     -0.20      2.50     -0.60
     -7.40    -10.90     -7.00      0.80      6.20      5.80      1.80     -2.10     -4.20     -5.20
     -5.80     -5.60     -3.40
     -4.20     -3.10      0.80      5.40      7.40      5.70      2.20     -0.10     -0.10      1.10
      3.00      5.50      8.20     10.00      9.50      7.40      5.30      4.10      3.80      4.30
      5.10      5.10      3.00     -0.90     -4.20     -5.00     -4.00     -3.40     -4.10     -4.80
     -4.10     -2.10      0.30      2.30      3.40      3.20      1.80      0.40     -0.10     -0.40
     -1.30     -1.60      0.20      2.90      3.10     -0.30     -3.70     -3.50     -1.00     -0.50
     -2.90     -4.60     -3.30     -1.40     -2.10     -4.00     -2.90      0.50      0.40     -6.90
    -15.80    -16.80     -7.10      6.30     13.50     11.30      3.90     -2.90     -6.70     -8.50
     -9.10     -7.60     -3.70
     -2.30     -1.90     -0.10      2.10      2.80      1.30     -0.60     -0.80      0.70      2.30
      3.30      4.60      6.60      8.50      8.60      6.90      4.60      3.00      2.60      3.20
      4.60      5.30      3.80      0.40     -2.40     -2.80     -1.50     -0.30      0.00      0.40
      0.90      0.90      0.00     -0.40      0.40      1.20      0.70     -0.30     -0.50     -0.30
     -0.90     -1.60     -0.70      1.40      1.90     -0.40     -2.50     -1.60      0.30     -0.90
     -5.10     -7.10     -4.30     -0.40     -0.10     -2.10     -1.90      0.30     -1.40     -9.50
    -17.30    -15.30     -2.30     12.30     18.30     13.80      4.70     -2.90     -7.70    -10.60
    -11.30     -8.30     -1.70
     -1.60     -2.50     -2.60     -1.50     -0.60     -0.70     -0.70      0.60      2.80      4.20
      4.20      3.80      4.40      5.60      6.10      5.30      4.10      2.90      2.00      1.50
      1.70      2.00      1.50     -0.10     -1.20     -1.10     -0.30      0.10      0.60      2.10
      3.80      3.40      0.70     -1.50     -1.50     -0.40     -0.50     -1.60     -1.90     -1.40
     -1.40     -1.80     -0.80      1.50      2.60      1.00     -0.40      0.70      2.10     -0.20
     -5.10     -6.90     -3.10      1.70      2.10     -0.90     -2.40     -1.40     -2.50     -7.80
    -11.90     -7.80      3.90     14.70     17.10     11.60      4.10     -1.60     -6.40    -11.20
    -13.60     -9.90     -0.70
     -1.20     -2.50     -3.00     -2.00     -0.80     -0.30      0.10      1.50      3.70      4.90
      4.30      2.70      1.90      2.30      3.00      3.70      4.30      4.30      3.20      1.20
     -0.90     -1.90     -2.10     -1.90     -1.40     -0.70     -0.80     -1.80     -1.90      0.10
      3.20      4.30      2.50      0.30      0.00      0.50     -0.50     -2.60     -3.50     -2.90
     -2.10     -1.70     -0.30      2.10      3.20      1.70      0.30      1.50      3.10      1.70
     -2.20     -3.50     -0.10      3.50      2.60     -1.80     -4.50     -4.00     -3.50     -5.00
     -5.30     -0.80      6.90     12.00     11.00      6.60      3.00      0.40     -4.10    -11.10
    -15.90    -13.10     -2.60
     -2.10     -2.20     -1.60     -0.30      0.70      0.80      0.80      1.80      3.60      4.50
      3.40      1.10     -0.40     -0.40      0.90      2.80      4.90      6.30      5.80      3.10
     -0.60     -3.20     -3.90     -3.10     -1.60     -0.40     -0.50     -2.10     -3.20     -1.80
      1.40      3.90      3.90      3.10      2.80      2.30      0.20     -2.80     -4.10     -3.20
     -1.80     -1.10     -0.20      1.20      1.70      0.50     -0.40      1.10      3.30      3.20
      1.10      0.30      2.00      3.00      0.40     -4.00     -6.30     -5.50     -4.00     -3.20
     -1.70      1.80      5.60      6.60      4.70      2.60      2.40      2.20     -1.80     -9.60
    -15.80    -14.50     -5.40
     -4.40     -3.10     -1.30      0.20      0.90      0.90      1.00      2.10      3.50      3.80
      2.20     -0.20     -1.60     -1.30      0.10      2.30      5.00      7.30      7.80      5.40
      1.40     -2.10     -3.50     -2.80     -1.00      0.80      1.50      0.60     -0.90     -1.00
      0.80      3.00      3.80      3.70      3.40      2.60      0.50     -2.00     -2.90     -1.90
     -0.70     -0.60     -1.00     -0.90     -0.70     -0.90     -0.60      1.10      3.00      3.40
      2.50      2.00      1.80      0.40     -2.90     -5.80     -6.20     -4.70     -3.30     -2.30
     -0.80      1.50      3.00      2.70      1.50      1.30      2.50      2.90     -0.20     -6.50
    -12.10    -12.30     -6.40
     -5.30     -3.90     -2.60     -1.60     -1.00     -0.50      0.40      1.70      2.80      2.70
      1.30     -0.30     -1.20     -0.90      0.20      1.80      4.10      6.50      7.20      5.30
      1.70     -1.40     -2.50     -1.70      0.10      2.10      3.60      3.80      2.80      1.80
      1.70      2.20      2.40      2.00      1.60      1.20      0.30     -0.90     -1.30     -0.80
     -0.30     -0.90     -1.90     -2.40     -1.90     -0.90      0.50      1.90      2.50      2.30
      1.90      1.80      0.80     -1.80     -4.80     -5.70     -4.30     -2.50     -1.60     -1.10
      0.00      1.30      1.70      1.40      1.10      1.60      2.40      2.40      0.30     -3.80
     -7.90     -8.80     -6.00
     -2.60     -2.70     -3.20     -3.50     -2.90     -2.00     -1.30     -0.70      0.00      0.50
      0.50      0.30      0.00     -0.20      0.10      1.30      3.30      4.90      4.70      2.40
     -0.70     -2.50     -2.20     -0.60      1.10      2.60      4.10      5.10      5.20      4.20
      3.00      1.80      0.70     -0.30     -0.60     -0.30     -0.10     -0.30     -1.00     -1.60
     -2.10     -2.50     -2.80     -2.60     -1.70     -0.20      1.10      1.60      1.00      0.40
      0.60      1.10      0.30     -2.10     -4.00     -3.70     -1.80     -0.40     -0.10      0.40
      1.50      2.20      2.00      1.40      1.40      1.80      1.80      1.00     -0.70     -3.50
     -6.30     -7.30     -5.50
      1.50     -0.40     -2.60     -3.30     -2.40     -1.90     -2.70     -3.80     -3.80     -2.40
     -0.60      0.50      0.40     -0.10      0.20      1.90      3.90      4.20      2.10     -1.30
     -3.90     -4.00     -2.10      0.30      1.90      2.70      3.70      5.20      6.40      6.10
      4.20      1.60     -0.70     -1.80     -1.80     -1.10     -0.60     -0.90     -2.00     -3.40
     -4.30     -4.30     -3.60     -2.70     -1.70     -1.00     -0.70     -1.00     -1.60     -1.60
     -0.70      0.30      0.10     -1.10     -1.70     -0.70      0.70      1.20      1.10      1.90
      3.20      3.60      2.70      1.70      1.70      1.90      1.40     -0.10     -2.20     -4.60
     -6.70     -6.80     -4.50
      3.00      0.10     -2.30     -1.90      0.10      0.30     -2.10     -5.00     -5.70     -4.00
     -1.50      0.20      0.30      0.10      1.30      3.80      5.40      4.10      0.10     -3.80
     -5.30     -4.20     -1.90      0.20      1.70      2.50      3.70      5.70      7.70      8.00
      5.50      1.50     -1.60     -2.70     -2.30     -1.60     -1.50     -1.90     -2.50     -3.20
     -3.80     -4.10     -3.70     -3.00     -2.60     -2.90     -3.70     -4.30     -4.10     -3.10
     -1.80     -0.90     -0.60     -0.40      0.80      2.40      3.30      3.00      2.70      3.50
      4.80      4.90      3.60      2.40      2.30      2.40      1.50     -0.50     -2.80     -4.60
     -5.20     -4.30     -1.80
