diamond 4 20年06月27日20时1000百帕相对湿度
20 06 27  20  1000 
2.500 -2.500  .0  180.0   90.0  .0
73  37
     100.00     100.00     100.00     100.00     100.00     100.00     100.00     100.00     100.00     100.00
     100.00     100.00     100.00     100.00     100.00     100.00     100.00     100.00     100.00     100.00
     100.00     100.00     100.00     100.00     100.00     100.00     100.00     100.00     100.00     100.00
     100.00     100.00     100.00     100.00     100.00     100.00     100.00     100.00     100.00     100.00
     100.00     100.00     100.00     100.00     100.00     100.00     100.00     100.00     100.00     100.00
     100.00     100.00     100.00     100.00     100.00     100.00     100.00     100.00     100.00     100.00
     100.00     100.00     100.00     100.00     100.00     100.00     100.00     100.00     100.00     100.00
     100.00     100.00     100.00
     100.00     100.00     100.00     100.00     100.00      99.00      99.00      99.00      98.00      97.00
      97.00      96.00      96.00      96.00      95.00      95.00      95.00      95.00      94.00      94.00
      94.00      94.00      94.00      94.00      94.00      94.00      94.00      95.00      95.00      95.00
      95.00      95.00      95.00      95.00      95.00      96.00      96.00      96.00      96.00      96.00
      97.00      97.00      97.00      97.00      98.00      98.00      98.00      98.00      98.00      99.00
      99.00      99.00      99.00      99.00      99.00     100.00     100.00      99.00      99.00      99.00
      99.00      99.00      99.00      99.00      99.00      99.00      99.00     100.00     100.00      99.00
      99.00      99.00      99.00
      95.00      96.00      96.00      96.00      95.00      95.00      95.00      95.00      94.00      94.00
      94.00      94.00      94.00      94.00      94.00      94.00      95.00      95.00      96.00      96.00
      97.00      97.00      98.00      98.00      98.00      98.00      99.00      99.00      99.00      99.00
      99.00      98.00      98.00      98.00      98.00      97.00      97.00      97.00      97.00      96.00
      96.00      96.00      96.00      96.00      96.00      96.00      97.00      97.00      97.00      98.00
      98.00      98.00      98.00      98.00      98.00      97.00      97.00      96.00      96.00      95.00
      95.00      94.00      94.00      93.00      93.00      93.00      93.00      94.00      94.00      95.00
      95.00      95.00      95.00
      90.00      90.00      91.00      92.00      92.00      93.00      93.00      93.00      94.00      94.00
      95.00      96.00      97.00      98.00      99.00     100.00     100.00     100.00     100.00     100.00
     100.00     100.00     100.00     100.00     100.00     100.00     100.00     100.00     100.00     100.00
     100.00     100.00     100.00     100.00     100.00     100.00      99.00      98.00      97.00      96.00
      95.00      95.00      95.00      95.00      95.00      95.00      96.00      96.00      97.00      97.00
      98.00      98.00      98.00      98.00      98.00      97.00      96.00      95.00      94.00      93.00
      92.00      91.00      91.00      91.00      91.00      92.00      92.00      93.00      93.00      92.00
      91.00      89.00      86.00
      96.00      95.00      94.00      95.00      95.00      97.00      98.00      99.00      99.00      99.00
      99.00      99.00      98.00      98.00      98.00      98.00      98.00      99.00      99.00      99.00
      98.00      97.00      97.00      96.00      95.00      95.00      94.00      94.00      95.00      96.00
      97.00      98.00      99.00      99.00     100.00     100.00     100.00     100.00     100.00     100.00
     100.00     100.00     100.00     100.00     100.00      99.00      99.00      98.00      97.00      97.00
      96.00      96.00      96.00      96.00      96.00      96.00      96.00      95.00      95.00      94.00
      94.00      94.00      94.00      95.00      96.00      96.00      97.00      96.00      95.00      93.00
      90.00      86.00      82.00
      87.00      88.00      90.00      92.00      95.00      97.00      98.00      98.00      98.00      96.00
      93.00      91.00      89.00      88.00      87.00      88.00      88.00      87.00      86.00      84.00
      84.00      86.00      89.00      91.00      91.00      92.00      92.00      90.00      88.00      88.00
      89.00      91.00      92.00      93.00      93.00      95.00      96.00      98.00     100.00     100.00
     100.00     100.00     100.00     100.00     100.00     100.00     100.00      99.00      96.00      95.00
      95.00      95.00      97.00      97.00      98.00      99.00      99.00      99.00      98.00      96.00
      93.00      91.00      89.00      90.00      93.00      97.00      99.00     100.00     100.00     100.00
      95.00      87.00      78.00
      78.00      78.00      77.00      76.00      77.00      80.00      84.00      87.00      88.00      86.00
      85.00      85.00      85.00      85.00      84.00      83.00      82.00      81.00      82.00      84.00
      83.00      81.00      80.00      79.00      78.00      77.00      77.00      78.00      79.00      81.00
      83.00      84.00      85.00      86.00      87.00      90.00      93.00      97.00     100.00     100.00
     100.00     100.00     100.00     100.00      97.00      93.00      91.00      91.00      90.00      88.00
      88.00      90.00      92.00      94.00      96.00      96.00      95.00      92.00      88.00      84.00
      79.00      77.00      77.00      81.00      87.00      93.00      98.00     100.00     100.00     100.00
     100.00      99.00      96.00
      84.00      85.00      86.00      86.00      88.00      91.00      95.00      97.00      98.00      98.00
      97.00      96.00      96.00      96.00      94.00      92.00      89.00      86.00      84.00      83.00
      84.00      86.00      87.00      88.00      87.00      86.00      84.00      83.00      83.00      84.00
      87.00      90.00      91.00      91.00      91.00      90.00      89.00      90.00      91.00      93.00
      95.00      94.00      93.00      91.00      90.00      90.00      91.00      89.00      85.00      81.00
      77.00      76.00      78.00      81.00      84.00      86.00      84.00      80.00      77.00      78.00
      82.00      85.00      87.00      89.00      95.00     100.00     100.00     100.00     100.00     100.00
     100.00      99.00      98.00
      83.00      81.00      78.00      77.00      78.00      78.00      77.00      76.00      77.00      81.00
      87.00      92.00      97.00      99.00     100.00      99.00      98.00      96.00      93.00      90.00
      89.00      89.00      89.00      89.00      90.00      89.00      88.00      87.00      86.00      88.00
      90.00      93.00      95.00      95.00      94.00      92.00      90.00      88.00      87.00      88.00
      91.00      92.00      92.00      90.00      88.00      86.00      83.00      79.00      74.00      70.00
      67.00      67.00      69.00      72.00      76.00      79.00      79.00      75.00      72.00      72.00
      75.00      80.00      83.00      84.00      86.00      87.00      87.00      90.00      93.00      96.00
      96.00      94.00      93.00
      88.00      85.00      75.00      67.00      69.00      63.00      55.00      50.00      48.00      50.00
      55.00      60.00      64.00      69.00      75.00      84.00      93.00      99.00     100.00      98.00
      93.00      88.00      85.00      82.00      81.00      83.00      86.00      90.00      92.00      91.00
      88.00      86.00      86.00      87.00      88.00      89.00      89.00      88.00      86.00      85.00
      85.00      85.00      85.00      82.00      77.00      71.00      68.00      67.00      68.00      72.00
      75.00      76.00      74.00      72.00      71.00      71.00      72.00      72.00      72.00      73.00
      74.00      74.00      73.00      72.00      71.00      72.00      76.00      83.00      90.00      94.00
      94.00      92.00      90.00
      93.00      89.00      77.00      83.00      88.00      83.00      78.00      72.00      65.00      56.00
      52.00      47.00      43.00      45.00      53.00      67.00      82.00      90.00      90.00      87.00
      85.00      85.00      86.00      84.00      81.00      80.00      84.00      92.00      95.00      90.00
      81.00      73.00      69.00      69.00      70.00      72.00      71.00      68.00      65.00      63.00
      66.00      74.00      83.00      87.00      83.00      73.00      62.00      55.00      54.00      59.00
      66.00      74.00      77.00      76.00      73.00      70.00      66.00      64.00      65.00      68.00
      69.00      69.00      69.00      68.00      67.00      67.00      69.00      73.00      79.00      85.00
      87.00      86.00      86.00
      85.00      81.00      87.00      85.00      84.00      84.00      84.00      80.00      71.00      59.00
      47.00      39.00      38.00      42.00      53.00      70.00      88.00      99.00      99.00      94.00
      90.00      87.00      83.00      75.00      67.00      64.00      68.00      76.00      84.00      89.00
      90.00      85.00      76.00      66.00      57.00      51.00      46.00      42.00      38.00      37.00
      41.00      50.00      64.00      78.00      86.00      84.00      71.00      56.00      47.00      45.00
      49.00      58.00      68.00      76.00      80.00      77.00      68.00      62.00      63.00      68.00
      73.00      74.00      73.00      72.00      74.00      74.00      73.00      72.00      75.00      81.00
      83.00      81.00      80.00
      88.00      88.00      86.00      76.00      66.00      59.00      58.00      59.00      55.00      45.00
      37.00      35.00      37.00      38.00      41.00      50.00      63.00      80.00      96.00     100.00
     100.00     100.00      83.00      63.00      49.00      44.00      46.00      53.00      66.00      87.00
     100.00      98.00      78.00      56.00      41.00      31.00      28.00      30.00      36.00      40.00
      43.00      44.00      48.00      56.00      69.00      83.00      88.00      80.00      69.00      64.00
      66.00      70.00      74.00      78.00      84.00      86.00      80.00      74.00      75.00      79.00
      80.00      73.00      69.00      72.00      76.00      74.00      70.00      69.00      72.00      78.00
      82.00      83.00      83.00
      90.00     100.00      99.00      81.00      60.00      49.00      49.00      53.00      52.00      43.00
      34.00      31.00      31.00      31.00      31.00      33.00      39.00      51.00      67.00      85.00
      98.00      97.00      81.00      61.00      45.00      36.00      32.00      37.00      59.00      94.00
     100.00      80.00      57.00      45.00      39.00      38.00      42.00      53.00      69.00      76.00
      71.00      58.00      48.00      44.00      50.00      64.00      78.00      82.00      80.00      83.00
      88.00      89.00      83.00      80.00      85.00      94.00      97.00      90.00      79.00      65.00
      56.00      56.00      59.00      65.00      73.00      75.00      73.00      71.00      73.00      80.00
      87.00      90.00      92.00
      88.00      94.00      91.00      74.00      59.00      52.00      59.00      75.00      80.00      67.00
      47.00      35.00      33.00      34.00      35.00      36.00      38.00      40.00      46.00      55.00
      66.00      72.00      68.00      56.00      47.00      40.00      34.00      41.00      76.00     100.00
      92.00      54.00      38.00      44.00      60.00      71.00      71.00      77.00      91.00      97.00
      83.00      65.00      55.00      52.00      54.00      63.00      75.00      83.00      85.00      86.00
      86.00      81.00      74.00      75.00      84.00      95.00      96.00      83.00      73.00      61.00
      46.00      48.00      64.00      73.00      75.00      72.00      69.00      65.00      77.00      91.00
      95.00      89.00      85.00
      78.00      76.00      73.00      65.00      59.00      60.00      69.00      84.00      96.00      89.00
      66.00      48.00      41.00      39.00      40.00      40.00      39.00      37.00      35.00      36.00
      42.00      47.00      47.00      41.00      37.00      34.00      35.00      51.00      93.00     100.00
      74.00      34.00      27.00      44.00      78.00      94.00      81.00      73.00      80.00      89.00
      89.00      84.00      76.00      69.00      60.00      55.00      60.00      74.00      91.00     100.00
     100.00      90.00      80.00      79.00      85.00      87.00      86.00      87.00      86.00      72.00
      54.00      52.00      71.00      80.00      76.00      66.00      56.00      59.00      73.00      82.00
      84.00      83.00      81.00
      75.00      80.00      80.00      74.00      71.00      72.00      74.00      79.00      90.00      91.00
      71.00      48.00      38.00      36.00      37.00      38.00      37.00      33.00      28.00      24.00
      23.00      26.00      31.00      33.00      31.00      31.00      39.00      63.00     100.00     100.00
      73.00      27.00      19.00      36.00      72.00     100.00      97.00      86.00      78.00      73.00
      72.00      74.00      69.00      57.00      41.00      31.00      29.00      32.00      43.00      67.00
      93.00     100.00      92.00      84.00      85.00      86.00      85.00      88.00      83.00      74.00
      64.00      57.00      64.00      75.00      73.00      69.00      74.00      77.00      72.00      76.00
      85.00      88.00      84.00
      81.00      89.00      95.00      95.00      94.00      89.00      77.00      73.00      83.00      88.00
      68.00      42.00      32.00      31.00      31.00      28.00      25.00      23.00      23.00      23.00
      21.00      23.00      26.00      28.00      25.00      24.00      30.00      42.00      58.00      64.00
      47.00      25.00      21.00      36.00      57.00      68.00      64.00      61.00      55.00      40.00
      29.00      28.00      30.00      31.00      30.00      29.00      27.00      22.00      22.00      37.00
      69.00      98.00     100.00      92.00      91.00      94.00      95.00      90.00      80.00      74.00
      68.00      60.00      59.00      61.00      60.00      61.00      66.00      68.00      67.00      67.00
      70.00      71.00      75.00
      70.00      67.00      77.00      88.00      85.00      63.00      43.00      42.00      57.00      70.00
      59.00      42.00      37.00      37.00      39.00      38.00      36.00      36.00      32.00      30.00
      31.00      31.00      28.00      27.00      23.00      21.00      22.00      22.00      20.00      25.00
      38.00      45.00      54.00      74.00      73.00      45.00      24.00      22.00      37.00      42.00
      25.00      14.00      16.00      24.00      27.00      25.00      23.00      21.00      23.00      35.00
      60.00      91.00     100.00     100.00     100.00      99.00      97.00      95.00      90.00      81.00
      70.00      59.00      54.00      51.00      53.00      54.00      55.00      60.00      68.00      73.00
      71.00      71.00      78.00
      66.00      64.00      76.00      84.00      67.00      39.00      27.00      37.00      63.00      73.00
      55.00      44.00      49.00      70.00      79.00      82.00      94.00      94.00      59.00      29.00
      21.00      20.00      17.00      21.00      22.00      14.00      11.00      19.00      30.00      48.00
      80.00      82.00      59.00      60.00      58.00      33.00      15.00      19.00      48.00      71.00
      42.00      17.00      13.00      21.00      21.00      19.00      26.00      40.00      44.00      51.00
      70.00      91.00      99.00     100.00     100.00      99.00      94.00      96.00      99.00      94.00
      89.00      81.00      75.00      64.00      61.00      62.00      61.00      65.00      75.00      80.00
      83.00      86.00      83.00
      68.00      88.00      69.00      77.00      81.00      64.00      53.00      59.00      72.00      70.00
      47.00      29.00      30.00      48.00      68.00      73.00      79.00      84.00      65.00      49.00
      49.00      28.00      12.00      13.00      25.00      16.00       9.00      21.00      52.00      89.00
      91.00      45.00      21.00      22.00      34.00      37.00      34.00      41.00      68.00      85.00
      46.00      19.00      16.00      22.00      21.00      26.00      54.00      86.00      92.00      91.00
      97.00      97.00      90.00      79.00      86.00      96.00      95.00      93.00      93.00      91.00
      95.00      97.00      95.00      87.00      78.00      72.00      70.00      72.00      77.00      82.00
      83.00      81.00      75.00
      56.00      67.00      63.00      56.00      69.00      93.00      84.00      61.00      60.00      58.00
      50.00      30.00      21.00      26.00      33.00      31.00      28.00      29.00      35.00      58.00
      83.00      52.00      18.00      15.00      31.00      32.00      24.00      35.00      65.00      88.00
      73.00      36.00      24.00      38.00      60.00      53.00      47.00      59.00      72.00      77.00
      49.00      31.00      36.00      47.00      39.00      33.00      47.00      74.00      94.00      96.00
      88.00      79.00      70.00      64.00      72.00      86.00      91.00      86.00      85.00      90.00
      92.00      96.00      98.00      98.00      92.00      82.00      74.00      71.00      75.00      75.00
      71.00      70.00      72.00
      30.00      21.00      14.00      11.00      18.00      38.00      63.00      84.00      81.00      81.00
      77.00      70.00      67.00      63.00      41.00      20.00      13.00      12.00      12.00      22.00
      38.00      31.00      14.00      11.00      17.00      21.00      16.00      18.00      25.00      38.00
      69.00      77.00      56.00      74.00      81.00      50.00      43.00      63.00      81.00      89.00
      66.00      55.00      78.00     100.00      90.00      64.00      59.00      73.00      93.00      94.00
      86.00      83.00      83.00      80.00      84.00      93.00      91.00      86.00      91.00      95.00
      92.00      91.00      93.00      95.00      98.00      95.00      90.00      82.00      75.00      73.00
      75.00      79.00      84.00
       9.00       7.00       7.00       7.00       7.00      13.00      31.00      43.00      59.00      54.00
      60.00      74.00      79.00      80.00      43.00      15.00      11.00       9.00       7.00      11.00
      15.00      12.00       8.00       7.00       9.00      10.00      10.00      12.00      14.00      16.00
      31.00      72.00      86.00      59.00      49.00      57.00      74.00      83.00      93.00      96.00
      85.00      92.00     100.00     100.00     100.00     100.00      93.00      96.00     100.00      95.00
      97.00     100.00     100.00      99.00      97.00      95.00      90.00      88.00      89.00      87.00
      86.00      89.00      88.00      88.00      90.00      94.00      98.00      93.00      85.00      83.00
      87.00      88.00      92.00
       6.00       7.00      10.00      11.00      11.00      11.00      17.00      25.00      27.00      26.00
      27.00      33.00      42.00      40.00      21.00      11.00      10.00       9.00       5.00       8.00
      10.00       6.00       6.00       8.00       7.00       5.00       8.00      16.00      21.00      16.00
      17.00      29.00      52.00      69.00      72.00      78.00      83.00      87.00      95.00      95.00
      89.00     100.00     100.00      95.00      95.00      93.00      85.00      89.00      91.00      86.00
      89.00      90.00      86.00      84.00      83.00      87.00      90.00      90.00      90.00      86.00
      84.00      84.00      83.00      85.00      87.00      85.00      87.00      87.00      85.00      89.00
      90.00      88.00      84.00
       6.00       8.00       8.00      11.00      13.00      13.00      15.00      19.00      23.00      27.00
      27.00      24.00      19.00      16.00      13.00       9.00       6.00       7.00       5.00       7.00
      10.00      12.00      15.00      16.00       8.00       3.00       7.00      15.00      22.00      24.00
      22.00      20.00      23.00      38.00      79.00     100.00     100.00      95.00      95.00      96.00
      91.00      87.00      88.00      85.00      81.00      77.00      75.00      82.00      84.00      80.00
      82.00      85.00      85.00      84.00      83.00      89.00      90.00      86.00      84.00      83.00
      82.00      83.00      82.00      83.00      86.00      84.00      83.00      83.00      83.00      87.00
      88.00      84.00      80.00
       5.00       7.00       8.00      11.00      12.00      12.00      16.00      18.00      20.00      21.00
      20.00      22.00      18.00      14.00      18.00      15.00       7.00       7.00       8.00       4.00
       7.00      14.00      18.00      23.00      29.00      37.00      50.00      47.00      33.00      28.00
      32.00      35.00      25.00      26.00      52.00      80.00      94.00      95.00      91.00      93.00
      93.00      83.00      84.00      83.00      77.00      79.00      82.00      84.00      83.00      80.00
      80.00      80.00      82.00      85.00      84.00      82.00      82.00      78.00      75.00      74.00
      75.00      83.00      84.00      81.00      83.00      84.00      84.00      84.00      85.00      85.00
      83.00      80.00      80.00
       6.00       8.00      10.00      11.00      12.00      12.00      13.00      14.00      15.00      15.00
      13.00      14.00      13.00      10.00      16.00      20.00      10.00       5.00       6.00       4.00
       6.00      13.00      14.00      26.00      68.00     100.00     100.00      97.00      60.00      37.00
      41.00      69.00      63.00      43.00      65.00      96.00      92.00      95.00      90.00      81.00
      82.00      84.00      88.00      88.00      88.00      89.00      83.00      80.00      84.00      84.00
      77.00      72.00      75.00      76.00      75.00      76.00      77.00      78.00      78.00      76.00
      77.00      81.00      81.00      79.00      83.00      83.00      82.00      82.00      82.00      84.00
      83.00      80.00      80.00
       5.00       7.00       9.00       9.00      11.00      11.00      10.00      11.00      11.00      11.00
      11.00      10.00      10.00       9.00      10.00      22.00      22.00      11.00       7.00       8.00
       9.00      15.00      25.00      51.00      90.00      87.00      80.00      84.00      80.00      70.00
      68.00      91.00      87.00      57.00      71.00      97.00      87.00      89.00      93.00      84.00
      87.00      93.00      80.00      71.00      82.00      82.00      72.00      72.00      76.00      76.00
      74.00      70.00      72.00      72.00      73.00      75.00      76.00      75.00      76.00      77.00
      76.00      76.00      78.00      80.00      80.00      79.00      80.00      83.00      82.00      83.00
      85.00      84.00      83.00
       6.00       7.00       8.00       9.00      11.00      14.00      17.00      19.00      15.00      11.00
      10.00       9.00      10.00      14.00      13.00      24.00      41.00      23.00       8.00       8.00
      10.00      20.00      54.00      97.00      94.00      77.00      85.00      92.00      87.00      94.00
      89.00      87.00      83.00      67.00      75.00      86.00      77.00      78.00      86.00      87.00
      88.00      89.00      70.00      61.00      79.00      80.00      69.00      74.00      76.00      78.00
      76.00      73.00      75.00      77.00      77.00      76.00      73.00      73.00      75.00      76.00
      75.00      76.00      81.00      81.00      79.00      77.00      81.00      84.00      82.00      83.00
      84.00      83.00      82.00
      18.00      17.00      17.00      18.00      20.00      29.00      33.00      27.00      27.00      29.00
      24.00      18.00      17.00      23.00      21.00      18.00      26.00      20.00      14.00      25.00
      38.00      57.00      89.00      92.00      76.00      75.00      86.00      87.00      82.00      89.00
      91.00      83.00      80.00      79.00      81.00      80.00      79.00      78.00      78.00      85.00
      85.00      84.00      83.00      84.00      94.00      82.00      75.00      78.00      82.00      85.00
      79.00      76.00      86.00      84.00      84.00      81.00      76.00      76.00      79.00      82.00
      82.00      78.00      81.00      80.00      80.00      82.00      85.00      86.00      83.00      84.00
      85.00      84.00      83.00
      37.00      43.00      45.00      45.00      48.00      64.00      61.00      42.00      49.00      65.00
      55.00      42.00      34.00      36.00      46.00      36.00      20.00      20.00      24.00      33.00
      50.00      80.00      91.00      76.00      77.00      81.00      76.00      82.00      89.00      93.00
      95.00      90.00      76.00      77.00      82.00      82.00      84.00      80.00      77.00      85.00
      87.00      84.00      94.00      98.00      89.00      79.00      78.00      81.00      78.00      79.00
      79.00      81.00      86.00      85.00      88.00      84.00      77.00      77.00      77.00      80.00
      84.00      82.00      81.00      81.00      81.00      84.00      88.00      90.00      85.00      82.00
      81.00      80.00      82.00
      66.00      82.00      91.00      91.00      88.00      93.00      91.00      76.00      79.00      90.00
      83.00      74.00      64.00      63.00      91.00      84.00      35.00      27.00      25.00      19.00
      27.00      57.00      78.00      77.00      82.00      82.00      79.00      86.00      85.00      80.00
      89.00      91.00      82.00      79.00      82.00      82.00      79.00      81.00      80.00      78.00
      76.00      72.00      80.00      85.00      80.00      79.00      81.00      82.00      82.00      81.00
      88.00      88.00      83.00      85.00      90.00      87.00      82.00      82.00      81.00      80.00
      81.00      82.00      80.00      81.00      81.00      82.00      87.00      90.00      86.00      81.00
      77.00      77.00      81.00
      94.00     100.00     100.00     100.00      97.00      92.00      93.00      89.00      82.00      83.00
      80.00      79.00      88.00      90.00      80.00      62.00      40.00      33.00      31.00      32.00
      53.00      82.00      82.00      76.00      75.00      75.00      77.00      80.00      76.00      77.00
      85.00      89.00      94.00      85.00      76.00      78.00      77.00      83.00      77.00      66.00
      73.00      77.00      77.00      78.00      77.00      78.00      78.00      80.00      84.00      84.00
      91.00      91.00      84.00      86.00      90.00      88.00      85.00      81.00      80.00      77.00
      78.00      79.00      79.00      83.00      82.00      79.00      81.00      84.00      82.00      78.00
      77.00      79.00      82.00
      93.00      91.00      91.00      97.00     100.00     100.00      94.00      90.00      86.00      78.00
      73.00      77.00      95.00      82.00      49.00      42.00      42.00      35.00      36.00      48.00
      74.00      82.00      72.00      77.00      80.00      80.00      81.00      81.00      80.00      79.00
      80.00      81.00      86.00      79.00      70.00      73.00      71.00      73.00      66.00      60.00
      78.00      88.00      79.00      77.00      81.00      85.00      91.00      89.00      87.00      86.00
      84.00      85.00      81.00      80.00      83.00      82.00      80.00      77.00      78.00      74.00
      74.00      76.00      77.00      81.00      78.00      76.00      76.00      77.00      78.00      77.00
      78.00      78.00      77.00
      87.00      86.00      88.00      94.00      99.00     100.00     100.00      90.00      87.00      79.00
      79.00      88.00      85.00      60.00      41.00      44.00      43.00      38.00      54.00      77.00
      87.00      85.00      83.00      89.00      80.00      77.00      80.00      81.00      81.00      76.00
      77.00      77.00      77.00      77.00      74.00      71.00      69.00      72.00      67.00      68.00
      81.00      84.00      77.00      77.00      89.00     100.00     100.00      98.00      88.00      83.00
      81.00      81.00      76.00      79.00      77.00      73.00      75.00      77.00      75.00      70.00
      71.00      73.00      74.00      72.00      69.00      74.00      77.00      77.00      80.00      80.00
      80.00      78.00      78.00
      93.00      93.00      84.00      78.00      74.00      92.00     100.00      94.00      85.00      81.00
      85.00      78.00      56.00      48.00      43.00      41.00      45.00      62.00      90.00     100.00
      96.00      89.00      88.00      87.00      77.00      80.00      83.00      78.00      78.00      74.00
      74.00      76.00      76.00      78.00      75.00      69.00      69.00      72.00      69.00      72.00
      81.00      87.00      82.00      76.00      91.00     100.00      94.00      88.00      82.00      78.00
      77.00      80.00      86.00      92.00      80.00      68.00      69.00      69.00      71.00      72.00
      72.00      74.00      75.00      75.00      73.00      72.00      73.00      77.00      80.00      79.00
      79.00      79.00      81.00
