diamond 4 20年06月30日20时1000百帕相对湿度
20 06 30  20  1000 
2.500 -2.500  .0  180.0   90.0  .0
73  37
      92.00      92.00      92.00      92.00      92.00      92.00      92.00      92.00      92.00      92.00
      92.00      92.00      92.00      92.00      92.00      92.00      92.00      92.00      92.00      92.00
      92.00      92.00      92.00      92.00      92.00      92.00      92.00      92.00      92.00      92.00
      92.00      92.00      92.00      92.00      92.00      92.00      92.00      92.00      92.00      92.00
      92.00      92.00      92.00      92.00      92.00      92.00      92.00      92.00      92.00      92.00
      92.00      92.00      92.00      92.00      92.00      92.00      92.00      92.00      92.00      92.00
      92.00      92.00      92.00      92.00      92.00      92.00      92.00      92.00      92.00      92.00
      92.00      92.00      92.00
      94.00      94.00      94.00      94.00      94.00      94.00      93.00      93.00      93.00      93.00
      93.00      93.00      93.00      92.00      92.00      92.00      92.00      92.00      92.00      92.00
      93.00      93.00      93.00      93.00      93.00      93.00      92.00      92.00      92.00      92.00
      92.00      91.00      91.00      90.00      90.00      90.00      89.00      89.00      88.00      88.00
      87.00      87.00      87.00      87.00      87.00      87.00      87.00      87.00      87.00      87.00
      88.00      88.00      89.00      89.00      90.00      90.00      91.00      91.00      91.00      92.00
      92.00      92.00      93.00      93.00      93.00      93.00      93.00      93.00      94.00      94.00
      94.00      94.00      94.00
      81.00      81.00      81.00      82.00      83.00      84.00      85.00      87.00      88.00      89.00
      90.00      91.00      92.00      92.00      93.00      93.00      94.00      94.00      94.00      94.00
      95.00      95.00      95.00      95.00      95.00      95.00      95.00      95.00      95.00      95.00
      94.00      94.00      93.00      93.00      92.00      91.00      90.00      89.00      88.00      87.00
      86.00      86.00      85.00      84.00      84.00      84.00      84.00      84.00      84.00      85.00
      85.00      86.00      87.00      88.00      89.00      90.00      90.00      91.00      91.00      92.00
      92.00      92.00      92.00      92.00      92.00      92.00      92.00      92.00      92.00      93.00
      93.00      94.00      94.00
      56.00      58.00      62.00      66.00      71.00      77.00      82.00      88.00      92.00      96.00
      98.00     100.00     100.00     100.00     100.00     100.00     100.00     100.00     100.00     100.00
     100.00     100.00     100.00     100.00     100.00     100.00     100.00     100.00     100.00     100.00
     100.00     100.00     100.00     100.00     100.00     100.00     100.00     100.00     100.00     100.00
     100.00     100.00     100.00      99.00      98.00      98.00      98.00      97.00      97.00      98.00
      98.00      98.00      98.00      99.00      99.00      99.00      98.00      97.00      97.00      97.00
      97.00      97.00      96.00      95.00      94.00      94.00      94.00      94.00      93.00      93.00
      93.00      94.00      94.00
      65.00      78.00      84.00      85.00      86.00      88.00      90.00      92.00      93.00      95.00
      95.00      95.00      96.00      96.00      96.00      96.00      97.00      98.00      99.00     100.00
     100.00     100.00     100.00     100.00     100.00     100.00     100.00     100.00     100.00     100.00
     100.00     100.00     100.00     100.00     100.00     100.00     100.00     100.00     100.00     100.00
     100.00     100.00      99.00      99.00      99.00      99.00     100.00     100.00     100.00     100.00
     100.00      99.00      97.00      95.00      93.00      91.00      88.00      84.00      81.00      78.00
      76.00      76.00      77.00      80.00      84.00      88.00      91.00      93.00      94.00      95.00
      95.00      94.00      94.00
      77.00      76.00      77.00      78.00      81.00      84.00      87.00      90.00      92.00      93.00
      93.00      92.00      91.00      90.00      89.00      90.00      91.00      92.00      94.00      95.00
      97.00     100.00     100.00     100.00     100.00     100.00     100.00     100.00     100.00     100.00
     100.00     100.00     100.00     100.00     100.00     100.00     100.00     100.00     100.00      99.00
      98.00      97.00      97.00      97.00      97.00      97.00      96.00      91.00      89.00      89.00
      90.00      88.00      86.00      82.00      79.00      76.00      73.00      67.00      61.00      56.00
      53.00      51.00      50.00      51.00      53.00      56.00      59.00      61.00      61.00      58.00
      53.00      48.00      46.00
      89.00      91.00      93.00      95.00      97.00      97.00      97.00      96.00      94.00      93.00
      91.00      90.00      89.00      90.00      90.00      91.00      92.00      93.00      94.00      95.00
      95.00      95.00      94.00      94.00      94.00      94.00      94.00      94.00      94.00      94.00
      94.00      94.00      95.00      97.00      98.00     100.00     100.00     100.00     100.00     100.00
     100.00      99.00      97.00      95.00      94.00      94.00      94.00      93.00      91.00      91.00
      88.00      84.00      82.00      80.00      78.00      75.00      71.00      67.00      63.00      59.00
      56.00      55.00      53.00      54.00      55.00      59.00      63.00      65.00      65.00      62.00
      57.00      52.00      50.00
      92.00      94.00      97.00      99.00      99.00      97.00      93.00      91.00      90.00      91.00
      92.00      94.00      94.00      93.00      90.00      87.00      84.00      83.00      84.00      86.00
      90.00      93.00      96.00      96.00      96.00      94.00      92.00      92.00      92.00      93.00
      94.00      95.00      96.00      97.00      98.00      99.00      99.00      99.00      98.00      96.00
      94.00      92.00      92.00      93.00      94.00      95.00      95.00      93.00      90.00      88.00
      89.00      89.00      87.00      79.00      69.00      62.00      59.00      62.00      70.00      76.00
      73.00      71.00      69.00      68.00      68.00      70.00      73.00      77.00      78.00      77.00
      75.00      75.00      76.00
      86.00      86.00      87.00      88.00      87.00      89.00      95.00     100.00     100.00     100.00
     100.00     100.00     100.00      96.00      87.00      81.00      76.00      74.00      74.00      75.00
      77.00      82.00      86.00      89.00      90.00      90.00      91.00      93.00      97.00      99.00
      99.00      98.00      97.00      98.00     100.00     100.00     100.00     100.00     100.00     100.00
     100.00     100.00     100.00      99.00      96.00      92.00      87.00      83.00      79.00      77.00
      74.00      72.00      71.00      72.00      74.00      77.00      78.00      78.00      76.00      73.00
      73.00      73.00      74.00      75.00      77.00      80.00      81.00      82.00      84.00      85.00
      85.00      85.00      87.00
      82.00      84.00      89.00      91.00      92.00      95.00      99.00     100.00     100.00     100.00
      98.00      87.00      73.00      62.00      54.00      51.00      52.00      55.00      57.00      57.00
      58.00      62.00      68.00      75.00      80.00      83.00      85.00      91.00      98.00     100.00
      98.00      94.00      92.00      93.00      95.00      96.00      96.00      96.00      98.00     100.00
     100.00     100.00      95.00      88.00      82.00      76.00      71.00      68.00      67.00      67.00
      67.00      64.00      62.00      60.00      61.00      64.00      68.00      71.00      74.00      76.00
      76.00      74.00      72.00      70.00      68.00      69.00      73.00      79.00      85.00      88.00
      88.00      85.00      84.00
      79.00      88.00      98.00     100.00     100.00     100.00      93.00      84.00      79.00      78.00
      77.00      72.00      61.00      48.00      37.00      35.00      40.00      45.00      47.00      46.00
      46.00      52.00      64.00      78.00      89.00      92.00      89.00      88.00      91.00      92.00
      92.00      94.00      98.00      99.00      93.00      82.00      70.00      65.00      69.00      80.00
      91.00      98.00     100.00      97.00      87.00      72.00      58.00      49.00      46.00      48.00
      54.00      59.00      64.00      67.00      66.00      65.00      64.00      66.00      69.00      70.00
      69.00      68.00      66.00      63.00      62.00      62.00      66.00      73.00      81.00      86.00
      87.00      86.00      88.00
      81.00      84.00      87.00      92.00      97.00      94.00      81.00      67.00      61.00      65.00
      76.00      83.00      76.00      59.00      44.00      38.00      42.00      48.00      49.00      47.00
      45.00      49.00      55.00      60.00      63.00      64.00      65.00      69.00      74.00      81.00
      88.00      96.00     100.00      95.00      78.00      58.00      45.00      39.00      41.00      48.00
      57.00      65.00      74.00      85.00      91.00      82.00      63.00      46.00      38.00      36.00
      41.00      49.00      59.00      67.00      69.00      63.00      54.00      56.00      64.00      68.00
      68.00      65.00      65.00      68.00      72.00      74.00      76.00      81.00      89.00      94.00
      95.00      93.00      94.00
      85.00      82.00      82.00      87.00      93.00      91.00      80.00      67.00      64.00      74.00
      92.00      97.00      82.00      59.00      41.00      35.00      39.00      46.00      50.00      53.00
      59.00      67.00      67.00      58.00      48.00      43.00      46.00      54.00      66.00      79.00
      87.00      85.00      76.00      62.00      48.00      38.00      33.00      35.00      40.00      42.00
      39.00      36.00      40.00      54.00      73.00      88.00      85.00      72.00      59.00      54.00
      54.00      57.00      63.00      69.00      73.00      72.00      63.00      56.00      60.00      66.00
      68.00      68.00      73.00      80.00      82.00      82.00      84.00      90.00      97.00     100.00
      97.00      94.00      95.00
      85.00      88.00      96.00     100.00      97.00      87.00      75.00      67.00      67.00      78.00
      97.00     100.00      89.00      64.00      44.00      36.00      40.00      45.00      46.00      49.00
      63.00      85.00      98.00      90.00      75.00      64.00      59.00      57.00      60.00      65.00
      65.00      56.00      44.00      35.00      33.00      33.00      36.00      45.00      59.00      66.00
      59.00      49.00      44.00      50.00      65.00      80.00      86.00      82.00      77.00      74.00
      76.00      79.00      83.00      87.00      89.00      86.00      76.00      66.00      62.00      64.00
      75.00      84.00      89.00      88.00      86.00      86.00      90.00      95.00      98.00      97.00
      97.00      98.00      95.00
      80.00      89.00      97.00      94.00      81.00      69.00      65.00      68.00      71.00      75.00
      86.00     100.00      99.00      76.00      51.00      38.00      38.00      42.00      41.00      39.00
      44.00      55.00      64.00      69.00      78.00      92.00      99.00      89.00      69.00      52.00
      40.00      30.00      25.00      28.00      37.00      45.00      48.00      53.00      67.00      82.00
      80.00      66.00      58.00      61.00      72.00      86.00      88.00      78.00      69.00      68.00
      75.00      83.00      84.00      82.00      84.00      86.00      82.00      66.00      62.00      63.00
      73.00      90.00     100.00     100.00     100.00      97.00      99.00     100.00      98.00      97.00
     100.00     100.00     100.00
      79.00      76.00      72.00      66.00      59.00      55.00      57.00      65.00      71.00      74.00
      82.00      96.00      97.00      76.00      53.00      41.00      42.00      43.00      39.00      33.00
      31.00      29.00      28.00      31.00      43.00      63.00      76.00      70.00      50.00      35.00
      27.00      26.00      33.00      45.00      65.00      80.00      76.00      66.00      68.00      79.00
      84.00      74.00      66.00      71.00      88.00     100.00      94.00      73.00      57.00      59.00
      75.00      87.00      82.00      72.00      72.00      83.00      88.00      82.00      72.00      69.00
      71.00      87.00     100.00     100.00     100.00     100.00      99.00      98.00      96.00      98.00
      99.00     100.00     100.00
      73.00      68.00      59.00      56.00      61.00      64.00      60.00      57.00      60.00      67.00
      77.00      87.00      84.00      68.00      55.00      55.00      60.00      53.00      40.00      33.00
      33.00      33.00      33.00      34.00      35.00      35.00      31.00      27.00      23.00      22.00
      23.00      25.00      31.00      46.00      72.00      98.00      94.00      74.00      65.00      70.00
      77.00      79.00      82.00      91.00      95.00      84.00      64.00      44.00      33.00      41.00
      64.00      82.00      79.00      71.00      75.00      88.00      94.00      92.00      84.00      75.00
      72.00      84.00     100.00     100.00     100.00     100.00     100.00      98.00      97.00      99.00
     100.00     100.00     100.00
      74.00      65.00      59.00      63.00      81.00      90.00      78.00      68.00      71.00      79.00
      86.00      89.00      81.00      61.00      46.00      44.00      51.00      48.00      41.00      44.00
      45.00      41.00      37.00      35.00      32.00      25.00      19.00      15.00      15.00      19.00
      21.00      17.00      17.00      26.00      46.00      73.00      94.00      97.00      83.00      68.00
      57.00      50.00      51.00      54.00      51.00      46.00      43.00      39.00      39.00      49.00
      68.00      82.00      81.00      77.00      81.00      88.00      90.00      88.00      84.00      86.00
      81.00      76.00      80.00      85.00      93.00      99.00      99.00      96.00      96.00     100.00
      99.00      98.00      88.00
      71.00      51.00      45.00      61.00      85.00      82.00      60.00      50.00      60.00      69.00
      67.00      69.00      68.00      64.00      50.00      47.00      52.00      53.00      41.00      32.00
      30.00      24.00      20.00      20.00      20.00      17.00      15.00      13.00      11.00      12.00
      15.00      16.00      24.00      49.00      71.00      63.00      56.00      58.00      55.00      43.00
      31.00      24.00      23.00      26.00      27.00      28.00      35.00      44.00      56.00      70.00
      85.00      94.00      93.00      88.00      83.00      84.00      89.00      90.00      91.00      93.00
      85.00      75.00      75.00      79.00      86.00      91.00      94.00      96.00     100.00     100.00
      99.00      85.00      61.00
      63.00      47.00      43.00      66.00      92.00      76.00      47.00      38.00      46.00      51.00
      49.00      48.00      54.00      64.00      63.00      63.00      79.00      81.00      42.00      17.00
      12.00      11.00      10.00      12.00      13.00       9.00       9.00      13.00      16.00      19.00
      27.00      31.00      42.00      79.00      85.00      39.00      17.00      17.00      22.00      25.00
      22.00      17.00      18.00      27.00      32.00      33.00      35.00      37.00      44.00      62.00
      82.00      91.00      95.00      96.00      89.00      88.00      94.00      98.00      98.00      98.00
      93.00      85.00      83.00      84.00      89.00      92.00      96.00     100.00     100.00     100.00
      91.00      73.00      58.00
      79.00      76.00      51.00      59.00      96.00      88.00      64.00      49.00      37.00      34.00
      36.00      29.00      21.00      23.00      29.00      33.00      53.00      70.00      46.00      31.00
      40.00      29.00      15.00      10.00      11.00       6.00       5.00      20.00      45.00      74.00
      75.00      43.00      28.00      39.00      56.00      45.00      31.00      33.00      44.00      47.00
      35.00      19.00      14.00      23.00      41.00      57.00      58.00      42.00      34.00      51.00
      82.00      96.00      98.00     100.00      94.00      91.00      94.00      96.00      96.00      92.00
      85.00      85.00      85.00      91.00      95.00      96.00      97.00      99.00      98.00      92.00
      81.00      69.00      67.00
      53.00      71.00      67.00      62.00      73.00      90.00      88.00      58.00      35.00      28.00
      34.00      23.00      14.00      21.00      28.00      20.00      22.00      32.00      32.00      35.00
      47.00      37.00      16.00       9.00      12.00       9.00      10.00      31.00      83.00     100.00
      90.00      46.00      31.00      41.00      66.00      57.00      40.00      55.00      82.00     100.00
      91.00      53.00      25.00      20.00      38.00      72.00      82.00      57.00      38.00      52.00
      89.00     100.00      92.00      88.00      85.00      86.00      86.00      85.00      89.00      90.00
      89.00      93.00      91.00      97.00      98.00      91.00      90.00      94.00      93.00      85.00
      75.00      72.00      79.00
      13.00      13.00      13.00      18.00      31.00      56.00      85.00      97.00      78.00      67.00
      67.00      64.00      59.00      76.00      61.00      25.00      14.00      14.00      15.00      18.00
      19.00      16.00      12.00       9.00       9.00      10.00       9.00      25.00      58.00      83.00
      94.00      88.00      67.00      63.00      70.00      51.00      34.00      51.00      76.00      98.00
     100.00      99.00      42.00      20.00      39.00      82.00      98.00      80.00      62.00      66.00
      87.00      94.00      89.00      90.00      90.00      91.00      87.00      82.00      86.00      90.00
      90.00      90.00      87.00      85.00      80.00      77.00      84.00      93.00      90.00      81.00
      75.00      79.00      84.00
       7.00       6.00       7.00       8.00      12.00      21.00      41.00      59.00      64.00      55.00
      58.00      74.00     100.00     100.00      60.00      23.00      14.00      12.00      11.00      14.00
      14.00      10.00      11.00       8.00       7.00      11.00      13.00      15.00      26.00      32.00
      43.00      67.00      64.00      38.00      46.00      63.00      68.00      80.00      99.00      92.00
      94.00      93.00      52.00      34.00      60.00      97.00      98.00      94.00      86.00      76.00
      78.00      85.00      93.00      96.00      90.00      88.00      85.00      82.00      88.00      88.00
      82.00      85.00      78.00      71.00      71.00      77.00      89.00      96.00      92.00      85.00
      83.00      82.00      80.00
       8.00       8.00       8.00       8.00       9.00      11.00      15.00      23.00      25.00      20.00
      21.00      30.00      41.00      41.00      25.00      14.00      15.00      12.00       8.00      11.00
      13.00       9.00       7.00       7.00       6.00      10.00      13.00      14.00      18.00      18.00
      18.00      28.00      44.00      44.00      43.00      58.00      64.00      78.00      98.00      91.00
      85.00      92.00      74.00      65.00      86.00      99.00      90.00      94.00      96.00      88.00
      90.00      92.00      90.00      87.00      81.00      81.00      82.00      81.00      87.00      84.00
      84.00      89.00      83.00      82.00      83.00      88.00      93.00      95.00      94.00      96.00
      96.00      89.00      86.00
       7.00       7.00       7.00       8.00      11.00      11.00      12.00      14.00      17.00      18.00
      20.00      20.00      17.00      14.00      13.00      11.00      10.00       9.00       7.00       9.00
      13.00      12.00      12.00      17.00      18.00      16.00      17.00      17.00      18.00      20.00
      20.00      23.00      33.00      55.00      86.00      99.00      94.00      97.00      99.00      98.00
      97.00      96.00      93.00      88.00      88.00      86.00      85.00      91.00      90.00      86.00
      90.00      91.00      87.00      84.00      82.00      86.00      83.00      80.00      82.00      81.00
      81.00      85.00      85.00      86.00      88.00      88.00      88.00      89.00      90.00      92.00
      92.00      92.00      93.00
       6.00       7.00       8.00      12.00      12.00      11.00      13.00      15.00      16.00      16.00
      15.00      16.00      15.00      12.00      17.00      20.00      13.00      11.00      10.00       7.00
       8.00      13.00      17.00      31.00      51.00      59.00      61.00      44.00      25.00      22.00
      25.00      29.00      39.00      62.00      90.00      96.00      90.00      93.00      91.00      92.00
      91.00      83.00      88.00      91.00      82.00      79.00      83.00      86.00      83.00      80.00
      80.00      79.00      78.00      76.00      75.00      77.00      79.00      79.00      79.00      78.00
      81.00      83.00      82.00      80.00      80.00      81.00      82.00      81.00      77.00      73.00
      75.00      83.00      84.00
       6.00       7.00       8.00      10.00      12.00      12.00      13.00      14.00      14.00      14.00
      12.00      13.00      14.00      11.00      16.00      26.00      17.00       7.00       8.00       6.00
       6.00      10.00      14.00      34.00      85.00     100.00     100.00      91.00      48.00      33.00
      34.00      42.00      56.00      70.00      87.00      93.00      85.00      87.00      87.00      86.00
      85.00      80.00      84.00      88.00      86.00      83.00      82.00      83.00      83.00      82.00
      82.00      76.00      71.00      69.00      71.00      73.00      75.00      76.00      76.00      76.00
      78.00      79.00      79.00      77.00      75.00      78.00      78.00      74.00      71.00      73.00
      77.00      79.00      79.00
      12.00      13.00      11.00       6.00       6.00       8.00       9.00      10.00      10.00      11.00
      13.00      13.00      12.00       9.00      11.00      24.00      29.00      12.00       6.00       6.00
       6.00      10.00      20.00      52.00      97.00      85.00      79.00      86.00      77.00      72.00
      66.00      65.00      68.00      61.00      66.00      82.00      83.00      84.00      91.00      90.00
      88.00      89.00      86.00      84.00      88.00      86.00      84.00      83.00      78.00      76.00
      78.00      71.00      64.00      67.00      74.00      74.00      74.00      77.00      78.00      77.00
      77.00      77.00      77.00      74.00      74.00      78.00      79.00      76.00      76.00      80.00
      82.00      82.00      82.00
      22.00      25.00      21.00      15.00      13.00      14.00      17.00      17.00      12.00       9.00
      14.00      15.00      11.00      10.00      10.00      23.00      49.00      30.00       7.00       7.00
      10.00      18.00      48.00      96.00      99.00      78.00      80.00      85.00      84.00      92.00
      89.00      83.00      84.00      76.00      75.00      82.00      75.00      73.00      85.00      90.00
      88.00      93.00      91.00      86.00      88.00      87.00      88.00      88.00      81.00      83.00
      81.00      70.00      65.00      72.00      78.00      76.00      75.00      79.00      81.00      78.00
      79.00      82.00      82.00      78.00      78.00      81.00      81.00      79.00      76.00      79.00
      82.00      85.00      87.00
      35.00      38.00      39.00      41.00      34.00      30.00      32.00      26.00      19.00      22.00
      28.00      24.00      18.00      20.00      22.00      21.00      30.00      27.00      18.00      31.00
      46.00      54.00      81.00      90.00      75.00      77.00      84.00      78.00      74.00      81.00
      86.00      86.00      84.00      82.00      83.00      83.00      80.00      78.00      80.00      88.00
      91.00      91.00      96.00      95.00      86.00      82.00      85.00      82.00      80.00      86.00
      82.00      73.00      72.00      79.00      82.00      79.00      76.00      81.00      80.00      78.00
      79.00      81.00      80.00      80.00      80.00      80.00      80.00      80.00      78.00      80.00
      84.00      89.00      89.00
      52.00      60.00      73.00      80.00      58.00      48.00      55.00      47.00      42.00      57.00
      62.00      53.00      43.00      48.00      71.00      50.00      21.00      22.00      28.00      41.00
      56.00      72.00      83.00      75.00      73.00      79.00      76.00      75.00      76.00      78.00
      93.00      93.00      81.00      74.00      81.00      81.00      82.00      77.00      71.00      82.00
      92.00      87.00      96.00      96.00      77.00      71.00      75.00      75.00      78.00      83.00
      84.00      78.00      77.00      82.00      87.00      82.00      79.00      77.00      77.00      80.00
      81.00      80.00      80.00      79.00      77.00      78.00      81.00      82.00      82.00      82.00
      83.00      88.00      88.00
      74.00      86.00     100.00     100.00      94.00      83.00      92.00      94.00      90.00      99.00
      98.00      92.00      82.00      73.00     100.00      88.00      33.00      26.00      26.00      21.00
      29.00      59.00      81.00      76.00      75.00      74.00      73.00      78.00      76.00      78.00
      88.00      86.00      84.00      83.00      82.00      81.00      77.00      74.00      74.00      79.00
      82.00      78.00      86.00      90.00      76.00      75.00      78.00      81.00      83.00      82.00
      90.00      87.00      86.00      92.00      96.00      91.00      88.00      83.00      80.00      81.00
      82.00      83.00      82.00      81.00      78.00      79.00      81.00      82.00      81.00      82.00
      84.00      87.00      86.00
      99.00     100.00     100.00      99.00     100.00      98.00      91.00      91.00      90.00      98.00
      96.00      90.00      91.00      69.00      59.00      57.00      36.00      32.00      33.00      33.00
      52.00      84.00      87.00      72.00      67.00      67.00      71.00      71.00      70.00      80.00
      83.00      80.00      91.00      85.00      74.00      77.00      77.00      80.00      78.00      69.00
      74.00      78.00      77.00      79.00      80.00      83.00      82.00      83.00      79.00      74.00
      89.00      87.00      82.00      90.00      88.00      87.00      86.00      83.00      79.00      80.00
      82.00      83.00      82.00      83.00      82.00      81.00      83.00      84.00      84.00      85.00
      86.00      85.00      84.00
      89.00      90.00      95.00     100.00     100.00      98.00      86.00      83.00      87.00      96.00
      97.00      92.00      92.00      60.00      36.00      39.00      43.00      42.00      42.00      50.00
      79.00      89.00      78.00      76.00      76.00      76.00      75.00      71.00      73.00      79.00
      78.00      78.00      86.00      82.00      76.00      80.00      80.00      85.00      73.00      61.00
      80.00      93.00      78.00      74.00      80.00      81.00      83.00      90.00      81.00      75.00
      80.00      76.00      76.00      78.00      77.00      76.00      79.00      82.00      80.00      78.00
      76.00      78.00      78.00      82.00      79.00      78.00      81.00      86.00      86.00      86.00
      86.00      86.00      90.00
      83.00      83.00      85.00      97.00      99.00     100.00      97.00      86.00      89.00      94.00
     100.00      97.00      84.00      49.00      27.00      32.00      47.00      63.00      74.00      75.00
      88.00      93.00      87.00      87.00      80.00      74.00      72.00      71.00      72.00      71.00
      73.00      74.00      73.00      72.00      75.00      77.00      81.00      91.00      80.00      71.00
      86.00      92.00      81.00      79.00      84.00      85.00      88.00      91.00      79.00      74.00
      75.00      71.00      73.00      72.00      71.00      70.00      73.00      74.00      71.00      71.00
      72.00      71.00      75.00      73.00      72.00      73.00      76.00      79.00      81.00      84.00
      86.00      86.00      88.00
      95.00      92.00      77.00      78.00      77.00      97.00     100.00      85.00      82.00      90.00
      93.00      76.00      55.00      39.00      24.00      27.00      46.00      80.00     100.00     100.00
      92.00      91.00      91.00      89.00      80.00      74.00      71.00      72.00      73.00      70.00
      77.00      77.00      73.00      72.00      72.00      74.00      77.00      83.00      82.00      79.00
      84.00      84.00      82.00      79.00      88.00      95.00      90.00      83.00      77.00      80.00
      79.00      73.00      76.00      76.00      73.00      69.00      71.00      70.00      64.00      66.00
      73.00      68.00      72.00      71.00      73.00      75.00      77.00      77.00      78.00      83.00
      85.00      82.00      81.00
