diamond 4 20年06月26日20时1000百帕相对湿度
20 06 26  20  1000 
2.500 -2.500  .0  180.0   90.0  .0
73  37
      98.00      98.00      98.00      98.00      98.00      98.00      98.00      98.00      98.00      98.00
      98.00      98.00      98.00      98.00      98.00      98.00      98.00      98.00      98.00      98.00
      98.00      98.00      98.00      98.00      98.00      98.00      98.00      98.00      98.00      98.00
      98.00      98.00      98.00      98.00      98.00      98.00      98.00      98.00      98.00      98.00
      98.00      98.00      98.00      98.00      98.00      98.00      98.00      98.00      98.00      98.00
      98.00      98.00      98.00      98.00      98.00      98.00      98.00      98.00      98.00      98.00
      98.00      98.00      98.00      98.00      98.00      98.00      98.00      98.00      98.00      98.00
      98.00      98.00      98.00
      97.00      97.00      97.00      98.00      98.00      98.00      98.00      98.00      99.00      99.00
      99.00      99.00      99.00      99.00     100.00     100.00     100.00     100.00     100.00     100.00
     100.00     100.00     100.00     100.00     100.00      99.00      99.00      99.00      99.00      99.00
      99.00      99.00      98.00      98.00      98.00      98.00      98.00      98.00      98.00      99.00
      99.00      99.00      99.00      99.00      99.00      99.00      99.00      99.00     100.00     100.00
     100.00     100.00     100.00     100.00     100.00     100.00      99.00      99.00      99.00      99.00
      99.00      99.00      99.00      99.00      99.00      98.00      98.00      98.00      98.00      98.00
      98.00      98.00      98.00
      87.00      87.00      87.00      87.00      87.00      88.00      88.00      89.00      90.00      90.00
      91.00      92.00      93.00      94.00      95.00      96.00      97.00      97.00      97.00      97.00
      98.00      98.00      98.00      98.00      98.00      98.00      98.00      98.00      98.00      99.00
      99.00      99.00      99.00     100.00     100.00     100.00     100.00     100.00     100.00     100.00
     100.00     100.00     100.00     100.00     100.00     100.00     100.00     100.00      99.00      99.00
      99.00      99.00      99.00      99.00      99.00      98.00      98.00      98.00      98.00      97.00
      97.00      97.00      97.00      97.00      96.00      96.00      96.00      96.00      96.00      96.00
      96.00      96.00      97.00
      87.00      85.00      84.00      84.00      84.00      84.00      85.00      87.00      89.00      91.00
      94.00      96.00      98.00     100.00     100.00     100.00     100.00     100.00     100.00     100.00
     100.00     100.00     100.00     100.00     100.00     100.00     100.00     100.00     100.00     100.00
     100.00     100.00     100.00     100.00     100.00     100.00      99.00      99.00      98.00      98.00
      99.00      99.00      99.00     100.00     100.00     100.00     100.00     100.00     100.00     100.00
     100.00      99.00      99.00      98.00      97.00      97.00      96.00      96.00      95.00      95.00
      94.00      94.00      93.00      93.00      92.00      92.00      92.00      91.00      91.00      92.00
      92.00      93.00      94.00
      90.00      87.00      85.00      83.00      82.00      82.00      83.00      85.00      87.00      89.00
      91.00      93.00      94.00      95.00      95.00      96.00      96.00      96.00      97.00      97.00
      98.00      99.00      99.00      99.00     100.00     100.00     100.00     100.00     100.00     100.00
     100.00      99.00      97.00      94.00      92.00      90.00      89.00      89.00      89.00      90.00
      92.00      95.00      98.00     100.00     100.00     100.00     100.00     100.00     100.00     100.00
     100.00     100.00     100.00     100.00      99.00      98.00      97.00      97.00      96.00      95.00
      95.00      95.00      94.00      94.00      94.00      94.00      93.00      93.00      92.00      93.00
      93.00      94.00      95.00
      84.00      84.00      84.00      85.00      87.00      90.00      93.00      95.00      96.00      96.00
      95.00      93.00      91.00      87.00      83.00      81.00      81.00      81.00      82.00      84.00
      88.00      94.00      98.00      97.00      97.00      96.00      96.00      94.00      92.00      91.00
      91.00      90.00      89.00      89.00      88.00      88.00      89.00      90.00      92.00      94.00
      97.00      99.00     100.00     100.00     100.00     100.00     100.00     100.00     100.00     100.00
      96.00      93.00      92.00      92.00      94.00      95.00      96.00      96.00      96.00      94.00
      94.00      95.00      96.00      96.00      97.00      97.00      97.00      97.00      98.00      99.00
     100.00     100.00     100.00
      84.00      85.00      86.00      88.00      90.00      92.00      94.00      93.00      91.00      90.00
      89.00      88.00      87.00      87.00      88.00      89.00      89.00      89.00      89.00      88.00
      88.00      88.00      88.00      88.00      89.00      90.00      91.00      90.00      87.00      85.00
      84.00      84.00      86.00      89.00      91.00      93.00      94.00      95.00      96.00      97.00
      96.00      95.00      94.00      94.00      94.00      95.00      96.00      95.00      94.00      91.00
      87.00      83.00      79.00      77.00      77.00      78.00      80.00      81.00      83.00      85.00
      88.00      90.00      93.00      95.00      96.00      96.00      96.00      95.00      95.00      95.00
      96.00      99.00     100.00
      92.00      93.00      94.00      95.00      98.00      99.00     100.00     100.00     100.00     100.00
     100.00     100.00     100.00     100.00     100.00     100.00     100.00      94.00      89.00      85.00
      82.00      83.00      86.00      90.00      94.00      97.00      98.00      98.00      97.00      97.00
      95.00      94.00      93.00      91.00      90.00      89.00      87.00      86.00      85.00      83.00
      83.00      82.00      82.00      83.00      83.00      83.00      82.00      81.00      82.00      83.00
      83.00      82.00      80.00      79.00      80.00      74.00      68.00      67.00      71.00      77.00
      80.00      82.00      87.00      93.00      98.00      99.00      98.00      95.00      91.00      89.00
      89.00      92.00      96.00
     100.00     100.00     100.00     100.00     100.00     100.00      96.00      92.00      89.00      85.00
      82.00      81.00      82.00      85.00      91.00      99.00     100.00     100.00     100.00     100.00
      92.00      86.00      84.00      86.00      88.00      90.00      91.00      90.00      89.00      89.00
      90.00      92.00      93.00      93.00      91.00      89.00      87.00      85.00      85.00      86.00
      87.00      87.00      85.00      81.00      77.00      73.00      69.00      68.00      68.00      71.00
      74.00      77.00      78.00      78.00      77.00      77.00      78.00      78.00      76.00      74.00
      74.00      77.00      83.00      89.00      95.00      99.00      99.00      96.00      93.00      92.00
      93.00      95.00      96.00
      95.00      88.00      81.00      79.00      80.00      75.00      70.00      65.00      58.00      53.00
      49.00      48.00      51.00      58.00      70.00      83.00      94.00      98.00      97.00      89.00
      78.00      73.00      74.00      78.00      83.00      86.00      88.00      91.00      94.00      96.00
      95.00      92.00      87.00      82.00      78.00      74.00      72.00      72.00      74.00      77.00
      79.00      80.00      79.00      78.00      76.00      73.00      70.00      68.00      69.00      71.00
      75.00      78.00      79.00      77.00      76.00      76.00      77.00      78.00      79.00      82.00
      84.00      85.00      84.00      83.00      81.00      80.00      80.00      82.00      85.00      87.00
      88.00      90.00      92.00
      94.00      86.00      79.00      82.00      88.00      85.00      83.00      78.00      70.00      61.00
      56.00      54.00      56.00      65.00      77.00      84.00      84.00      77.00      66.00      58.00
      56.00      63.00      76.00      87.00      90.00      88.00      86.00      88.00      90.00      90.00
      88.00      88.00      86.00      83.00      76.00      70.00      65.00      65.00      69.00      76.00
      82.00      84.00      84.00      81.00      77.00      72.00      67.00      63.00      61.00      64.00
      69.00      75.00      80.00      82.00      83.00      86.00      87.00      86.00      85.00      85.00
      83.00      81.00      79.00      78.00      77.00      76.00      78.00      81.00      84.00      85.00
      85.00      86.00      90.00
      89.00      87.00      87.00      81.00      76.00      74.00      75.00      73.00      70.00      60.00
      48.00      40.00      41.00      47.00      57.00      62.00      62.00      57.00      48.00      42.00
      45.00      55.00      67.00      70.00      67.00      67.00      75.00      84.00      88.00      87.00
      87.00      90.00      92.00      86.00      73.00      59.00      50.00      48.00      52.00      62.00
      72.00      76.00      75.00      74.00      73.00      72.00      68.00      60.00      52.00      48.00
      49.00      53.00      59.00      66.00      74.00      83.00      89.00      90.00      91.00      91.00
      89.00      87.00      87.00      88.00      87.00      85.00      85.00      88.00      92.00      93.00
      89.00      86.00      87.00
      83.00      81.00      75.00      66.00      57.00      55.00      58.00      64.00      61.00      51.00
      38.00      32.00      31.00      33.00      37.00      40.00      42.00      41.00      37.00      34.00
      37.00      46.00      55.00      57.00      57.00      62.00      73.00      84.00      86.00      80.00
      74.00      71.00      68.00      59.00      46.00      34.00      27.00      29.00      40.00      57.00
      70.00      71.00      65.00      61.00      65.00      75.00      83.00      80.00      71.00      64.00
      62.00      62.00      64.00      69.00      76.00      85.00      90.00      92.00      95.00      97.00
      94.00      87.00      82.00      83.00      86.00      88.00      87.00      87.00      88.00      89.00
      86.00      84.00      85.00
      89.00      97.00      91.00      75.00      60.00      54.00      55.00      56.00      53.00      46.00
      39.00      36.00      36.00      35.00      37.00      39.00      41.00      41.00      36.00      31.00
      33.00      47.00      67.00      78.00      72.00      61.00      54.00      51.00      50.00      48.00
      46.00      47.00      50.00      52.00      48.00      40.00      32.00      34.00      49.00      71.00
      85.00      79.00      62.00      50.00      50.00      60.00      76.00      86.00      91.00      96.00
     100.00      98.00      92.00      90.00      97.00     100.00     100.00      95.00      83.00      68.00
      62.00      63.00      68.00      71.00      78.00      87.00      90.00      78.00      70.00      74.00
      81.00      85.00      90.00
      82.00      86.00      72.00      56.00      48.00      48.00      54.00      59.00      56.00      49.00
      40.00      35.00      36.00      40.00      43.00      45.00      45.00      42.00      35.00      31.00
      33.00      46.00      63.00      67.00      55.00      44.00      41.00      42.00      43.00      41.00
      36.00      35.00      44.00      63.00      80.00      81.00      68.00      61.00      69.00      84.00
      86.00      71.00      59.00      55.00      61.00      75.00      86.00      86.00      84.00      87.00
      92.00      87.00      77.00      74.00      81.00      93.00      97.00      90.00      72.00      57.00
      45.00      50.00      66.00      78.00      88.00      93.00      87.00      72.00      77.00      85.00
      93.00      94.00      94.00
      63.00      60.00      51.00      41.00      42.00      57.00      75.00      83.00      78.00      69.00
      57.00      46.00      39.00      39.00      41.00      41.00      40.00      39.00      37.00      36.00
      38.00      40.00      41.00      36.00      31.00      37.00      50.00      56.00      46.00      33.00
      25.00      25.00      33.00      53.00      82.00     100.00      97.00      94.00     100.00     100.00
     100.00      87.00      79.00      79.00      82.00      80.00      72.00      60.00      53.00      57.00
      70.00      78.00      76.00      74.00      79.00      86.00      90.00      93.00      86.00      68.00
      51.00      55.00      75.00      86.00      85.00      76.00      69.00      73.00      83.00      89.00
      92.00      88.00      85.00
      62.00      61.00      56.00      52.00      57.00      74.00      93.00     100.00      99.00      94.00
      77.00      53.00      38.00      33.00      36.00      40.00      43.00      42.00      37.00      32.00
      27.00      26.00      27.00      30.00      35.00      46.00      53.00      43.00      26.00      17.00
      17.00      22.00      31.00      47.00      74.00      99.00     100.00     100.00      98.00      91.00
      86.00      87.00      89.00      82.00      63.00      46.00      36.00      28.00      25.00      37.00
      65.00      92.00      97.00      91.00      90.00      95.00      97.00      98.00      89.00      74.00
      62.00      59.00      71.00      81.00      71.00      64.00      76.00      83.00      84.00      85.00
      86.00      84.00      82.00
      77.00      78.00      82.00      87.00      96.00     100.00      96.00      87.00      90.00      97.00
      85.00      55.00      34.00      29.00      30.00      31.00      29.00      26.00      26.00      26.00
      25.00      24.00      23.00      26.00      32.00      34.00      32.00      23.00      13.00      10.00
      15.00      20.00      26.00      41.00      67.00      89.00      91.00      83.00      69.00      49.00
      35.00      35.00      40.00      42.00      37.00      32.00      30.00      25.00      25.00      41.00
      71.00     100.00     100.00      93.00      89.00      94.00      96.00      93.00      85.00      87.00
      81.00      71.00      68.00      67.00      61.00      63.00      73.00      75.00      74.00      76.00
      80.00      78.00      75.00
      74.00      67.00      72.00      88.00      98.00      80.00      56.00      50.00      61.00      79.00
      80.00      59.00      48.00      47.00      49.00      43.00      35.00      37.00      36.00      40.00
      44.00      38.00      25.00      23.00      25.00      22.00      17.00      12.00       7.00       9.00
      18.00      23.00      22.00      31.00      46.00      45.00      36.00      35.00      37.00      28.00
      17.00      15.00      22.00      33.00      38.00      35.00      36.00      42.00      48.00      58.00
      77.00      99.00     100.00     100.00      97.00      96.00      95.00      90.00      86.00      89.00
      87.00      73.00      62.00      57.00      57.00      63.00      72.00      77.00      76.00      76.00
      79.00      84.00      90.00
      58.00      51.00      57.00      69.00      62.00      41.00      30.00      39.00      61.00      83.00
      89.00      80.00      75.00      93.00      95.00      74.00      73.00      89.00      73.00      48.00
      42.00      36.00      23.00      21.00      24.00      16.00       9.00       8.00      11.00      23.00
      47.00      46.00      24.00      25.00      36.00      30.00      23.00      25.00      25.00      19.00
      13.00      11.00      16.00      29.00      32.00      30.00      46.00      78.00      85.00      81.00
      91.00     100.00     100.00     100.00     100.00      98.00      97.00      97.00      93.00      89.00
      81.00      71.00      62.00      51.00      57.00      70.00      76.00      80.00      78.00      79.00
      85.00      91.00      97.00
      67.00      70.00      39.00      53.00      72.00      59.00      52.00      62.00      75.00      84.00
      81.00      61.00      51.00      63.00      66.00      50.00      52.00      66.00      57.00      49.00
      66.00      59.00      30.00      20.00      22.00      13.00       6.00      10.00      28.00      76.00
     100.00      46.00      21.00      28.00      51.00      62.00      71.00      80.00      53.00      22.00
      13.00      11.00      11.00      15.00      17.00      27.00      66.00     100.00     100.00      90.00
      99.00     100.00      93.00      87.00      93.00      95.00      96.00      99.00      98.00      94.00
      87.00      79.00      74.00      69.00      75.00      81.00      84.00      81.00      78.00      83.00
      89.00      90.00      93.00
      49.00      56.00      57.00      55.00      65.00      83.00      81.00      59.00      62.00      70.00
      64.00      38.00      24.00      27.00      29.00      22.00      22.00      25.00      27.00      41.00
      76.00      70.00      30.00      15.00      17.00      15.00      11.00      18.00      45.00      87.00
      82.00      35.00      23.00      47.00      89.00      89.00      94.00     100.00     100.00      81.00
      60.00      43.00      34.00      30.00      29.00      39.00      67.00      93.00      95.00      88.00
      92.00      88.00      74.00      71.00      85.00      95.00      93.00      89.00      89.00      91.00
      94.00      95.00      90.00      83.00      77.00      77.00      77.00      76.00      78.00      79.00
      81.00      85.00      91.00
      16.00      12.00      10.00      11.00      21.00      44.00      69.00      85.00      84.00      88.00
      86.00      70.00      64.00      64.00      42.00      21.00      15.00      15.00      13.00      17.00
      28.00      26.00      14.00       6.00       6.00       8.00       9.00      18.00      34.00      46.00
      63.00      63.00      49.00      72.00      87.00      61.00      55.00      79.00      99.00     100.00
     100.00      97.00      80.00      62.00      59.00      64.00      65.00      73.00      88.00      95.00
      90.00      82.00      77.00      80.00      89.00      96.00      91.00      84.00      85.00      89.00
      91.00      94.00      94.00      95.00      90.00      80.00      74.00      77.00      81.00      81.00
      84.00      91.00      95.00
       7.00       7.00       8.00       8.00      10.00      20.00      41.00      56.00      63.00      61.00
      65.00      80.00      92.00      93.00      49.00      17.00      12.00      12.00       9.00       9.00
       9.00       8.00       8.00       6.00       5.00       8.00       9.00      13.00      19.00      21.00
      35.00      83.00     100.00      70.00      54.00      59.00      72.00      80.00      89.00      95.00
      97.00     100.00      94.00      71.00      76.00      91.00      85.00      83.00      93.00      96.00
      90.00      88.00      91.00      94.00      92.00      90.00      86.00      83.00      83.00      84.00
      86.00      87.00      86.00      88.00      90.00      84.00      81.00      87.00      90.00      92.00
      95.00      95.00      94.00
       6.00       8.00       9.00      10.00      11.00      12.00      19.00      28.00      29.00      26.00
      29.00      38.00      48.00      47.00      26.00      11.00      10.00      10.00       7.00       9.00
       9.00       5.00       6.00       7.00       6.00       7.00       7.00       8.00      14.00      15.00
      19.00      33.00      63.00      97.00      87.00      63.00      69.00      83.00      94.00      96.00
      95.00      97.00      88.00      79.00      89.00      99.00      95.00      98.00     100.00      95.00
      93.00      89.00      87.00      87.00      84.00      84.00      85.00      85.00      87.00      85.00
      86.00      87.00      82.00      81.00      83.00      84.00      87.00      90.00      89.00      90.00
      87.00      86.00      85.00
       7.00       7.00       7.00       9.00      12.00      13.00      15.00      16.00      18.00      21.00
      23.00      26.00      25.00      21.00      16.00       8.00       5.00       6.00       5.00       8.00
      12.00      12.00      13.00      13.00       8.00       7.00       8.00      12.00      17.00      23.00
      22.00      19.00      26.00      57.00     100.00     100.00      95.00      97.00      97.00      98.00
      91.00      82.00      77.00      78.00      82.00      83.00      87.00      98.00      95.00      86.00
      87.00      88.00      89.00      88.00      84.00      86.00      87.00      85.00      87.00      86.00
      85.00      86.00      83.00      81.00      81.00      82.00      84.00      84.00      83.00      82.00
      80.00      82.00      84.00
       6.00       7.00       7.00       9.00      10.00      11.00      14.00      13.00      12.00      14.00
      15.00      20.00      20.00      18.00      20.00      15.00       7.00       7.00       8.00       5.00
       8.00      15.00      16.00      21.00      31.00      43.00      53.00      46.00      32.00      29.00
      33.00      28.00      23.00      36.00      65.00      84.00      90.00      94.00      94.00      95.00
      92.00      81.00      79.00      80.00      80.00      86.00      92.00      95.00      87.00      81.00
      78.00      80.00      85.00      86.00      82.00      82.00      84.00      82.00      78.00      80.00
      81.00      82.00      80.00      79.00      79.00      77.00      78.00      79.00      80.00      82.00
      82.00      84.00      86.00
       6.00       7.00       8.00      10.00      10.00      11.00      12.00      12.00      13.00      13.00
      13.00      16.00      15.00      13.00      20.00      21.00       9.00       4.00       8.00       7.00
       8.00      12.00      12.00      26.00      75.00     100.00     100.00      94.00      53.00      35.00
      38.00      47.00      42.00      41.00      63.00      86.00      85.00      88.00      90.00      88.00
      90.00      88.00      86.00      85.00      85.00      86.00      81.00      78.00      82.00      83.00
      82.00      78.00      76.00      78.00      77.00      77.00      79.00      78.00      74.00      77.00
      80.00      79.00      77.00      77.00      79.00      77.00      76.00      76.00      77.00      83.00
      85.00      85.00      84.00
       5.00       7.00       7.00       8.00      10.00       9.00       9.00      12.00      14.00      13.00
      13.00      13.00      11.00       9.00      11.00      23.00      26.00      11.00       8.00      10.00
       9.00      12.00      21.00      51.00      95.00      85.00      79.00      86.00      77.00      68.00
      67.00      70.00      63.00      51.00      65.00      85.00      82.00      85.00      88.00      83.00
      87.00      91.00      83.00      76.00      78.00      76.00      69.00      70.00      73.00      75.00
      78.00      76.00      76.00      78.00      77.00      74.00      71.00      72.00      72.00      75.00
      77.00      73.00      73.00      76.00      76.00      75.00      73.00      75.00      77.00      79.00
      82.00      84.00      85.00
       4.00       5.00       6.00       7.00       8.00       8.00       9.00      11.00      12.00      10.00
      12.00      11.00      10.00      13.00      13.00      24.00      52.00      29.00       8.00       9.00
       9.00      16.00      47.00      99.00     100.00      81.00      86.00      89.00      86.00      95.00
      94.00      88.00      82.00      70.00      75.00      79.00      71.00      74.00      79.00      80.00
      83.00      86.00      80.00      74.00      75.00      77.00      76.00      74.00      72.00      78.00
      80.00      76.00      78.00      76.00      75.00      76.00      74.00      74.00      74.00      76.00
      75.00      70.00      73.00      74.00      75.00      74.00      74.00      77.00      80.00      81.00
      81.00      84.00      88.00
      20.00      20.00      20.00      21.00      18.00      17.00      20.00      19.00      23.00      28.00
      23.00      17.00      16.00      24.00      25.00      19.00      27.00      21.00      15.00      27.00
      38.00      56.00      88.00      97.00      85.00      84.00      90.00      80.00      76.00      87.00
      87.00      85.00      83.00      78.00      79.00      77.00      75.00      75.00      75.00      82.00
      83.00      79.00      85.00      88.00      84.00      79.00      75.00      72.00      73.00      84.00
      81.00      78.00      81.00      76.00      73.00      81.00      82.00      81.00      80.00      79.00
      78.00      76.00      78.00      78.00      78.00      78.00      79.00      81.00      81.00      82.00
      83.00      84.00      88.00
      46.00      45.00      50.00      56.00      50.00      47.00      51.00      46.00      61.00      74.00
      50.00      42.00      37.00      40.00      59.00      45.00      21.00      19.00      25.00      35.00
      48.00      79.00      93.00      79.00      78.00      82.00      79.00      77.00      80.00      84.00
      94.00      93.00      80.00      76.00      79.00      79.00      81.00      77.00      70.00      79.00
      87.00      83.00      92.00      99.00      86.00      77.00      76.00      76.00      79.00      84.00
      84.00      80.00      80.00      78.00      78.00      84.00      84.00      81.00      80.00      79.00
      80.00      82.00      82.00      82.00      81.00      80.00      80.00      83.00      83.00      81.00
      81.00      83.00      85.00
      65.00      66.00      79.00      96.00     100.00      94.00      96.00      86.00      87.00      94.00
      74.00      77.00      76.00      65.00      97.00      99.00      44.00      29.00      26.00      20.00
      25.00      54.00      75.00      77.00      83.00      82.00      81.00      85.00      80.00      79.00
      90.00      93.00      86.00      82.00      82.00      82.00      80.00      76.00      69.00      72.00
      80.00      78.00      82.00      87.00      81.00      80.00      83.00      84.00      86.00      88.00
      97.00      90.00      80.00      82.00      84.00      84.00      85.00      83.00      83.00      84.00
      83.00      81.00      81.00      82.00      82.00      82.00      82.00      84.00      84.00      82.00
      80.00      83.00      84.00
      90.00      94.00     100.00     100.00     100.00      94.00      98.00      98.00      84.00      83.00
      73.00      78.00      93.00      84.00      80.00      75.00      52.00      35.00      26.00      27.00
      48.00      82.00      83.00      76.00      77.00      76.00      78.00      79.00      77.00      78.00
      82.00      84.00      93.00      87.00      78.00      80.00      78.00      76.00      72.00      69.00
      77.00      80.00      76.00      78.00      79.00      81.00      84.00      87.00      86.00      82.00
      98.00      94.00      78.00      85.00      83.00      82.00      82.00      78.00      80.00      83.00
      82.00      80.00      79.00      82.00      82.00      82.00      84.00      85.00      84.00      81.00
      80.00      80.00      82.00
      97.00      94.00      96.00     100.00     100.00      93.00      90.00      95.00      94.00      88.00
      78.00      82.00      88.00      68.00      53.00      54.00      50.00      36.00      31.00      42.00
      73.00      86.00      73.00      75.00      80.00      83.00      84.00      79.00      80.00      82.00
      81.00      80.00      87.00      83.00      74.00      74.00      72.00      72.00      70.00      68.00
      83.00      90.00      79.00      76.00      79.00      79.00      84.00      94.00      83.00      76.00
      85.00      82.00      73.00      77.00      77.00      79.00      78.00      75.00      76.00      77.00
      77.00      77.00      78.00      82.00      81.00      81.00      83.00      83.00      84.00      82.00
      80.00      78.00      78.00
      87.00      82.00      88.00      97.00     100.00     100.00     100.00      91.00      96.00      89.00
      86.00      91.00      73.00      49.00      43.00      47.00      43.00      39.00      54.00      78.00
      92.00      85.00      77.00      81.00      76.00      75.00      80.00      79.00      81.00      81.00
      83.00      81.00      76.00      76.00      74.00      71.00      68.00      68.00      67.00      71.00
      81.00      84.00      77.00      75.00      83.00      84.00      90.00      93.00      78.00      73.00
      78.00      76.00      72.00      70.00      65.00      64.00      70.00      76.00      76.00      73.00
      74.00      74.00      75.00      77.00      77.00      80.00      81.00      77.00      78.00      80.00
      81.00      80.00      78.00
      88.00      90.00      88.00      80.00      73.00      90.00      97.00      98.00      94.00      82.00
      79.00      70.00      53.00      49.00      45.00      41.00      44.00      59.00      83.00      99.00
      97.00      93.00      86.00      81.00      74.00      75.00      79.00      80.00      82.00      80.00
      80.00      79.00      73.00      70.00      67.00      64.00      63.00      60.00      63.00      71.00
      73.00      78.00      75.00      73.00      83.00      90.00      90.00      83.00      78.00      82.00
      75.00      71.00      77.00      77.00      71.00      71.00      74.00      76.00      76.00      77.00
      77.00      74.00      76.00      76.00      74.00      79.00      81.00      77.00      78.00      80.00
      80.00      80.00      81.00
