diamond 4 20年06月29日8时1000百帕相对湿度
20 06 29  8  1000 
2.500 -2.500  .0  180.0   90.0  .0
73  37
      93.00      93.00      93.00      93.00      93.00      93.00      93.00      93.00      93.00      93.00
      93.00      93.00      93.00      93.00      93.00      93.00      93.00      93.00      93.00      93.00
      93.00      93.00      93.00      93.00      93.00      93.00      93.00      93.00      93.00      93.00
      93.00      93.00      93.00      93.00      93.00      93.00      93.00      93.00      93.00      93.00
      93.00      93.00      93.00      93.00      93.00      93.00      93.00      93.00      93.00      93.00
      93.00      93.00      93.00      93.00      93.00      93.00      93.00      93.00      93.00      93.00
      93.00      93.00      93.00      93.00      93.00      93.00      93.00      93.00      93.00      93.00
      93.00      93.00      93.00
      96.00      96.00      97.00      97.00      97.00      97.00      97.00      97.00      97.00      97.00
      97.00      97.00      97.00      97.00      97.00      97.00      97.00      97.00      97.00      97.00
      97.00      96.00      96.00      96.00      96.00      96.00      96.00      96.00      95.00      95.00
      95.00      95.00      95.00      94.00      94.00      94.00      94.00      93.00      93.00      93.00
      93.00      93.00      93.00      92.00      92.00      92.00      92.00      92.00      92.00      92.00
      92.00      92.00      92.00      92.00      92.00      92.00      91.00      91.00      91.00      91.00
      91.00      90.00      90.00      90.00      90.00      89.00      89.00      89.00      89.00      89.00
      89.00      89.00      89.00
      76.00      79.00      81.00      84.00      86.00      89.00      91.00      93.00      95.00      96.00
      98.00      99.00     100.00     100.00     100.00     100.00     100.00     100.00     100.00     100.00
     100.00     100.00     100.00     100.00     100.00     100.00     100.00     100.00     100.00     100.00
     100.00     100.00      99.00      99.00      98.00      98.00      97.00      97.00      96.00      96.00
      95.00      95.00      95.00      95.00      94.00      94.00      94.00      94.00      94.00      93.00
      93.00      93.00      93.00      93.00      93.00      93.00      93.00      93.00      92.00      92.00
      92.00      91.00      91.00      90.00      90.00      90.00      89.00      89.00      89.00      89.00
      89.00      89.00      89.00
      52.00      57.00      63.00      70.00      76.00      83.00      88.00      93.00      96.00      98.00
     100.00     100.00     100.00     100.00     100.00     100.00     100.00     100.00     100.00     100.00
     100.00     100.00     100.00     100.00     100.00     100.00     100.00     100.00      99.00      98.00
      98.00      97.00      97.00      96.00      96.00      96.00      95.00      95.00      95.00      94.00
      94.00      93.00      93.00      93.00      92.00      92.00      92.00      92.00      92.00      92.00
      92.00      92.00      92.00      92.00      92.00      92.00      91.00      91.00      90.00      90.00
      89.00      89.00      88.00      88.00      87.00      87.00      87.00      88.00      88.00      88.00
      89.00      88.00      88.00
      82.00      91.00      95.00      98.00     100.00     100.00     100.00     100.00     100.00     100.00
     100.00     100.00     100.00     100.00     100.00     100.00     100.00      99.00      99.00     100.00
     100.00     100.00     100.00     100.00      99.00      99.00      98.00      98.00      98.00      98.00
      98.00      98.00      98.00      98.00      97.00      97.00      97.00      96.00      96.00      95.00
      95.00      95.00      94.00      94.00      93.00      92.00      90.00      89.00      88.00      87.00
      87.00      87.00      88.00      89.00      91.00      92.00      93.00      94.00      95.00      95.00
      94.00      93.00      90.00      87.00      85.00      82.00      81.00      80.00      80.00      79.00
      79.00      78.00      78.00
     100.00      97.00      95.00      95.00      96.00      97.00      99.00     100.00     100.00     100.00
     100.00     100.00     100.00     100.00      97.00      94.00      92.00      91.00      92.00      96.00
      99.00      98.00      96.00      94.00      92.00      90.00      89.00      90.00      91.00      92.00
      94.00      95.00      96.00      96.00      96.00      97.00      97.00      98.00      99.00     100.00
     100.00     100.00     100.00     100.00     100.00      99.00      95.00      89.00      82.00      76.00
      72.00      72.00      74.00      78.00      83.00      86.00      89.00      91.00      93.00      94.00
      92.00      87.00      80.00      74.00      69.00      66.00      66.00      66.00      65.00      63.00
      60.00      57.00      54.00
      90.00      91.00      91.00      90.00      90.00      91.00      93.00      96.00      98.00      98.00
      99.00     100.00     100.00      97.00      95.00      92.00      92.00      93.00      95.00      97.00
      96.00      96.00      95.00      94.00      93.00      93.00      95.00      96.00      97.00      98.00
      98.00      97.00      96.00      94.00      93.00      92.00      92.00      93.00      94.00      96.00
      97.00      98.00      98.00      97.00      95.00      92.00      89.00      85.00      78.00      70.00
      65.00      64.00      67.00      71.00      75.00      80.00      82.00      84.00      85.00      86.00
      85.00      81.00      76.00      72.00      71.00      73.00      78.00      81.00      84.00      87.00
      88.00      90.00      91.00
      85.00      86.00      84.00      82.00      82.00      85.00      89.00      92.00      94.00      96.00
      97.00      98.00      98.00      97.00      97.00      99.00      99.00      99.00      99.00      99.00
     100.00      99.00      98.00      97.00      96.00      96.00      95.00      95.00      94.00      94.00
      92.00      91.00      89.00      87.00      85.00      85.00      85.00      85.00      86.00      87.00
      88.00      88.00      88.00      87.00      87.00      86.00      85.00      82.00      79.00      79.00
      82.00      88.00      93.00      93.00      89.00      87.00      85.00      83.00      80.00      78.00
      79.00      81.00      84.00      84.00      82.00      81.00      84.00      87.00      90.00      91.00
      91.00      91.00      91.00
      83.00      84.00      80.00      75.00      74.00      82.00      86.00      85.00      85.00      85.00
      86.00      86.00      86.00      84.00      83.00      84.00      89.00      94.00      97.00      99.00
     100.00     100.00     100.00     100.00      99.00      96.00      93.00      89.00      86.00      86.00
      87.00      88.00      87.00      86.00      86.00      86.00      86.00      85.00      85.00      87.00
      90.00      92.00      91.00      89.00      88.00      86.00      85.00      84.00      82.00      80.00
      78.00      76.00      76.00      78.00      81.00      81.00      79.00      75.00      73.00      72.00
      73.00      74.00      75.00      76.00      77.00      79.00      82.00      85.00      88.00      88.00
      89.00      90.00      91.00
      91.00      93.00      89.00      81.00      88.00      88.00      84.00      79.00      76.00      75.00
      76.00      78.00      79.00      78.00      76.00      77.00      82.00      91.00      98.00     100.00
     100.00     100.00     100.00      98.00      96.00      92.00      87.00      84.00      87.00      92.00
      95.00      94.00      89.00      86.00      84.00      86.00      88.00      89.00      90.00      91.00
      92.00      92.00      90.00      88.00      87.00      87.00      87.00      88.00      87.00      83.00
      76.00      69.00      67.00      69.00      73.00      77.00      80.00      82.00      83.00      83.00
      82.00      79.00      75.00      71.00      69.00      71.00      77.00      85.00      90.00      91.00
      90.00      90.00      93.00
      90.00      91.00      90.00      95.00      97.00      96.00      92.00      83.00      75.00      70.00
      56.00      53.00      74.00      90.00      89.00      86.00      88.00      93.00      98.00     100.00
      97.00      94.00      93.00      92.00      89.00      82.00      77.00      78.00      85.00      89.00
      91.00      91.00      90.00      88.00      87.00      86.00      86.00      86.00      85.00      84.00
      85.00      88.00      91.00      93.00      93.00      90.00      87.00      84.00      83.00      82.00
      80.00      79.00      81.00      83.00      85.00      86.00      86.00      85.00      84.00      84.00
      81.00      79.00      77.00      76.00      74.00      72.00      75.00      81.00      90.00      94.00
      91.00      86.00      85.00
      85.00      85.00      86.00      88.00      92.00      94.00      90.00      80.00      69.00      57.00
      62.00      77.00      90.00      97.00      95.00      90.00      90.00      94.00      96.00      94.00
      91.00      89.00      90.00      91.00      92.00      89.00      85.00      82.00      83.00      85.00
      87.00      88.00      85.00      78.00      72.00      72.00      77.00      83.00      87.00      87.00
      86.00      85.00      86.00      87.00      87.00      85.00      82.00      78.00      74.00      73.00
      77.00      84.00      92.00      96.00      95.00      92.00      90.00      90.00      91.00      91.00
      88.00      87.00      88.00      88.00      82.00      73.00      69.00      73.00      85.00      97.00
      97.00      87.00      78.00
      93.00      90.00      86.00      87.00      93.00      96.00      89.00      73.00      60.00      61.00
      65.00      74.00      78.00      78.00      79.00      84.00      93.00     100.00     100.00     100.00
      98.00      95.00      90.00      86.00      85.00      86.00      86.00      87.00      87.00      88.00
      89.00      88.00      82.00      71.00      59.00      55.00      63.00      78.00      89.00      93.00
      90.00      87.00      85.00      85.00      88.00      92.00      95.00      95.00      92.00      88.00
      88.00      92.00      97.00      96.00      90.00      85.00      84.00      90.00      99.00     100.00
      94.00      88.00      88.00      87.00      80.00      70.00      66.00      70.00      80.00      92.00
      96.00      92.00      86.00
      90.00      87.00      85.00      90.00      99.00     100.00      92.00      76.00      64.00      62.00
      67.00      76.00      80.00      78.00      77.00      83.00      93.00      97.00      95.00      94.00
      96.00      96.00      93.00      89.00      90.00      92.00      95.00      96.00      97.00      96.00
      91.00      82.00      74.00      67.00      63.00      63.00      71.00      83.00      92.00      93.00
      93.00      93.00      93.00      92.00      92.00      94.00      95.00      97.00      98.00      97.00
      96.00      94.00      91.00      89.00      87.00      85.00      86.00      90.00      88.00      82.00
      76.00      71.00      71.00      70.00      69.00      70.00      75.00      78.00      79.00      82.00
      86.00      90.00      97.00
      84.00      79.00      77.00      78.00      87.00      97.00      97.00      92.00      84.00      82.00
      85.00      96.00     100.00     100.00      99.00      97.00     100.00     100.00     100.00      99.00
      93.00      88.00      85.00      87.00      92.00      95.00      94.00      94.00      96.00      93.00
      81.00      65.00      58.00      64.00      74.00      78.00      79.00      81.00      86.00      91.00
      94.00      95.00      95.00      96.00     100.00     100.00     100.00      99.00      96.00      98.00
     100.00      97.00      89.00      86.00      90.00      96.00      97.00      89.00      82.00      70.00
      59.00      53.00      63.00      67.00      71.00      77.00      84.00      88.00      92.00      95.00
     100.00     100.00     100.00
      78.00      72.00      70.00      75.00      84.00      91.00      96.00     100.00     100.00      99.00
      95.00      99.00     100.00     100.00      95.00      86.00      86.00      91.00      95.00      93.00
      85.00      77.00      78.00      86.00      92.00      95.00      96.00      94.00      87.00      73.00
      55.00      44.00      44.00      76.00      98.00      96.00      82.00      77.00      81.00      86.00
      90.00      94.00      95.00      99.00     100.00     100.00      91.00      81.00      82.00      94.00
     100.00     100.00     100.00      98.00      98.00      97.00      91.00      85.00      79.00      68.00
      56.00      49.00      60.00      66.00      72.00      71.00      65.00      67.00      72.00      81.00
      87.00      89.00      89.00
      80.00      77.00      76.00      85.00      98.00     100.00      92.00      88.00      93.00      95.00
      94.00      95.00      96.00      90.00      77.00      66.00      59.00      58.00      61.00      66.00
      67.00      65.00      67.00      67.00      65.00      66.00      69.00      65.00      54.00      43.00
      34.00      30.00      41.00      68.00      93.00      98.00      95.00      93.00      94.00      97.00
     100.00     100.00     100.00     100.00      87.00      65.00      49.00      46.00      56.00      77.00
      96.00     100.00     100.00      99.00      93.00      87.00      81.00      76.00      67.00      62.00
      61.00      60.00      65.00      70.00      74.00      79.00      78.00      72.00      64.00      61.00
      68.00      76.00      76.00
      91.00      92.00      87.00      86.00      96.00      97.00      79.00      66.00      70.00      83.00
      96.00      96.00      85.00      70.00      61.00      57.00      50.00      44.00      47.00      48.00
      59.00      58.00      49.00      42.00      37.00      39.00      42.00      37.00      29.00      32.00
      54.00      71.00      65.00      62.00      76.00      99.00     100.00      85.00      63.00      55.00
      66.00      82.00      82.00      70.00      53.00      37.00      31.00      35.00      51.00      72.00
      93.00     100.00     100.00      97.00      87.00      83.00      82.00      79.00      70.00      76.00
      84.00      90.00      91.00      90.00      92.00      96.00      95.00      85.00      69.00      62.00
      65.00      68.00      62.00
     100.00      98.00      86.00      79.00      84.00      82.00      61.00      47.00      51.00      63.00
      69.00      64.00      46.00      43.00      41.00      43.00      58.00      57.00      66.00      70.00
      45.00      50.00      40.00      33.00      35.00      37.00      43.00      51.00      44.00      50.00
      75.00      89.00      79.00      79.00      98.00     100.00      86.00      59.00      37.00      30.00
      38.00      48.00      45.00      42.00      46.00      50.00      48.00      45.00      48.00      58.00
      79.00     100.00     100.00     100.00      99.00      93.00      93.00      93.00      94.00      95.00
      96.00      96.00      95.00      93.00      93.00      96.00      95.00      89.00      71.00      63.00
      68.00      76.00      74.00
     100.00      89.00      78.00      76.00      82.00      75.00      51.00      37.00      44.00      56.00
      56.00      50.00      54.00      58.00      66.00      74.00      81.00      84.00      89.00      98.00
      82.00      53.00      27.00      23.00      25.00      20.00      26.00      64.00      81.00      71.00
      68.00      69.00      72.00      98.00     100.00      70.00      49.00      48.00      52.00      52.00
      49.00      41.00      33.00      41.00      69.00     100.00     100.00      78.00      63.00      67.00
      88.00     100.00     100.00     100.00     100.00     100.00      97.00      94.00      95.00      97.00
      98.00      95.00      93.00      93.00      92.00      93.00      94.00      87.00      69.00      61.00
      72.00      79.00      76.00
      86.00      76.00      61.00      74.00      82.00      76.00      57.00      50.00      61.00      72.00
      67.00      60.00      64.00      75.00      81.00      79.00      81.00      86.00      85.00      92.00
      45.00      23.00      26.00      23.00      24.00      16.00      20.00      64.00      86.00      57.00
      68.00      86.00      74.00      78.00      85.00      72.00      59.00      60.00      60.00      54.00
      49.00      41.00      38.00      52.00      84.00     100.00     100.00      90.00      82.00      91.00
     100.00     100.00     100.00      99.00     100.00     100.00     100.00      95.00      91.00      96.00
     100.00      95.00      89.00      89.00      92.00      95.00      95.00      87.00      72.00      66.00
      70.00      73.00      72.00
      70.00      79.00      86.00      91.00      93.00      89.00      72.00      62.00      71.00      77.00
      65.00      54.00      54.00      64.00      63.00      54.00      56.00      66.00      74.00      89.00
      84.00      50.00      24.00      21.00      39.00      39.00      51.00      84.00      76.00       6.00
      35.00      59.00      50.00      63.00      88.00      98.00      93.00      93.00      64.00      48.00
      51.00      58.00      69.00      83.00      96.00      94.00      83.00      78.00      82.00      87.00
      91.00      93.00      99.00      96.00      97.00      93.00      95.00      94.00      94.00      99.00
     100.00      88.00      77.00      78.00      88.00      96.00      99.00      96.00      88.00      77.00
      69.00      67.00      72.00
      35.00      31.00      31.00      41.00      56.00      56.00      65.00      89.00      90.00      79.00
      62.00      65.00      70.00      82.00      77.00      53.00      41.00      40.00      43.00      59.00
      64.00      33.00      15.00      11.00      20.00      28.00      37.00      54.00      58.00      50.00
      47.00      40.00      36.00      74.00      74.00      13.00       0.00      58.00      77.00      81.00
      84.00      90.00      98.00     100.00     100.00      96.00      89.00      93.00      99.00      99.00
      96.00      91.00      92.00      97.00      95.00      88.00      88.00      90.00      93.00      93.00
      85.00      77.00      76.00      83.00      87.00      84.00      91.00      98.00     100.00      92.00
      82.00      75.00      75.00
      12.00       8.00       9.00      13.00      20.00      38.00      52.00      52.00      75.00      88.00
      87.00      86.00      88.00      95.00      97.00      61.00      34.00      22.00      16.00      20.00
      26.00      20.00      20.00      25.00      27.00      31.00      29.00      36.00      49.00      52.00
      52.00      70.00      94.00      69.00      81.00     100.00     100.00      74.00      84.00      91.00
      87.00      93.00      98.00     100.00     100.00     100.00     100.00     100.00      96.00      92.00
      99.00     100.00      98.00      97.00      94.00      92.00      92.00      89.00      87.00      81.00
      76.00      78.00      84.00      86.00      84.00      84.00      87.00      91.00      96.00      98.00
      97.00      92.00      88.00
       8.00       8.00      11.00      14.00      14.00      22.00      42.00      60.00      65.00      57.00
      61.00      78.00      79.00      76.00      74.00      51.00      34.00      23.00      12.00      13.00
      21.00      20.00      21.00      27.00      26.00      19.00      10.00      20.00      40.00      42.00
      33.00      39.00      58.00      52.00       7.00      46.00      97.00     100.00     100.00      97.00
      91.00     100.00     100.00      99.00     100.00     100.00      91.00      87.00      80.00      76.00
      84.00      90.00      91.00      95.00      94.00      95.00      94.00      87.00      81.00      79.00
      82.00      86.00      88.00      88.00      87.00      88.00      89.00      86.00      86.00      90.00
      93.00      93.00      91.00
       7.00      11.00      17.00      19.00      17.00      17.00      24.00      32.00      36.00      33.00
      34.00      46.00      45.00      39.00      38.00      29.00      22.00      20.00      12.00      14.00
      22.00      23.00      22.00      34.00      46.00      43.00      27.00      33.00      53.00      55.00
      39.00      37.00      53.00      79.00     100.00     100.00     100.00     100.00     100.00     100.00
     100.00     100.00      95.00      93.00      88.00      81.00      77.00      79.00      80.00      79.00
      82.00      85.00      87.00      89.00      89.00      88.00      85.00      80.00      77.00      80.00
      85.00      86.00      85.00      88.00      88.00      84.00      85.00      84.00      82.00      82.00
      81.00      81.00      82.00
       7.00      12.00      16.00      17.00      16.00      16.00      22.00      25.00      26.00      28.00
      28.00      32.00      28.00      21.00      29.00      31.00      19.00      14.00      11.00      11.00
      18.00      21.00      30.00      55.00      82.00      91.00      84.00      79.00      80.00      76.00
      64.00      56.00      64.00      82.00      96.00      97.00      93.00     100.00     100.00      98.00
      95.00      88.00      90.00      94.00      89.00      86.00      88.00      88.00      85.00      80.00
      79.00      82.00      82.00      79.00      77.00      75.00      75.00      75.00      73.00      76.00
      80.00      81.00      80.00      80.00      81.00      80.00      81.00      80.00      80.00      78.00
      76.00      77.00      78.00
       8.00      13.00      15.00      14.00      13.00      14.00      22.00      26.00      27.00      33.00
      29.00      28.00      25.00      17.00      30.00      40.00      24.00       8.00       8.00       7.00
      10.00      25.00      46.00      73.00      89.00      87.00      88.00      92.00      91.00      87.00
      91.00      96.00      96.00      98.00     100.00     100.00      96.00      99.00      96.00      93.00
      93.00      87.00      89.00      94.00      94.00      96.00      93.00      85.00      82.00      80.00
      77.00      79.00      79.00      74.00      72.00      72.00      75.00      77.00      77.00      77.00
      76.00      77.00      78.00      78.00      79.00      79.00      79.00      78.00      76.00      77.00
      78.00      78.00      79.00
       9.00      12.00      15.00      17.00      20.00      18.00      19.00      19.00      23.00      30.00
      20.00      17.00      18.00      15.00      23.00      42.00      41.00      21.00       6.00       6.00
      13.00      40.00      71.00      86.00      89.00      84.00      82.00      87.00      91.00      95.00
     100.00     100.00     100.00     100.00      93.00      89.00      88.00      94.00      97.00      93.00
      91.00      90.00      89.00      85.00      85.00      87.00      84.00      80.00      79.00      82.00
      79.00      75.00      73.00      70.00      74.00      76.00      76.00      78.00      78.00      77.00
      74.00      74.00      77.00      79.00      79.00      79.00      79.00      79.00      77.00      76.00
      78.00      78.00      79.00
      10.00      11.00      15.00      22.00      32.00      34.00      33.00      25.00      16.00      12.00
      10.00      13.00      17.00      20.00      22.00      34.00      57.00      51.00      17.00      17.00
      38.00      68.00      89.00      88.00      86.00      87.00      86.00      85.00      90.00     100.00
     100.00     100.00     100.00     100.00      93.00      87.00      87.00      89.00      92.00      92.00
      91.00      91.00      92.00      85.00      82.00      86.00      89.00      89.00      85.00      83.00
      79.00      76.00      73.00      74.00      78.00      80.00      79.00      80.00      79.00      79.00
      79.00      77.00      78.00      79.00      80.00      80.00      79.00      79.00      78.00      78.00
      79.00      78.00      80.00
      34.00      33.00      34.00      40.00      49.00      63.00      77.00      59.00      38.00      29.00
      26.00      30.00      34.00      43.00      39.00      21.00      40.00      52.00      37.00      49.00
      66.00      72.00      78.00      79.00      81.00      82.00      82.00      83.00      86.00      94.00
     100.00     100.00      98.00      92.00      87.00      84.00      84.00      82.00      81.00      91.00
      96.00      92.00      93.00      91.00      86.00      85.00      85.00      85.00      84.00      83.00
      80.00      76.00      77.00      80.00      80.00      82.00      82.00      81.00      82.00      83.00
      83.00      82.00      80.00      80.00      81.00      81.00      80.00      79.00      79.00      80.00
      82.00      81.00      82.00
      74.00      75.00      76.00      78.00      76.00      78.00      93.00      93.00      90.00      86.00
      73.00      70.00      66.00      74.00      76.00      50.00      46.00      46.00      40.00      46.00
      50.00      63.00      74.00      76.00      83.00      85.00      80.00      79.00      80.00      89.00
      97.00     100.00      96.00      83.00      82.00      84.00      86.00      85.00      82.00      87.00
      94.00      91.00      95.00      96.00      86.00      81.00      80.00      80.00      82.00      82.00
      81.00      78.00      80.00      84.00      82.00      85.00      83.00      81.00      85.00      83.00
      81.00      83.00      82.00      81.00      79.00      79.00      80.00      81.00      80.00      80.00
      82.00      81.00      82.00
      95.00      99.00      98.00      97.00      97.00      88.00      81.00      78.00      88.00      97.00
      88.00      89.00      91.00      91.00      99.00     100.00      87.00      55.00      39.00      38.00
      48.00      73.00      83.00      77.00      79.00      81.00      81.00      80.00      81.00      87.00
      92.00      93.00      94.00      86.00      82.00      83.00      81.00      81.00      78.00      79.00
      86.00      81.00      83.00      88.00      78.00      74.00      79.00      82.00      83.00      82.00
      87.00      88.00      85.00      83.00      83.00      85.00      85.00      85.00      87.00      84.00
      84.00      85.00      84.00      84.00      85.00      83.00      80.00      79.00      78.00      80.00
      83.00      81.00      80.00
     100.00      99.00      98.00      98.00     100.00     100.00      93.00      83.00      82.00      85.00
      82.00      88.00      96.00      90.00      86.00      92.00      88.00      70.00      64.00      68.00
      77.00      82.00      77.00      78.00      81.00      81.00      86.00      87.00      84.00      85.00
      85.00      85.00      92.00      86.00      78.00      81.00      80.00      79.00      76.00      77.00
      84.00      79.00      76.00      79.00      75.00      73.00      78.00      85.00      87.00      85.00
      93.00      90.00      81.00      80.00      83.00      83.00      83.00      82.00      79.00      81.00
      85.00      86.00      84.00      85.00      89.00      88.00      81.00      80.00      81.00      81.00
      83.00      81.00      83.00
      92.00      90.00      96.00     100.00     100.00      97.00      96.00      97.00     100.00     100.00
      99.00      97.00      88.00      76.00      78.00      87.00      92.00      89.00      89.00      87.00
      88.00      83.00      74.00      80.00      85.00      83.00      83.00      81.00      80.00      80.00
      81.00      82.00      89.00      86.00      80.00      82.00      82.00      82.00      78.00      80.00
      89.00      89.00      82.00      78.00      79.00      80.00      91.00      99.00      89.00      85.00
      89.00      86.00      79.00      80.00      82.00      83.00      82.00      81.00      77.00      77.00
      84.00      82.00      81.00      82.00      83.00      81.00      79.00      83.00      84.00      83.00
      83.00      79.00      82.00
      86.00      87.00      88.00      95.00     100.00     100.00     100.00     100.00      99.00      98.00
     100.00     100.00      85.00      66.00      72.00      90.00      96.00      91.00      92.00      90.00
      88.00      88.00      88.00      88.00      86.00      85.00      83.00      80.00      78.00      79.00
      82.00      78.00      76.00      78.00      77.00      78.00      78.00      80.00      78.00      84.00
      91.00      91.00      80.00      76.00      85.00      92.00      98.00     100.00      83.00      78.00
      85.00      84.00      82.00      80.00      78.00      76.00      77.00      78.00      78.00      79.00
      80.00      77.00      75.00      80.00      82.00      81.00      81.00      83.00      83.00      82.00
      85.00      81.00      82.00
      94.00      94.00      83.00      83.00      95.00      97.00      97.00     100.00      99.00     100.00
     100.00      88.00      65.00      63.00      78.00      96.00     100.00      93.00      97.00     100.00
      95.00      91.00      92.00      94.00      90.00      86.00      83.00      82.00      83.00      81.00
      81.00      74.00      74.00      77.00      77.00      75.00      76.00      78.00      76.00      83.00
      91.00      90.00      78.00      76.00      92.00     100.00      98.00      95.00      86.00      86.00
      87.00      85.00      86.00      85.00      81.00      79.00      77.00      78.00      78.00      80.00
      85.00      83.00      80.00      83.00      83.00      81.00      80.00      82.00      81.00      79.00
      82.00      81.00      80.00
