diamond 4 20年06月26日8时1000百帕相对湿度
20 06 26  8  1000 
2.500 -2.500  .0  180.0   90.0  .0
73  37
      93.00      93.00      93.00      93.00      93.00      93.00      93.00      93.00      93.00      93.00
      93.00      93.00      93.00      93.00      93.00      93.00      93.00      93.00      93.00      93.00
      93.00      93.00      93.00      93.00      93.00      93.00      93.00      93.00      93.00      93.00
      93.00      93.00      93.00      93.00      93.00      93.00      93.00      93.00      93.00      93.00
      93.00      93.00      93.00      93.00      93.00      93.00      93.00      93.00      93.00      93.00
      93.00      93.00      93.00      93.00      93.00      93.00      93.00      93.00      93.00      93.00
      93.00      93.00      93.00      93.00      93.00      93.00      93.00      93.00      93.00      93.00
      93.00      93.00      93.00
      98.00      98.00      98.00      98.00      98.00      98.00      98.00      98.00      98.00      99.00
      99.00      99.00      99.00      99.00      99.00     100.00     100.00     100.00     100.00     100.00
     100.00     100.00     100.00     100.00     100.00     100.00      99.00      99.00      98.00      98.00
      98.00      98.00      97.00      97.00      97.00      97.00      97.00      97.00      97.00      97.00
      97.00      97.00      97.00      96.00      96.00      96.00      96.00      96.00      96.00      96.00
      96.00      96.00      96.00      96.00      96.00      96.00      96.00      96.00      96.00      96.00
      96.00      95.00      95.00      95.00      95.00      95.00      95.00      94.00      94.00      94.00
      94.00      94.00      94.00
      91.00      91.00      92.00      92.00      93.00      93.00      94.00      95.00      95.00      96.00
      97.00      97.00      98.00      98.00      98.00      99.00      99.00      98.00      98.00      98.00
      98.00      98.00      98.00      98.00      97.00      97.00      97.00      96.00      96.00      96.00
      96.00      96.00      96.00      95.00      95.00      95.00      95.00      95.00      95.00      95.00
      95.00      95.00      96.00      96.00      96.00      96.00      97.00      97.00      97.00      98.00
      98.00      98.00      98.00      99.00      99.00      99.00      99.00      98.00      98.00      98.00
      97.00      97.00      97.00      96.00      96.00      96.00      95.00      95.00      95.00      95.00
      95.00      96.00      96.00
      95.00      95.00      95.00      95.00      95.00      96.00      96.00      97.00      98.00      99.00
      99.00      99.00     100.00     100.00     100.00     100.00     100.00     100.00      99.00      99.00
      99.00      99.00      98.00      98.00      97.00      97.00      96.00      95.00      95.00      95.00
      95.00      95.00      95.00      95.00      94.00      93.00      92.00      91.00      90.00      89.00
      89.00      88.00      88.00      89.00      89.00      89.00      90.00      91.00      92.00      93.00
      93.00      94.00      95.00      95.00      96.00      96.00      97.00      97.00      97.00      97.00
      97.00      97.00      97.00      97.00      96.00      96.00      96.00      96.00      96.00      96.00
      97.00      97.00      98.00
      97.00      98.00      98.00      98.00      98.00      98.00      98.00      98.00      99.00      99.00
      99.00     100.00     100.00     100.00      99.00      97.00      95.00      93.00      92.00      92.00
      92.00      93.00      94.00      95.00      95.00      96.00      96.00      96.00      96.00      96.00
      96.00      95.00      95.00      94.00      93.00      91.00      89.00      88.00      87.00      86.00
      86.00      86.00      86.00      87.00      88.00      89.00      89.00      90.00      91.00      91.00
      92.00      93.00      93.00      93.00      93.00      93.00      93.00      94.00      94.00      96.00
      97.00      99.00     100.00     100.00     100.00     100.00     100.00     100.00     100.00     100.00
     100.00     100.00     100.00
     100.00     100.00     100.00     100.00     100.00     100.00     100.00     100.00     100.00     100.00
     100.00     100.00     100.00      97.00      90.00      82.00      77.00      74.00      74.00      76.00
      81.00      87.00      92.00      94.00      95.00      96.00      96.00      96.00      96.00      96.00
      95.00      94.00      93.00      92.00      92.00      91.00      91.00      91.00      92.00      93.00
      93.00      93.00      93.00      93.00      92.00      92.00      92.00      92.00      89.00      85.00
      82.00      82.00      85.00      90.00      95.00      96.00      95.00      95.00      95.00      95.00
      95.00      97.00      98.00      99.00     100.00     100.00     100.00     100.00     100.00     100.00
     100.00     100.00     100.00
      97.00      97.00      98.00      98.00      98.00      99.00     100.00     100.00     100.00     100.00
     100.00     100.00     100.00     100.00      99.00      96.00      93.00      91.00      91.00      93.00
      95.00      97.00      98.00      98.00      97.00      96.00      95.00      92.00      89.00      86.00
      86.00      87.00      90.00      93.00      94.00      94.00      95.00      96.00      98.00      99.00
     100.00      99.00      97.00      95.00      93.00      90.00      88.00      87.00      85.00      79.00
      70.00      64.00      63.00      67.00      73.00      79.00      84.00      89.00      93.00      95.00
      97.00      97.00      97.00      97.00      99.00     100.00     100.00     100.00     100.00     100.00
     100.00     100.00     100.00
      99.00      99.00     100.00      99.00     100.00     100.00     100.00     100.00     100.00     100.00
     100.00     100.00     100.00     100.00     100.00     100.00     100.00     100.00     100.00      99.00
      99.00     100.00     100.00     100.00      99.00      93.00      88.00      85.00      85.00      86.00
      88.00      89.00      90.00      91.00      92.00      91.00      90.00      88.00      88.00      87.00
      87.00      88.00      88.00      89.00      91.00      92.00      94.00      95.00      95.00      96.00
      95.00      94.00      93.00      93.00      91.00      84.00      84.00      88.00      94.00      98.00
     100.00     100.00     100.00     100.00     100.00     100.00     100.00     100.00     100.00     100.00
     100.00     100.00     100.00
      99.00      99.00      98.00      98.00      99.00      98.00      94.00      91.00      87.00      87.00
      90.00      96.00     100.00     100.00     100.00     100.00      97.00      93.00      92.00      94.00
      99.00     100.00     100.00     100.00     100.00      99.00      97.00      96.00      94.00      92.00
      90.00      90.00      92.00      94.00      96.00      97.00      97.00      97.00      97.00      96.00
      93.00      90.00      88.00      89.00      90.00      93.00      94.00      94.00      94.00      95.00
      98.00     100.00     100.00     100.00     100.00      99.00      96.00      94.00      92.00      91.00
      93.00      96.00      99.00     100.00      99.00      99.00     100.00     100.00     100.00     100.00
     100.00     100.00     100.00
      95.00      90.00      89.00      88.00      87.00      91.00      88.00      84.00      81.00      81.00
      83.00      85.00      87.00      87.00      86.00      85.00      78.00      74.00      79.00      90.00
     100.00     100.00     100.00      99.00      97.00      96.00      96.00      95.00      94.00      92.00
      91.00      93.00      94.00      95.00      94.00      93.00      92.00      94.00      97.00     100.00
     100.00      99.00      96.00      95.00      95.00      95.00      93.00      90.00      88.00      87.00
      88.00      91.00      93.00      92.00      90.00      89.00      90.00      91.00      90.00      90.00
      92.00      95.00      97.00      97.00      97.00      96.00      97.00      99.00     100.00     100.00
     100.00      99.00      99.00
      94.00      84.00      77.00      82.00      99.00     100.00      98.00      92.00      86.00      81.00
      80.00      84.00      87.00      92.00      94.00      87.00      75.00      78.00      89.00      94.00
      99.00     100.00     100.00      97.00      94.00      90.00      88.00      88.00      89.00      91.00
      94.00      96.00      97.00      96.00      94.00      91.00      89.00      89.00      92.00      97.00
     100.00     100.00     100.00      97.00      92.00      91.00      90.00      89.00      87.00      85.00
      84.00      85.00      86.00      88.00      89.00      91.00      91.00      90.00      88.00      86.00
      85.00      87.00      92.00      98.00      99.00      95.00      90.00      89.00      92.00      94.00
      92.00      90.00      91.00
      88.00      84.00      90.00      88.00      89.00      91.00      90.00      85.00      70.00      66.00
      67.00      74.00      82.00      85.00      79.00      69.00      66.00      78.00      89.00      93.00
      97.00      99.00      98.00      95.00      91.00      87.00      85.00      84.00      86.00      90.00
      95.00      97.00      96.00      94.00      92.00      92.00      93.00      94.00      96.00      98.00
     100.00      99.00      95.00      90.00      87.00      87.00      88.00      87.00      84.00      79.00
      74.00      72.00      73.00      78.00      83.00      87.00      87.00      87.00      91.00      90.00
      86.00      85.00      89.00      96.00      94.00      86.00      80.00      82.00      91.00      98.00
      95.00      88.00      85.00
      86.00      88.00      83.00      79.00      80.00      82.00      79.00      57.00      53.00      49.00
      46.00      42.00      44.00      52.00      64.00      77.00      84.00      89.00      93.00      97.00
     100.00     100.00      95.00      89.00      85.00      84.00      84.00      85.00      88.00      94.00
      98.00      98.00      95.00      91.00      90.00      89.00      88.00      91.00      94.00      96.00
      93.00      87.00      82.00      83.00      89.00      94.00      94.00      92.00      89.00      86.00
      82.00      79.00      77.00      78.00      81.00      82.00      82.00      83.00      86.00      85.00
      82.00      80.00      82.00      86.00      84.00      77.00      73.00      77.00      88.00      97.00
      97.00      91.00      87.00
      91.00      82.00      72.00      64.00      57.00      52.00      50.00      48.00      44.00      39.00
      36.00      37.00      48.00      72.00      90.00      99.00     100.00      94.00      94.00      94.00
      94.00      95.00      95.00      94.00      92.00      93.00      95.00      97.00      95.00      89.00
      82.00      79.00      82.00      89.00      95.00      93.00      86.00      85.00      91.00      98.00
      96.00      85.00      74.00      71.00      75.00      82.00      85.00      88.00      89.00      93.00
      96.00      95.00      90.00      88.00      89.00      91.00      91.00      88.00      81.00      65.00
      56.00      60.00      75.00      77.00      77.00      76.00      74.00      71.00      71.00      77.00
      86.00      92.00      92.00
      92.00      79.00      64.00      59.00      60.00      65.00      68.00      67.00      63.00      54.00
      51.00      52.00      59.00      76.00      97.00      97.00      98.00      96.00     100.00     100.00
      94.00      92.00      91.00      85.00      78.00      79.00      89.00      94.00      83.00      65.00
      54.00      55.00      64.00      79.00      91.00      92.00      86.00      85.00      93.00     100.00
     100.00      92.00      79.00      76.00      82.00      93.00      99.00      94.00      87.00      85.00
      86.00      88.00      89.00      90.00      93.00      95.00      94.00      86.00      70.00      54.00
      44.00      52.00      70.00      76.00      79.00      80.00      74.00      66.00      70.00      79.00
      91.00      96.00      93.00
      70.00      69.00      71.00      74.00      79.00      80.00      78.00      80.00      85.00      85.00
      70.00      51.00      43.00      50.00      66.00      75.00      80.00      83.00      87.00      73.00
      55.00      73.00      73.00      71.00      71.00      81.00      96.00      91.00      66.00      45.00
      41.00      52.00      65.00      90.00     100.00     100.00      99.00     100.00     100.00     100.00
      98.00      95.00      91.00      94.00      97.00      93.00      82.00      71.00      63.00      65.00
      74.00      85.00      93.00      96.00      93.00      88.00      84.00      83.00      74.00      59.00
      47.00      50.00      68.00      71.00      73.00      69.00      62.00      66.00      74.00      89.00
      95.00      91.00      85.00
      68.00      61.00      73.00      83.00      86.00      83.00      78.00      76.00      82.00      88.00
      87.00      75.00      53.00      45.00      49.00      53.00      54.00      51.00      44.00      43.00
      49.00      55.00      65.00      74.00      77.00      77.00      70.00      53.00      35.00      28.00
      35.00      52.00      75.00      95.00      96.00      80.00      91.00     100.00     100.00     100.00
     100.00     100.00     100.00     100.00      99.00      78.00      58.00      45.00      41.00      52.00
      74.00      95.00     100.00     100.00      99.00      96.00      93.00      92.00      84.00      69.00
      58.00      54.00      59.00      63.00      61.00      63.00      72.00      74.00      77.00      84.00
      88.00      86.00      83.00
      90.00      87.00      92.00      95.00      93.00      88.00      85.00      84.00      84.00      86.00
      90.00      89.00      68.00      48.00      49.00      59.00      63.00      48.00      38.00      44.00
      52.00      58.00      58.00      54.00      47.00      37.00      25.00      16.00      16.00      31.00
      51.00      59.00      67.00      84.00      99.00      98.00      95.00      92.00      81.00      69.00
      74.00      91.00      98.00      94.00      83.00      69.00      63.00      64.00      66.00      72.00
      83.00      99.00     100.00      97.00      95.00      95.00      89.00      83.00      78.00      77.00
      73.00      67.00      63.00      60.00      62.00      72.00      78.00      77.00      77.00      79.00
      81.00      82.00      80.00
      93.00      82.00      88.00      98.00      93.00      78.00      69.00      75.00      87.00      90.00
      87.00      85.00      54.00      44.00      45.00      51.00      73.00      62.00      55.00      59.00
      63.00      58.00      41.00      27.00      19.00      16.00      14.00      14.00      23.00      45.00
      62.00      56.00      53.00      73.00      91.00      83.00      75.00      72.00      53.00      31.00
      28.00      41.00      63.00      79.00      73.00      59.00      63.00      89.00     100.00      88.00
      82.00      91.00     100.00      99.00      98.00      94.00      82.00      73.00      77.00      88.00
      85.00      73.00      62.00      57.00      64.00      77.00      84.00      81.00      78.00      80.00
      82.00      84.00      89.00
      78.00      60.00      66.00      83.00      78.00      59.00      47.00      57.00      81.00      91.00
      88.00      83.00      82.00      78.00      76.00      86.00      92.00      87.00      80.00      74.00
      67.00      58.00      42.00      24.00      14.00      11.00      14.00      25.00      35.00      48.00
      59.00      47.00      37.00      51.00      64.00      54.00      46.00      46.00      40.00      29.00
      26.00      26.00      34.00      49.00      52.00      49.00      65.00      95.00     100.00      90.00
      88.00      98.00     100.00     100.00     100.00     100.00      96.00      90.00      94.00     100.00
      98.00      82.00      69.00      54.00      61.00      80.00      87.00      81.00      77.00      80.00
      86.00      88.00      92.00
      81.00      74.00      31.00      50.00      76.00      65.00      51.00      61.00      81.00      86.00
      82.00      85.00      90.00      90.00      90.00      83.00      76.00      79.00      81.00      77.00
      69.00      63.00      52.00      32.00      22.00      14.00      15.00      34.00      49.00      54.00
      82.00      88.00      59.00      57.00      74.00      78.00      68.00      59.00      47.00      42.00
      47.00      36.00      22.00      14.00      17.00      43.00      88.00     100.00     100.00      92.00
      99.00     100.00     100.00      99.00     100.00     100.00     100.00     100.00     100.00     100.00
      99.00      92.00      86.00      75.00      78.00      84.00      87.00      80.00      79.00      85.00
      93.00      99.00     100.00
      79.00      74.00      70.00      78.00      87.00      79.00      67.00      60.00      77.00      90.00
      79.00      72.00      70.00      73.00      67.00      50.00      45.00      55.00      66.00      81.00
      97.00      79.00      44.00      19.00      17.00      16.00      22.00      46.00      65.00      14.00
      22.00      85.00      69.00      64.00      76.00      85.00      99.00     100.00      80.00      73.00
      85.00      77.00      56.00      37.00      36.00      61.00      93.00     100.00      90.00      85.00
      90.00      89.00      87.00      92.00      98.00     100.00     100.00     100.00     100.00     100.00
     100.00     100.00      93.00      81.00      77.00      81.00      79.00      77.00      83.00      88.00
      94.00      99.00      94.00
      40.00      33.00      27.00      29.00      45.00      50.00      65.00      76.00      87.00      88.00
      77.00      71.00      71.00      76.00      72.00      54.00      43.00      39.00      36.00      50.00
      77.00      56.00      30.00      15.00      15.00      23.00      34.00      56.00      76.00      72.00
      49.00      60.00      69.00      72.00      60.00      45.00      63.00      91.00      98.00     100.00
     100.00     100.00     100.00      99.00      87.00      87.00      86.00      84.00      84.00      85.00
      86.00      87.00      89.00      91.00      94.00      95.00      94.00      96.00     100.00      98.00
      94.00      94.00      93.00      88.00      86.00      88.00      86.00      86.00      91.00      90.00
      90.00      90.00      85.00
      13.00      14.00      15.00      13.00      23.00      56.00      74.00      67.00      85.00      89.00
      84.00      84.00      82.00      91.00     100.00      73.00      36.00      19.00      13.00      23.00
      30.00      18.00      17.00      20.00      19.00      27.00      34.00      37.00      48.00      61.00
      73.00      94.00     100.00      96.00      86.00     100.00     100.00      89.00      90.00     100.00
      97.00     100.00      98.00      89.00      94.00      99.00      90.00      86.00      90.00      87.00
      90.00      95.00      93.00      90.00      90.00      90.00      89.00      91.00      93.00      92.00
      89.00      90.00      94.00      95.00      94.00      93.00      92.00      93.00      94.00      93.00
      88.00      84.00      81.00
      11.00      13.00      14.00      12.00      15.00      35.00      65.00      75.00      70.00      61.00
      63.00      77.00      84.00      91.00      95.00      51.00      19.00      10.00      12.00      21.00
      32.00      10.00       6.00      13.00       9.00      12.00      17.00      20.00      32.00      40.00
      41.00      49.00      78.00      99.00      77.00      72.00      82.00      82.00      91.00     100.00
      93.00      97.00      91.00      83.00      91.00      99.00      96.00      97.00      99.00      97.00
      96.00      89.00      83.00      85.00      85.00      88.00      91.00      92.00      93.00      92.00
      91.00      92.00      92.00      92.00      91.00      88.00      85.00      83.00      80.00      78.00
      75.00      74.00      74.00
      11.00      12.00      13.00      15.00      16.00      19.00      28.00      32.00      29.00      29.00
      37.00      55.00      59.00      53.00      54.00      31.00      10.00       9.00      11.00      25.00
      31.00      26.00      26.00      40.00      45.00      47.00      48.00      44.00      44.00      42.00
      37.00      39.00      55.00      81.00      98.00     100.00      99.00      94.00      96.00     100.00
      94.00      95.00      96.00      92.00      93.00      92.00      91.00      96.00      95.00      92.00
      91.00      86.00      84.00      86.00      88.00      88.00      90.00      90.00      91.00      91.00
      91.00      93.00      91.00      89.00      88.00      84.00      81.00      79.00      76.00      73.00
      71.00      72.00      75.00
       8.00      12.00      13.00      16.00      15.00      13.00      17.00      19.00      19.00      21.00
      24.00      34.00      33.00      27.00      42.00      43.00      20.00      13.00      12.00      14.00
      30.00      29.00      41.00      73.00      96.00     100.00      99.00      86.00      71.00      60.00
      53.00      49.00      51.00      66.00      81.00      90.00      95.00      98.00      98.00      98.00
      97.00      97.00      99.00      98.00      95.00      90.00      91.00      93.00      87.00      82.00
      79.00      79.00      84.00      88.00      84.00      82.00      83.00      81.00      80.00      81.00
      83.00      87.00      87.00      84.00      83.00      81.00      81.00      80.00      78.00      78.00
      76.00      78.00      82.00
       5.00       7.00       9.00      11.00      13.00      13.00      17.00      19.00      20.00      24.00
      22.00      26.00      24.00      20.00      42.00      56.00      34.00       9.00      10.00      12.00
      17.00      24.00      44.00      87.00      99.00      89.00      93.00      93.00      93.00      87.00
      77.00      72.00      71.00      77.00      93.00      95.00      88.00      94.00      95.00      94.00
      97.00      98.00      96.00      94.00      93.00      89.00      86.00      84.00      80.00      80.00
      79.00      76.00      78.00      78.00      76.00      77.00      78.00      78.00      79.00      81.00
      80.00      79.00      80.00      79.00      80.00      80.00      78.00      75.00      75.00      78.00
      80.00      80.00      81.00
       5.00       6.00       9.00      11.00      15.00      17.00      20.00      21.00      20.00      21.00
      21.00      22.00      20.00      18.00      34.00      56.00      59.00      29.00       9.00       9.00
      11.00      22.00      52.00      89.00      94.00      89.00      88.00      85.00      93.00     100.00
      90.00      84.00      92.00      96.00      93.00      85.00      80.00      87.00      96.00      96.00
      94.00      92.00      87.00      82.00      82.00      80.00      76.00      73.00      71.00      76.00
      77.00      76.00      76.00      75.00      76.00      76.00      76.00      79.00      81.00      79.00
      77.00      76.00      77.00      79.00      78.00      77.00      75.00      75.00      77.00      79.00
      82.00      81.00      79.00
      13.00      12.00       9.00       7.00       8.00      10.00      12.00      13.00      13.00      13.00
      14.00      13.00      11.00      16.00      25.00      43.00      66.00      58.00      22.00      20.00
      34.00      58.00      81.00      90.00      91.00      92.00      93.00      89.00      93.00     100.00
     100.00      96.00      98.00      95.00      86.00      80.00      76.00      80.00      88.00      90.00
      89.00      89.00      87.00      82.00      78.00      77.00      77.00      74.00      72.00      75.00
      77.00      79.00      81.00      80.00      79.00      80.00      78.00      79.00      79.00      75.00
      72.00      72.00      75.00      77.00      77.00      76.00      75.00      77.00      79.00      79.00
      79.00      79.00      81.00
      27.00      24.00      20.00      21.00      23.00      22.00      19.00      19.00      25.00      31.00
      35.00      34.00      30.00      39.00      42.00      36.00      46.00      45.00      39.00      50.00
      67.00      85.00      93.00      91.00      88.00      84.00      83.00      88.00      92.00      95.00
     100.00     100.00      91.00      86.00      86.00      87.00      84.00      78.00      79.00      87.00
      89.00      88.00      90.00      90.00      83.00      81.00      82.00      80.00      78.00      84.00
      86.00      82.00      80.00      79.00      81.00      83.00      80.00      78.00      79.00      77.00
      75.00      75.00      76.00      78.00      82.00      81.00      79.00      79.00      80.00      80.00
      80.00      82.00      87.00
      51.00      54.00      62.00      67.00      70.00      67.00      58.00      55.00      69.00      81.00
      85.00      86.00      78.00      78.00      82.00      74.00      55.00      41.00      40.00      44.00
      54.00      77.00      88.00      87.00      87.00      83.00      79.00      81.00      86.00      91.00
     100.00     100.00      85.00      80.00      86.00      89.00      84.00      77.00      76.00      81.00
      86.00      86.00      93.00      96.00      86.00      81.00      81.00      81.00      84.00      89.00
      90.00      83.00      79.00      80.00      81.00      80.00      79.00      79.00      80.00      78.00
      77.00      78.00      79.00      83.00      86.00      83.00      79.00      79.00      80.00      81.00
      80.00      82.00      85.00
      82.00      87.00      96.00      98.00     100.00     100.00      95.00      94.00      98.00      96.00
      92.00      99.00     100.00      97.00      98.00     100.00      90.00      57.00      42.00      39.00
      56.00      82.00      89.00      84.00      79.00      80.00      83.00      85.00      88.00      87.00
      94.00     100.00      93.00      85.00      88.00      88.00      80.00      76.00      77.00      76.00
      77.00      77.00      82.00      90.00      83.00      80.00      81.00      81.00      85.00      86.00
      87.00      85.00      81.00      81.00      83.00      80.00      80.00      83.00      82.00      81.00
      80.00      80.00      83.00      86.00      87.00      84.00      81.00      83.00      84.00      84.00
      83.00      82.00      80.00
     100.00     100.00      98.00     100.00     100.00      96.00      96.00      94.00      93.00      93.00
      90.00      89.00      89.00      81.00      80.00      94.00      96.00      72.00      54.00      56.00
      73.00      85.00      84.00      82.00      81.00      81.00      83.00      87.00      86.00      84.00
      83.00      87.00      98.00      93.00      91.00      93.00      82.00      79.00      80.00      84.00
      85.00      79.00      77.00      80.00      79.00      80.00      82.00      83.00      79.00      79.00
      86.00      84.00      78.00      79.00      83.00      79.00      79.00      81.00      82.00      82.00
      83.00      82.00      83.00      82.00      81.00      82.00      83.00      86.00      88.00      88.00
      87.00      86.00      85.00
      94.00      93.00      92.00      99.00     100.00      97.00      95.00      94.00      94.00      94.00
      91.00      91.00      76.00      65.00      78.00      96.00      91.00      76.00      72.00      79.00
      84.00      82.00      79.00      81.00      85.00      88.00      85.00      83.00      83.00      88.00
      86.00      79.00      90.00      88.00      81.00      81.00      76.00      76.00      73.00      85.00
     100.00      93.00      83.00      79.00      81.00      79.00      89.00      96.00      80.00      76.00
      83.00      82.00      79.00      80.00      78.00      75.00      76.00      77.00      81.00      83.00
      84.00      84.00      83.00      83.00      80.00      80.00      83.00      85.00      84.00      86.00
      89.00      90.00      90.00
      91.00      88.00      86.00      91.00      96.00     100.00     100.00      98.00      92.00      84.00
      89.00     100.00      84.00      65.00      75.00      87.00      85.00      79.00      83.00      93.00
      93.00      90.00      89.00      87.00      84.00      84.00      83.00      83.00      83.00      88.00
      86.00      77.00      78.00      79.00      78.00      76.00      75.00      76.00      71.00      85.00
     100.00      98.00      83.00      78.00      88.00      95.00      97.00     100.00      81.00      72.00
      80.00      82.00      79.00      78.00      72.00      71.00      72.00      71.00      74.00      78.00
      83.00      84.00      85.00      91.00      85.00      81.00      83.00      83.00      83.00      87.00
      90.00      88.00      87.00
      86.00      91.00      90.00      89.00      96.00      98.00      97.00      99.00      91.00      88.00
      95.00      89.00      68.00      69.00      78.00      85.00      94.00      87.00      92.00     100.00
      97.00      91.00      90.00      92.00      87.00      82.00      80.00      85.00      91.00      86.00
      79.00      77.00      81.00      78.00      76.00      71.00      71.00      70.00      68.00      84.00
     100.00     100.00      85.00      79.00      96.00     100.00     100.00     100.00      90.00      83.00
      84.00      82.00      82.00      84.00      80.00      76.00      76.00      71.00      67.00      68.00
      71.00      73.00      78.00      85.00      81.00      79.00      80.00      80.00      86.00      87.00
      84.00      81.00      82.00
