diamond 4 20年06月25日20时1000百帕相对湿度
20 06 25  20  1000 
2.500 -2.500  .0  180.0   90.0  .0
73  37
      85.00      85.00      85.00      85.00      85.00      85.00      85.00      85.00      85.00      85.00
      85.00      85.00      85.00      85.00      85.00      85.00      85.00      85.00      85.00      85.00
      85.00      85.00      85.00      85.00      85.00      85.00      85.00      85.00      85.00      85.00
      85.00      85.00      85.00      85.00      85.00      85.00      85.00      85.00      85.00      85.00
      85.00      85.00      85.00      85.00      85.00      85.00      85.00      85.00      85.00      85.00
      85.00      85.00      85.00      85.00      85.00      85.00      85.00      85.00      85.00      85.00
      85.00      85.00      85.00      85.00      85.00      85.00      85.00      85.00      85.00      85.00
      85.00      85.00      85.00
      92.00      92.00      92.00      92.00      92.00      92.00      92.00      92.00      92.00      92.00
      92.00      92.00      92.00      92.00      92.00      92.00      92.00      93.00      93.00      93.00
      93.00      93.00      92.00      92.00      92.00      92.00      92.00      92.00      91.00      91.00
      91.00      91.00      91.00      92.00      92.00      92.00      92.00      92.00      93.00      93.00
      93.00      93.00      94.00      94.00      94.00      95.00      95.00      95.00      95.00      95.00
      96.00      96.00      96.00      96.00      96.00      96.00      96.00      96.00      96.00      95.00
      95.00      95.00      95.00      95.00      95.00      95.00      95.00      95.00      95.00      94.00
      94.00      94.00      94.00
      91.00      90.00      90.00      89.00      89.00      89.00      89.00      89.00      89.00      88.00
      88.00      88.00      88.00      88.00      88.00      89.00      89.00      89.00      89.00      89.00
      89.00      90.00      90.00      90.00      90.00      91.00      91.00      91.00      92.00      92.00
      93.00      93.00      94.00      94.00      95.00      95.00      96.00      96.00      96.00      97.00
      97.00      97.00      97.00      97.00      97.00      97.00      97.00      97.00      97.00      97.00
      97.00      97.00      96.00      96.00      96.00      96.00      96.00      95.00      95.00      94.00
      94.00      93.00      92.00      91.00      91.00      90.00      90.00      90.00      89.00      90.00
      90.00      90.00      91.00
      89.00      88.00      87.00      86.00      86.00      85.00      85.00      84.00      84.00      84.00
      84.00      84.00      84.00      85.00      86.00      87.00      88.00      89.00      89.00      90.00
      91.00      91.00      92.00      93.00      93.00      94.00      94.00      95.00      95.00      95.00
      95.00      96.00      96.00      96.00      97.00      97.00      97.00      97.00      97.00      97.00
      97.00      96.00      96.00      96.00      95.00      95.00      95.00      94.00      94.00      95.00
      95.00      95.00      96.00      96.00      96.00      96.00      96.00      96.00      95.00      94.00
      93.00      92.00      91.00      90.00      89.00      88.00      88.00      88.00      88.00      88.00
      89.00      90.00      91.00
      96.00      94.00      93.00      92.00      92.00      93.00      94.00      94.00      95.00      95.00
      95.00      94.00      93.00      88.00      84.00      80.00      78.00      77.00      79.00      82.00
      85.00      88.00      90.00      92.00      93.00      93.00      91.00      90.00      87.00      85.00
      84.00      83.00      84.00      84.00      86.00      87.00      88.00      89.00      90.00      91.00
      92.00      93.00      93.00      93.00      93.00      92.00      92.00      91.00      91.00      91.00
      92.00      92.00      92.00      92.00      93.00      93.00      93.00      93.00      93.00      93.00
      93.00      93.00      92.00      92.00      91.00      91.00      91.00      91.00      91.00      91.00
      91.00      91.00      91.00
      97.00      98.00     100.00     100.00     100.00     100.00     100.00     100.00      99.00      95.00
      91.00      87.00      81.00      74.00      67.00      61.00      57.00      58.00      62.00      70.00
      77.00      85.00      91.00      95.00      95.00      95.00      93.00      90.00      87.00      85.00
      85.00      85.00      87.00      89.00      90.00      90.00      91.00      92.00      93.00      95.00
      96.00      97.00      98.00      99.00      99.00      98.00      96.00      92.00      88.00      84.00
      81.00      82.00      84.00      88.00      93.00      95.00      96.00      96.00      96.00      95.00
      93.00      91.00      90.00      89.00      89.00      89.00      90.00      91.00      91.00      92.00
      92.00      92.00      92.00
      99.00      99.00      99.00      99.00     100.00      99.00      98.00      95.00      93.00      91.00
      90.00      87.00      84.00      81.00      78.00      77.00      77.00      79.00      82.00      86.00
      90.00      90.00      90.00      88.00      87.00      86.00      86.00      86.00      84.00      83.00
      84.00      87.00      90.00      92.00      92.00      93.00      93.00      94.00      94.00      94.00
      93.00      92.00      91.00      90.00      90.00      89.00      89.00      88.00      83.00      76.00
      70.00      68.00      69.00      72.00      76.00      79.00      82.00      84.00      85.00      85.00
      84.00      83.00      82.00      82.00      83.00      84.00      85.00      86.00      86.00      87.00
      87.00      87.00      88.00
     100.00     100.00     100.00     100.00     100.00     100.00     100.00     100.00     100.00      98.00
      94.00      91.00      90.00      89.00      88.00      86.00      86.00      85.00      85.00      85.00
      87.00      89.00      91.00      93.00      94.00      92.00      89.00      86.00      84.00      85.00
      86.00      86.00      85.00      82.00      79.00      78.00      77.00      78.00      80.00      82.00
      84.00      86.00      88.00      89.00      91.00      93.00      93.00      92.00      90.00      89.00
      86.00      84.00      82.00      81.00      80.00      78.00      75.00      75.00      80.00      81.00
      81.00      81.00      80.00      79.00      79.00      80.00      81.00      83.00      84.00      85.00
      86.00      86.00      87.00
     100.00      99.00      98.00      99.00     100.00     100.00     100.00     100.00     100.00      91.00
      80.00      71.00      65.00      63.00      67.00      75.00      83.00      87.00      90.00      93.00
      94.00      93.00      93.00      94.00      93.00      88.00      82.00      79.00      79.00      82.00
      85.00      86.00      84.00      80.00      76.00      75.00      76.00      78.00      82.00      84.00
      86.00      87.00      87.00      86.00      84.00      81.00      79.00      77.00      75.00      75.00
      76.00      77.00      78.00      78.00      78.00      78.00      79.00      79.00      79.00      77.00
      75.00      71.00      67.00      64.00      63.00      64.00      68.00      72.00      76.00      79.00
      82.00      84.00      86.00
      96.00      93.00      91.00      89.00      90.00      88.00      93.00      96.00      95.00      87.00
      75.00      63.00      54.00      48.00      49.00      57.00      70.00      84.00      96.00     100.00
      97.00      93.00      92.00      92.00      89.00      84.00      79.00      78.00      82.00      87.00
      88.00      83.00      74.00      65.00      61.00      61.00      66.00      72.00      77.00      80.00
      81.00      81.00      82.00      82.00      80.00      76.00      73.00      71.00      71.00      73.00
      74.00      75.00      75.00      76.00      78.00      80.00      82.00      82.00      81.00      79.00
      76.00      72.00      69.00      65.00      62.00      61.00      62.00      67.00      74.00      79.00
      81.00      83.00      85.00
      86.00      86.00      86.00      90.00      92.00      88.00      84.00      82.00      79.00      73.00
      65.00      60.00      55.00      49.00      46.00      45.00      47.00      51.00      57.00      67.00
      79.00      91.00      98.00      99.00      93.00      85.00      81.00      82.00      85.00      86.00
      84.00      77.00      69.00      63.00      62.00      66.00      73.00      79.00      80.00      77.00
      73.00      73.00      76.00      79.00      80.00      78.00      75.00      74.00      75.00      76.00
      75.00      74.00      73.00      75.00      79.00      83.00      84.00      84.00      83.00      81.00
      78.00      76.00      73.00      69.00      61.00      53.00      51.00      56.00      66.00      76.00
      83.00      87.00      90.00
      77.00      82.00      90.00      86.00      78.00      69.00      64.00      61.00      61.00      55.00
      49.00      45.00      48.00      56.00      62.00      60.00      51.00      40.00      35.00      44.00
      61.00      79.00      87.00      84.00      78.00      77.00      79.00      81.00      81.00      81.00
      83.00      85.00      84.00      79.00      74.00      73.00      76.00      81.00      81.00      74.00
      63.00      55.00      57.00      66.00      78.00      85.00      83.00      77.00      72.00      69.00
      68.00      68.00      70.00      76.00      82.00      87.00      88.00      89.00      92.00      92.00
      88.00      81.00      74.00      68.00      61.00      54.00      51.00      55.00      65.00      79.00
      88.00      88.00      85.00
      78.00      88.00      82.00      71.00      59.00      54.00      56.00      62.00      59.00      50.00
      40.00      39.00      44.00      54.00      65.00      71.00      59.00      41.00      30.00      31.00
      42.00      54.00      61.00      65.00      70.00      81.00      89.00      92.00      89.00      85.00
      84.00      82.00      74.00      62.00      49.00      41.00      44.00      58.00      74.00      79.00
      65.00      47.00      39.00      47.00      67.00      86.00      90.00      82.00      76.00      74.00
      75.00      76.00      78.00      82.00      87.00      89.00      90.00      94.00     100.00     100.00
     100.00      94.00      90.00      87.00      82.00      74.00      69.00      71.00      80.00      89.00
      91.00      87.00      85.00
      79.00      77.00      79.00      74.00      63.00      55.00      53.00      54.00      52.00      45.00
      38.00      35.00      35.00      38.00      47.00      53.00      52.00      44.00      36.00      34.00
      37.00      43.00      47.00      52.00      60.00      67.00      70.00      66.00      61.00      56.00
      52.00      47.00      44.00      43.00      43.00      43.00      45.00      55.00      74.00      87.00
      80.00      60.00      47.00      50.00      68.00      87.00      90.00      86.00      86.00      91.00
      93.00      91.00      87.00      87.00      91.00      95.00      98.00      98.00      85.00      71.00
      72.00      83.00      86.00      85.00      83.00      84.00      85.00      82.00      84.00      89.00
      92.00      95.00      97.00
      70.00      77.00      75.00      68.00      61.00      55.00      54.00      55.00      53.00      48.00
      42.00      36.00      33.00      34.00      39.00      44.00      45.00      41.00      35.00      33.00
      33.00      34.00      35.00      38.00      41.00      43.00      43.00      40.00      35.00      31.00
      27.00      24.00      27.00      40.00      61.00      78.00      79.00      75.00      77.00      81.00
      76.00      63.00      58.00      66.00      86.00     100.00      94.00      83.00      77.00      75.00
      73.00      71.00      73.00      81.00      93.00     100.00      94.00      75.00      59.00      49.00
      44.00      50.00      72.00      75.00      77.00      83.00      88.00      84.00      90.00      91.00
      89.00      91.00      95.00
      56.00      60.00      57.00      53.00      57.00      65.00      70.00      72.00      75.00      75.00
      68.00      55.00      42.00      34.00      31.00      31.00      30.00      27.00      27.00      32.00
      38.00      41.00      48.00      54.00      51.00      44.00      40.00      37.00      32.00      27.00
      25.00      29.00      40.00      57.00      79.00      98.00     100.00     100.00      97.00      89.00
      75.00      65.00      62.00      68.00      76.00      74.00      60.00      48.00      42.00      45.00
      54.00      67.00      81.00      93.00      99.00      97.00      91.00      84.00      71.00      59.00
      46.00      48.00      77.00      84.00      85.00      81.00      71.00      75.00      85.00      87.00
      81.00      77.00      81.00
      45.00      47.00      46.00      49.00      65.00      77.00      71.00      69.00      80.00      93.00
      89.00      68.00      47.00      32.00      27.00      31.00      37.00      37.00      36.00      37.00
      38.00      39.00      43.00      47.00      43.00      34.00      28.00      24.00      21.00      20.00
      23.00      32.00      50.00      73.00      90.00      89.00      93.00      97.00      84.00      69.00
      65.00      76.00      87.00      87.00      75.00      53.00      34.00      24.00      25.00      43.00
      69.00      95.00     100.00     100.00     100.00     100.00      98.00      98.00      88.00      74.00
      64.00      61.00      73.00      83.00      77.00      75.00      81.00      80.00      81.00      81.00
      83.00      82.00      83.00
      54.00      50.00      45.00      53.00      84.00     100.00      72.00      55.00      64.00      84.00
      93.00      78.00      53.00      36.00      30.00      33.00      36.00      33.00      31.00      30.00
      28.00      23.00      18.00      16.00      15.00      15.00      14.00      11.00      10.00      15.00
      21.00      24.00      33.00      55.00      78.00      81.00      83.00      87.00      66.00      36.00
      32.00      53.00      74.00      78.00      65.00      49.00      41.00      45.00      61.00      75.00
      82.00      92.00     100.00     100.00     100.00     100.00      99.00      94.00      86.00      81.00
      75.00      72.00      75.00      77.00      77.00      85.00      92.00      89.00      84.00      83.00
      85.00      82.00      79.00
      62.00      54.00      50.00      61.00      87.00      86.00      57.00      45.00      54.00      74.00
      90.00      83.00      64.00      52.00      48.00      47.00      45.00      46.00      41.00      35.00
      33.00      22.00      13.00       9.00      10.00      12.00      13.00      11.00       9.00      13.00
      23.00      28.00      34.00      63.00      85.00      67.00      56.00      63.00      57.00      30.00
      17.00      22.00      33.00      43.00      39.00      31.00      38.00      72.00     100.00      93.00
      71.00      74.00      97.00     100.00     100.00      96.00      91.00      88.00      87.00      87.00
      83.00      74.00      65.00      61.00      68.00      82.00      88.00      83.00      79.00      84.00
      89.00      89.00      87.00
      50.00      52.00      62.00      75.00      71.00      52.00      38.00      46.00      66.00      81.00
      96.00      94.00      89.00      97.00     100.00      88.00      92.00     100.00      80.00      48.00
      37.00      24.00      11.00       9.00      12.00       9.00       9.00      13.00      14.00      16.00
      21.00      20.00      21.00      40.00      49.00      29.00      18.00      18.00      21.00      18.00
      14.00      12.00      19.00      35.00      34.00      25.00      41.00      92.00     100.00      94.00
      82.00      94.00     100.00     100.00     100.00      98.00      98.00      99.00      98.00      97.00
      94.00      84.00      71.00      57.00      63.00      77.00      77.00      73.00      72.00      78.00
      86.00      88.00      88.00
      69.00      74.00      40.00      46.00      69.00      63.00      54.00      71.00      87.00      84.00
      77.00      65.00      54.00      62.00      70.00      60.00      65.00      74.00      47.00      36.00
      38.00      22.00      12.00       7.00      11.00       7.00       4.00      12.00      27.00      40.00
      40.00      27.00      22.00      31.00      39.00      35.00      30.00      24.00      18.00      18.00
      19.00      14.00      11.00      13.00      14.00      27.00      71.00     100.00     100.00      89.00
     100.00     100.00     100.00     100.00     100.00     100.00     100.00     100.00     100.00     100.00
      94.00      90.00      89.00      81.00      79.00      82.00      83.00      81.00      83.00      88.00
      91.00      94.00      95.00
      60.00      70.00      56.00      46.00      62.00      79.00      71.00      62.00      70.00      70.00
      57.00      38.00      26.00      28.00      29.00      22.00      23.00      25.00      17.00      21.00
      44.00      38.00      13.00       7.00      11.00      10.00       9.00      18.00      40.00      77.00
      92.00      64.00      55.00      73.00      88.00      88.00      92.00      81.00      70.00      78.00
      80.00      56.00      33.00      16.00      13.00      32.00      64.00      79.00      67.00      69.00
      97.00     100.00      99.00      96.00      99.00      99.00     100.00     100.00      97.00      93.00
      87.00      89.00      95.00      91.00      86.00      90.00      92.00      93.00      99.00     100.00
     100.00     100.00      98.00
      18.00      16.00      12.00      12.00      23.00      48.00      73.00      90.00      89.00      83.00
      78.00      71.00      73.00      72.00      51.00      23.00      14.00      14.00      10.00       9.00
      13.00      13.00       9.00       7.00       7.00       8.00      13.00      26.00      42.00      59.00
      85.00      99.00      96.00      98.00      88.00      77.00      73.00      72.00      89.00     100.00
     100.00     100.00      88.00      51.00      45.00      57.00      59.00      56.00      57.00      70.00
      91.00     100.00      95.00      92.00      90.00      92.00      95.00      91.00      88.00      90.00
      90.00      91.00      94.00      94.00      95.00      98.00      98.00      98.00      99.00      95.00
      92.00      91.00      83.00
       9.00       9.00      11.00      11.00      12.00      25.00      58.00      75.00      67.00      57.00
      62.00      83.00      93.00      97.00      56.00      22.00      13.00      11.00       9.00       9.00
       7.00       7.00      10.00      10.00       8.00      10.00      15.00      23.00      28.00      28.00
      41.00      88.00     100.00      63.00      52.00      69.00      77.00      72.00      85.00      91.00
      90.00     100.00      87.00      59.00      70.00      90.00      80.00      74.00      85.00      91.00
      96.00      98.00      93.00      89.00      88.00      91.00      90.00      86.00      86.00      90.00
      91.00      93.00      91.00      89.00      90.00      90.00      88.00      86.00      87.00      86.00
      85.00      82.00      73.00
       9.00       9.00      10.00      12.00      13.00      17.00      26.00      30.00      26.00      22.00
      26.00      38.00      48.00      48.00      28.00      14.00      13.00      11.00       6.00       9.00
      10.00       6.00       6.00       7.00       6.00       8.00       8.00      12.00      19.00      19.00
      22.00      40.00      78.00     100.00      84.00      80.00      91.00      92.00      95.00      91.00
      87.00      92.00      77.00      65.00      80.00      94.00      86.00      92.00     100.00     100.00
     100.00      95.00      88.00      86.00      86.00      88.00      88.00      88.00      92.00      92.00
      91.00      92.00      89.00      87.00      85.00      81.00      76.00      74.00      74.00      77.00
      79.00      76.00      72.00
       8.00       8.00       8.00      11.00      14.00      14.00      14.00      13.00      15.00      17.00
      19.00      23.00      24.00      22.00      18.00      10.00       7.00       8.00       6.00       8.00
      11.00       9.00       9.00      12.00      11.00       8.00       6.00      10.00      17.00      21.00
      20.00      21.00      36.00      77.00     100.00     100.00     100.00     100.00      98.00      96.00
      90.00      82.00      77.00      78.00      85.00      88.00      89.00      98.00      96.00      92.00
      94.00      91.00      85.00      83.00      80.00      84.00      87.00      89.00      89.00      86.00
      87.00      86.00      89.00      87.00      85.00      82.00      79.00      77.00      75.00      76.00
      75.00      74.00      78.00
       7.00       8.00      10.00      11.00       9.00       8.00      10.00      11.00      13.00      14.00
      16.00      18.00      15.00      15.00      24.00      19.00       8.00       8.00      10.00       7.00
      10.00      14.00      17.00      27.00      42.00      48.00      47.00      39.00      26.00      25.00
      32.00      31.00      34.00      52.00      76.00      90.00      96.00      97.00      97.00      99.00
      94.00      84.00      84.00      91.00      96.00     100.00     100.00      99.00      88.00      83.00
      81.00      79.00      78.00      77.00      75.00      76.00      81.00      81.00      80.00      81.00
      81.00      83.00      82.00      81.00      81.00      81.00      83.00      82.00      79.00      78.00
      75.00      77.00      83.00
       5.00       5.00       7.00      10.00       9.00       9.00      11.00      13.00      13.00      13.00
      14.00      16.00      12.00      12.00      25.00      26.00       9.00       3.00       6.00       7.00
       9.00      13.00      13.00      30.00      85.00     100.00     100.00      94.00      53.00      33.00
      34.00      36.00      37.00      40.00      62.00      93.00      93.00      90.00      92.00      88.00
      89.00      92.00      92.00      93.00      98.00      99.00      89.00      85.00      86.00      84.00
      81.00      76.00      75.00      75.00      74.00      75.00      77.00      77.00      78.00      80.00
      78.00      78.00      79.00      77.00      78.00      79.00      78.00      76.00      74.00      76.00
      76.00      78.00      82.00
       6.00       5.00       6.00       8.00       9.00      10.00      10.00      10.00      10.00       9.00
      10.00      11.00       9.00       7.00      11.00      23.00      24.00       9.00       4.00       8.00
       7.00      11.00      19.00      46.00      91.00      84.00      77.00      92.00      83.00      64.00
      47.00      37.00      44.00      52.00      70.00      91.00      88.00      89.00      95.00      87.00
      88.00      95.00      86.00      77.00      82.00      82.00      71.00      74.00      87.00      75.00
      75.00      76.00      76.00      74.00      74.00      75.00      76.00      75.00      73.00      72.00
      73.00      76.00      77.00      76.00      75.00      75.00      73.00      72.00      73.00      77.00
      80.00      81.00      82.00
      12.00      12.00      11.00       8.00       6.00       6.00       7.00       9.00       9.00       9.00
      11.00      11.00      10.00       9.00       7.00      21.00      51.00      29.00       4.00       5.00
       6.00      16.00      51.00      98.00     100.00      83.00      86.00      93.00      88.00      95.00
      85.00      66.00      74.00      84.00      84.00      83.00      76.00      78.00      85.00      88.00
      89.00      89.00      83.00      75.00      78.00      78.00      79.00      85.00      83.00      77.00
      73.00      76.00      78.00      77.00      76.00      79.00      79.00      76.00      74.00      73.00
      75.00      79.00      79.00      77.00      77.00      76.00      76.00      74.00      76.00      80.00
      82.00      83.00      83.00
      27.00      28.00      27.00      22.00      13.00      12.00      16.00      18.00      22.00      25.00
      22.00      19.00      20.00      23.00      17.00      14.00      28.00      23.00      12.00      20.00
      31.00      55.00      95.00      98.00      84.00      87.00      91.00      85.00      78.00      84.00
      91.00      87.00      87.00      84.00      78.00      78.00      80.00      76.00      77.00      86.00
      86.00      82.00      89.00      91.00      84.00      76.00      73.00      74.00      79.00      90.00
      83.00      80.00      85.00      80.00      84.00      83.00      79.00      78.00      80.00      79.00
      81.00      82.00      82.00      82.00      82.00      83.00      82.00      79.00      80.00      81.00
      81.00      83.00      84.00
      41.00      42.00      46.00      48.00      40.00      39.00      42.00      37.00      45.00      57.00
      49.00      45.00      44.00      45.00      53.00      38.00      20.00      20.00      25.00      31.00
      44.00      77.00      93.00      76.00      75.00      80.00      74.00      79.00      85.00      82.00
      87.00      89.00      81.00      77.00      77.00      79.00      80.00      78.00      76.00      85.00
      89.00      87.00      94.00     100.00      88.00      76.00      74.00      74.00      77.00      91.00
      88.00      87.00      86.00      83.00      85.00      83.00      80.00      79.00      80.00      82.00
      81.00      81.00      80.00      80.00      83.00      84.00      83.00      83.00      86.00      86.00
      84.00      86.00      86.00
      60.00      62.00      71.00      87.00      91.00      84.00      75.00      61.00      69.00      92.00
      90.00      88.00      78.00      70.00      98.00      94.00      41.00      29.00      29.00      22.00
      27.00      55.00      77.00      77.00      82.00      82.00      80.00      86.00      87.00      85.00
      92.00      93.00      85.00      81.00      82.00      81.00      76.00      79.00      80.00      79.00
      83.00      81.00      81.00      89.00      86.00      78.00      80.00      76.00      75.00      85.00
      91.00      90.00      84.00      78.00      81.00      84.00      85.00      80.00      80.00      83.00
      82.00      81.00      81.00      81.00      83.00      83.00      83.00      85.00      89.00      89.00
      89.00      89.00      85.00
      91.00      85.00      86.00      96.00      98.00      88.00      83.00      84.00      91.00      98.00
      90.00      86.00      89.00      87.00      85.00      73.00      49.00      37.00      32.00      30.00
      46.00      76.00      81.00      76.00      76.00      77.00      80.00      81.00      83.00      88.00
      89.00      89.00      94.00      89.00      82.00      82.00      78.00      81.00      77.00      68.00
      79.00      84.00      75.00      76.00      75.00      77.00      84.00      79.00      76.00      80.00
      83.00      85.00      79.00      76.00      79.00      82.00      81.00      76.00      77.00      79.00
      79.00      81.00      81.00      80.00      81.00      83.00      83.00      82.00      81.00      82.00
      83.00      82.00      79.00
      92.00      82.00      86.00      99.00      98.00      91.00      87.00      92.00      97.00      90.00
      87.00      87.00      84.00      72.00      56.00      55.00      55.00      40.00      33.00      43.00
      69.00      86.00      76.00      75.00      80.00      80.00      81.00      82.00      87.00      87.00
      79.00      79.00      87.00      85.00      78.00      76.00      73.00      77.00      70.00      59.00
      80.00     100.00      83.00      75.00      78.00      80.00      89.00      89.00      80.00      76.00
      79.00      79.00      74.00      75.00      77.00      86.00      79.00      76.00      78.00      76.00
      76.00      79.00      78.00      78.00      81.00      84.00      85.00      80.00      76.00      76.00
      77.00      77.00      76.00
      88.00      84.00      88.00      99.00     100.00     100.00      91.00      83.00      86.00      88.00
      93.00      84.00      62.00      47.00      42.00      50.00      51.00      42.00      52.00      76.00
      90.00      91.00      83.00      85.00      80.00      76.00      80.00      82.00      83.00      79.00
      78.00      78.00      76.00      78.00      77.00      73.00      73.00      81.00      78.00      68.00
      80.00      94.00      84.00      80.00      88.00      87.00      89.00      93.00      81.00      77.00
      81.00      75.00      69.00      71.00      75.00      74.00      76.00      75.00      77.00      76.00
      75.00      76.00      77.00      77.00      76.00      78.00      80.00      76.00      76.00      76.00
      78.00      78.00      78.00
      87.00      91.00      87.00      84.00      81.00      92.00      94.00      92.00      85.00      85.00
      80.00      54.00      43.00      50.00      49.00      47.00      50.00      62.00      84.00     100.00
      94.00      89.00      86.00      82.00      76.00      76.00      80.00      80.00      82.00      80.00
      81.00      80.00      77.00      77.00      72.00      70.00      72.00      74.00      79.00      82.00
      82.00      88.00      86.00      81.00      91.00      94.00      92.00      88.00      79.00      80.00
      81.00      76.00      78.00      82.00      77.00      72.00      73.00      72.00      75.00      80.00
      81.00      80.00      82.00      80.00      76.00      76.00      76.00      75.00      76.00      79.00
      81.00      81.00      82.00
