diamond 11 20年06月28日8时200百帕流场
20 06 28  8  200 
2.500 -2.500  .0 180.0   90.0 .0  73 37
     -0.70     -1.40     -2.10     -2.80     -3.40     -4.10     -4.70     -5.40     -6.00     -6.60
     -7.20     -7.80     -8.40     -9.00     -9.50    -10.00    -10.60    -11.00    -11.50    -12.00
    -12.40    -12.80    -13.10    -13.50    -13.80    -14.10    -14.40    -14.60    -14.80    -15.00
    -15.20    -15.30    -15.40    -15.50    -15.50    -15.50    -15.50    -15.50    -15.40    -15.30
    -15.20    -15.00    -14.80    -14.60    -14.30    -14.10    -13.80    -13.40    -13.10    -12.70
    -12.30    -11.90    -11.40    -11.00    -10.50     -9.90     -9.40     -8.90     -8.30     -7.70
     -7.10     -6.50     -5.90     -5.30     -4.60     -4.00     -3.30     -2.60     -2.00     -1.30
     -0.60      0.10      0.70
     -2.40     -2.90     -3.40     -3.90     -4.40     -4.80     -5.20     -5.60     -6.00     -6.30
     -6.60     -6.80     -7.10     -7.30     -7.40     -7.60     -7.70     -7.80     -7.90     -7.90
     -7.90     -8.00     -8.00     -7.90     -7.90     -7.90     -7.80     -7.80     -7.80     -7.70
     -7.70     -7.60     -7.60     -7.60     -7.60     -7.60     -7.60     -7.60     -7.60     -7.60
     -7.70     -7.70     -7.70     -7.80     -7.80     -7.80     -7.80     -7.80     -7.80     -7.70
     -7.70     -7.60     -7.50     -7.30     -7.20     -7.00     -6.70     -6.40     -6.10     -5.80
     -5.40     -5.00     -4.50     -4.00     -3.50     -3.00     -2.40     -1.80     -1.30     -0.70
      0.00      0.60      1.20
     -2.40     -2.60     -2.80     -3.00     -3.20     -3.40     -3.60     -3.70     -3.80     -3.90
     -4.00     -4.00     -4.00     -3.90     -3.80     -3.70     -3.50     -3.30     -3.00     -2.70
     -2.40     -2.10     -1.70     -1.40     -1.00     -0.60     -0.20      0.20      0.50      0.90
      1.20      1.50      1.80      2.00      2.20      2.40      2.50      2.50      2.60      2.50
      2.50      2.30      2.20      1.90      1.70      1.40      1.10      0.70      0.40      0.00
     -0.30     -0.60     -0.90     -1.20     -1.40     -1.60     -1.70     -1.80     -1.80     -1.80
     -1.60     -1.40     -1.20     -0.80     -0.50     -0.10      0.40      0.80      1.30      1.80
      2.20      2.70      3.10
      1.40      1.50      1.60      1.60      1.60      1.50      1.40      1.20      1.10      0.90
      0.80      0.60      0.50      0.50      0.40      0.40      0.50      0.60      0.70      0.90
      1.10      1.30      1.50      1.70      2.00      2.20      2.50      2.80      3.10      3.40
      3.80      4.10      4.50      4.90      5.40      5.80      6.30      6.70      7.10      7.40
      7.70      8.00      8.20      8.20      8.30      8.20      8.00      7.80      7.50      7.10
      6.70      6.20      5.70      5.20      4.70      4.30      3.80      3.40      3.00      2.60
      2.40      2.20      2.00      1.90      1.90      1.90      2.00      2.10      2.20      2.30
      2.40      2.50      2.50
      7.00      7.20      7.40      7.40      7.40      7.20      7.00      6.70      6.30      5.90
      5.40      4.90      4.50      4.10      3.80      3.50      3.20      3.00      2.80      2.60
      2.40      2.10      1.90      1.60      1.30      1.00      0.80      0.60      0.50      0.50
      0.60      0.90      1.30      1.90      2.60      3.40      4.30      5.20      6.10      7.10
      7.90      8.70      9.40      9.90     10.40     10.70     10.90     11.00     11.00     10.90
     10.80     10.60     10.30      9.90      9.50      9.00      8.40      7.80      7.10      6.40
      5.60      4.80      4.00      3.20      2.40      1.70      1.00      0.40     -0.20     -0.70
     -1.20     -1.70     -2.10
     11.50     11.70     11.80     11.80     11.70     11.30     10.90     10.20      9.40      8.60
      7.70      6.70      5.90      5.00      4.30      3.70      3.20      2.80      2.40      2.00
      1.60      1.10      0.70      0.10     -0.40     -0.90     -1.30     -1.60     -1.70     -1.60
     -1.20     -0.50      0.30      1.40      2.60      3.90      5.30      6.60      7.90      9.00
      9.90     10.70     11.30     11.70     11.90     12.00     12.00     12.00     12.00     11.90
     11.90     12.00     12.00     12.00     11.90     11.70     11.30     10.70     10.00      9.00
      7.80      6.40      4.90      3.30      1.60      0.00     -1.50     -3.00     -4.30     -5.40
     -6.40     -7.20     -7.80
     14.60     14.90     15.10     15.00     14.70     14.20     13.30     12.20     10.90      9.40
      7.80      6.20      4.70      3.30      2.10      1.10      0.30     -0.20     -0.60     -0.90
     -1.20     -1.40     -1.60     -1.80     -1.90     -1.90     -1.60     -1.00     -0.20      1.00
      2.40      4.10      5.80      7.70      9.40     11.10     12.50     13.70     14.60     15.20
     15.50     15.60     15.40     15.10     14.60     14.10     13.50     13.00     12.60     12.30
     12.20     12.30     12.40     12.70     12.80     12.90     12.80     12.30     11.60     10.40
      8.90      7.10      5.10      2.80      0.50     -1.70     -3.90     -6.00     -7.80     -9.30
    -10.40    -11.20    -11.60
     15.80     16.50     16.90     17.00     16.80     16.20     15.20     13.90     12.20     10.30
      8.10      6.00      3.80      1.80      0.10     -1.30     -2.40     -3.20     -3.70     -4.00
     -4.10     -4.00     -3.90     -3.50     -2.90     -2.00     -0.80      0.90      3.00      5.30
      7.80     10.30     12.50     14.50     16.00     17.10     17.60     17.80     17.60     17.20
     16.60     16.00     15.40     14.70     14.20     13.60     13.10     12.70     12.40     12.20
     12.10     12.20     12.40     12.70     13.00     13.10     13.00     12.60     11.90     10.70
      9.00      7.00      4.70      2.30     -0.30     -2.90     -5.30     -7.50     -9.50    -11.00
    -12.10    -12.70    -12.80
     12.40     13.50     14.50     15.20     15.60     15.70     15.40     14.60     13.40     11.90
     10.10      8.10      5.90      3.80      1.70     -0.10     -1.70     -2.90     -3.80     -4.40
     -4.60     -4.70     -4.50     -3.90     -3.10     -1.80     -0.20      1.90      4.30      6.90
      9.40     11.60     13.30     14.40     14.70     14.40     13.50     12.30     10.90      9.50
      8.40      7.60      7.10      7.00      7.20      7.40      7.80      8.20      8.50      8.80
      9.00      9.30      9.60      9.90     10.10     10.40     10.50     10.30      9.90      9.10
      8.00      6.40      4.50      2.30      0.00     -2.40     -4.60     -6.70     -8.40     -9.70
    -10.60    -11.00    -10.90
      2.90      4.50      6.20      8.00      9.60     11.00     12.10     12.80     13.10     13.00
     12.50     11.60     10.30      8.60      6.60      4.60      2.50      0.60     -0.90     -2.10
     -2.90     -3.40     -3.40     -3.20     -2.50     -1.50     -0.20      1.30      3.00      4.70
      6.20      7.40      8.00      8.20      7.70      6.80      5.40      3.90      2.20      0.70
     -0.50     -1.40     -1.80     -1.80     -1.40     -0.90     -0.20      0.50      1.10      1.60
      1.90      2.10      2.20      2.30      2.50      2.80      3.30      3.90      4.50      4.90
      5.10      4.90      4.30      3.30      1.90      0.40     -1.10     -2.40     -3.40     -4.00
     -4.40     -4.40     -4.30
     -8.50     -6.70     -4.30     -1.50      1.40      4.00      6.40      8.40     10.20     11.70
     12.80     13.50     13.50     12.90     11.50      9.60      7.30      5.00      2.80      0.90
     -0.50     -1.40     -1.90     -2.00     -1.80     -1.30     -0.80     -0.20      0.20      0.50
      0.80      1.00      1.20      1.60      2.00      2.40      2.60      2.50      2.00      1.20
      0.10     -1.20     -2.30     -3.30     -4.00     -4.50     -4.70     -4.70     -4.60     -4.60
     -4.80     -5.10     -5.60     -6.20     -6.70     -6.80     -6.40     -5.50     -4.00     -2.10
     -0.10      1.60      3.00      3.80      4.10      4.20      4.10      4.30      4.60      5.10
      5.80      6.20      6.40
    -15.60    -13.50    -10.60     -7.30     -3.90     -0.90      1.70      4.00      6.10      8.30
     10.40     12.30     13.70     14.40     14.30     13.40     11.80      9.80      7.60      5.50
      3.70      2.20      1.10      0.40      0.00     -0.30     -0.80     -1.50     -2.50     -3.60
     -4.50     -4.80     -4.30     -2.90     -0.70      1.90      4.30      6.20      7.10      7.00
      6.00      4.50      2.60      0.80     -0.90     -2.20     -3.20     -3.90     -4.50     -5.00
     -5.70     -6.60     -7.90     -9.40    -11.10    -12.50    -13.20    -13.00    -11.70     -9.40
     -6.40     -3.20     -0.20      2.40      4.60      6.50      8.20      9.90     11.80     13.60
     15.00     15.80     15.60
    -15.00    -12.40     -9.20     -5.80     -2.90     -0.60      1.00      2.30      3.70      5.50
      7.60      9.90     12.20     14.20     15.80     16.70     17.00     16.50     15.50     14.00
     12.10     10.10      8.10      6.30      4.70      3.00      1.00     -1.30     -3.80     -6.40
     -8.30     -9.10     -8.50     -6.40     -3.30      0.30      3.60      5.80      6.90      6.80
      6.00      4.90      3.90      3.20      2.70      2.20      1.60      0.70     -0.40     -1.50
     -2.50     -3.60     -4.80     -6.40     -8.40    -10.50    -12.20    -13.10    -12.80    -11.20
     -8.60     -5.40     -1.90      1.40      4.40      7.20      9.70     12.10     14.50     16.50
     17.80     18.20     17.30
     -6.90     -3.50     -0.10      2.70      4.30      4.90      4.90      4.90      5.20      6.20
      7.60      9.40     11.60     14.00     16.60     19.20     21.60     23.30     24.10     23.90
     22.60     20.60     18.00     15.10     12.00      8.60      4.90      0.90     -3.10     -6.70
     -9.20    -10.30     -9.70     -7.70     -5.00     -2.20     -0.10      0.80      0.70      0.10
     -0.20      0.20      1.60      3.70      5.90      7.20      7.20      5.70      3.40      1.00
     -0.80     -1.60     -1.60     -1.50     -1.80     -2.50     -3.50     -4.30     -4.50     -3.70
     -2.20     -0.10      2.30      4.70      6.80      8.70     10.20     11.40     12.40     13.20
     13.40     12.80     11.30
      7.40     11.20     13.90     14.80     14.00     12.30     10.70      9.80      9.90     10.50
     11.20     11.70     12.30     13.40     15.40     18.10     21.30     24.30     26.50     27.60
     27.50     26.40     24.40     21.60     18.00     13.70      8.90      4.00     -0.40     -3.90
     -6.00     -6.50     -5.70     -4.00     -2.00     -0.60     -0.10     -0.50     -1.40     -2.10
     -1.70      0.20      3.70      8.00     12.00     14.40     14.10     11.20      6.70      2.20
     -0.70     -1.10      0.50      3.10      5.50      7.10      7.70      7.80      7.90      8.30
      9.00      9.80     10.70     11.50     11.90     12.00     11.40     10.40      9.20      7.90
      6.80      5.60      4.20
     24.30     26.70     26.90     24.60     20.60     16.70     14.10     13.50     14.40     15.60
     15.90     15.10     13.50     12.10     11.90     12.90     15.00     17.50     19.60     21.30
     22.40     22.90     22.60     21.20     18.50     14.70     10.30      6.00      2.80      0.90
      0.40      1.10      2.40      3.70      4.70      5.20      5.10      4.70      4.20      4.10
      4.90      6.90     10.20     14.40     18.40     20.80     20.40     17.00     11.60      6.20
      2.80      2.40      4.70      8.30     11.50     13.50     14.20     14.20     14.20     14.40
     14.70     15.10     15.30     15.40     15.30     14.70     13.20     10.90      8.30      5.80
      3.90      2.70      2.00
     36.10     34.80     31.20     25.60     19.50     14.80     12.90     13.90     16.50     18.80
     19.40     18.00     15.10     12.10     10.00      9.20      9.50     10.30     11.20     12.20
     13.50     15.00     16.30     16.40     15.00     12.20      8.90      6.30      5.20      5.60
      7.10      8.70      9.90     10.40     10.30     10.00      9.80      9.90     10.30     10.60
     10.90     11.30     12.30     14.40     17.40     20.20     21.50     20.30     16.80     12.60
      9.50      8.60      9.70     11.60     12.90     13.00     12.20     11.30     11.00     11.40
     12.00     12.70     13.40     14.30     15.20     15.60     15.10     13.40     10.90      8.30
      6.20      5.00      4.80
     35.70     30.20     23.60     17.00     11.90      9.40     10.00     13.00     17.00     20.30
     21.80     21.10     19.20     17.00     15.30     14.30     13.80     13.40     12.90     12.60
     12.90     13.80     14.90     15.20     14.10     11.70      9.10      7.70      8.20     10.30
     12.80     14.50     15.00     14.40     13.40     12.60     12.30     12.50     12.80     12.60
     11.50      9.80      8.40      8.30     10.40     13.90     17.50     19.50     19.00     16.50
     13.40     10.70      9.00      8.10      7.30      6.70      6.50      7.10      8.60     10.50
     12.10     13.30     14.30     15.50     17.00     18.30     18.90     18.20     16.40     13.90
     11.50      9.50      8.70
     24.30     16.80     10.50      6.70      5.70      7.30     10.60     14.70     18.60     21.80
     24.00     25.30     26.10     26.90     27.70     28.40     28.80     28.60     27.70     26.30
     25.10     24.40     24.00     23.40     21.80     19.30     16.60     15.30     15.90     17.80
     19.90     21.00     20.90     20.20     19.50     19.10     19.00     18.70     18.20     17.00
     15.10     12.60     10.20      9.00      9.90     12.90     16.80     19.70     20.30     18.10
     13.60      8.30      3.60      0.70      0.40      2.80      7.50     13.50     19.40     23.80
     26.30     26.90     26.60     26.30     26.40     26.50     26.40     25.40     23.60     21.00
     18.00     15.20     13.30
     10.10      4.90      2.60      3.80      7.50     12.10     16.10     19.00     21.00     23.00
     25.50     28.70     32.50     36.50     40.00     42.80     44.70     45.60     45.40     44.10
     42.30     40.50     39.40     38.50     37.20     35.00     32.40     30.40     29.80     30.40
     31.00     31.10     30.70     30.60     31.20     32.10     32.50     32.00     30.80     29.50
     28.20     26.80     25.30     23.90     23.20     23.70     25.10     26.60     26.70     24.50
     19.50     12.80      6.40      2.80      4.20     10.70     20.80     31.70     40.70     45.90
     47.40     46.10     43.50     40.80     38.60     36.70     35.00     33.30     31.50     29.40
     26.70     23.90     21.70
      0.90      1.20      4.20      9.60     15.30     19.50     21.40     21.50     21.20     21.80
     24.20     28.40     33.70     39.20     43.90     47.50     50.00     51.80     52.70     52.70
     51.80     50.70     50.30     50.70     51.10     50.40     48.60     46.50     45.00     44.20
     43.50     42.40     41.20     41.10     42.10     43.50     44.20     43.60     42.50     41.90
     42.20     43.00     43.00     41.90     39.90     37.70     36.60     37.00     38.10     38.30
     36.10     31.10     25.30     21.70     22.80     29.30     39.10     48.80     55.20     57.30
     55.60     52.00     48.10     44.90     42.40     40.50     39.20     38.40     37.90     37.40
     36.30     34.90     33.40
     -0.90      4.20     10.60     16.80     21.00     22.20     21.00     18.90     17.60     17.90
     20.10     23.90     28.70     33.50     37.60     40.30     42.00     43.40     44.90     46.40
     47.20     47.70     48.60     50.40     52.60     53.90     53.60     52.50     51.40     50.70
     49.50     47.50     45.10     43.40     43.10     43.60     43.60     43.00     42.30     42.70
     44.20     46.00     47.00     46.30     44.00     41.30     40.00     41.30     45.20     49.70
     52.40     51.70     48.40     45.00     43.90     45.70     49.00     51.40     51.00     47.50
     42.60     38.00     35.10     34.00     34.00     34.70     36.00     37.80     39.60     40.80
     41.30     41.20     40.80
      3.70      9.60     15.20     19.10     20.10     18.40     15.60     13.20     12.50     13.30
     15.20     17.70     20.70     23.90     26.60     27.70     27.60     27.40     28.10     29.90
     31.80     33.20     34.50     36.50     39.20     41.50     42.70     43.20     43.50     43.80
     43.20     41.00     37.60     34.60     32.90     32.50     32.30     31.90     31.60     32.00
     33.20     34.40     35.00     34.70     33.50     32.40     32.60     35.20     40.50     47.00
     52.50     55.30     55.10     52.90     50.20     47.40     44.10     39.60     33.50     26.50
     20.40     16.60     16.00     17.80     20.80     24.10     27.60     31.20     34.30     36.20
     36.70     36.40     36.10
     11.50     14.10     16.00     16.40     15.10     12.70     10.20      8.60      8.60      9.50
     10.70     11.70     13.00     14.80     16.40     16.60     15.10     13.10     12.20     13.00
     14.60     15.80     16.40     17.40     19.30     21.60     23.70     25.30     26.80     27.80
     27.70     25.80     22.70     20.10     19.10     19.50     20.20     20.50     20.30     20.00
     19.50     19.00     18.60     18.50     19.00     19.90     21.30     23.60     27.10     31.40
     35.50     38.60     40.10     40.00     38.00     34.40     29.20     23.00     16.10      9.20
      3.60      1.00      2.10      5.90     10.50     14.50     17.90     21.10     23.90     25.50
     25.00     23.40     21.60
     16.70     15.10     13.30     11.60     10.30      9.10      7.70      6.40      5.60      5.50
      5.60      5.70      5.90      6.70      7.70      8.00      6.60      4.30      2.70      2.60
      3.40      4.00      4.10      4.30      5.40      7.20      9.20     10.90     12.20     13.00
     12.80     11.50      9.60      8.70      9.40     11.20     13.00     13.70     13.20     11.70
      9.50      7.40      6.10      6.30      7.60      9.40     10.90     12.10     13.00     13.90
     14.90     16.20     17.60     18.40     17.90     15.80     12.40      8.50      3.90     -1.50
     -6.60     -9.20     -7.60     -2.60      3.00      6.80      8.80     10.50     12.40     13.80
     13.30     10.70      7.40
     14.10     10.70      7.70      6.10      6.00      6.60      6.30      4.60      2.30      0.60
     -0.10     -0.60     -1.30     -1.90     -1.90     -1.50     -1.30     -1.70     -2.00     -1.70
     -0.90     -0.10      0.30      0.80      1.70      2.90      4.20      5.10      5.70      5.80
      5.60      4.90      4.20      4.10      4.90      6.20      7.30      7.40      6.40      4.20
      1.30     -1.40     -3.10     -3.30     -2.30     -1.00      0.00      0.60      1.00      0.90
      0.60      0.40      0.60      0.90      0.70     -0.40     -1.70     -3.10     -5.60    -10.00
    -15.30    -18.50    -16.70    -10.60     -3.80      0.40      1.40      1.40      2.30      3.70
      4.00      2.20     -0.80
      5.70      3.30      1.10      0.10      1.00      2.80      3.60      2.10     -0.70     -3.10
     -4.40     -5.40     -7.30    -10.10    -12.30    -12.80    -11.40     -9.10     -6.80     -5.00
     -3.50     -2.10     -0.60      0.80      1.80      2.50      2.90      3.20      3.30      3.50
      3.70      3.90      3.70      2.70      1.10     -0.50     -1.70     -2.50     -3.40     -5.00
     -7.20     -9.70    -11.40    -12.00    -11.90    -11.60    -11.30    -10.70     -9.60     -8.90
     -9.00     -9.50    -10.00    -10.10    -10.30    -10.50    -10.50    -10.60    -11.70    -14.90
    -19.20    -21.60    -19.40    -13.10     -6.30     -2.70     -2.90     -4.90     -6.30     -6.50
     -6.40     -6.60     -6.70
     -1.20     -2.20     -3.70     -4.80     -4.20     -1.90      0.20      0.10     -1.70     -3.80
     -5.20     -6.90    -10.10    -14.90    -19.70    -22.30    -21.60    -18.30    -14.50    -11.70
    -10.00     -8.40     -6.20     -4.00     -2.70     -2.30     -2.10     -1.70     -1.30     -0.70
      0.10      0.90      0.60     -1.60     -5.60     -9.90    -12.80    -13.50    -13.00    -12.80
    -13.80    -15.50    -16.80    -17.30    -17.40    -17.50    -17.50    -17.10    -16.40    -16.10
    -16.70    -17.30    -17.00    -15.60    -13.60    -11.80    -10.50     -9.70     -9.80    -10.70
    -11.80    -11.50     -8.70     -4.30     -0.60      0.00     -2.70     -7.40    -12.00    -15.70
    -17.90    -17.60    -14.20
     -3.10     -4.20     -6.00     -7.70     -7.40     -5.00     -2.00     -0.70     -1.20     -2.60
     -4.20     -6.40    -10.10    -15.30    -21.00    -25.60    -27.20    -25.60    -22.80    -20.80
    -20.10    -19.10    -17.00    -14.70    -13.30    -12.70    -12.10    -10.90     -9.70     -9.00
     -8.40     -7.80     -7.80     -9.80    -13.90    -18.30    -20.70    -20.00    -17.80    -16.00
    -15.90    -16.90    -17.50    -17.20    -16.60    -16.10    -15.60    -15.20    -15.40    -16.70
    -18.40    -18.90    -16.80    -12.50     -7.40     -3.20     -0.80      0.00      0.00      0.70
      2.80      6.00      9.00     10.50      9.70      6.50      1.40     -4.90    -11.50    -17.50
    -22.00    -22.80    -18.70
     -4.10     -5.90     -7.70     -8.80     -8.00     -5.50     -3.00     -1.80     -1.90     -2.70
     -4.30     -6.90    -10.10    -13.60    -17.80    -22.60    -26.50    -28.10    -27.80    -27.40
    -27.80    -27.70    -26.40    -24.70    -23.90    -23.60    -22.60    -20.70    -18.90    -18.40
    -18.40    -18.10    -17.50    -17.80    -19.50    -21.60    -22.20    -20.50    -17.50    -15.30
    -14.80    -15.20    -15.10    -14.30    -13.40    -12.40    -11.00     -9.30     -8.60     -9.80
    -11.30    -10.70     -6.80     -0.80      5.50     10.10     12.20     12.00     10.70     10.70
     13.00     16.60     19.10     18.80     16.10     11.80      6.90      1.70     -3.30     -8.00
    -11.80    -13.80    -12.50
     -7.40     -8.80     -9.40     -8.80     -6.90     -4.90     -4.40     -4.80     -4.90     -4.80
     -6.00     -8.80    -11.60    -12.80    -14.00    -17.40    -22.50    -26.50    -28.00    -28.20
    -28.50    -28.60    -28.10    -27.90    -28.70    -29.80    -29.40    -27.30    -25.10    -24.40
    -24.80    -24.70    -23.30    -21.50    -20.30    -19.90    -19.30    -17.60    -15.20    -13.50
    -12.90    -12.80    -12.40    -12.00    -12.20    -12.20    -10.40     -6.80     -3.50     -2.00
     -1.30      0.90      5.30     10.60     14.90     17.70     18.90     18.30     16.30     14.50
     14.40     15.70     16.80     16.40     15.10     13.20     11.10      9.00      7.60      7.20
      6.70      5.00      2.60
     -9.60     -9.60     -8.90     -7.40     -5.60     -5.20     -6.90     -8.90     -8.70     -7.00
     -7.20    -10.40    -13.30    -13.30    -12.30    -14.30    -19.60    -24.40    -25.90    -24.90
    -23.80    -23.40    -23.60    -25.00    -27.70    -30.20    -30.60    -28.70    -26.40    -25.60
    -26.00    -26.10    -24.50    -21.60    -18.80    -17.20    -16.40    -15.30    -13.60    -12.10
    -11.50    -11.10    -10.60    -10.90    -12.70    -14.40    -13.40     -9.00     -3.80     -0.30
      1.80      4.60      8.30     11.40     12.90     13.70     15.00     16.20     16.10     14.60
     12.80     11.50     10.70     10.50     11.10     12.00     12.40     12.50     13.70     16.70
     19.60     19.40     15.60
     -7.10     -5.80     -5.30     -5.10     -5.10     -6.30     -9.30    -11.80    -11.00     -8.10
     -7.60    -10.80    -14.10    -13.90    -12.30    -13.90    -19.00    -23.40    -23.70    -21.20
    -19.00    -18.40    -19.30    -21.30    -24.20    -26.50    -26.70    -25.10    -23.40    -23.20
    -24.30    -25.20    -24.20    -21.60    -18.60    -16.80    -16.10    -15.20    -13.50    -12.00
    -11.50    -11.30    -10.80    -11.00    -12.90    -15.30    -15.10    -11.60     -7.20     -4.70
     -3.70     -2.00      0.70      2.80      3.30      3.50      5.40      8.60     11.60     12.80
     12.20     10.70      9.10      8.50      9.20     10.40     10.90     11.10     12.60     16.20
     20.00     21.20     18.80
     -3.10     -1.90     -2.60     -4.40     -5.80     -7.20     -9.60    -11.90    -11.40     -8.90
     -8.20    -10.90    -13.60    -13.40    -12.10    -13.80    -18.10    -21.10    -20.40    -18.00
    -17.00    -17.70    -19.00    -20.20    -21.30    -21.70    -20.90    -19.50    -19.10    -20.50
    -22.90    -24.70    -24.80    -22.80    -20.30    -18.70    -18.00    -17.00    -15.30    -14.00
    -13.90    -14.20    -13.70    -13.00    -13.70    -15.30    -15.30    -13.00    -10.80    -10.70
    -11.60    -11.00     -8.00     -4.80     -3.30     -3.10     -2.40      0.00      3.60      7.20
      9.70     10.60     10.40      9.90      9.60      9.20      8.50      8.00      8.90     11.40
     14.10     15.40     15.10
     -3.60     -2.90     -4.30     -6.40     -6.90     -6.40     -7.10     -9.20    -10.40     -9.80
     -9.40    -10.70    -11.90    -11.20    -10.10    -11.20    -13.70    -14.70    -13.80    -13.80
    -16.20    -19.50    -21.10    -20.80    -19.60    -18.20    -16.90    -16.30    -17.40    -20.10
    -23.20    -25.50    -26.00    -24.70    -22.70    -21.20    -20.40    -19.40    -18.20    -17.70
    -18.40    -18.90    -18.10    -16.80    -16.70    -17.40    -17.30    -15.70    -14.50    -15.10
    -16.30    -15.10    -10.90     -5.90     -3.10     -3.50     -5.40     -6.20     -4.50     -0.60
      4.00      7.50      9.40      9.90      9.40      8.20      7.00      6.70      7.60      9.20
     10.30     10.80     11.30
     -7.50     -7.00     -7.80     -8.50     -6.80     -3.80     -3.00     -5.40     -8.40     -9.60
     -9.60     -9.60     -9.30     -8.00     -6.70     -6.40     -6.40     -5.60     -5.40     -8.60
    -14.60    -19.90    -21.60    -20.40    -18.40    -17.00    -16.40    -17.00    -19.10    -22.00
    -24.80    -26.60    -27.00    -26.00    -24.40    -22.80    -21.70    -21.00    -20.80    -21.50
    -22.50    -22.60    -21.40    -20.30    -20.60    -21.60    -21.40    -19.60    -17.80    -17.20
    -16.90    -14.70    -10.00     -5.00     -2.30     -3.20     -6.30     -8.50     -7.80     -4.40
     -0.10      3.30      5.40      6.40      6.40      6.00      5.90      6.90      8.60      9.70
      9.80      9.40      9.70
     -8.30     -7.60     -7.60     -6.90     -4.30     -0.80      0.30     -2.10     -5.70     -7.80
     -8.20     -7.80     -7.00     -5.70     -4.10     -2.60     -0.90      0.80      0.00     -4.80
    -12.10    -17.60    -19.20    -18.30    -17.50    -17.40    -17.90    -19.00    -21.00    -23.40
    -25.30    -26.30    -26.30    -25.50    -24.10    -22.30    -20.90    -20.30    -21.20    -23.00
    -24.30    -23.90    -22.50    -22.10    -23.30    -24.40    -23.50    -20.80    -18.00    -16.50
    -15.40    -13.40    -10.20     -7.20     -5.80     -6.60     -8.00     -7.90     -5.30     -1.70
      0.80      1.50      1.20      1.00      1.10      1.90      3.70      6.20      8.50      9.20
      8.60      7.90      8.30
    -15.50    -15.50    -15.40    -15.30    -15.20    -15.00    -14.80    -14.60    -14.30    -14.10
    -13.80    -13.40    -13.10    -12.70    -12.30    -11.90    -11.40    -11.00    -10.50     -9.90
     -9.40     -8.90     -8.30     -7.70     -7.10     -6.50     -5.90     -5.30     -4.60     -4.00
     -3.30     -2.60     -2.00     -1.30     -0.60      0.10      0.70      1.40      2.10      2.80
      3.40      4.10      4.70      5.40      6.00      6.60      7.20      7.80      8.40      9.00
      9.50     10.00     10.60     11.00     11.50     12.00     12.40     12.80     13.10     13.50
     13.80     14.10     14.40     14.60     14.80     15.00     15.20     15.30     15.40     15.50
     15.50     15.50     15.50
    -14.40    -14.00    -13.70    -13.30    -13.00    -12.50    -12.10    -11.60    -11.20    -10.70
    -10.20     -9.70     -9.20     -8.70     -8.20     -7.70     -7.20     -6.70     -6.20     -5.70
     -5.20     -4.80     -4.30     -3.90     -3.50     -3.10     -2.70     -2.40     -2.00     -1.70
     -1.40     -1.00     -0.70     -0.40     -0.10      0.20      0.50      0.80      1.20      1.50
      1.80      2.20      2.60      3.00      3.40      3.80      4.20      4.70      5.20      5.70
      6.20      6.70      7.30      7.80      8.40      8.90      9.50     10.00     10.60     11.10
     11.60     12.10     12.50     12.90     13.30     13.70     14.00     14.30     14.50     14.70
     14.90     15.00     15.10
    -11.50    -11.10    -10.70    -10.20     -9.80     -9.30     -8.70     -8.20     -7.60     -7.00
     -6.30     -5.70     -5.00     -4.40     -3.70     -3.10     -2.40     -1.80     -1.20     -0.70
     -0.20      0.30      0.70      1.10      1.40      1.60      1.80      2.00      2.10      2.10
      2.10      2.10      2.00      1.90      1.70      1.60      1.40      1.20      1.10      0.90
      0.80      0.70      0.60      0.50      0.60      0.60      0.80      1.00      1.30      1.70
      2.10      2.60      3.20      3.80      4.50      5.20      6.00      6.80      7.60      8.40
      9.20      9.90     10.60     11.20     11.80     12.30     12.70     13.00     13.20     13.30
     13.40     13.30     13.20
     -7.80     -7.70     -7.50     -7.40     -7.10     -6.90     -6.50     -6.10     -5.70     -5.10
     -4.50     -3.90     -3.10     -2.40     -1.70     -0.90     -0.10      0.60      1.30      1.90
      2.50      3.00      3.50      3.90      4.20      4.50      4.80      5.00      5.10      5.20
      5.30      5.30      5.20      5.10      4.90      4.70      4.40      4.00      3.60      3.10
      2.60      2.10      1.60      1.00      0.60      0.10     -0.20     -0.50     -0.60     -0.60
     -0.60     -0.30      0.00      0.50      1.00      1.70      2.50      3.30      4.20      5.10
      6.10      7.00      7.90      8.70      9.40     10.00     10.40     10.70     10.90     10.90
     10.70     10.40     10.00
     -4.90     -5.10     -5.40     -5.60     -5.70     -5.80     -5.80     -5.70     -5.50     -5.10
     -4.60     -4.10     -3.40     -2.70     -1.90     -1.20     -0.40      0.20      0.80      1.30
      1.80      2.20      2.50      2.90      3.20      3.60      4.10      4.60      5.10      5.70
      6.40      7.00      7.50      7.90      8.20      8.40      8.40      8.10      7.80      7.20
      6.50      5.70      4.80      3.90      3.00      2.10      1.30      0.60      0.00     -0.50
     -0.80     -1.00     -1.10     -1.10     -1.00     -0.70     -0.40      0.00      0.60      1.20
      1.90      2.60      3.40      4.10      4.90      5.50      6.10      6.50      6.80      6.80
      6.70      6.50      6.00
     -3.30     -3.90     -4.50     -5.10     -5.60     -6.10     -6.50     -6.70     -6.70     -6.50
     -6.20     -5.60     -4.90     -4.10     -3.40     -2.60     -2.00     -1.50     -1.10     -0.90
     -0.80     -0.70     -0.60     -0.40      0.00      0.60      1.40      2.50      3.70      5.10
      6.60      8.00      9.30     10.30     11.10     11.50     11.60     11.30     10.70      9.80
      8.70      7.40      6.10      4.90      3.70      2.70      1.80      1.20      0.60      0.20
     -0.10     -0.30     -0.60     -0.90     -1.20     -1.60     -2.00     -2.40     -2.70     -3.00
     -3.10     -3.00     -2.70     -2.30     -1.70     -1.10     -0.40      0.30      1.00      1.50
      1.90      2.20      2.20
     -1.90     -3.00     -4.20     -5.40     -6.50     -7.60     -8.50     -9.20     -9.50     -9.60
     -9.20     -8.60     -7.70     -6.70     -5.70     -4.70     -4.00     -3.40     -3.20     -3.10
     -3.20     -3.30     -3.20     -2.90     -2.20     -1.00      0.60      2.60      4.80      7.10
      9.30     11.20     12.70     13.80     14.20     14.10     13.40     12.30     10.80      9.00
      7.10      5.20      3.50      2.00      0.80      0.00     -0.40     -0.50     -0.40     -0.10
      0.30      0.50      0.50      0.10     -0.60     -1.60     -2.90     -4.30     -5.80     -7.20
     -8.40     -9.20     -9.70     -9.80     -9.40     -8.80     -7.80     -6.60     -5.30     -4.00
     -2.70     -1.40     -0.30
      0.90     -1.10     -3.20     -5.30     -7.50     -9.50    -11.30    -12.70    -13.60    -13.90
    -13.70    -13.00    -11.90    -10.50     -8.90     -7.50     -6.30     -5.40     -4.90     -4.60
     -4.50     -4.30     -3.80     -2.80     -1.20      1.00      3.80      6.80     10.00     12.90
     15.40     17.10     17.90     17.90     17.10     15.60     13.60     11.20      8.70      6.20
      3.70      1.60     -0.30     -1.70     -2.70     -3.10     -3.00     -2.50     -1.60     -0.60
      0.30      1.00      1.20      0.80     -0.20     -1.90     -4.10     -6.60     -9.20    -11.70
    -13.80    -15.40    -16.40    -16.70    -16.50    -15.70    -14.40    -12.80    -10.80     -8.50
     -6.10     -3.60     -1.10
      5.00      2.40     -0.60     -3.80     -7.00    -10.10    -12.90    -15.10    -16.70    -17.60
    -17.80    -17.30    -16.20    -14.60    -12.80    -10.90     -9.20     -7.70     -6.60     -5.70
     -4.90     -4.00     -2.70     -0.80      1.90      5.30      9.20     13.20     16.90     19.80
     21.70     22.40     21.80     20.10     17.60     14.60     11.50      8.50      5.80      3.40
      1.40     -0.30     -1.60     -2.60     -3.10     -3.30     -3.00     -2.20     -1.20      0.00
      1.00      1.70      1.80      1.10     -0.40     -2.70     -5.60     -8.80    -12.20    -15.30
    -17.90    -19.90    -21.10    -21.60    -21.30    -20.40    -18.80    -16.80    -14.20    -11.20
     -7.90     -4.30     -0.70
      8.90      6.30      3.20     -0.30     -4.10     -7.90    -11.40    -14.40    -16.80    -18.40
    -19.40    -19.60    -19.10    -18.10    -16.60    -14.80    -12.80    -10.80     -8.90     -7.20
     -5.50     -3.70     -1.40      1.50      5.00      9.20     13.60     17.90     21.40     23.80
     24.70     24.00     21.90     18.80     15.20     11.40      8.00      5.10      3.00      1.40
      0.30     -0.50     -1.10     -1.60     -1.90     -1.90     -1.50     -0.80      0.20      1.30
      2.20      2.70      2.50      1.60     -0.10     -2.60     -5.70     -9.10    -12.60    -15.90
    -18.70    -20.90    -22.40    -23.10    -23.00    -22.10    -20.50    -18.20    -15.40    -12.00
     -8.10     -4.00      0.30
     11.00      9.70      7.60      4.60      1.00     -3.00     -6.80    -10.30    -13.20    -15.50
    -17.30    -18.60    -19.50    -19.90    -19.70    -18.80    -17.20    -15.10    -12.60    -10.00
     -7.20     -4.30     -1.10      2.50      6.50     10.90     15.20     19.10     22.10     23.80
     24.00     22.70     20.10     16.60     12.70      8.90      5.60      3.00      1.10     -0.20
     -1.10     -1.70     -2.20     -2.50     -2.50     -2.30     -1.60     -0.50      0.80      2.00
      2.80      3.10      2.80      1.70      0.10     -1.90     -4.30     -7.00     -9.70    -12.50
    -15.20    -17.60    -19.50    -20.70    -21.10    -20.60    -19.30    -17.10    -14.20    -10.80
     -7.10     -3.10      0.80
     11.80     12.60     12.20     10.40      7.20      3.20     -0.90     -4.60     -7.60    -10.00
    -12.20    -14.40    -16.60    -18.70    -20.30    -21.10    -20.80    -19.30    -16.90    -13.80
    -10.30     -6.50     -2.40      1.70      6.00     10.10     14.00     17.30     19.90     21.40
     21.90     21.30     19.50     16.90     13.60      9.90      6.40      3.20      0.50     -1.60
     -3.10     -4.30     -5.10     -5.40     -5.20     -4.30     -2.90     -1.20      0.60      1.90
      2.50      2.20      1.10     -0.30     -1.60     -2.80     -3.70     -4.50     -5.50     -6.90
     -8.80    -11.00    -13.10    -14.80    -15.80    -15.80    -14.90    -13.10    -10.80     -8.10
     -5.30     -2.50      0.20
     13.10     16.10     17.40     16.30     13.00      8.50      3.80     -0.10     -2.80     -4.60
     -6.20     -8.10    -10.70    -13.90    -17.10    -19.70    -21.10    -21.20    -19.80    -17.30
    -13.70     -9.60     -5.20     -0.80      3.30      6.90     10.10     12.80     15.30     17.60
     19.60     20.90     21.20     20.10     17.50     13.60      9.10      4.60      0.60     -2.50
     -4.70     -6.00     -6.70     -6.90     -6.40     -5.30     -3.50     -1.50      0.30      1.40
      1.20     -0.20     -2.30     -4.50     -6.00     -6.10     -5.20     -3.60     -2.20     -1.70
     -2.30     -3.70     -5.60     -7.30     -8.50     -8.80     -8.30     -7.30     -5.90     -4.70
     -3.70     -2.90     -1.90
     16.00     20.50     22.40     21.00     16.70     11.00      5.50      1.50     -0.60     -1.40
     -1.60     -2.40     -4.20     -7.20    -10.80    -14.50    -17.50    -19.30    -19.70    -18.50
    -16.00    -12.60     -8.70     -4.80     -1.50      1.10      3.20      5.50      8.30     12.00
     16.40     20.50     23.20     23.60     21.30     16.70     10.80      4.90      0.20     -2.90
     -4.40     -4.80     -4.70     -4.60     -4.60     -4.40     -3.90     -2.80     -1.40     -0.50
     -0.60     -2.30     -5.00     -7.80     -9.40     -9.10     -6.90     -3.50     -0.20      1.80
      2.40      1.60      0.20     -1.30     -2.30     -2.80     -2.80     -2.60     -2.40     -2.50
     -3.20     -4.20     -4.80
     19.70     23.90     24.70     21.60     16.00      9.50      4.10      0.70     -0.60     -0.40
      0.20      0.30     -0.50     -2.40     -5.20     -8.70    -12.10    -15.00    -16.80    -17.30
    -16.40    -14.40    -11.90     -9.50     -7.80     -6.70     -5.70     -3.80     -0.10      5.60
     12.70     19.60     24.40     25.70     23.10     17.40     10.30      3.90     -0.60     -2.50
     -2.30     -0.90      0.20      0.20     -1.30     -3.90     -6.20     -7.30     -6.60     -4.50
     -2.60     -2.10     -3.50     -6.10     -8.30     -8.50     -6.40     -2.70      1.20      3.70
      4.40      3.80      2.50      1.20      0.00     -0.90     -1.60     -2.10     -2.40     -2.80
     -3.90     -5.50     -6.70
     20.90     22.70     20.70     15.80      9.90      4.80      1.60      0.40      0.20      0.30
      0.20     -0.30     -1.00     -2.10     -3.70     -5.80     -8.30    -10.90    -13.10    -14.40
    -14.70    -14.40    -13.80    -13.60    -13.90    -14.40    -14.10    -11.90     -6.70      1.20
     10.70     19.50     25.30     26.50     23.10     16.50      9.00      2.80     -0.70     -1.20
      0.60      3.50      5.60      5.40      2.10     -3.60     -9.90    -13.90    -13.90     -9.90
     -4.20      0.40      1.70     -0.40     -3.70     -5.80     -5.10     -2.20      1.40      3.80
      4.50      3.80      2.60      1.20     -0.40     -2.20     -4.00     -5.10     -5.20     -4.70
     -4.70     -5.60     -6.70
     16.50     14.70      9.90      4.40      0.60     -0.30      1.10      3.10      3.90      3.00
      0.70     -1.90     -3.90     -5.00     -5.70     -6.40     -7.40     -8.60     -9.80    -10.70
    -11.50    -12.40    -13.90    -16.10    -18.40    -20.00    -19.60    -15.90     -8.70      1.30
     12.20     21.30     26.50     26.50     22.00     15.00      7.90      2.60      0.00      0.10
      2.40      5.90      9.10      9.90      6.50     -1.20    -10.70    -18.10    -19.80    -14.90
     -6.00      2.20      5.90      4.10     -0.70     -4.90     -5.80     -3.30      0.40      3.30
      4.40      4.00      3.10      1.90     -0.10     -3.00     -6.20     -8.20     -8.10     -6.40
     -4.90     -4.70     -5.40
      6.50      2.00     -3.50     -7.20     -6.70     -2.20      4.00      8.80      9.90      7.40
      2.70     -2.00     -5.30     -7.00     -7.60     -7.70     -7.70     -7.60     -7.40     -7.30
     -7.80     -9.50    -12.60    -16.70    -20.60    -22.70    -21.40    -16.00     -6.80      4.50
     15.40     23.50     26.80     25.10     19.60     12.70      6.60      2.50      0.40      0.00
      1.50      4.80      9.20     12.20     10.90      3.90     -7.10    -17.50    -22.20    -18.80
     -9.70      0.00      5.00      3.80     -1.10     -5.50     -6.10     -2.90      1.70      5.00
      6.00      5.50      4.70      3.70      1.60     -2.10     -6.40     -9.50     -9.70     -7.80
     -5.60     -4.80     -4.90
     -5.10     -9.60    -12.90    -12.70     -7.70      0.60      9.10     14.40     14.80     11.10
      5.70      0.60     -2.90     -5.10     -6.40     -7.10     -7.40     -7.10     -6.40     -5.70
     -5.90     -7.70    -11.50    -16.50    -21.10    -23.30    -21.30    -14.60     -4.40      7.00
     16.90     23.40     25.00     22.10     16.20      9.90      4.80      1.70     -0.30     -1.50
     -1.50      0.80      5.50     10.50     12.00      7.40     -2.70    -14.30    -21.60    -21.60
    -15.20     -6.60     -0.70      0.60     -0.90     -1.90      0.20      4.70      9.10     10.80
      9.60      7.00      4.90      3.40      1.30     -2.50     -7.10    -10.70    -11.50     -9.90
     -7.90     -6.80     -5.80
    -12.60    -14.60    -13.90     -9.70     -2.30      6.50     13.80     17.20     16.40     12.80
      8.60      5.30      2.80      0.60     -1.80     -4.10     -5.90     -6.80     -7.00     -7.10
     -7.60     -9.20    -12.40    -17.00    -21.40    -23.30    -20.90    -13.90     -4.00      6.30
     14.80     19.90     21.10     18.50     13.40      7.90      3.50      0.80     -0.90     -2.50
     -3.60     -2.80      0.60      5.20      7.90      5.90     -1.20    -10.70    -18.60    -21.80
    -19.60    -13.90     -7.40     -1.60      3.30      8.20     13.50     18.10     19.90     17.60
     12.10      5.90      1.30     -1.30     -3.20     -6.20    -10.10    -13.20    -14.00    -12.60
    -10.50     -8.80     -6.30
    -13.30    -11.80     -7.50     -1.30      5.80     12.20     16.20     17.10     15.60     13.20
     11.40     10.60      9.60      7.40      4.00      0.10     -3.30     -6.00     -8.30    -10.40
    -12.00    -13.40    -15.40    -18.40    -21.60    -22.70    -20.10    -13.50     -4.80      3.60
     10.10     14.30     16.10     15.30     12.20      7.70      3.60      0.90     -0.70     -1.80
     -2.70     -3.00     -2.00     -0.20      1.10      0.60     -2.10     -6.70    -12.30    -17.30
    -19.80    -18.20    -11.90     -2.20      8.70     18.20     24.60     27.10     25.00     19.00
     10.40      1.90     -4.20     -7.30     -8.70    -10.30    -12.70    -14.80    -15.00    -13.40
    -10.90     -8.30     -4.60
     -8.90     -4.70      1.20      7.10     11.80     14.90     16.20     15.80     14.70     14.00
     14.50     15.40     15.40     13.20      9.10      4.40      0.00     -4.10     -8.40    -12.50
    -15.70    -17.30    -18.10    -19.20    -20.60    -20.70    -17.50    -11.40     -4.20      1.50
      5.40      8.30     10.90     12.50     12.00      9.10      5.10      2.00      0.40      0.00
      0.20     -0.10     -1.00     -2.70     -4.20     -4.50     -3.40     -2.60     -4.50     -9.80
    -16.10    -18.60    -14.00     -3.20      9.40     19.00     23.20     22.30     18.00     11.80
      4.70     -2.10     -7.10     -9.70    -10.30    -10.40    -11.40    -12.60    -12.80    -11.20
     -8.30     -5.30     -1.90
     -2.80      2.60      7.80     11.50     13.50     14.40     14.70     14.60     14.70     15.40
     17.20     19.00     19.40     17.10     12.80      7.60      2.90     -1.60     -6.50    -11.60
    -15.60    -17.40    -17.50    -17.40    -17.50    -16.50    -13.00     -7.30     -1.80      1.20
      2.10      3.20      6.10      9.70     11.70     10.60      7.20      3.60      1.50      1.30
      2.30      2.80      1.20     -2.60     -6.50     -7.70     -4.90     -0.70      0.30     -4.30
    -11.90    -16.70    -14.30     -5.80      3.70      9.20      9.20      6.00      2.70      0.50
     -1.20     -3.30     -5.60     -7.00     -6.90     -6.30     -6.50     -7.80     -8.90     -8.30
     -6.00     -3.20     -1.00
      2.50      7.20     10.30     11.50     11.60     11.80     12.50     13.40     14.60     16.40
     18.80     21.10     21.80     19.80     15.10      9.30      4.00     -0.40     -4.50     -8.70
    -12.30    -14.00    -13.90    -13.20    -12.70    -11.40     -8.10     -3.30      0.60      1.70
      0.60      0.30      2.90      7.30     10.70     11.00      8.40      4.80      2.20      1.50
      2.50      3.50      2.30     -1.80     -6.80     -9.10     -6.90     -2.60     -0.80     -4.00
    -10.20    -14.40    -13.50     -9.10     -5.10     -4.70     -7.30    -10.00    -10.30     -7.90
     -4.50     -2.10     -1.50     -1.80     -1.80     -1.40     -1.90     -3.90     -6.50     -7.80
     -6.90     -4.80     -3.30
      5.30      8.30      9.20      8.80      8.50      9.10     10.50     12.20     14.10     16.30
     18.80     21.40     22.70     21.20     16.30      9.50      3.30     -1.00     -3.60     -5.90
     -8.20     -9.70    -10.00     -9.50     -8.80     -7.50     -4.90     -1.30      1.50      2.00
      0.70      0.20      2.10      5.60      8.50      9.00      7.10      4.30      1.90      1.10
      1.90      3.00      2.60     -0.60     -5.10     -8.00     -7.70     -5.70     -5.00     -7.10
    -10.50    -12.70    -13.00    -12.80    -13.70    -15.60    -17.00    -16.90    -15.00    -11.20
     -6.10     -1.10      2.40      3.70      3.50      2.70      1.10     -2.00     -5.90     -9.10
    -10.10     -9.20     -7.60
      5.20      6.50      6.30      5.70      5.90      7.20      9.30     11.50     13.60     15.50
     17.60     19.90     21.40     20.60     16.30      9.50      2.90     -1.00     -2.30     -3.00
     -4.50     -6.70     -8.10     -8.20     -7.20     -5.70     -3.50     -0.90      1.30      2.30
      2.30      2.20      3.00      4.30      4.90      4.30      2.70      1.10      0.10      0.20
      1.40      2.90      3.20      1.50     -1.40     -3.90     -5.00     -5.60     -7.10     -9.30
    -11.10    -12.20    -14.00    -17.20    -20.40    -20.90    -18.30    -15.10    -13.60    -12.60
     -8.90     -1.60      6.00     10.10      9.70      7.00      3.70     -0.20     -5.00     -9.60
    -12.60    -13.10    -11.40
      3.30      4.10      3.90      3.70      4.50      6.50      9.10     11.60     13.40     14.50
     15.30     16.50     17.90     18.00     15.30     10.00      4.60      1.60      1.20      1.20
     -0.70     -4.50     -7.80     -8.80     -7.40     -4.90     -2.50     -0.40      1.40      3.00
      3.90      3.90      3.20      2.00      0.60     -0.90     -2.30     -3.20     -3.10     -1.80
      0.30      2.30      3.40      3.10      2.10      1.20      0.10     -2.20     -5.90     -9.50
    -11.60    -13.00    -15.90    -20.50    -23.30    -20.60    -14.30    -10.10    -11.50    -14.50
    -11.90     -1.70     10.50     17.00     15.80     10.80      5.90      1.60     -3.40     -8.90
    -13.10    -14.40    -12.50
      1.80      3.10      3.30      3.20      3.90      6.20      9.30     11.80     12.90     12.70
     12.20     12.50     13.40     14.20     13.30     10.50      7.30      5.60      5.70      5.60
      3.00     -2.10     -7.10     -8.90     -7.10     -3.60     -0.80      0.80      1.80      2.90
      3.40      2.50      0.40     -1.80     -3.20     -4.00     -4.80     -5.70     -5.80     -4.40
     -2.00      0.40      1.80      2.40      3.00      3.80      3.70      1.00     -4.10     -9.40
    -12.40    -13.80    -16.00    -19.20    -20.00    -15.50     -8.50     -6.00    -10.40    -15.20
    -11.60      1.70     16.00     21.80     17.90     10.60      5.10      1.20     -3.60     -9.50
    -13.50    -13.60    -10.00
      1.60      3.50      4.00      3.50      3.80      6.10      9.40     11.50     11.30      9.80
      8.90      9.10      9.90     10.40     10.20      9.30      8.20      7.40      7.30      7.00
      4.60     -0.20     -5.20     -7.40     -5.60     -1.80      1.00      1.70      1.50      1.40
      0.70     -1.50     -4.50     -6.20     -5.70     -4.40     -4.30     -5.60     -6.80     -6.20
     -4.10     -2.00     -0.70      0.20      1.50      3.30      3.90      1.50     -4.00    -10.00
    -13.30    -13.30    -12.50    -12.50    -11.60     -7.90     -3.70     -4.00     -9.30    -12.40
     -6.00      8.40     20.40     21.70     13.80      5.20      0.70     -2.10     -6.80    -12.50
    -15.00    -11.70     -4.80
      1.00      3.10      4.10      3.60      3.70      6.00      9.30     10.50      8.80      6.30
      5.80      6.90      7.70      7.20      6.40      6.30      6.20      5.60      4.80      4.20
      3.30      0.80     -2.70     -4.60     -3.30     -0.10      1.90      1.70      0.50     -0.30
     -1.60     -4.60     -8.00     -9.00     -6.90     -4.10     -3.50     -5.20     -6.70     -6.40
     -4.60     -2.80     -1.70     -0.80      0.60      2.20      2.80      0.50     -4.90    -10.70
    -13.10    -11.00     -7.00     -4.30     -3.10     -1.90     -1.50     -3.90     -8.00     -8.00
      0.50     13.50     21.00     17.30      7.00     -1.20     -4.10     -5.90    -10.40    -15.70
    -16.30     -9.80      0.30
     -1.50      0.80      2.80      3.20      3.60      6.00      9.20      9.60      6.60      3.50
      3.50      5.40      6.00      4.30      2.90      3.20      3.90      3.00      1.10      0.40
      1.20      1.40     -0.20     -1.70     -1.00      1.10      2.30      1.40      0.20     -0.20
     -1.10     -3.90     -7.40     -8.70     -6.80     -4.50     -4.50     -6.20     -7.00     -5.70
     -3.40     -1.70     -0.60      0.40      1.60      2.50      2.10     -0.60     -5.60    -10.30
    -11.50     -8.00     -2.80      0.60      1.00      0.00     -1.70     -4.70     -7.60     -6.30
      1.80     12.00     16.50     11.70      2.60     -3.60     -5.50     -7.10    -11.30    -15.60
    -15.10     -8.20      1.80
     -4.70     -1.90      1.30      2.70      3.30      5.40      8.40      8.60      5.20      1.90
      2.00      4.10      4.30      2.10      0.80      1.90      3.30      2.20     -0.10     -0.60
      1.30      2.90      2.10      0.50      0.60      2.00      2.50      1.30      0.20      0.70
      1.00     -0.70     -3.80     -5.60     -5.30     -4.90     -6.10     -7.60     -7.30     -4.90
     -2.50     -1.00     -0.10      1.20      2.50      2.80      1.30     -1.90     -6.30     -9.60
     -9.50     -5.80     -1.30      0.90      0.60     -0.50     -1.90     -4.60     -7.90     -8.40
     -3.50      4.10      8.50      6.90      2.10     -1.80     -3.80     -6.10     -9.30    -11.90
    -11.30     -7.10     -1.10
     -6.40     -3.30      0.30      1.80      1.90      3.50      6.10      6.60      3.90      1.10
      1.20      2.90      2.90      1.00      0.20      1.80      3.40      2.70      1.00      1.30
      3.40      4.60      3.20      1.20      1.10      2.30      2.20      0.20     -1.20     -0.50
      1.10      1.10     -0.50     -2.10     -3.10     -4.50     -6.50     -7.70     -6.70     -4.40
     -2.90     -2.50     -1.90     -0.40      1.00      1.00     -0.90     -4.30     -7.80     -9.50
     -8.20     -4.80     -2.10     -1.30     -1.50     -1.10     -0.90     -3.10     -7.60    -10.90
     -9.40     -4.00      1.50      3.80      3.00      0.60     -2.40     -5.10     -6.70     -6.90
     -6.30     -5.80     -4.90
     -6.40     -3.80     -1.10     -0.20     -0.40      0.60      2.80      3.40      1.50     -0.50
      0.00      1.80      2.20      0.90      0.20      1.10      2.00      1.90      1.90      3.30
      4.90      4.70      2.30      0.30      0.50      1.30      0.40     -2.60     -4.80     -4.20
     -1.80      0.10      0.40     -0.50     -2.00     -4.10     -6.00     -6.30     -5.10     -4.00
     -4.20     -5.00     -5.10     -3.90     -2.50     -2.40     -4.20     -7.20     -9.70    -10.00
     -7.80     -5.10     -4.00     -4.20     -3.70     -1.60     -0.10     -1.80     -6.20     -9.70
     -9.40     -5.50     -0.60      2.70      3.10      0.80     -2.80     -5.30     -5.20     -3.40
     -2.40     -3.80     -5.80
     -6.10     -4.90     -3.40     -2.60     -2.20     -1.00      0.50      0.30     -1.50     -2.80
     -1.90      0.30      1.50      1.10      0.20     -0.40     -0.70     -0.30      1.30      3.30
      3.90      2.30      0.00     -1.10     -0.80     -0.80     -2.90     -6.20     -8.20     -7.40
     -4.40     -1.30      0.20     -0.40     -2.50     -4.80     -5.60     -4.70     -3.50     -3.60
     -5.30     -7.00     -7.60     -7.00     -6.10     -5.90     -7.10     -9.40    -11.00    -10.30
     -7.70     -5.80     -6.00     -6.90     -6.10     -3.60     -1.90     -2.70     -4.30     -4.60
     -2.80     -0.20      2.10      3.20      2.40     -0.50     -4.20     -6.20     -5.20     -2.60
     -1.20     -2.00     -3.40
     -5.50     -5.60     -5.00     -3.50     -1.50      0.50      1.00     -0.80     -3.50     -4.90
     -3.90     -1.40      0.80      2.00      1.40     -0.50     -2.30     -2.10     -0.10      1.50
      0.80     -1.30     -2.40     -2.00     -1.90     -3.60     -6.60     -9.00     -9.40     -7.60
     -4.50     -1.20      0.50     -0.30     -2.80     -4.90     -4.70     -3.00     -2.10     -3.50
     -6.10     -8.00     -8.90     -9.00     -8.80     -8.60     -9.30    -11.00    -12.00    -10.60
     -7.70     -6.30     -7.50     -9.00     -8.50     -6.70     -5.60     -4.90     -2.60      1.50
      5.20      6.40      5.60      4.00      1.70     -1.80     -5.40     -7.00     -6.10     -4.00
     -2.40     -1.50     -0.50
     -3.30     -4.20     -4.00     -1.80      1.60      3.90      3.20     -0.10     -3.60     -5.30
     -4.90     -2.70      0.90      4.30      5.20      2.50     -1.20     -2.50     -1.40     -1.10
     -2.90     -4.70     -4.00     -2.50     -3.20     -6.70    -10.20    -11.00     -9.20     -6.70
     -4.10     -1.30      0.60      0.60     -1.20     -2.30     -1.40      0.00     -0.60     -3.60
     -6.90     -8.70     -9.60    -10.30    -10.60    -10.40    -10.80    -12.40    -13.30    -11.40
     -8.00     -6.50     -8.00     -9.90     -9.90     -9.00     -8.30     -6.10     -0.80      5.80
      9.30      8.60      6.10      4.10      1.80     -1.80     -5.40     -7.00     -6.70     -5.70
     -4.40     -2.10      1.00
