diamond 4 20年06月30日8时700百帕高度场
20 06 30  8  700 
2.500 -2.500  .0  180.0   90.0  .0
73  37
     297.10     297.10     297.10     297.10     297.10     297.10     297.10     297.10     297.10     297.10
     297.10     297.10     297.10     297.10     297.10     297.10     297.10     297.10     297.10     297.10
     297.10     297.10     297.10     297.10     297.10     297.10     297.10     297.10     297.10     297.10
     297.10     297.10     297.10     297.10     297.10     297.10     297.10     297.10     297.10     297.10
     297.10     297.10     297.10     297.10     297.10     297.10     297.10     297.10     297.10     297.10
     297.10     297.10     297.10     297.10     297.10     297.10     297.10     297.10     297.10     297.10
     297.10     297.10     297.10     297.10     297.10     297.10     297.10     297.10     297.10     297.10
     297.10     297.10     297.10
     299.40     299.20     299.00     298.80     298.60     298.30     298.10     297.90     297.70     297.50
     297.30     297.10     296.90     296.70     296.50     296.30     296.10     295.90     295.70     295.50
     295.30     295.10     295.00     294.80     294.60     294.40     294.30     294.10     294.00     293.80
     293.70     293.60     293.40     293.30     293.20     293.10     293.00     292.80     292.80     292.70
     292.60     292.50     292.40     292.40     292.30     292.30     292.30     292.20     292.20     292.20
     292.20     292.20     292.30     292.30     292.40     292.40     292.50     292.60     292.70     292.80
     292.90     293.10     293.20     293.40     293.60     293.70     293.90     294.10     294.40     294.60
     294.80     295.10     295.30
     301.20     300.90     300.60     300.20     299.90     299.60     299.30     299.00     298.70     298.40
     298.10     297.80     297.50     297.20     296.90     296.70     296.40     296.20     295.90     295.70
     295.50     295.30     295.10     294.90     294.70     294.50     294.30     294.10     293.90     293.80
     293.60     293.50     293.30     293.20     293.00     292.90     292.80     292.60     292.50     292.40
     292.30     292.10     292.00     291.90     291.80     291.70     291.60     291.50     291.40     291.40
     291.30     291.30     291.30     291.30     291.30     291.30     291.40     291.40     291.60     291.70
     291.80     292.00     292.20     292.40     292.70     292.90     293.20     293.50     293.90     294.20
     294.60     295.00     295.40
     301.90     301.50     301.10     300.70     300.30     299.90     299.60     299.20     298.90     298.50
     298.20     297.90     297.60     297.40     297.10     296.80     296.60     296.30     296.10     295.90
     295.70     295.50     295.40     295.30     295.20     295.10     295.00     295.00     295.00     295.00
     295.00     295.10     295.10     295.20     295.20     295.30     295.40     295.40     295.50     295.50
     295.50     295.50     295.50     295.40     295.30     295.30     295.20     295.10     294.90     294.80
     294.70     294.60     294.50     294.40     294.40     294.30     294.30     294.40     294.40     294.50
     294.60     294.80     295.00     295.20     295.50     295.80     296.10     296.40     296.70     297.10
     297.40     297.80     298.10
     300.80     300.30     299.80     299.30     298.80     298.40     298.00     297.60     297.20     296.90
     296.50     296.20     295.90     295.60     295.30     295.00     294.70     294.40     294.10     293.80
     293.60     293.50     293.30     293.30     293.30     293.40     293.60     293.80     294.20     294.50
     295.00     295.50     296.00     296.60     297.20     297.70     298.30     298.80     299.30     299.70
     300.10     300.40     300.60     300.80     300.90     300.90     300.90     300.80     300.60     300.40
     300.20     300.00     299.70     299.50     299.30     299.10     299.00     299.00     299.00     299.00
     299.10     299.30     299.50     299.80     300.00     300.30     300.60     300.90     301.20     301.50
     301.70     301.90     302.10
     298.20     297.40     296.70     296.00     295.40     294.80     294.30     293.90     293.50     293.20
     292.80     292.50     292.20     291.90     291.50     291.10     290.70     290.30     289.80     289.40
     289.00     288.70     288.50     288.40     288.50     288.80     289.20     289.80     290.60     291.60
     292.60     293.80     295.10     296.40     297.60     298.90     300.20     301.30     302.40     303.40
     304.30     305.00     305.60     306.10     306.50     306.60     306.70     306.60     306.30     306.00
     305.50     305.00     304.50     303.90     303.40     303.00     302.60     302.40     302.20     302.20
     302.20     302.40     302.60     302.80     303.10     303.40     303.70     303.90     304.20     304.30
     304.40     304.50     304.50
     295.40     294.20     293.20     292.20     291.30     290.60     290.00     289.50     289.20     288.90
     288.80     288.70     288.60     288.40     288.20     287.80     287.40     286.80     286.10     285.40
     284.70     284.00     283.50     283.30     283.20     283.50     284.20     285.10     286.40     287.90
     289.60     291.40     293.40     295.30     297.30     299.10     300.90     302.60     304.20     305.70
     307.00     308.20     309.20     310.00     310.70     311.10     311.30     311.30     311.00     310.40
     309.70     308.90     307.90     306.90     306.00     305.10     304.40     303.90     303.50     303.20
     303.20     303.20     303.30     303.40     303.50     303.60     303.70     303.70     303.60     303.50
     303.40     303.20     303.00
     294.00     292.40     291.00     289.60     288.50     287.50     286.90     286.40     286.30     286.40
     286.70     287.10     287.50     287.90     288.00     287.90     287.60     286.90     286.00     284.90
     283.80     282.70     281.70     281.00     280.70     280.90     281.50     282.60     284.10     285.90
     288.00     290.30     292.60     294.90     297.20     299.20     301.20     303.00     304.70     306.30
     307.90     309.30     310.70     311.90     313.00     313.80     314.30     314.40     314.30     313.70
     312.90     311.80     310.50     309.20     307.80     306.60     305.50     304.60     304.00     303.50
     303.20     303.00     302.80     302.50     302.20     301.80     301.30     300.70     300.10     299.50
     299.00     298.50     298.20
     294.10     292.30     290.60     289.10     287.80     286.80     286.20     286.00     286.20     286.70
     287.60     288.60     289.60     290.50     291.20     291.40     291.20     290.50     289.40     288.00
     286.40     284.80     283.40     282.20     281.50     281.30     281.70     282.60     284.10     286.00
     288.20     290.60     293.00     295.30     297.50     299.50     301.30     303.00     304.60     306.20
     307.70     309.30     310.90     312.40     313.70     314.80     315.60     316.00     316.00     315.60
     314.80     313.70     312.30     310.80     309.20     307.80     306.50     305.40     304.50     303.80
     303.10     302.50     301.90     301.10     300.10     299.00     297.80     296.50     295.30     294.30
     293.40     292.80     292.40
     294.40     292.70     291.20     289.90     288.90     288.10     287.80     287.90     288.40     289.30
     290.50     291.80     293.20     294.30     295.10     295.40     295.10     294.40     293.20     291.60
     289.80     288.00     286.30     284.80     283.70     283.00     282.90     283.40     284.50     286.10
     288.10     290.40     292.70     295.10     297.30     299.40     301.30     303.00     304.70     306.40
     308.00     309.70     311.30     312.80     314.10     315.10     315.80     316.10     316.10     315.70
     314.90     313.90     312.60     311.20     309.60     308.10     306.70     305.40     304.30     303.30
     302.30     301.30     300.20     298.90     297.40     295.80     294.10     292.50     291.10     289.90
     289.10     288.60     288.50
     293.10     292.00     291.10     290.40     290.10     290.00     290.20     290.70     291.50     292.60
     293.80     295.10     296.30     297.20     297.60     297.60     297.10     296.10     294.90     293.40
     291.80     290.10     288.50     287.00     285.60     284.40     283.70     283.40     283.80     284.80
     286.40     288.60     291.10     293.70     296.30     298.90     301.20     303.40     305.50     307.50
     309.30     311.10     312.60     313.80     314.70     315.20     315.40     315.30     314.90     314.30
     313.60     312.60     311.50     310.20     308.70     307.20     305.60     304.20     302.80     301.60
     300.50     299.30     298.10     296.60     295.10     293.50     291.90     290.50     289.30     288.60
     288.20     288.10     288.30
     290.10     289.50     289.30     289.70     290.30     291.20     292.20     293.20     294.30     295.50
     296.70     297.80     298.70     299.20     299.20     298.70     297.70     296.50     295.20     293.90
     292.60     291.40     290.10     288.80     287.40     285.90     284.60     283.60     283.20     283.50
     284.70     286.80     289.40     292.40     295.60     298.80     301.70     304.40     306.80     308.90
     310.80     312.40     313.60     314.40     314.80     314.80     314.50     314.10     313.50     312.80
     312.00     311.20     310.10     308.80     307.30     305.60     303.90     302.40     301.00     299.80
     298.90     297.90     297.00     296.00     294.90     293.80     292.90     292.10     291.60     291.40
     291.40     291.60     292.00
     287.00     286.70     287.30     288.50     290.10     291.80     293.40     294.90     296.20     297.50
     298.80     300.00     300.90     301.30     301.10     300.30     299.00     297.50     296.00     294.60
     293.50     292.60     291.70     290.70     289.60     288.20     286.90     285.60     284.90     284.90
     285.80     287.70     290.40     293.60     297.00     300.40     303.50     306.20     308.50     310.20
     311.60     312.60     313.20     313.50     313.60     313.50     313.20     312.90     312.50     312.10
     311.50     310.60     309.50     307.90     306.10     304.20     302.30     300.80     299.70     299.00
     298.60     298.20     297.80     297.30     296.80     296.40     296.20     296.20     296.40     296.60
     296.90     297.30     297.70
     286.40     286.30     287.20     288.90     291.00     293.00     294.80     296.10     297.40     298.60
     300.00     301.50     302.70     303.50     303.40     302.70     301.30     299.50     297.70     296.00
     294.60     293.50     292.60     292.00     291.40     290.80     290.20     289.70     289.40     289.70
     290.60     292.30     294.70     297.60     300.80     303.80     306.60     308.90     310.50     311.60
     312.10     312.10     311.80     311.50     311.30     311.30     311.50     311.80     312.00     311.90
     311.40     310.50     309.00     307.00     304.80     302.60     300.80     299.70     299.10     299.10
     299.10     299.00     298.60     298.10     297.60     297.40     297.80     298.50     299.40     300.40
     301.20     302.00     302.60
     290.00     289.90     290.90     292.60     294.50     296.20     297.30     298.00     298.70     299.60
     300.90     302.60     304.10     305.10     305.20     304.60     303.20     301.40     299.50     297.50
     295.60     294.00     293.00     292.50     292.60     293.10     293.80     294.50     295.30     296.10
     297.30     298.70     300.50     302.60     304.80     307.00     309.10     310.90     312.20     312.80
     312.60     311.90     310.80     309.80     309.20     309.10     309.50     310.10     310.70     310.80
     310.30     309.20     307.40     305.20     302.80     300.70     299.30     298.70     298.80     299.20
     299.30     298.70     297.40     295.70     294.40     293.90     294.60     296.20     298.30     300.50
     302.40     304.10     305.60
     296.60     296.60     297.40     298.80     300.20     301.10     301.30     301.20     301.10     301.60
     302.60     304.00     305.30     306.00     306.00     305.30     304.10     302.70     301.00     299.20
     297.20     295.40     294.20     293.80     294.40     295.70     297.40     299.10     300.80     302.20
     303.40     304.40     305.40     306.30     307.10     308.20     309.50     310.90     312.20     313.10
     313.10     312.20     310.70     309.10     307.90     307.30     307.40     307.90     308.20     308.20
     307.60     306.40     304.80     302.90     300.90     299.30     298.30     298.20     298.80     299.30
     299.00     297.40     294.60     291.40     288.90     288.00     289.10     291.80     295.50     299.20
     302.40     305.10     307.50
     304.00     303.90     304.40     305.30     306.00     306.30     306.00     305.30     304.80     304.90
     305.50     306.30     306.90     306.90     306.30     305.50     304.60     303.80     302.90     301.70
     300.30     298.80     297.70     297.50     298.20     299.60     301.40     303.20     304.90     306.40
     307.50     308.20     308.30     308.10     307.70     307.50     308.00     309.20     310.80     312.20
     313.00     312.60     311.30     309.50     307.80     306.60     306.00     305.90     305.80     305.50
     304.80     303.90     302.90     301.70     300.60     299.50     298.90     299.00     299.70     300.10
     299.40     297.10     293.40     289.30     286.20     285.40     287.30     291.10     295.90     300.50
     304.40     307.40     309.90
     310.00     309.80     309.90     310.30     310.50     310.50     310.00     309.40     308.80     308.60
     308.70     308.80     308.60     307.90     306.90     306.00     305.40     305.20     305.00     304.60
     303.90     303.00     302.40     302.30     302.90     303.90     305.00     306.10     307.20     308.30
     309.20     309.70     309.40     308.50     307.40     306.60     306.60     307.60     309.40     311.30
     312.60     312.90     312.10     310.40     308.50     306.90     305.90     305.30     304.90     304.30
     303.60     303.00     302.50     302.20     301.80     301.30     300.80     300.80     301.20     301.60
     301.00     298.90     295.50     291.90     289.60     289.50     292.00     296.40     301.30     305.70
     309.10     311.30     312.90
     314.40     314.10     313.80     313.70     313.60     313.50     313.20     312.70     312.10     311.60
     311.00     310.40     309.60     308.60     307.60     306.90     306.50     306.60     306.70     306.60
     306.30     305.80     305.60     305.60     306.00     306.40     306.80     307.20     307.70     308.40
     309.10     309.50     309.10     308.10     306.90     306.30     306.60     307.70     309.50     311.20
     312.50     313.00     312.50     311.00     309.10     307.40     306.30     305.60     305.10     304.30
     303.30     302.50     302.20     302.50     302.80     302.90     302.70     302.60     302.90     303.20
     303.10     302.00     300.00     298.00     297.10     298.00     300.80     304.80     308.80     312.10
     314.20     315.20     315.60
     317.60     317.30     316.80     316.30     316.00     315.80     315.60     315.20     314.40     313.30
     312.00     310.80     309.80     308.90     308.20     307.70     307.40     307.40     307.40     307.40
     307.20     306.80     306.60     306.40     306.50     306.50     306.60     306.80     307.30     308.10
     308.80     309.20     308.80     307.90     307.10     307.10     307.90     309.30     310.60     311.70
     312.40     312.50     312.00     310.80     309.00     307.20     306.00     305.40     304.70     303.50
     301.80     300.40     300.00     300.80     302.10     303.30     303.90     304.20     304.60     305.10
     305.40     305.40     304.90     304.60     305.00     306.60     309.10     312.10     314.80     316.70
     317.70     317.80     317.40
     320.20     320.00     319.30     318.60     318.00     317.60     317.20     316.60     315.40     313.90
     312.20     310.70     309.60     308.90     308.40     307.90     307.60     307.50     307.60     307.80
     307.80     307.50     306.90     306.40     306.00     305.90     306.20     306.70     307.70     308.80
     310.00     310.70     310.60     310.00     309.50     309.50     310.30     311.20     311.80     311.90
     311.60     311.40     311.00     310.00     308.30     306.40     305.00     304.20     303.10     301.30
     298.90     296.90     296.50     298.00     300.60     303.30     305.10     306.30     307.10     307.80
     308.50     309.00     309.60     310.30     311.50     313.20     315.10     317.00     318.40     319.30
     319.60     319.20     318.50
     322.30     322.20     321.60     320.70     319.80     319.00     318.10     317.00     315.60     313.90
     312.20     310.70     309.70     309.10     308.50     307.90     307.50     307.40     307.90     308.50
     308.90     308.70     308.00     307.10     306.50     306.50     307.00     307.90     309.10     310.60
     312.40     314.10     315.20     315.30     314.70     314.00     313.60     313.30     312.60     311.60
     310.80     310.40     310.30     309.80     308.40     306.40     304.70     303.40     302.00     299.70
     296.90     294.80     294.90     297.30     301.00     304.70     307.40     309.20     310.50     311.60
     312.60     313.50     314.40     315.60     316.90     318.20     319.30     320.00     320.50     320.60
     320.40     319.80     318.70
     324.00     324.00     323.60     322.80     321.70     320.20     318.80     317.30     315.80     314.10
     312.50     311.20     310.30     309.60     309.00     308.20     307.70     307.80     308.40     309.20
     309.80     309.70     309.10     308.40     308.10     308.40     309.00     309.80     310.60     311.90
     314.10     317.00     319.60     320.80     320.30     318.60     316.70     314.80     313.10     311.50
     310.40     310.20     310.60     310.60     309.70     307.80     306.00     304.50     302.90     300.80
     298.30     296.90     297.70     300.60     304.60     308.20     310.70     312.50     314.10     315.60
     316.90     318.00     319.00     320.00     320.90     321.50     321.60     321.60     321.30     320.90
     320.30     319.40     318.30
     325.00     325.20     325.20     324.60     323.50     321.80     319.90     318.30     316.70     315.20
     313.60     312.30     311.40     310.70     310.10     309.50     309.30     309.40     309.70     309.90
     309.90     309.60     309.30     309.30     309.70     310.40     311.10     311.40     311.40     311.80
     313.50     316.60     320.10     322.10     321.90     319.80     317.20     314.90     313.00     311.50
     310.40     310.30     310.90     311.40     311.00     309.70     308.20     307.00     305.80     304.40
     303.00     302.60     303.90     306.80     310.00     312.40     314.00     315.40     316.90     318.70
     320.10     321.20     321.90     322.50     322.80     322.60     322.00     321.40     320.70     320.20
     319.50     318.70     317.70
     325.00     325.40     325.70     325.50     324.60     323.00     321.20     319.60     318.30     316.90
     315.40     314.00     313.00     312.40     312.00     312.00     312.10     312.20     312.00     311.20
     310.20     309.50     309.50     310.10     311.00     311.90     312.40     312.40     311.90     311.40
     311.90     313.70     316.20     317.90     317.90     316.40     314.50     313.10     312.00     311.00
     310.10     309.80     310.30     311.10     311.40     310.90     310.10     309.50     309.20     308.70
     308.40     308.80     310.40     312.60     314.70     315.90     316.70     317.60     319.10     320.60
     321.80     322.40     322.60     322.60     322.40     321.90     321.00     320.20     319.70     319.20
     318.80     318.30     317.80
     324.10     324.50     324.90     325.00     324.30     323.00     321.50     320.20     319.20     318.20
     317.00     316.00     315.10     314.70     314.60     314.90     315.30     315.40     314.70     313.30
     311.60     310.70     310.70     311.40     312.10     312.50     312.60     312.50     312.20     311.60
     311.10     311.10     311.60     312.00     311.90     311.50     311.10     311.00     310.90     310.40
     309.50     309.00     309.40     310.30     311.10     311.40     311.30     311.40     311.70     312.10
     312.60     313.30     314.60     316.00     317.20     317.90     318.40     319.30     320.50     321.60
     322.20     322.20     321.90     321.60     321.20     320.70     320.10     319.50     319.10     318.90
     318.80     318.60     318.40
     323.00     323.30     323.50     323.50     322.90     321.70     320.40     319.30     318.60     318.20
     317.90     317.60     317.30     317.20     317.20     317.30     317.40     317.30     316.70     315.40
     313.80     312.80     312.60     312.80     312.60     312.10     311.50     311.50     311.90     312.00
     311.40     310.50     309.50     308.90     308.70     309.00     309.70     310.40     310.80     310.40
     309.60     309.20     309.60     310.50     311.50     312.10     312.40     312.90     313.50     314.20
     315.00     315.70     316.50     317.20     317.90     318.50     319.20     320.10     320.90     321.50
     321.60     321.30     320.90     320.50     320.30     320.00     319.60     319.30     319.10     319.00
     319.00     318.90     318.70
     322.30     322.40     322.50     322.30     321.60     320.40     318.90     317.80     317.30     317.50
     317.90     318.40     318.80     319.00     318.90     318.40     318.00     317.60     317.20     316.50
     315.50     314.40     313.60     312.90     312.00     310.90     310.00     309.90     310.50     311.30
     311.50     310.90     310.00     309.20     309.10     309.60     310.40     311.10     311.30     311.10
     310.70     310.60     311.10     311.70     312.30     312.70     313.20     313.80     314.60     315.40
     316.20     316.80     317.20     317.60     318.00     318.60     319.20     319.80     320.10     320.10
     320.10     320.00     319.90     319.70     319.50     319.30     319.00     318.70     318.50     318.40
     318.50     318.60     318.50
     321.90     321.90     321.80     321.50     320.70     319.60     318.20     317.10     316.70     317.00
     317.70     318.40     319.00     319.30     319.10     318.40     317.40     316.80     316.50     316.50
     315.90     314.80     313.30     311.90     310.80     310.00     309.30     309.10     309.40     310.00
     310.60     310.90     310.70     310.60     310.70     311.00     311.40     311.60     311.70     311.70
     311.90     312.10     312.30     312.40     312.30     312.40     313.00     313.90     314.90     315.90
     316.60     317.20     317.60     317.90     318.10     318.50     318.80     318.90     318.60     318.30
     318.30     318.50     318.60     318.60     318.40     318.10     317.80     317.50     317.30     317.30
     317.50     317.90     318.00
     321.20     321.30     321.10     320.70     320.00     319.20     318.20     317.30     317.10     317.30
     317.60     317.90     318.20     318.30     318.20     317.50     316.50     315.70     315.60     315.90
     315.70     314.50     312.60     310.90     310.00     310.00     310.10     309.90     309.60     309.50
     309.70     310.10     310.50     310.90     311.10     311.30     311.40     311.50     311.60     312.00
     312.40     312.70     312.50     311.90     311.30     311.30     312.20     313.50     314.80     315.80
     316.50     317.20     317.70     318.00     318.20     318.30     318.40     318.20     317.60     317.10
     316.90     317.10     317.30     317.30     317.10     316.90     316.60     316.40     316.30     316.50
     316.90     317.30     317.70
     320.20     320.30     320.00     319.60     319.10     318.60     318.10     317.70     317.60     317.60
     317.60     317.30     317.10     316.90     316.80     316.40     315.60     314.90     314.80     315.10
     315.20     314.40     312.60     310.90     310.30     310.80     311.40     311.50     310.90     310.20
     309.80     309.80     310.10     310.50     310.80     311.00     311.20     311.50     311.80     312.30
     312.60     312.70     312.30     311.60     311.10     311.20     312.20     313.70     314.90     315.70
     316.20     316.70     317.30     317.60     317.80     318.00     318.00     317.80     317.30     316.60
     316.20     316.10     316.20     316.20     316.20     316.10     316.00     315.80     315.80     316.10
     316.40     316.70     316.90
     318.90     318.90     318.70     318.40     318.10     317.90     317.80     317.60     317.50     317.40
     317.20     316.80     316.30     315.90     315.70     315.40     314.80     314.20     314.00     314.20
     314.50     314.20     313.10     311.80     311.20     311.50     312.10     312.30     312.00     311.30
     310.70     310.40     310.30     310.60     311.00     311.40     311.80     312.20     312.50     312.80
     312.90     312.80     312.80     312.60     312.50     312.70     313.50     314.60     315.50     315.80
     315.90     316.10     316.60     317.00     317.20     317.30     317.40     317.30     317.00     316.50
     316.00     315.70     315.50     315.50     315.60     315.60     315.40     315.30     315.40     315.50
     315.60     315.60     315.60
     317.60     317.60     317.60     317.40     317.30     317.30     317.40     317.30     317.00     316.70
     316.50     316.30     315.90     315.60     315.20     314.80     314.20     313.60     313.30     313.40
     313.70     313.80     313.40     312.70     312.10     311.90     312.00     312.20     312.20     312.00
     311.70     311.40     311.20     311.30     311.70     312.10     312.50     312.90     313.10     313.10
     313.10     313.30     313.70     314.10     314.50     314.80     315.20     315.80     316.10     316.00
     315.70     315.80     316.20     316.50     316.60     316.60     316.60     316.60     316.50     316.30
     316.00     315.70     315.40     315.10     315.00     314.80     314.60     314.40     314.50     314.60
     314.60     314.40     314.20
     316.50     316.60     316.60     316.50     316.50     316.70     316.90     316.70     316.30     315.90
     315.70     315.70     315.60     315.30     315.00     314.50     313.80     313.20     312.90     313.00
     313.10     313.10     313.10     312.90     312.60     312.30     312.00     312.00     312.20     312.40
     312.40     312.20     312.00     311.90     312.10     312.40     312.70     312.90     313.10     313.20
     313.30     313.60     314.20     314.90     315.50     315.80     316.10     316.40     316.40     316.20
     315.90     315.90     316.10     316.30     316.30     316.20     316.00     316.00     316.10     316.30
     316.30     316.00     315.40     314.90     314.50     314.20     313.90     313.70     313.70     313.80
     313.80     313.60     313.50
     315.70     315.80     315.90     315.80     315.80     316.10     316.30     316.10     315.70     315.40
     315.20     315.20     315.20     315.00     314.70     314.20     313.50     313.10     312.90     313.00
     312.90     312.70     312.50     312.50     312.60     312.60     312.40     312.30     312.40     312.60
     312.70     312.50     312.30     312.00     312.00     312.20     312.60     312.90     313.10     313.40
     313.60     313.90     314.20     314.70     315.10     315.50     315.90     316.20     316.30     316.20
     316.10     316.10     316.10     316.10     316.10     315.90     315.70     315.70     315.90     316.40
     316.60     316.20     315.60     315.00     314.60     314.30     313.90     313.60     313.50     313.50
     313.50     313.40     313.30
     315.10     315.30     315.50     315.50     315.50     315.60     315.80     315.70     315.50     315.40
     315.40     315.30     315.10     314.90     314.60     314.10     313.50     313.00     312.90     312.90
     312.70     312.30     312.00     312.00     312.30     312.50     312.60     312.70     312.70     312.70
     312.70     312.60     312.40     312.20     312.20     312.50     313.00     313.40     313.70     314.00
     314.20     314.30     314.20     314.20     314.40     314.80     315.30     315.70     315.90     316.00
     316.00     316.10     316.00     315.80     315.70     315.60     315.40     315.50     315.80     316.20
     316.40     316.10     315.50     315.10     314.90     314.60     314.20     313.80     313.40     313.20
     313.10     313.10     313.10
     314.30     314.70     315.20     315.50     315.60     315.60     315.60     315.60     315.60     315.80
     316.00     315.80     315.30     314.90     314.60     314.20     313.60     313.00     312.70     312.60
     312.30     311.90     311.70     311.70     312.00     312.20     312.30     312.60     312.70     312.70
     312.70     312.80     312.90     312.90     313.10     313.40     313.80     314.10     314.30     314.40
     314.70     314.70     314.50     314.20     314.10     314.30     314.80     315.20     315.50     315.70
     315.80     315.90     315.70     315.50     315.40     315.40     315.20     315.20     315.40     315.70
     315.90     315.70     315.40     315.10     314.90     314.60     314.10     313.60     313.20     312.90
     312.70     312.70     312.80
