diamond 4 20年06月29日8时700百帕高度场
20 06 29  8  700 
2.500 -2.500  .0  180.0   90.0  .0
73  37
     295.60     295.60     295.60     295.60     295.60     295.60     295.60     295.60     295.60     295.60
     295.60     295.60     295.60     295.60     295.60     295.60     295.60     295.60     295.60     295.60
     295.60     295.60     295.60     295.60     295.60     295.60     295.60     295.60     295.60     295.60
     295.60     295.60     295.60     295.60     295.60     295.60     295.60     295.60     295.60     295.60
     295.60     295.60     295.60     295.60     295.60     295.60     295.60     295.60     295.60     295.60
     295.60     295.60     295.60     295.60     295.60     295.60     295.60     295.60     295.60     295.60
     295.60     295.60     295.60     295.60     295.60     295.60     295.60     295.60     295.60     295.60
     295.60     295.60     295.60
     299.20     298.90     298.70     298.40     298.20     297.90     297.70     297.40     297.20     296.90
     296.70     296.40     296.20     295.90     295.70     295.40     295.20     294.90     294.70     294.40
     294.20     293.90     293.70     293.50     293.20     293.00     292.70     292.50     292.30     292.10
     291.90     291.60     291.40     291.20     291.00     290.90     290.70     290.50     290.30     290.20
     290.10     289.90     289.80     289.70     289.60     289.50     289.50     289.40     289.40     289.40
     289.40     289.40     289.40     289.40     289.50     289.60     289.70     289.80     289.90     290.10
     290.20     290.40     290.60     290.80     291.00     291.30     291.50     291.80     292.00     292.30
     292.60     292.90     293.20
     301.40     301.00     300.60     300.30     299.90     299.50     299.20     298.90     298.50     298.20
     297.90     297.60     297.30     297.00     296.70     296.50     296.20     295.90     295.60     295.30
     295.00     294.70     294.40     294.10     293.80     293.50     293.20     292.90     292.50     292.20
     291.90     291.60     291.30     291.00     290.70     290.30     290.10     289.80     289.50     289.20
     288.90     288.70     288.40     288.20     288.00     287.80     287.60     287.50     287.40     287.30
     287.20     287.10     287.10     287.20     287.20     287.30     287.50     287.60     287.80     288.10
     288.40     288.70     289.10     289.50     289.90     290.30     290.80     291.30     291.80     292.30
     292.80     293.30     293.90
     301.40     300.90     300.30     299.90     299.40     299.00     298.70     298.30     298.00     297.80
     297.50     297.30     297.20     297.00     296.80     296.70     296.50     296.40     296.20     296.00
     295.90     295.70     295.50     295.30     295.00     294.80     294.60     294.30     294.10     293.90
     293.60     293.40     293.20     293.00     292.80     292.60     292.50     292.30     292.10     291.90
     291.70     291.50     291.30     291.10     290.90     290.70     290.50     290.20     290.00     289.90
     289.70     289.60     289.50     289.40     289.40     289.50     289.60     289.80     290.10     290.40
     290.80     291.20     291.60     292.20     292.70     293.30     293.90     294.50     295.10     295.70
     296.20     296.80     297.30
     300.40     299.70     298.90     298.30     297.70     297.20     296.80     296.40     296.10     295.90
     295.70     295.50     295.50     295.40     295.40     295.40     295.40     295.40     295.30     295.30
     295.20     295.20     295.10     295.00     294.90     294.80     294.80     294.70     294.70     294.70
     294.70     294.70     294.80     294.90     295.10     295.20     295.40     295.60     295.80     295.90
     296.10     296.20     296.20     296.20     296.20     296.00     295.90     295.70     295.40     295.20
     294.90     294.60     294.40     294.20     294.20     294.10     294.20     294.40     294.60     295.00
     295.40     295.90     296.40     297.00     297.60     298.10     298.70     299.20     299.70     300.20
     300.60     300.90     301.20
     300.40     299.50     298.60     297.80     297.00     296.30     295.70     295.20     294.80     294.50
     294.30     294.10     294.00     293.90     293.90     293.80     293.80     293.80     293.80     293.70
     293.70     293.70     293.60     293.60     293.60     293.70     293.80     293.90     294.20     294.50
     294.80     295.30     295.70     296.30     296.90     297.50     298.10     298.70     299.30     299.90
     300.50     300.90     301.30     301.50     301.70     301.70     301.60     301.40     301.10     300.70
     300.20     299.80     299.30     299.00     298.70     298.50     298.40     298.50     298.70     299.00
     299.40     299.90     300.30     300.80     301.20     301.60     301.80     302.10     302.20     302.30
     302.30     302.30     302.20
     302.20     301.30     300.30     299.40     298.60     297.80     297.10     296.50     295.90     295.50
     295.10     294.80     294.50     294.30     294.00     293.80     293.50     293.20     292.90     292.60
     292.40     292.20     292.00     291.90     292.00     292.10     292.40     292.80     293.40     294.10
     294.90     295.80     296.80     297.80     298.90     299.90     301.00     302.00     302.90     303.80
     304.70     305.40     306.00     306.40     306.70     306.80     306.80     306.50     306.00     305.50
     304.70     304.00     303.20     302.40     301.80     301.30     300.90     300.70     300.70     300.80
     300.90     301.10     301.20     301.30     301.30     301.10     300.80     300.40     300.00     299.50
     299.10     298.70     298.50
     304.70     303.80     303.00     302.20     301.40     300.80     300.10     299.60     299.00     298.60
     298.10     297.60     297.10     296.60     296.00     295.30     294.60     293.80     293.10     292.30
     291.60     291.00     290.50     290.20     290.10     290.30     290.60     291.30     292.10     293.20
     294.50     295.90     297.40     299.00     300.60     302.20     303.70     305.10     306.30     307.50
     308.50     309.40     310.10     310.60     311.00     311.20     311.10     310.80     310.20     309.40
     308.50     307.40     306.20     305.00     303.90     302.90     302.10     301.40     300.90     300.50
     300.10     299.80     299.30     298.70     297.90     297.00     296.00     294.80     293.70     292.70
     291.90     291.40     291.20
     305.70     305.10     304.60     304.10     303.70     303.30     302.90     302.50     302.20     301.80
     301.30     300.70     300.00     299.10     298.20     297.10     295.90     294.60     293.40     292.20
     291.10     290.20     289.30     288.70     288.30     288.10     288.30     288.70     289.50     290.70
     292.20     294.00     296.00     298.20     300.40     302.60     304.70     306.60     308.30     309.80
     311.10     312.10     312.90     313.50     313.90     314.00     313.90     313.50     312.90     312.10
     311.00     309.80     308.50     307.10     305.70     304.40     303.20     302.00     301.00     300.00
     299.00     298.00     296.80     295.50     294.00     292.30     290.50     288.80     287.10     285.70
     284.60     284.00     283.90
     303.60     303.50     303.60     303.70     303.90     304.00     304.10     304.10     304.00     303.80
     303.30     302.70     301.80     300.70     299.30     297.90     296.30     294.80     293.40     292.10
     290.90     289.80     288.80     287.90     287.10     286.50     286.10     286.00     286.40     287.20
     288.50     290.40     292.60     295.20     298.00     300.80     303.50     306.10     308.30     310.30
     311.80     313.00     313.80     314.30     314.60     314.60     314.30     313.90     313.40     312.60
     311.80     310.80     309.70     308.50     307.30     306.10     304.80     303.60     302.30     301.00
     299.60     298.10     296.40     294.60     292.60     290.40     288.20     286.00     283.90     282.20
     280.90     280.10     279.90
     298.20     299.00     300.10     301.20     302.30     303.20     303.90     304.50     304.80     304.80
     304.50     303.90     302.90     301.60     300.00     298.20     296.40     294.80     293.30     292.00
     291.00     290.00     289.10     288.10     287.00     285.90     285.00     284.30     284.10     284.50
     285.50     287.30     289.70     292.50     295.70     299.00     302.20     305.10     307.70     309.70
     311.30     312.30     313.00     313.30     313.30     313.10     312.80     312.50     312.00     311.60
     311.10     310.50     309.90     309.20     308.50     307.60     306.70     305.70     304.70     303.50
     302.10     300.60     298.80     296.90     294.70     292.50     290.10     287.70     285.40     283.40
     281.70     280.50     280.00
     291.20     293.30     295.60     298.00     300.10     301.90     303.40     304.50     305.40     305.80
     305.90     305.40     304.50     303.00     301.20     299.20     297.20     295.30     293.80     292.50
     291.50     290.60     289.60     288.40     287.10     285.70     284.40     283.40     283.00     283.40
     284.70     286.80     289.50     292.70     296.20     299.70     303.00     305.80     308.10     309.80
     310.80     311.30     311.30     311.20     310.90     310.70     310.50     310.40     310.30     310.20
     310.10     309.90     309.60     309.20     308.70     308.10     307.50     306.80     306.20     305.50
     304.60     303.60     302.20     300.60     298.80     296.70     294.50     292.20     289.90     287.70
     285.80     284.20     283.30
     286.20     289.20     292.50     295.70     298.60     301.00     303.00     304.70     306.00     306.80
     307.20     307.00     306.10     304.70     302.80     300.70     298.60     296.60     294.90     293.50
     292.20     291.00     289.60     288.00     286.30     284.60     283.20     282.40     282.40     283.60
     285.60     288.60     292.00     295.70     299.50     302.90     305.90     308.30     309.90     310.70
     310.80     310.40     309.70     308.90     308.40     308.20     308.30     308.60     309.00     309.30
     309.50     309.40     309.00     308.30     307.40     306.50     305.80     305.40     305.20     305.20
     305.20     305.00     304.50     303.50     302.20     300.70     299.00     297.10     295.20     293.30
     291.50     289.90     288.90
     285.80     289.00     292.40     295.70     298.60     301.10     303.30     305.10     306.50     307.50
     307.80     307.50     306.60     305.20     303.50     301.70     299.90     298.10     296.50     295.00
     293.40     291.70     289.80     287.70     285.60     283.60     282.20     281.80     282.50     284.60
     287.60     291.40     295.40     299.40     303.10     306.20     308.80     310.60     311.60     311.70
     311.10     309.90     308.50     307.30     306.50     306.30     306.60     307.10     307.80     308.30
     308.60     308.40     307.70     306.60     305.10     303.70     302.60     302.20     302.40     303.10
     304.00     304.80     305.00     304.80     304.10     303.20     302.20     301.10     300.00     298.90
     297.70     296.70     296.10
     289.90     292.40     295.20     297.90     300.40     302.70     304.80     306.40     307.60     308.10
     307.90     307.10     305.90     304.50     303.10     301.90     300.90     299.90     298.80     297.50
     295.90     294.10     291.90     289.70     287.40     285.40     284.20     284.00     285.20     287.70
     291.10     295.10     298.90     302.40     305.30     307.70     309.60     311.00     311.80     311.90
     311.20     309.90     308.40     307.00     306.00     305.50     305.50     305.80     306.20     306.70
     306.90     306.80     306.20     304.90     303.30     301.70     300.40     299.90     300.30     301.40
     302.80     304.00     304.60     304.70     304.50     304.20     304.00     304.00     304.00     303.90
     303.60     303.40     303.50
     296.20     297.80     299.60     301.60     303.70     305.70     307.60     309.00     309.80     309.70
     308.90     307.50     305.90     304.50     303.50     303.10     302.90     302.80     302.30     301.40
     300.10     298.40     296.70     294.80     293.00     291.40     290.30     290.20     291.30     293.60
     296.60     299.80     302.60     304.90     306.50     307.80     308.90     310.00     310.80     311.20
     311.00     310.30     309.20     307.90     306.80     306.00     305.40     305.10     304.90     304.90
     305.00     305.00     304.70     304.10     303.00     301.70     300.60     300.10     300.30     301.10
     302.10     303.00     303.50     303.70     303.80     304.30     305.00     306.00     307.00     307.80
     308.40     308.80     309.30
     302.60     303.60     304.80     306.20     307.80     309.50     311.00     312.10     312.60     312.20
     311.10     309.60     308.00     306.70     306.00     306.00     306.30     306.60     306.50     305.80
     304.70     303.60     302.50     301.50     300.50     299.50     298.60     298.40     299.00     300.50
     302.50     304.60     306.10     307.00     307.50     307.90     308.50     309.20     310.00     310.60
     310.80     310.50     309.70     308.80     307.80     306.90     306.00     305.20     304.50     303.90
     303.60     303.60     303.60     303.50     303.20     302.60     301.90     301.40     301.00     300.90
     301.00     301.00     301.20     301.70     302.50     303.90     305.60     307.50     309.20     310.50
     311.50     312.30     313.00
     308.60     309.30     310.10     311.00     312.10     313.10     314.00     314.50     314.60     314.20
     313.30     312.10     310.80     309.90     309.40     309.40     309.60     309.80     309.60     309.00
     308.10     307.30     306.90     306.70     306.50     306.00     305.30     304.80     304.90     305.70
     306.70     307.50     307.90     307.90     308.00     308.20     308.70     309.40     310.10     310.50
     310.50     310.00     309.20     308.10     307.20     306.60     306.00     305.50     304.90     304.20
     303.50     303.00     302.70     302.70     302.60     302.50     302.10     301.50     300.50     299.50
     298.60     298.20     298.50     299.70     301.70     304.10     306.70     309.10     311.00     312.40
     313.50     314.50     315.30
     314.00     314.50     314.90     315.30     315.50     315.60     315.70     315.60     315.30     314.80
     314.10     313.30     312.50     311.80     311.30     311.00     310.90     310.80     310.50     310.00
     309.30     308.90     308.90     309.10     309.10     308.80     308.20     307.80     307.90     308.20
     308.40     308.10     307.50     307.00     307.10     307.80     308.90     309.90     310.50     310.70
     310.30     309.30     307.80     306.40     305.30     304.90     305.00     305.40     305.60     305.40
     304.70     303.70     302.70     302.00     301.60     301.40     301.10     300.40     299.10     297.60
     296.40     296.20     297.30     299.70     302.80     306.20     309.20     311.50     313.10     314.30
     315.30     316.20     317.00
     318.10     318.40     318.40     318.20     317.70     317.10     316.60     316.10     315.40     314.70
     313.90     313.10     312.40     311.80     311.10     310.50     310.10     309.90     309.80     309.50
     309.20     309.00     309.00     309.20     309.20     308.90     308.50     308.60     309.20     309.80
     309.70     308.60     307.10     306.10     306.30     307.40     308.80     309.90     310.40     310.40
     309.90     308.80     307.20     305.30     303.90     303.40     303.90     304.80     305.80     306.40
     306.30     305.40     304.10     302.80     301.80     301.30     300.80     300.10     298.70     297.30
     296.50     297.20     299.40     302.80     306.50     310.00     312.70     314.50     315.60     316.40
     317.10     317.70     318.20
     320.70     320.80     320.50     319.80     318.90     318.00     317.20     316.60     315.80     314.70
     313.70     312.70     311.90     311.20     310.40     309.60     309.00     308.80     308.90     309.00
     309.00     308.90     308.90     308.90     308.60     308.20     308.00     308.60     310.10     311.40
     311.60     310.50     308.90     308.00     308.40     309.50     310.40     310.50     310.10     309.70
     309.40     308.90     307.70     306.10     304.60     303.70     303.60     304.10     305.10     306.20
     307.00     307.10     306.30     305.00     303.80     302.90     302.30     301.60     300.50     299.60
     299.70     301.40     304.40     308.10     311.60     314.30     316.20     317.30     317.90     318.30
     318.60     318.70     318.70
     322.60     322.50     322.00     321.10     319.90     318.80     317.90     317.10     316.30     315.20
     313.90     312.80     311.90     311.20     310.40     309.50     308.80     308.60     308.80     309.10
     309.20     309.20     309.10     309.10     308.70     308.20     308.00     308.70     310.50     312.40
     313.40     313.20     312.90     313.20     314.40     315.30     314.90     312.90     310.70     309.20
     308.80     309.00     308.70     307.90     306.70     305.40     304.30     303.60     303.70     304.80
     306.50     307.80     308.10     307.30     306.20     305.30     304.80     304.40     303.90     303.80
     304.80     307.10     310.50     313.80     316.30     317.80     318.60     319.00     319.20     319.40
     319.40     319.30     318.80
     324.20     324.20     323.70     322.80     321.50     320.10     318.80     317.70     316.70     315.60
     314.40     313.20     312.40     311.80     311.10     310.40     309.70     309.30     309.40     309.60
     309.50     309.40     309.50     309.70     309.60     309.10     308.60     308.80     310.00     311.70
     313.20     314.30     315.90     318.30     320.90     321.90     320.20     316.40     312.20     309.40
     308.50     308.70     309.00     308.90     308.30     307.20     305.60     304.00     303.20     304.10
     306.10     308.20     309.20     308.90     308.10     307.50     307.40     307.60     307.80     308.50
     310.10     312.60     315.50     318.00     319.40     319.80     319.80     319.70     319.60     319.70
     319.60     319.50     319.10
     325.20     325.30     325.00     324.20     323.00     321.50     319.80     318.30     317.10     316.00
     314.80     313.80     313.10     312.70     312.30     311.90     311.40     311.00     310.80     310.50
     310.10     309.80     309.90     310.50     310.80     310.50     309.70     309.10     309.30     310.20
     311.40     313.00     315.70     319.30     322.70     324.00     322.10     317.80     313.20     310.00
     308.70     308.50     308.70     308.80     308.80     308.30     307.20     305.80     305.10     305.90
     307.90     310.00     310.90     310.60     310.00     309.80     310.40     311.20     312.00     313.10
     314.60     316.70     318.60     320.00     320.60     320.60     320.30     320.00     319.70     319.60
     319.60     319.70     319.70
     324.90     324.90     324.60     324.20     323.40     322.20     320.60     318.90     317.60     316.50
     315.60     314.80     314.20     314.00     314.00     314.00     313.90     313.60     313.10     312.40
     311.40     310.80     310.90     311.60     312.10     311.90     310.90     309.90     309.40     309.50
     310.00     311.10     313.10     316.00     318.70     319.80     318.60     315.60     312.50     310.40
     309.40     308.90     308.70     308.70     309.10     309.40     309.30     308.90     309.00     310.00
     311.70     313.10     313.40     313.00     312.60     312.90     313.80     314.90     315.90     316.90
     318.00     319.00     319.80     320.30     320.50     320.50     320.50     320.30     320.10     319.90
     320.00     320.20     320.40
     323.60     323.20     322.80     322.50     322.20     321.50     320.30     318.90     317.80     317.10
     316.60     316.30     316.10     316.10     316.30     316.60     316.60     316.40     315.80     314.70
     313.50     312.80     312.70     313.10     313.30     312.90     311.80     310.80     310.30     310.20
     310.20     310.30     310.70     311.60     312.60     313.10     312.70     311.80     311.00     310.60
     310.30     310.00     309.70     309.70     310.20     311.00     311.50     312.00     312.70     313.80
     314.90     315.60     315.60     315.30     315.30     315.80     316.70     317.70     318.50     319.20
     319.80     320.00     319.90     319.80     319.90     320.20     320.50     320.60     320.50     320.40
     320.60     320.80     321.00
     322.50     321.70     321.00     320.60     320.40     319.90     319.20     318.20     317.50     317.20
     317.40     317.70     318.10     318.30     318.40     318.40     318.30     318.00     317.40     316.40
     315.40     314.60     314.40     314.40     314.10     313.20     312.00     311.10     310.80     310.90
     311.00     310.70     310.20     309.60     309.20     309.10     309.30     309.90     310.50     311.00
     311.20     311.20     311.20     311.50     312.00     312.70     313.20     313.80     314.50     315.30
     315.90     316.20     316.30     316.60     317.00     317.60     318.10     318.70     319.30     319.90
     320.20     320.20     319.90     319.60     319.60     319.80     320.10     320.30     320.40     320.50
     320.70     320.90     321.00
     321.90     321.00     320.30     319.70     319.20     318.70     318.20     317.50     317.00     317.00
     317.70     318.70     319.50     319.70     319.50     318.90     318.40     317.90     317.50     316.80
     316.00     315.30     314.90     314.50     313.80     312.80     311.60     310.80     310.50     310.60
     310.90     311.10     310.90     310.30     309.60     309.40     309.80     310.60     311.30     311.70
     311.90     312.10     312.40     312.90     313.30     313.70     314.00     314.40     314.80     315.30
     315.60     315.90     316.30     317.00     317.60     318.00     318.20     318.50     319.00     319.60
     319.90     320.00     319.80     319.60     319.50     319.50     319.50     319.50     319.50     319.70
     320.00     320.20     320.30
     321.30     320.80     320.30     319.70     319.10     318.50     318.10     317.50     317.00     317.00
     317.70     318.80     319.80     320.00     319.40     318.40     317.50     317.00     316.80     316.40
     315.60     314.70     313.90     313.20     312.50     311.90     311.30     310.70     310.30     310.10
     310.30     310.70     311.20     311.40     311.20     311.10     311.30     311.70     312.10     312.20
     312.30     312.50     312.90     313.20     313.40     313.60     313.90     314.40     315.00     315.50
     315.90     316.30     316.80     317.40     317.80     317.90     317.90     318.10     318.60     319.00
     319.20     319.30     319.30     319.30     319.10     318.80     318.50     318.40     318.50     318.60
     318.80     319.00     319.10
     320.40     320.20     320.10     319.60     319.10     318.70     318.40     317.90     317.30     317.10
     317.50     318.30     319.10     319.30     318.70     317.70     316.80     316.40     316.30     316.00
     315.10     313.80     312.50     311.60     311.20     311.20     311.30     311.20     310.80     310.30
     310.00     310.30     310.90     311.40     311.50     311.50     311.50     311.60     311.70     312.00
     312.40     312.80     313.00     312.90     312.70     312.90     313.60     314.60     315.50     316.30
     316.80     317.20     317.60     317.80     317.80     317.60     317.70     317.90     318.30     318.40
     318.20     318.20     318.30     318.30     318.10     317.80     317.60     317.60     317.70     317.80
     317.90     317.90     317.90
     319.20     319.10     319.10     319.00     318.80     318.60     318.30     317.80     317.30     316.90
     317.00     317.40     317.90     318.00     317.70     317.10     316.40     316.00     315.90     315.60
     314.80     313.40     311.90     310.90     310.70     311.00     311.60     311.90     311.70     311.10
     310.50     310.30     310.40     310.70     310.80     310.80     310.70     310.70     311.10     311.70
     312.50     313.10     313.10     312.70     312.40     312.70     313.60     314.80     315.90     316.60
     317.10     317.40     317.50     317.50     317.30     317.20     317.30     317.60     317.70     317.60
     317.30     317.20     317.20     317.20     317.00     316.80     316.80     317.00     317.20     317.20
     317.10     317.00     316.80
     317.90     317.70     317.80     318.00     318.10     317.90     317.60     317.10     316.70     316.40
     316.40     316.40     316.60     316.70     316.70     316.40     315.80     315.30     315.10     314.80
     314.30     313.30     312.20     311.50     311.30     311.40     311.70     311.90     312.00     311.80
     311.30     310.80     310.50     310.50     310.70     310.80     310.90     311.00     311.30     312.00
     312.80     313.30     313.30     313.00     312.90     313.30     314.20     315.10     315.90     316.30
     316.60     316.70     316.80     316.80     316.70     316.60     316.70     316.90     316.90     316.80
     316.70     316.60     316.70     316.60     316.40     316.10     316.10     316.30     316.40     316.40
     316.20     316.00     315.70
     316.60     316.40     316.70     317.10     317.40     317.20     316.70     316.20     315.80     315.70
     315.60     315.50     315.50     315.70     315.90     315.70     315.10     314.50     314.20     314.00
     313.70     313.20     312.70     312.40     312.20     312.00     311.80     311.70     311.80     312.00
     311.90     311.60     311.20     311.10     311.40     311.70     312.00     312.10     312.30     312.70
     313.20     313.60     313.70     313.80     314.10     314.50     315.10     315.60     315.90     316.00
     316.10     316.20     316.30     316.50     316.40     316.30     316.10     316.10     316.10     316.10
     316.20     316.20     316.30     316.20     316.00     315.70     315.50     315.40     315.40     315.30
     315.20     315.00     314.70
     315.80     315.60     315.90     316.30     316.60     316.50     316.00     315.50     315.20     315.00
     314.90     314.80     314.80     315.10     315.30     315.10     314.60     314.10     313.90     313.80
     313.50     313.20     313.00     313.00     312.90     312.50     312.00     311.70     311.80     312.20
     312.50     312.30     312.00     311.90     312.10     312.40     312.60     312.70     313.00     313.30
     313.60     313.90     314.20     314.50     314.90     315.30     315.60     315.80     315.90     315.90
     315.90     316.10     316.30     316.40     316.20     315.90     315.60     315.50     315.50     315.50
     315.50     315.50     315.60     315.60     315.50     315.30     315.00     314.80     314.70     314.70
     314.70     314.50     314.20
     315.50     315.30     315.40     315.60     315.80     315.70     315.40     315.10     314.80     314.50
     314.40     314.40     314.60     314.90     314.90     314.60     314.30     314.10     314.00     313.80
     313.50     313.20     313.10     313.10     313.00     312.70     312.30     312.10     312.30     312.70
     312.90     312.80     312.60     312.50     312.40     312.40     312.40     312.70     313.20     313.80
     314.20     314.50     314.70     314.90     315.10     315.30     315.50     315.70     315.80     315.70
     315.70     315.70     315.80     315.80     315.60     315.20     315.00     315.10     315.20     315.10
     314.90     314.80     314.90     315.00     315.10     314.90     314.60     314.40     314.40     314.60
     314.70     314.50     314.10
     315.40     315.20     315.10     315.10     315.10     315.10     315.10     315.00     314.80     314.60
     314.50     314.60     314.90     315.00     314.80     314.40     314.10     314.00     313.90     313.50
     313.10     313.00     312.90     312.90     312.80     312.60     312.60     312.70     312.80     312.90
     313.00     313.00     312.90     312.90     312.70     312.60     312.50     312.90     313.50     314.30
     314.80     315.10     315.20     315.20     315.00     315.00     315.20     315.40     315.40     315.30
     315.10     315.00     315.00     314.90     314.80     314.70     314.80     315.00     315.10     315.00
     314.80     314.70     314.80     315.00     314.90     314.70     314.30     314.10     314.10     314.30
     314.40     314.30     314.00
     315.10     315.00     314.90     314.80     314.80     314.90     315.10     315.10     315.10     315.10
     315.20     315.30     315.40     315.30     314.80     314.40     314.10     313.80     313.40     312.70
     312.40     312.40     312.60     312.60     312.50     312.50     312.70     312.90     313.00     313.00
     312.90     313.00     313.20     313.30     313.30     313.30     313.40     313.80     314.30     314.80
     315.20     315.50     315.50     315.40     315.20     315.10     315.30     315.40     315.30     315.10
     314.90     314.80     314.70     314.60     314.70     314.80     315.10     315.30     315.30     315.20
     315.10     315.10     315.10     315.00     314.70     314.30     313.90     313.70     313.60     313.60
     313.60     313.70     313.60
