diamond 4 20年06月26日8时700百帕高度场
20 06 26  8  700 
2.500 -2.500  .0  180.0   90.0  .0
73  37
     292.80     292.80     292.80     292.80     292.80     292.80     292.80     292.80     292.80     292.80
     292.80     292.80     292.80     292.80     292.80     292.80     292.80     292.80     292.80     292.80
     292.80     292.80     292.80     292.80     292.80     292.80     292.80     292.80     292.80     292.80
     292.80     292.80     292.80     292.80     292.80     292.80     292.80     292.80     292.80     292.80
     292.80     292.80     292.80     292.80     292.80     292.80     292.80     292.80     292.80     292.80
     292.80     292.80     292.80     292.80     292.80     292.80     292.80     292.80     292.80     292.80
     292.80     292.80     292.80     292.80     292.80     292.80     292.80     292.80     292.80     292.80
     292.80     292.80     292.80
     294.40     294.40     294.30     294.20     294.20     294.10     294.00     294.00     293.90     293.80
     293.80     293.70     293.60     293.60     293.50     293.40     293.30     293.30     293.20     293.10
     293.10     293.00     292.90     292.80     292.80     292.70     292.60     292.50     292.40     292.40
     292.30     292.20     292.10     292.00     291.90     291.80     291.80     291.70     291.60     291.50
     291.40     291.30     291.20     291.10     291.00     290.80     290.70     290.60     290.50     290.40
     290.30     290.20     290.10     290.00     289.90     289.80     289.70     289.60     289.50     289.40
     289.40     289.30     289.30     289.20     289.20     289.20     289.20     289.20     289.20     289.20
     289.30     289.40     289.40
     294.70     294.60     294.50     294.40     294.30     294.20     294.20     294.10     294.00     293.90
     293.80     293.70     293.60     293.50     293.40     293.30     293.20     293.10     292.90     292.80
     292.70     292.60     292.40     292.30     292.20     292.10     291.90     291.80     291.70     291.60
     291.50     291.50     291.40     291.30     291.20     291.20     291.10     291.10     291.00     290.90
     290.90     290.80     290.70     290.60     290.40     290.30     290.10     289.90     289.70     289.50
     289.20     288.90     288.60     288.30     288.00     287.70     287.40     287.00     286.70     286.40
     286.10     285.90     285.60     285.40     285.30     285.10     285.10     285.00     285.00     285.10
     285.20     285.30     285.50
     294.50     294.40     294.30     294.20     294.20     294.10     294.00     293.90     293.80     293.70
     293.60     293.40     293.30     293.20     293.00     292.80     292.70     292.50     292.30     292.00
     291.80     291.50     291.30     291.00     290.80     290.50     290.30     290.10     290.00     289.80
     289.70     289.60     289.60     289.60     289.60     289.70     289.80     290.00     290.10     290.30
     290.50     290.70     290.80     290.90     291.00     291.10     291.00     291.00     290.80     290.60
     290.30     289.90     289.40     288.90     288.30     287.60     287.00     286.30     285.60     284.90
     284.20     283.50     283.00     282.50     282.00     281.70     281.50     281.40     281.40     281.50
     281.70     282.00     282.40
     294.40     294.30     294.10     293.90     293.70     293.40     293.20     293.10     292.90     292.80
     292.70     292.60     292.50     292.40     292.30     292.20     292.10     291.90     291.70     291.40
     291.10     290.80     290.50     290.10     289.80     289.40     289.10     288.80     288.60     288.40
     288.20     288.20     288.20     288.20     288.40     288.60     288.90     289.30     289.80     290.30
     290.80     291.40     291.90     292.50     293.00     293.40     293.70     294.00     294.10     294.00
     293.80     293.40     292.80     292.10     291.20     290.20     289.10     287.90     286.70     285.40
     284.20     283.00     281.90     280.90     280.10     279.50     279.00     278.70     278.60     278.80
     279.10     279.60     280.20
     294.60     294.10     293.60     293.00     292.50     292.00     291.60     291.30     291.10     291.00
     291.00     291.10     291.20     291.40     291.50     291.60     291.70     291.70     291.60     291.40
     291.20     290.90     290.60     290.30     290.00     289.70     289.50     289.30     289.20     289.10
     289.10     289.10     289.20     289.40     289.60     289.90     290.30     290.80     291.40     292.10
     292.80     293.70     294.50     295.40     296.30     297.10     297.70     298.30     298.70     298.80
     298.80     298.40     297.90     297.00     296.00     294.70     293.20     291.50     289.80     287.90
     286.10     284.30     282.60     281.00     279.60     278.50     277.60     277.00     276.70     276.70
     277.00     277.60     278.40
     295.10     294.30     293.50     292.60     291.80     291.10     290.60     290.20     290.00     290.10
     290.30     290.70     291.10     291.50     291.90     292.30     292.50     292.50     292.40     292.30
     292.00     291.60     291.30     291.10     290.90     290.80     290.90     291.00     291.30     291.60
     291.90     292.20     292.50     292.80     293.10     293.40     293.80     294.20     294.70     295.40
     296.10     296.90     297.90     298.90     299.90     300.80     301.70     302.40     302.90     303.30
     303.30     303.10     302.50     301.70     300.60     299.20     297.60     295.70     293.70     291.50
     289.20     287.00     284.70     282.60     280.70     279.00     277.60     276.50     275.80     275.50
     275.50     275.90     276.60
     296.90     296.20     295.40     294.60     293.90     293.30     292.80     292.60     292.70     292.90
     293.40     293.90     294.50     295.10     295.50     295.70     295.70     295.40     294.80     294.10
     293.30     292.60     291.90     291.40     291.10     291.10     291.40     291.90     292.50     293.20
     293.90     294.60     295.20     295.70     296.10     296.40     296.70     297.00     297.40     298.00
     298.70     299.50     300.40     301.40     302.40     303.40     304.30     305.00     305.50     305.90
     306.00     305.80     305.40     304.60     303.70     302.40     300.90     299.20     297.30     295.20
     293.00     290.60     288.20     285.80     283.40     281.30     279.40     277.80     276.60     275.90
     275.50     275.60     276.10
     300.40     300.30     300.10     299.90     299.70     299.60     299.50     299.60     299.90     300.30
     300.80     301.30     301.80     302.00     302.00     301.70     300.90     299.80     298.40     296.80
     295.10     293.60     292.20     291.20     290.50     290.20     290.40     290.80     291.50     292.40
     293.30     294.20     295.00     295.70     296.20     296.60     297.00     297.40     297.90     298.60
     299.50     300.40     301.40     302.50     303.50     304.40     305.20     305.80     306.30     306.60
     306.80     306.70     306.40     305.80     305.10     304.20     303.00     301.70     300.30     298.60
     296.80     294.80     292.60     290.30     287.90     285.50     283.30     281.40     279.80     278.70
     278.00     277.70     277.80
     305.00     305.70     306.40     307.10     307.60     308.00     308.40     308.70     309.00     309.30
     309.60     309.90     309.90     309.70     309.00     307.80     306.20     304.10     301.80     299.30
     296.90     294.70     292.70     291.10     289.90     289.10     288.70     288.60     289.00     289.70
     290.60     291.60     292.60     293.60     294.40     295.10     295.80     296.50     297.30     298.30
     299.30     300.40     301.60     302.60     303.50     304.20     304.80     305.30     305.80     306.10
     306.40     306.50     306.50     306.10     305.60     304.90     304.10     303.30     302.30     301.30
     300.20     298.80     297.20     295.30     293.20     291.00     288.80     286.70     285.00     283.70
     282.80     282.20     282.00
     309.10     310.60     312.10     313.30     314.40     315.10     315.70     316.10     316.30     316.50
     316.60     316.50     316.10     315.30     313.90     312.00     309.60     306.80     303.90     301.00
     298.30     295.90     293.70     291.90     290.20     288.70     287.50     286.80     286.50     286.90
     287.80     289.10     290.60     292.20     293.70     294.90     296.00     297.00     297.90     298.90
     299.90     301.00     301.90     302.50     303.00     303.30     303.50     303.80     304.20     304.80
     305.30     305.80     306.00     305.90     305.50     304.90     304.30     303.70     303.20     302.80
     302.40     301.90     301.00     299.80     298.10     296.30     294.30     292.40     290.80     289.50
     288.50     287.80     287.20
     311.80     313.70     315.50     317.00     318.20     319.00     319.60     320.00     320.20     320.30
     320.30     320.10     319.50     318.40     316.60     314.20     311.30     308.10     304.90     301.90
     299.40     297.10     295.20     293.20     291.20     289.20     287.30     285.80     285.10     285.30
     286.50     288.50     290.90     293.40     295.70     297.40     298.70     299.70     300.40     301.10
     301.70     302.30     302.60     302.60     302.40     302.10     301.80     301.80     302.20     302.90
     303.80     304.60     305.10     305.10     304.70     304.00     303.30     302.80     302.80     303.00
     303.40     303.70     303.60     303.00     301.90     300.40     298.70     297.00     295.60     294.40
     293.50     292.60     291.70
     312.90     314.80     316.60     318.00     319.10     320.00     320.60     321.10     321.50     321.70
     321.90     321.80     321.20     320.00     318.20     315.60     312.50     309.20     305.90     303.00
     300.50     298.40     296.60     294.60     292.40     290.10     287.80     286.00     285.30     285.70
     287.50     290.30     293.50     296.70     299.40     301.40     302.50     303.10     303.40     303.60
     303.70     303.70     303.50     303.00     302.20     301.30     300.60     300.30     300.60     301.40
     302.40     303.40     303.90     303.80     303.20     302.40     301.70     301.50     301.90     302.70
     303.80     304.80     305.30     305.20     304.50     303.20     301.70     300.10     298.70     297.50
     296.40     295.50     294.50
     312.80     314.50     315.90     317.10     318.10     318.90     319.70     320.50     321.20     321.80
     322.10     322.20     321.80     320.80     319.10     316.70     313.80     310.50     307.30     304.30
     301.60     299.40     297.40     295.30     293.10     290.90     288.90     287.60     287.40     288.50
     290.80     293.90     297.30     300.40     302.80     304.40     305.20     305.50     305.40     305.40
     305.30     305.10     304.60     303.90     302.80     301.70     300.80     300.40     300.60     301.30
     302.20     302.90     303.20     302.90     302.10     301.30     300.70     300.80     301.50     302.80
     304.30     305.60     306.50     306.60     306.10     305.00     303.50     301.80     300.20     298.80
     297.60     296.60     295.70
     312.00     313.30     314.30     315.00     315.70     316.50     317.40     318.60     319.80     320.90
     321.60     321.80     321.60     320.70     319.30     317.30     314.80     311.80     308.60     305.40
     302.40     299.80     297.40     295.40     293.50     291.90     290.90     290.70     291.40     293.10
     295.50     298.20     300.80     303.00     304.60     305.50     306.00     306.20     306.40     306.50
     306.50     306.40     306.00     305.30     304.30     303.20     302.40     301.90     302.00     302.40
     302.90     303.30     303.20     302.80     302.10     301.40     301.10     301.30     302.20     303.50
     305.00     306.20     307.10     307.30     306.90     305.90     304.40     302.70     300.90     299.30
     298.10     297.20     296.70
     311.50     312.40     312.80     313.00     313.20     313.70     314.70     316.20     317.90     319.50
     320.60     321.20     321.10     320.50     319.30     317.70     315.50     312.80     309.60     306.20
     302.90     300.00     297.60     295.70     294.40     293.70     293.80     294.60     296.10     298.10
     300.10     301.90     303.30     304.20     304.80     305.20     305.70     306.20     306.70     307.20
     307.50     307.60     307.30     306.60     305.70     304.80     304.00     303.50     303.30     303.40
     303.50     303.60     303.60     303.30     302.90     302.60     302.50     302.80     303.50     304.50
     305.60     306.50     307.10     307.20     306.90     306.00     304.70     303.10     301.40     300.00
     299.10     298.70     298.70
     312.10     312.90     313.00     312.60     312.20     312.30     313.10     314.60     316.50     318.40
     319.80     320.50     320.60     320.20     319.30     317.90     316.00     313.50     310.40     307.10
     303.90     301.10     298.90     297.50     296.70     296.70     297.30     298.50     300.10     301.90
     303.30     304.20     304.60     304.60     304.60     304.90     305.40     306.10     306.90     307.50
     307.90     307.90     307.60     307.00     306.30     305.40     304.60     304.00     303.40     303.10
     303.00     303.00     303.20     303.40     303.60     303.70     303.90     304.20     304.70     305.30
     306.00     306.60     306.90     306.90     306.50     305.70     304.50     303.10     301.80     300.80
     300.30     300.50     301.20
     314.00     314.80     314.80     314.10     313.40     313.10     313.60     314.90     316.50     318.00
     319.00     319.50     319.50     319.20     318.50     317.50     316.00     314.00     311.50     308.60
     305.80     303.50     301.80     300.80     300.30     300.20     300.60     301.50     302.70     303.90
     304.80     305.20     305.10     304.90     304.80     305.10     305.70     306.40     307.00     307.40
     307.60     307.50     307.10     306.60     305.90     305.10     304.20     303.30     302.40     301.70
     301.30     301.30     301.70     302.50     303.30     304.00     304.50     304.90     305.30     305.80
     306.40     306.90     307.10     306.90     306.30     305.40     304.20     302.90     301.70     300.80
     300.60     301.00     301.90
     315.90     316.80     316.80     316.20     315.50     315.20     315.60     316.50     317.40     318.00
     318.10     317.80     317.40     317.00     316.60     316.20     315.50     314.40     312.70     310.60
     308.50     306.70     305.50     304.60     304.00     303.70     303.50     303.80     304.40     305.20
     305.70     305.90     305.60     305.40     305.40     305.70     306.30     306.90     307.40     307.50
     307.50     307.20     306.70     306.10     305.30     304.50     303.50     302.50     301.40     300.40
     299.80     299.60     300.00     301.00     302.20     303.30     304.20     304.90     305.50     306.10
     306.70     307.10     307.20     306.90     306.20     305.10     303.80     302.40     300.90     299.70
     299.00     299.00     299.80
     317.10     318.00     318.00     317.50     317.00     316.90     317.40     318.10     318.40     318.00
     317.00     315.90     315.00     314.50     314.40     314.60     314.70     314.50     313.90     312.70
     311.30     310.00     309.00     308.10     307.40     306.60     306.10     306.00     306.40     306.90
     307.30     307.20     306.80     306.30     306.10     306.40     307.00     307.60     308.10     308.30
     308.10     307.60     307.00     306.20     305.50     304.70     303.90     303.00     302.00     300.90
     299.90     299.40     299.60     300.40     301.60     302.90     304.10     305.00     305.70     306.30
     306.80     307.10     307.00     306.60     305.80     304.80     303.50     301.90     300.00     298.20
     296.70     296.20     296.90
     318.00     318.90     319.00     318.60     318.20     318.10     318.50     318.90     318.60     317.60
     316.10     314.60     313.70     313.30     313.40     313.70     314.10     314.40     314.40     314.10
     313.40     312.60     311.90     311.10     310.30     309.40     308.70     308.50     308.80     309.30
     309.60     309.50     308.90     308.20     307.70     307.50     307.80     308.40     308.90     309.00
     308.80     308.20     307.50     306.90     306.50     306.20     305.80     305.30     304.50     303.50
     302.40     301.60     301.30     301.80     302.80     304.20     305.40     306.30     306.90     307.20
     307.30     307.20     306.80     306.20     305.50     304.50     303.30     301.70     299.70     297.70
     296.00     295.50     296.60
     319.80     320.90     321.20     320.90     320.30     319.80     319.50     319.10     318.30     316.90
     315.40     314.30     313.70     313.70     313.70     313.70     313.70     313.90     314.10     314.20
     314.20     314.10     313.80     313.40     312.60     311.60     310.70     310.40     310.60     311.20
     311.80     312.00     311.70     311.20     310.60     309.90     309.40     309.30     309.20     309.00
     308.50     307.90     307.50     307.50     308.00     308.40     308.70     308.50     308.00     307.20
     306.20     305.40     305.10     305.40     306.30     307.40     308.50     309.30     309.60     309.50
     309.20     308.60     307.90     307.20     306.30     305.30     304.10     302.60     300.90     299.30
     298.30     298.60     300.30
     322.60     323.80     324.30     324.10     323.30     322.20     321.10     319.70     318.20     316.60
     315.20     314.40     314.30     314.40     314.40     314.10     313.60     313.30     313.30     313.60
     314.00     314.40     314.50     314.40     313.60     312.50     311.30     310.80     310.90     311.50
     312.40     313.30     314.00     314.30     313.90     312.80     311.40     310.20     309.20     308.30
     307.30     306.60     306.70     307.60     309.00     310.30     311.00     311.10     310.80     310.40
     309.90     309.50     309.50     309.90     310.70     311.70     312.60     313.10     313.20     312.90
     312.40     311.80     311.00     310.10     309.00     307.70     306.40     305.00     303.80     303.00
     302.90     304.00     306.20
     324.90     325.70     326.10     326.10     325.50     324.40     322.70     320.80     318.90     317.10
     315.70     314.80     314.60     314.80     314.90     314.50     314.00     313.60     313.50     313.70
     313.90     314.20     314.30     314.00     313.10     311.80     310.60     310.00     310.00     310.60
     311.50     312.80     314.20     315.20     315.30     314.20     312.30     310.50     308.90     307.50
     306.30     305.50     305.80     307.20     309.10     310.70     311.70     312.00     312.10     312.20
     312.40     312.70     313.20     313.90     314.70     315.50     316.20     316.50     316.60     316.40
     316.00     315.50     314.90     313.90     312.70     311.30     309.90     308.80     308.00     307.80
     308.30     309.60     311.50
     325.70     325.60     325.60     325.70     325.60     324.80     323.40     321.80     320.10     318.40
     316.90     315.70     315.00     315.00     315.30     315.30     315.20     315.00     314.90     314.80
     314.60     314.30     314.00     313.40     312.30     311.00     310.00     309.60     309.70     310.20
     310.70     311.40     312.50     313.40     313.60     312.80     311.40     310.00     308.90     307.70
     306.50     305.60     305.70     306.90     308.70     310.30     311.30     311.90     312.50     313.30
     314.10     314.90     315.80     316.60     317.40     318.00     318.50     318.80     318.90     318.80
     318.60     318.20     317.70     317.00     315.90     314.80     313.70     312.80     312.40     312.40
     312.90     313.80     314.90
     325.50     324.50     324.00     324.10     324.10     323.70     322.90     321.90     321.00     319.80
     318.40     316.90     315.90     315.70     316.00     316.30     316.50     316.40     316.30     315.90
     315.40     314.80     314.10     313.40     312.30     311.20     310.40     310.30     310.80     311.10
     311.00     310.80     310.80     310.90     310.90     310.50     310.00     309.70     309.50     309.00
     308.00     306.90     306.70     307.50     309.00     310.30     311.40     312.40     313.40     314.50
     315.50     316.50     317.40     318.30     318.90     319.30     319.60     319.80     319.90     319.80
     319.50     319.10     318.70     318.20     317.60     317.00     316.50     316.10     315.90     315.90
     316.00     316.40     316.90
     325.20     324.00     323.30     323.00     322.90     322.50     322.00     321.50     321.20     320.50
     319.40     318.00     317.00     316.60     316.80     317.00     317.00     316.70     316.40     315.90
     315.40     314.80     314.30     313.70     312.80     311.80     311.20     311.30     311.80     312.30
     312.10     311.50     310.80     310.30     310.00     309.90     310.20     310.70     311.10     310.80
     309.80     308.80     308.50     309.20     310.40     311.60     312.80     313.90     314.90     315.80
     316.60     317.40     318.30     319.00     319.50     319.70     319.80     320.00     320.00     319.70
     319.20     318.70     318.40     318.30     318.10     318.10     318.00     317.90     317.80     317.60
     317.50     317.60     317.80
     325.30     324.30     323.50     322.90     322.40     321.80     321.30     321.10     321.00     320.60
     319.80     318.70     317.80     317.40     317.30     317.10     316.70     316.10     315.50     315.00
     314.50     314.10     313.70     313.20     312.50     311.70     311.10     311.10     311.50     312.00
     312.30     312.20     311.90     311.60     311.50     311.80     312.30     312.80     312.90     312.30
     311.30     310.40     310.40     311.20     312.30     313.50     314.50     315.40     316.20     316.70
     317.10     317.60     318.40     319.00     319.20     319.30     319.40     319.50     319.40     318.90
     318.30     317.90     317.80     317.90     318.00     318.20     318.30     318.20     318.00     317.80
     317.50     317.50     317.60
     325.00     324.40     323.60     322.70     322.00     321.40     321.00     320.80     320.70     320.40
     319.70     318.90     318.20     317.70     317.30     316.90     316.20     315.50     314.80     314.20
     313.70     313.10     312.40     311.70     311.00     310.50     310.20     310.00     310.10     310.50
     311.20     312.00     312.50     312.90     313.30     313.80     314.20     314.30     313.90     312.90
     312.00     311.60     311.90     312.80     313.70     314.50     315.30     316.00     316.60     316.80
     317.00     317.40     317.90     318.40     318.50     318.50     318.60     318.70     318.50     318.00
     317.30     317.10     317.20     317.40     317.50     317.60     317.50     317.40     317.20     316.90
     316.60     316.60     316.70
     324.00     323.60     322.90     322.00     321.40     320.90     320.60     320.40     320.30     320.00
     319.50     318.80     318.10     317.50     317.00     316.40     315.80     315.10     314.50     313.90
     313.30     312.40     311.20     310.10     309.40     309.30     309.40     309.40     309.20     309.20
     309.90     311.00     312.00     312.80     313.50     314.10     314.50     314.40     313.80     313.00
     312.50     312.50     313.00     313.60     314.10     314.50     315.00     315.60     316.20     316.60
     316.70     317.00     317.40     317.60     317.70     317.80     318.00     318.20     317.90     317.30
     316.60     316.40     316.50     316.70     316.70     316.60     316.40     316.20     316.00     315.70
     315.60     315.60     315.80
     322.30     322.10     321.70     321.20     320.60     320.20     319.90     319.70     319.50     319.40
     319.00     318.40     317.60     316.90     316.20     315.60     315.00     314.40     313.90     313.40
     312.90     312.00     310.60     309.30     308.60     308.80     309.40     309.60     309.30     309.10
     309.40     310.30     311.30     312.00     312.60     313.20     313.70     313.70     313.40     313.20
     313.10     313.30     313.70     313.90     313.90     313.90     314.20     314.80     315.60     316.10
     316.30     316.50     316.80     317.00     317.10     317.30     317.50     317.70     317.50     316.80
     316.10     315.80     315.80     315.90     315.90     315.70     315.50     315.30     315.00     314.80
     314.80     315.10     315.50
     320.40     320.50     320.50     320.30     319.90     319.50     319.00     318.80     318.70     318.70
     318.40     317.90     317.20     316.30     315.50     314.60     313.90     313.30     312.90     312.70
     312.40     311.80     310.70     309.50     308.80     309.00     309.70     310.10     309.90     309.50
     309.70     310.30     310.90     311.40     311.90     312.50     313.00     313.30     313.40     313.60
     313.70     313.90     313.90     313.70     313.60     313.50     313.70     314.10     314.80     315.30
     315.60     315.80     316.10     316.30     316.50     316.70     316.90     317.10     316.90     316.40
     315.70     315.30     315.30     315.40     315.50     315.30     315.10     314.80     314.50     314.40
     314.50     314.90     315.50
     318.80     319.00     319.20     319.20     319.10     318.70     318.30     318.10     318.10     318.00
     317.80     317.40     316.80     316.10     315.20     314.10     313.20     312.70     312.40     312.40
     312.30     312.10     311.40     310.40     309.70     309.70     310.10     310.40     310.20     309.90
     310.00     310.50     311.00     311.40     311.70     312.20     312.70     313.20     313.50     313.80
     314.00     313.90     313.70     313.60     313.60     313.50     313.60     313.80     314.20     314.50
     314.80     315.00     315.20     315.50     315.80     315.90     316.00     316.10     316.10     315.90
     315.40     315.10     315.00     315.20     315.30     315.20     314.80     314.50     314.30     314.30
     314.40     314.70     315.20
     317.70     317.70     317.90     318.10     318.10     318.00     317.80     317.70     317.70     317.50
     317.20     316.80     316.50     316.10     315.20     314.20     313.30     312.90     312.80     312.80
     312.80     312.60     312.10     311.30     310.60     310.40     310.70     310.90     310.70     310.40
     310.40     310.70     311.10     311.30     311.50     311.90     312.30     312.80     313.20     313.60
     313.80     313.70     313.60     313.70     313.90     314.00     314.00     314.00     314.10     314.30
     314.40     314.50     314.60     314.80     314.90     315.00     315.10     315.20     315.40     315.40
     315.20     315.00     315.00     315.20     315.20     314.80     314.30     314.00     314.00     314.10
     314.20     314.30     314.70
     317.00     316.90     317.00     317.20     317.30     317.40     317.50     317.60     317.50     317.10
     316.50     316.20     316.10     315.90     315.20     314.20     313.40     313.10     313.10     313.10
     313.00     312.80     312.40     311.60     311.00     310.80     311.10     311.40     311.40     311.20
     311.10     311.20     311.30     311.30     311.20     311.40     311.70     312.20     312.80     313.30
     313.60     313.70     313.80     314.10     314.50     314.60     314.50     314.40     314.40     314.60
     314.60     314.50     314.40     314.40     314.40     314.40     314.40     314.60     314.80     315.10
     315.10     315.00     315.00     315.10     315.00     314.40     313.70     313.40     313.50     313.80
     313.80     313.80     314.10
     316.30     316.40     316.60     316.70     316.90     317.00     317.30     317.60     317.40     316.90
     316.30     315.90     315.80     315.50     314.90     314.00     313.20     312.80     312.60     312.60
     312.50     312.30     311.80     311.10     310.60     310.50     311.00     311.50     311.90     311.90
     311.90     311.80     311.80     311.50     311.30     311.30     311.50     312.00     312.70     313.30
     313.60     313.90     314.10     314.40     314.70     314.80     314.70     314.70     314.70     314.70
     314.80     314.70     314.50     314.30     314.20     314.20     314.20     314.20     314.40     314.70
     314.90     315.00     315.00     315.10     314.90     314.40     313.70     313.30     313.40     313.60
     313.60     313.50     313.60
     315.40     315.70     316.10     316.40     316.50     316.70     317.10     317.50     317.50     317.10
     316.60     316.20     315.90     315.30     314.50     313.70     313.00     312.40     312.00     311.80
     311.70     311.50     311.00     310.40     310.00     310.10     310.50     311.10     311.60     312.00
     312.30     312.40     312.30     312.10     311.90     311.70     311.90     312.20     312.70     313.20
     313.60     313.90     314.10     314.30     314.40     314.50     314.50     314.50     314.50     314.50
     314.60     314.60     314.50     314.40     314.20     314.20     314.10     314.10     314.30     314.60
     314.90     315.00     314.90     314.90     314.80     314.60     314.20     313.90     313.80     313.80
     313.60     313.40     313.40
