diamond 4 20年06月30日20时700百帕高度场
20 06 30  20  700 
2.500 -2.500  .0  180.0   90.0  .0
73  37
     298.10     298.10     298.10     298.10     298.10     298.10     298.10     298.10     298.10     298.10
     298.10     298.10     298.10     298.10     298.10     298.10     298.10     298.10     298.10     298.10
     298.10     298.10     298.10     298.10     298.10     298.10     298.10     298.10     298.10     298.10
     298.10     298.10     298.10     298.10     298.10     298.10     298.10     298.10     298.10     298.10
     298.10     298.10     298.10     298.10     298.10     298.10     298.10     298.10     298.10     298.10
     298.10     298.10     298.10     298.10     298.10     298.10     298.10     298.10     298.10     298.10
     298.10     298.10     298.10     298.10     298.10     298.10     298.10     298.10     298.10     298.10
     298.10     298.10     298.10
     298.60     298.40     298.10     297.90     297.70     297.50     297.30     297.10     296.80     296.70
     296.50     296.30     296.10     295.90     295.80     295.60     295.50     295.30     295.20     295.10
     295.00     294.90     294.80     294.70     294.60     294.50     294.50     294.40     294.40     294.30
     294.30     294.30     294.20     294.20     294.20     294.20     294.20     294.20     294.20     294.20
     294.30     294.30     294.30     294.30     294.40     294.40     294.50     294.50     294.60     294.60
     294.70     294.80     294.80     294.90     295.00     295.10     295.20     295.30     295.40     295.60
     295.70     295.80     296.00     296.20     296.30     296.50     296.70     296.90     297.10     297.30
     297.50     297.70     297.90
     299.00     298.60     298.20     297.80     297.50     297.10     296.70     296.40     296.10     295.70
     295.40     295.10     294.90     294.60     294.40     294.20     294.00     293.80     293.70     293.50
     293.50     293.40     293.30     293.30     293.30     293.30     293.40     293.40     293.50     293.60
     293.70     293.80     294.00     294.10     294.20     294.30     294.40     294.60     294.70     294.80
     294.90     295.00     295.00     295.10     295.20     295.20     295.30     295.30     295.30     295.30
     295.40     295.40     295.40     295.40     295.40     295.50     295.50     295.60     295.60     295.70
     295.80     295.90     296.10     296.20     296.40     296.60     296.90     297.10     297.40     297.70
     298.10     298.40     298.80
     299.10     298.70     298.20     297.80     297.40     296.90     296.50     296.10     295.70     295.30
     294.90     294.50     294.10     293.70     293.40     293.10     292.80     292.50     292.40     292.20
     292.10     292.10     292.20     292.30     292.50     292.70     293.00     293.30     293.70     294.10
     294.50     295.00     295.40     295.90     296.30     296.70     297.20     297.60     297.90     298.30
     298.60     298.90     299.10     299.30     299.50     299.70     299.80     299.90     299.90     299.90
     299.90     299.80     299.70     299.60     299.50     299.40     299.30     299.20     299.10     299.00
     298.90     298.90     298.90     299.00     299.10     299.20     299.40     299.60     299.80     300.10
     300.40     300.70     301.10
     298.30     297.90     297.40     297.00     296.60     296.20     295.70     295.30     294.80     294.30
     293.80     293.20     292.60     292.00     291.40     290.90     290.30     289.80     289.50     289.20
     289.00     289.00     289.10     289.30     289.70     290.20     290.80     291.50     292.30     293.20
     294.10     295.00     295.90     296.80     297.60     298.40     299.20     300.00     300.70     301.30
     302.00     302.60     303.10     303.60     304.10     304.50     304.90     305.10     305.30     305.40
     305.40     305.40     305.30     305.10     304.80     304.60     304.30     304.00     303.70     303.50
     303.30     303.20     303.10     303.00     303.00     303.10     303.20     303.30     303.40     303.60
     303.80     304.00     304.20
     296.00     295.40     294.90     294.40     293.90     293.50     293.00     292.60     292.10     291.60
     291.00     290.30     289.60     288.90     288.10     287.30     286.50     285.80     285.10     284.60
     284.30     284.20     284.30     284.60     285.20     286.00     287.00     288.10     289.40     290.80
     292.10     293.50     294.80     296.10     297.30     298.40     299.40     300.40     301.40     302.30
     303.30     304.20     305.10     306.00     306.80     307.60     308.30     308.90     309.30     309.50
     309.60     309.50     309.30     309.00     308.50     308.00     307.50     307.00     306.60     306.30
     306.00     305.90     305.80     305.80     305.90     306.00     306.10     306.20     306.30     306.40
     306.50     306.50     306.40
     292.70     291.70     290.80     290.00     289.30     288.70     288.20     287.80     287.50     287.20
     286.90     286.60     286.30     285.80     285.30     284.60     283.90     283.20     282.50     281.80
     281.30     281.00     281.00     281.30     281.90     282.90     284.10     285.50     287.10     288.70
     290.40     292.10     293.60     295.10     296.40     297.70     298.80     299.90     301.00     302.00
     303.20     304.40     305.60     306.90     308.10     309.30     310.40     311.20     311.80     312.10
     312.10     311.80     311.20     310.40     309.60     308.70     307.80     307.00     306.40     306.00
     305.80     305.70     305.70     305.90     306.00     306.20     306.40     306.50     306.50     306.50
     306.40     306.20     306.00
     289.80     288.30     286.90     285.60     284.60     283.80     283.30     283.00     283.00     283.20
     283.70     284.20     284.70     285.10     285.40     285.50     285.30     284.80     284.20     283.50
     282.80     282.30     281.90     281.90     282.20     282.80     283.80     285.00     286.50     288.00
     289.70     291.30     292.90     294.30     295.70     297.00     298.20     299.40     300.60     301.90
     303.20     304.60     306.10     307.70     309.30     310.80     312.10     313.10     313.70     313.90
     313.60     312.90     311.90     310.60     309.20     307.80     306.50     305.50     304.80     304.30
     304.00     303.90     304.00     304.00     304.10     304.00     303.90     303.70     303.40     303.10
     302.80     302.50     302.30
     288.70     286.80     285.10     283.60     282.30     281.40     280.80     280.70     281.00     281.70
     282.90     284.30     285.80     287.20     288.50     289.40     289.80     289.80     289.40     288.70
     287.80     286.80     286.00     285.40     285.10     285.10     285.50     286.10     287.00     288.00
     289.20     290.50     291.90     293.30     294.80     296.40     297.90     299.50     301.00     302.60
     304.20     305.80     307.40     309.10     310.70     312.20     313.50     314.50     315.00     315.00
     314.50     313.50     312.10     310.50     308.80     307.20     305.80     304.70     303.90     303.40
     303.00     302.80     302.50     302.10     301.60     300.90     300.10     299.30     298.50     297.80
     297.30     297.00     297.00
     288.90     287.10     285.40     284.00     282.70     281.90     281.40     281.30     281.70     282.70
     284.10     285.90     287.90     290.00     291.90     293.40     294.30     294.60     294.40     293.70
     292.60     291.40     290.30     289.30     288.60     288.00     287.80     287.70     287.90     288.20
     288.80     289.70     290.90     292.40     294.10     296.10     298.20     300.40     302.40     304.40
     306.20     307.90     309.50     310.90     312.30     313.40     314.40     315.10     315.30     315.10
     314.50     313.40     311.90     310.30     308.70     307.20     305.90     304.90     304.20     303.60
     303.10     302.60     301.90     300.90     299.70     298.30     296.90     295.50     294.30     293.50
     293.00     293.00     293.30
     289.00     287.40     286.00     284.90     284.10     283.50     283.20     283.20     283.60     284.30
     285.60     287.30     289.30     291.50     293.70     295.40     296.70     297.20     297.10     296.50
     295.50     294.40     293.20     292.20     291.40     290.80     290.30     289.90     289.70     289.70
     289.90     290.50     291.60     293.10     295.10     297.40     299.90     302.50     305.00     307.20
     309.10     310.60     311.80     312.80     313.60     314.30     314.70     314.90     314.80     314.40
     313.60     312.50     311.20     309.70     308.30     307.00     305.80     304.90     304.10     303.40
     302.80     302.00     301.00     299.90     298.50     297.00     295.50     294.10     293.10     292.60
     292.50     292.80     293.60
     288.30     286.80     285.60     284.90     284.60     284.60     284.70     284.90     285.30     285.90
     286.90     288.30     290.20     292.40     294.60     296.60     297.90     298.60     298.60     298.00
     297.10     296.10     295.10     294.30     293.70     293.20     292.80     292.70     292.60     292.80
     293.30     294.00     295.20     296.70     298.60     300.90     303.30     305.80     308.10     310.20
     311.80     312.90     313.70     314.20     314.50     314.70     314.70     314.60     314.20     313.50
     312.60     311.50     310.20     308.80     307.30     306.00     304.70     303.50     302.50     301.60
     300.80     300.10     299.30     298.50     297.50     296.50     295.60     294.90     294.50     294.50
     295.00     295.70     296.80
     287.70     286.20     285.20     284.80     284.90     285.50     286.20     286.80     287.40     288.10
     289.00     290.30     292.20     294.30     296.60     298.50     299.80     300.40     300.20     299.50
     298.40     297.30     296.20     295.40     294.90     294.60     294.60     294.90     295.60     296.50
     297.70     299.10     300.50     302.10     303.80     305.60     307.50     309.40     311.10     312.50
     313.60     314.20     314.50     314.60     314.60     314.60     314.50     314.30     313.80     313.10
     312.10     310.80     309.40     307.80     306.20     304.50     302.80     301.30     300.00     299.00
     298.30     297.80     297.40     297.00     296.50     295.90     295.40     295.20     295.40     296.00
     297.00     298.20     299.70
     288.70     287.50     286.70     286.60     287.10     288.10     289.30     290.30     291.20     291.90
     292.80     294.00     295.70     297.70     299.70     301.30     302.20     302.30     301.70     300.50
     299.00     297.60     296.40     295.50     294.90     294.80     295.20     296.10     297.60     299.50
     301.60     303.60     305.40     306.90     308.20     309.40     310.70     312.00     313.10     314.00
     314.40     314.40     314.20     313.90     313.70     313.70     313.70     313.70     313.40     312.80
     311.70     310.40     308.70     306.90     305.00     303.00     301.20     299.60     298.40     297.60
     297.20     297.00     296.60     296.00     295.00     293.80     292.80     292.40     292.70     293.90
     295.80     298.00     300.40
     292.30     291.70     291.30     291.50     292.30     293.50     294.80     295.80     296.50     297.00
     297.70     298.60     299.90     301.40     302.90     303.80     304.10     303.70     302.50     300.90
     299.20     297.60     296.40     295.50     295.00     295.10     295.80     297.30     299.50     302.00
     304.60     306.80     308.40     309.40     310.10     310.80     311.70     312.80     313.90     314.60
     314.70     314.30     313.50     312.60     312.10     311.90     312.00     312.30     312.40     312.00
     311.00     309.60     307.80     305.80     303.70     301.70     300.00     298.80     298.10     298.00
     298.10     298.10     297.40     295.70     293.20     290.50     288.20     287.10     287.60     289.60
     292.80     296.60     300.20
     297.90     298.00     298.20     298.60     299.40     300.30     301.20     301.80     302.10     302.30
     302.50     303.00     303.70     304.60     305.30     305.70     305.50     304.80     303.50     302.00
     300.30     298.90     297.80     297.20     297.10     297.50     298.50     300.20     302.50     305.10
     307.40     309.00     309.70     309.70     309.60     309.70     310.50     311.70     313.20     314.20
     314.40     313.80     312.60     311.20     310.10     309.60     309.70     310.10     310.40     310.30
     309.60     308.30     306.50     304.50     302.50     300.80     299.50     298.90     299.00     299.70
     300.40     300.40     299.20     296.40     292.40     288.10     284.70     283.30     284.30     287.60
     292.30     297.40     302.10
     304.20     304.70     305.10     305.50     306.00     306.50     306.80     306.90     306.80     306.70
     306.70     306.80     306.90     307.10     307.20     307.20     307.00     306.50     305.60     304.40
     303.10     302.00     301.30     301.10     301.20     301.80     302.70     304.10     306.10     308.10
     309.70     310.40     310.10     309.00     307.90     307.40     308.00     309.40     311.20     312.70
     313.30     312.90     311.60     310.00     308.50     307.50     307.30     307.70     308.10     308.30
     307.80     306.70     305.20     303.50     301.80     300.50     299.70     299.60     300.40     301.60
     302.80     302.90     301.50     298.20     293.70     289.10     285.80     284.90     286.80     291.10
     296.60     302.10     306.70
     309.70     310.30     310.50     310.70     310.70     310.80     310.80     310.70     310.50     310.30
     310.10     309.90     309.60     309.20     308.80     308.60     308.50     308.40     308.00     307.20
     306.30     305.50     305.10     305.20     305.50     305.80     306.30     307.10     308.30     309.60
     310.60     310.80     309.90     308.30     306.70     305.90     306.20     307.50     309.20     310.90
     311.80     311.90     311.00     309.50     307.90     306.70     306.10     306.10     306.40     306.50
     306.00     305.10     303.90     302.70     301.60     300.80     300.50     300.90     301.90     303.40
     304.70     305.00     303.80     301.10     297.50     294.00     291.90     292.00     294.60     299.00
     304.10     308.70     312.00
     313.90     314.30     314.30     314.10     313.80     313.70     313.60     313.60     313.40     313.10
     312.60     312.00     311.30     310.50     309.80     309.30     309.20     309.20     309.10     308.70
     308.00     307.50     307.40     307.60     307.80     307.90     307.90     308.10     308.60     309.50
     310.20     310.30     309.60     308.20     307.00     306.30     306.60     307.60     309.00     310.30
     311.20     311.50     311.10     310.00     308.60     307.30     306.40     306.00     305.70     305.20
     304.30     303.10     302.00     301.30     300.90     300.90     301.30     302.10     303.50     305.10
     306.50     307.00     306.40     304.80     302.70     301.00     300.50     301.50     304.20     307.80
     311.50     314.50     316.20
     316.80     317.20     317.00     316.40     316.00     315.80     315.90     315.90     315.50     314.70
     313.80     312.80     311.80     310.80     309.90     309.20     308.90     308.90     308.90     308.70
     308.30     308.10     308.00     308.30     308.40     308.40     308.20     308.20     308.50     309.20
     309.80     310.00     309.60     308.90     308.30     308.30     308.90     309.80     310.80     311.50
     311.90     312.00     311.70     310.90     309.70     308.40     307.30     306.60     305.70     304.30
     302.40     300.40     299.20     298.90     299.40     300.50     301.80     303.30     305.20     307.20
     309.00     309.90     309.90     309.20     308.50     308.30     308.90     310.30     312.40     314.80
     316.90     318.30     318.80
     319.30     319.60     319.30     318.50     317.90     317.70     317.60     317.40     316.60     315.30
     313.90     312.60     311.50     310.60     309.70     308.80     308.20     308.10     308.30     308.60
     308.70     308.70     308.60     308.60     308.60     308.60     308.60     308.90     309.40     310.00
     310.40     310.40     310.10     309.70     309.70     310.20     311.10     312.20     312.90     313.10
     312.90     312.60     312.00     311.20     310.10     308.90     307.80     306.80     305.50     303.30
     300.50     297.80     296.40     296.70     298.30     300.60     302.90     305.20     307.80     310.40
     312.60     314.00     314.40     314.40     314.50     315.00     315.90     317.10     318.40     319.50
     320.20     320.50     320.20
     321.60     321.90     321.40     320.60     319.80     319.30     318.80     318.10     317.00     315.40
     313.80     312.40     311.40     310.60     309.60     308.50     307.80     307.70     308.30     309.10
     309.80     310.00     309.90     309.60     309.30     309.20     309.50     310.20     310.90     311.40
     311.50     311.20     310.80     310.50     310.50     310.90     311.60     312.50     313.10     313.20
     312.80     312.20     311.60     310.90     309.90     308.80     307.70     306.60     305.10     302.80
     299.70     297.00     296.00     297.00     299.70     302.90     305.90     308.70     311.50     314.30
     316.80     318.40     319.30     319.60     319.80     320.30     321.00     321.60     322.00     322.00
     321.70     321.10     320.30
     323.80     323.90     323.40     322.80     321.90     320.80     319.70     318.50     317.20     315.70
     314.20     312.90     311.90     311.00     309.90     308.70     308.00     308.00     308.80     309.90
     310.90     311.30     311.20     310.80     310.50     310.40     310.70     311.30     311.90     312.10
     312.00     311.70     311.50     311.30     311.00     310.50     310.30     310.60     311.10     311.30
     311.10     310.80     310.60     310.50     310.00     309.10     307.90     306.80     305.50     303.70
     301.30     299.40     299.10     300.90     304.20     307.70     310.80     313.30     315.80     318.10
     320.20     321.80     322.70     323.10     323.30     323.40     323.40     323.30     323.00     322.30
     321.30     320.30     319.10
     325.30     325.20     325.10     324.70     323.80     322.20     320.50     319.00     317.70     316.50
     315.20     314.00     312.80     311.80     310.80     309.90     309.40     309.40     310.00     310.70
     311.20     311.60     311.70     311.80     311.80     311.80     311.90     312.20     312.40     312.30
     312.00     311.90     312.10     312.10     311.40     310.10     308.70     308.20     308.30     308.60
     308.80     309.10     309.70     310.40     310.70     310.20     309.20     308.20     307.30     306.30
     305.00     304.20     304.70     306.90     310.00     313.10     315.70     317.60     319.30     320.80
     322.10     323.10     323.80     324.20     324.20     323.90     323.20     322.60     322.00     321.10
     320.00     318.80     317.70
     325.70     325.80     326.00     325.90     325.00     323.30     321.30     319.70     318.40     317.40
     316.30     315.00     313.90     313.00     312.50     312.30     312.20     312.20     312.10     311.70
     311.30     311.30     311.70     312.30     312.80     313.00     313.00     313.00     312.90     312.60
     312.20     312.10     312.30     312.30     311.60     309.90     308.10     307.00     306.90     307.10
     307.40     307.90     309.00     310.30     311.30     311.40     310.80     310.20     309.80     309.60
     309.30     309.40     310.30     312.30     314.70     316.90     318.70     320.10     321.30     322.10
     322.60     322.90     323.10     323.30     323.20     322.50     321.60     320.80     320.30     319.90
     319.20     318.20     317.30
     325.20     325.50     325.80     325.80     324.90     323.40     321.80     320.40     319.40     318.40
     317.30     316.20     315.30     314.90     315.00     315.30     315.60     315.40     314.60     313.30
     312.00     311.40     311.80     312.60     313.30     313.40     313.30     313.20     313.30     313.30
     312.80     312.20     311.70     311.40     310.80     309.80     308.60     307.70     307.50     307.50
     307.60     307.90     308.80     310.10     311.30     311.90     311.90     311.90     312.00     312.20
     312.50     313.10     314.10     315.50     317.10     318.40     319.60     320.70     321.70     322.30
     322.40     322.20     321.90     321.80     321.50     320.80     320.00     319.40     319.30     319.30
     319.20     318.60     317.90
     324.40     324.70     324.90     324.60     323.80     322.70     321.70     320.90     320.20     319.40
     318.50     317.70     317.20     317.10     317.40     317.80     318.00     317.60     316.50     314.90
     313.40     312.50     312.40     312.70     312.80     312.50     312.10     312.10     312.70     313.20
     312.90     311.90     310.70     309.90     309.70     309.60     309.40     309.20     309.10     308.90
     308.70     308.90     309.50     310.30     311.10     311.70     312.20     312.80     313.30     313.80
     314.30     315.00     315.90     316.90     317.80     318.50     319.20     320.00     320.80     321.40
     321.60     321.30     320.80     320.40     320.00     319.50     319.10     318.90     318.90     319.10
     319.10     318.90     318.30
     323.70     323.90     323.80     323.20     322.40     321.70     321.30     321.10     320.80     320.20
     319.70     319.20     319.00     319.00     319.00     319.00     318.70     318.10     317.10     316.00
     314.80     313.70     313.00     312.30     311.60     310.80     310.10     310.10     310.90     311.80
     312.10     311.30     310.00     309.10     309.00     309.50     310.10     310.30     310.20     309.90
     309.90     310.10     310.50     310.90     311.10     311.40     312.10     313.10     314.00     314.60
     315.20     315.80     316.50     317.20     317.70     318.10     318.40     318.80     319.30     319.90
     320.20     320.20     319.70     319.20     318.90     318.70     318.60     318.50     318.40     318.30
     318.30     318.20     317.90
     323.10     323.30     323.00     322.30     321.50     320.90     320.80     320.80     320.80     320.60
     320.40     320.10     320.00     319.80     319.50     319.00     318.40     317.70     316.90     316.20
     315.40     314.30     313.00     311.70     310.60     309.80     309.20     309.00     309.40     310.20
     310.80     310.60     309.90     309.30     309.20     309.60     310.20     310.50     310.40     310.30
     310.40     310.80     311.20     311.10     310.90     311.00     311.90     313.10     314.30     315.10
     315.80     316.30     316.70     316.90     317.20     317.40     317.60     317.70     317.90     318.40
     318.80     319.00     318.70     318.20     318.00     318.10     318.10     318.00     317.60     317.30
     317.20     317.20     317.10
     322.20     322.40     322.20     321.60     321.00     320.50     320.30     320.30     320.50     320.40
     320.30     320.00     319.60     319.30     318.90     318.40     317.70     316.90     316.30     315.80
     315.20     314.00     312.50     311.10     310.30     310.10     310.00     309.80     309.50     309.60
     309.90     310.10     310.00     309.70     309.60     309.70     310.00     310.30     310.50     310.50
     310.70     311.00     311.10     310.70     310.30     310.50     311.60     313.10     314.40     315.30
     315.90     316.30     316.40     316.30     316.40     316.70     316.90     317.00     317.00     317.30
     317.70     317.90     317.70     317.30     317.30     317.40     317.50     317.20     316.80     316.40
     316.40     316.50     316.50
     320.80     320.90     320.80     320.60     320.30     320.00     319.70     319.70     319.80     319.80
     319.50     319.00     318.50     318.10     317.70     317.30     316.60     316.00     315.50     315.10
     314.60     313.60     312.20     311.10     310.80     311.20     311.70     311.60     311.00     310.30
     309.90     309.80     309.80     309.80     309.60     309.60     309.90     310.50     311.00     311.20
     311.30     311.20     310.90     310.40     310.00     310.40     311.70     313.30     314.50     315.20
     315.50     315.80     315.80     315.70     315.70     316.00     316.30     316.50     316.50     316.70
     317.00     317.00     316.80     316.60     316.60     316.70     316.60     316.30     316.00     315.80
     315.90     315.90     315.90
     319.00     319.00     318.90     319.00     319.10     319.00     318.90     318.90     319.00     318.90
     318.50     317.90     317.30     316.90     316.50     316.10     315.50     315.10     314.70     314.50
     314.20     313.60     312.70     311.90     311.70     312.10     312.60     312.70     312.30     311.50
     310.60     310.00     309.70     309.60     309.70     309.90     310.40     311.10     311.80     312.20
     312.20     312.00     311.50     311.00     310.80     311.40     312.60     313.90     314.70     314.90
     315.00     315.20     315.50     315.60     315.70     315.80     316.00     316.10     316.10     316.20
     316.20     316.10     316.00     315.90     316.00     315.90     315.60     315.30     315.10     315.10
     315.00     314.90     314.90
     317.50     317.30     317.30     317.50     317.70     317.80     317.70     317.70     317.70     317.60
     317.20     316.70     316.20     315.90     315.70     315.40     314.90     314.50     314.20     314.10
     314.00     313.70     313.30     312.90     312.60     312.40     312.50     312.60     312.60     312.20
     311.50     310.70     310.20     310.10     310.30     310.70     311.30     311.90     312.40     312.70
     312.80     312.70     312.70     312.50     312.50     312.90     313.70     314.50     314.80     314.80
     314.80     315.10     315.60     316.00     316.10     316.10     316.00     315.90     315.80     315.70
     315.70     315.50     315.40     315.40     315.50     315.20     314.80     314.40     314.30     314.20
     314.00     313.70     313.80
     316.60     316.50     316.60     316.70     316.70     316.70     316.50     316.50     316.40     316.30
     315.90     315.50     315.30     315.30     315.40     315.30     314.90     314.40     314.10     313.80
     313.60     313.40     313.30     313.20     312.90     312.50     312.20     312.10     312.20     312.30
     312.10     311.60     311.10     311.00     311.20     311.60     311.90     312.20     312.50     312.60
     312.80     313.10     313.40     313.60     313.70     313.80     314.20     314.60     314.80     314.90
     315.00     315.40     316.00     316.30     316.40     316.30     316.10     315.90     315.80     315.60
     315.50     315.40     315.30     315.20     315.00     314.70     314.30     314.00     313.80     313.60
     313.30     313.10     313.20
     316.30     316.50     316.60     316.50     316.30     316.10     315.90     315.80     315.70     315.50
     315.20     314.80     314.70     314.90     315.30     315.40     315.10     314.60     313.90     313.30
     312.90     312.70     312.70     312.80     312.80     312.60     312.40     312.10     312.10     312.20
     312.20     312.00     311.80     311.70     311.80     312.00     312.20     312.40     312.50     312.60
     312.70     313.00     313.40     313.70     313.80     313.90     314.00     314.30     314.70     315.10
     315.50     315.90     316.10     316.20     316.20     316.20     316.20     316.20     316.00     315.80
     315.70     315.60     315.40     315.10     314.70     314.30     314.10     313.90     313.70     313.40
     313.10     313.00     313.10
     316.10     316.40     316.60     316.50     316.10     315.80     315.70     315.80     315.80     315.60
     315.20     314.80     314.70     314.90     315.30     315.50     315.20     314.50     313.70     313.10
     312.60     312.20     312.10     312.20     312.40     312.70     312.80     312.60     312.30     312.10
     312.10     312.20     312.30     312.30     312.40     312.40     312.50     312.70     312.80     312.90
     313.00     313.00     313.20     313.40     313.50     313.60     313.80     314.20     314.80     315.30
     315.70     315.90     316.00     315.90     315.90     316.00     316.20     316.30     316.20     316.00
     315.90     315.80     315.50     315.00     314.40     314.00     313.90     313.80     313.60     313.20
     313.00     313.00     313.10
     315.80     316.20     316.40     316.30     316.00     315.80     315.80     315.90     316.00     315.90
     315.60     315.30     315.20     315.30     315.40     315.40     315.00     314.40     313.80     313.20
     312.80     312.50     312.20     312.00     312.10     312.30     312.60     312.70     312.50     312.30
     312.30     312.60     312.90     313.10     313.30     313.30     313.30     313.30     313.30     313.40
     313.40     313.30     313.20     313.30     313.50     313.60     313.90     314.30     314.80     315.10
     315.30     315.40     315.50     315.70     315.90     316.10     316.30     316.40     316.30     316.10
     316.00     315.90     315.60     315.00     314.40     313.90     313.70     313.50     313.10     312.90
     312.90     312.90     312.80
