diamond 4 20年06月25日20时700百帕高度场
20 06 25  20  700 
2.500 -2.500  .0  180.0   90.0  .0
73  37
     294.70     294.70     294.70     294.70     294.70     294.70     294.70     294.70     294.70     294.70
     294.70     294.70     294.70     294.70     294.70     294.70     294.70     294.70     294.70     294.70
     294.70     294.70     294.70     294.70     294.70     294.70     294.70     294.70     294.70     294.70
     294.70     294.70     294.70     294.70     294.70     294.70     294.70     294.70     294.70     294.70
     294.70     294.70     294.70     294.70     294.70     294.70     294.70     294.70     294.70     294.70
     294.70     294.70     294.70     294.70     294.70     294.70     294.70     294.70     294.70     294.70
     294.70     294.70     294.70     294.70     294.70     294.70     294.70     294.70     294.70     294.70
     294.70     294.70     294.70
     295.30     295.30     295.30     295.30     295.30     295.30     295.30     295.30     295.30     295.30
     295.30     295.30     295.30     295.30     295.30     295.30     295.30     295.30     295.30     295.30
     295.30     295.30     295.30     295.30     295.30     295.30     295.30     295.30     295.30     295.20
     295.20     295.20     295.10     295.10     295.10     295.00     294.90     294.90     294.80     294.70
     294.60     294.50     294.40     294.30     294.20     294.10     294.00     293.90     293.70     293.60
     293.50     293.30     293.20     293.00     292.90     292.70     292.60     292.50     292.30     292.20
     292.00     291.90     291.80     291.70     291.60     291.50     291.40     291.40     291.30     291.20
     291.20     291.20     291.20
     294.80     294.90     294.90     294.90     295.00     295.00     295.10     295.10     295.20     295.20
     295.30     295.40     295.40     295.50     295.50     295.60     295.60     295.70     295.70     295.80
     295.80     295.90     295.90     295.90     296.00     296.00     296.00     296.00     296.10     296.10
     296.10     296.10     296.10     296.10     296.10     296.00     296.00     295.90     295.80     295.70
     295.60     295.50     295.30     295.10     294.90     294.60     294.30     294.00     293.60     293.20
     292.80     292.40     291.90     291.50     291.00     290.50     290.00     289.50     289.00     288.50
     288.10     287.60     287.20     286.80     286.40     286.10     285.80     285.60     285.40     285.20
     285.10     285.00     285.00
     294.70     294.90     295.00     295.20     295.30     295.50     295.60     295.70     295.90     296.00
     296.20     296.30     296.40     296.50     296.60     296.60     296.70     296.70     296.70     296.70
     296.70     296.70     296.70     296.60     296.60     296.60     296.60     296.60     296.60     296.60
     296.70     296.70     296.80     296.90     296.90     297.00     297.10     297.20     297.30     297.30
     297.30     297.30     297.20     297.10     296.80     296.60     296.20     295.80     295.30     294.70
     294.00     293.20     292.40     291.50     290.60     289.60     288.50     287.50     286.50     285.50
     284.50     283.50     282.60     281.80     281.00     280.40     279.80     279.30     279.00     278.70
     278.60     278.50     278.50
     294.90     295.20     295.40     295.60     295.80     296.10     296.30     296.60     296.80     297.10
     297.30     297.50     297.60     297.70     297.80     297.80     297.80     297.70     297.60     297.40
     297.20     297.00     296.80     296.60     296.40     296.20     296.10     296.00     295.90     295.90
     296.00     296.10     296.20     296.40     296.70     297.00     297.30     297.60     298.00     298.40
     298.70     299.00     299.30     299.50     299.50     299.50     299.40     299.10     298.60     298.00
     297.30     296.30     295.30     294.10     292.70     291.30     289.80     288.20     286.60     285.10
     283.50     282.00     280.60     279.20     278.00     277.00     276.10     275.40     274.90     274.50
     274.30     274.30     274.50
     294.50     294.70     294.90     295.20     295.50     295.80     296.10     296.50     296.90     297.30
     297.60     297.90     298.10     298.30     298.30     298.20     298.00     297.70     297.40     296.90
     296.50     296.00     295.50     295.10     294.70     294.40     294.20     294.10     294.10     294.10
     294.30     294.50     294.70     295.10     295.50     295.90     296.50     297.10     297.80     298.50
     299.20     299.90     300.60     301.30     301.80     302.20     302.50     302.50     302.40     302.00
     301.40     300.60     299.60     298.30     296.90     295.30     293.60     291.80     289.90     288.00
     286.00     284.10     282.30     280.50     278.90     277.50     276.20     275.20     274.40     273.80
     273.50     273.50     273.70
     293.60     293.80     294.00     294.30     294.80     295.30     295.80     296.40     297.10     297.70
     298.20     298.60     298.90     299.00     298.90     298.70     298.20     297.50     296.80     295.90
     295.00     294.20     293.50     292.90     292.50     292.20     292.20     292.20     292.50     292.80
     293.10     293.50     293.90     294.40     294.80     295.40     296.00     296.70     297.50     298.40
     299.30     300.30     301.40     302.40     303.30     304.00     304.60     305.00     305.10     305.00
     304.70     304.10     303.30     302.30     301.10     299.70     298.20     296.60     294.80     292.90
     291.00     289.00     287.00     285.10     283.20     281.40     279.70     278.30     277.10     276.20
     275.60     275.30     275.30
     293.80     294.20     294.80     295.50     296.30     297.10     298.00     299.00     299.80     300.60
     301.30     301.80     302.00     301.90     301.60     300.90     300.00     298.80     297.50     296.10
     294.70     293.40     292.40     291.60     291.20     291.10     291.30     291.70     292.30     292.90
     293.60     294.20     294.70     295.20     295.60     296.10     296.60     297.20     298.00     298.90
     300.00     301.10     302.30     303.40     304.50     305.30     306.00     306.50     306.70     306.70
     306.50     306.10     305.50     304.80     303.90     303.00     301.90     300.70     299.40     298.00
     296.40     294.70     292.90     291.10     289.10     287.10     285.20     283.50     281.90     280.50
     279.50     278.70     278.30
     296.70     297.70     298.90     300.30     301.60     302.90     304.10     305.20     306.20     306.90
     307.40     307.70     307.60     307.10     306.30     305.20     303.70     301.90     300.00     298.10
     296.20     294.50     293.20     292.10     291.60     291.40     291.60     292.20     293.00     293.80
     294.70     295.40     296.00     296.40     296.80     297.20     297.60     298.20     299.00     300.00
     301.10     302.30     303.60     304.70     305.60     306.40     306.90     307.30     307.40     307.40
     307.30     307.00     306.60     306.10     305.60     305.00     304.30     303.60     302.80     301.90
     300.90     299.70     298.40     296.80     295.10     293.20     291.30     289.30     287.50     285.80
     284.30     283.10     282.10
     302.10     303.90     305.80     307.70     309.40     310.90     312.10     313.10     313.70     314.10
     314.20     313.90     313.30     312.30     311.00     309.30     307.40     305.30     303.00     300.80
     298.70     296.80     295.10     293.70     292.80     292.20     292.10     292.30     292.90     293.70
     294.50     295.40     296.00     296.60     297.10     297.50     298.00     298.80     299.70     300.80
     302.00     303.20     304.30     305.10     305.70     306.10     306.40     306.60     306.80     307.00
     307.20     307.20     307.20     307.00     306.60     306.20     305.70     305.30     304.90     304.50
     304.00     303.30     302.50     301.30     299.90     298.30     296.50     294.60     292.70     290.90
     289.20     287.60     286.10
     308.10     310.40     312.60     314.60     316.30     317.60     318.60     319.10     319.30     319.20
     318.90     318.10     317.10     315.70     313.90     311.80     309.60     307.30     305.00     302.90
     300.80     298.90     297.00     295.30     293.80     292.60     291.70     291.30     291.50     292.00
     292.90     294.00     295.00     295.90     296.80     297.50     298.40     299.30     300.30     301.40
     302.50     303.30     303.80     304.00     303.90     303.80     303.70     303.90     304.40     305.10
     305.90     306.50     307.00     307.10     306.90     306.50     306.10     305.80     305.70     305.70
     305.70     305.60     305.10     304.30     303.10     301.60     299.80     298.00     296.10     294.30
     292.60     290.80     289.20
     312.90     315.10     317.20     318.90     320.20     321.10     321.70     321.90     321.90     321.60
     321.10     320.30     319.10     317.50     315.50     313.20     310.70     308.20     305.90     303.90
     302.00     300.10     298.30     296.30     294.30     292.40     290.90     290.00     289.90     290.40
     291.60     293.10     294.80     296.30     297.60     298.70     299.60     300.60     301.50     302.30
     302.80     302.90     302.60     302.00     301.10     300.40     300.10     300.40     301.20     302.50
     303.90     305.10     305.90     306.20     306.00     305.60     305.20     305.00     305.20     305.70
     306.20     306.60     306.50     305.90     304.70     303.10     301.20     299.20     297.20     295.40
     293.80     292.20     290.60
     315.70     317.50     319.00     320.20     321.10     321.80     322.20     322.50     322.60     322.50
     322.20     321.70     320.60     319.10     317.10     314.60     311.90     309.20     306.60     304.30
     302.30     300.30     298.40     296.40     294.30     292.30     290.80     289.90     290.00     290.90
     292.60     294.60     296.70     298.50     300.00     301.10     302.00     302.60     303.10     303.40
     303.40     303.00     302.10     300.90     299.60     298.70     298.30     298.70     299.70     301.20
     302.70     304.00     304.70     304.70     304.40     303.80     303.40     303.40     304.00     304.90
     306.00     306.80     307.10     306.70     305.40     303.60     301.50     299.30     297.20     295.40
     293.80     292.50     291.30
     316.40     317.60     318.60     319.40     320.10     320.70     321.30     321.90     322.40     322.70
     322.80     322.60     321.90     320.70     318.90     316.50     313.60     310.40     307.40     304.50
     302.00     299.80     297.70     295.90     294.20     292.80     292.00     291.90     292.60     294.10
     296.10     298.20     300.20     301.90     303.00     303.80     304.20     304.50     304.60     304.60
     304.40     303.70     302.80     301.60     300.50     299.70     299.50     300.00     300.80     301.90
     303.00     303.60     303.80     303.40     302.90     302.30     302.10     302.40     303.20     304.40
     305.80     306.80     307.30     307.00     305.90     304.20     302.10     299.90     297.80     295.90
     294.40     293.30     292.40
     315.50     316.30     316.80     317.20     317.70     318.40     319.30     320.20     321.20     321.90
     322.40     322.50     322.20     321.30     319.90     317.70     314.90     311.60     308.20     304.90
     302.00     299.50     297.50     296.00     295.00     294.50     294.80     295.70     297.10     298.90
     300.70     302.40     303.80     304.70     305.20     305.40     305.50     305.50     305.50     305.50
     305.30     304.90     304.20     303.40     302.70     302.40     302.40     302.70     303.10     303.40
     303.60     303.50     303.10     302.70     302.20     302.00     302.10     302.60     303.50     304.70
     305.90     306.80     307.20     307.00     306.20     304.90     303.10     301.20     299.30     297.60
     296.20     295.20     294.50
     314.40     314.90     314.90     314.90     315.00     315.40     316.30     317.60     318.90     320.10
     320.90     321.30     321.30     320.80     319.70     317.90     315.40     312.40     309.10     306.00
     303.30     301.00     299.30     298.30     297.80     298.10     299.00     300.40     302.00     303.60
     304.80     305.70     306.20     306.40     306.40     306.30     306.10     305.90     305.90     306.00
     306.00     305.80     305.40     304.90     304.40     304.20     304.20     304.20     304.20     303.90
     303.40     302.90     302.50     302.40     302.40     302.70     303.20     303.80     304.60     305.50
     306.20     306.70     306.90     306.60     306.00     305.00     303.70     302.20     300.70     299.30
     298.30     297.60     297.10
     314.50     314.80     314.50     313.80     313.30     313.30     314.00     315.30     316.80     318.30
     319.30     319.90     320.00     319.60     318.70     317.30     315.30     312.80     310.30     308.00
     306.10     304.60     303.50     302.70     302.40     302.70     303.50     304.70     306.00     307.00
     307.60     307.80     307.80     307.60     307.30     306.90     306.50     306.20     306.10     306.10
     306.20     306.20     305.80     305.20     304.60     304.20     304.00     303.80     303.50     303.00
     302.50     302.10     302.10     302.60     303.20     303.80     304.40     305.00     305.60     306.10
     306.50     306.60     306.50     306.00     305.30     304.40     303.30     302.10     300.90     300.10
     299.60     299.40     299.40
     315.80     316.10     315.60     314.70     313.70     313.40     313.80     314.90     316.40     317.70
     318.50     318.80     318.70     318.20     317.50     316.40     314.90     313.20     311.50     310.20
     309.30     308.70     308.00     307.30     306.70     306.50     306.80     307.50     308.30     308.90
     309.10     309.10     308.90     308.70     308.40     307.80     307.20     306.50     306.20     306.20
     306.30     306.20     305.70     304.80     303.90     303.20     302.80     302.60     302.40     302.10
     301.70     301.70     302.30     303.20     304.10     304.80     305.30     305.60     306.00     306.50
     306.80     306.70     306.30     305.60     304.70     303.70     302.60     301.30     300.20     299.60
     299.70     300.20     300.80
     317.30     317.70     317.20     316.30     315.40     315.20     315.60     316.50     317.50     318.10
     318.20     317.80     317.20     316.60     316.10     315.50     314.70     313.60     312.60     312.00
     311.60     311.40     310.90     310.00     309.10     308.50     308.50     308.90     309.60     310.10
     310.30     310.30     310.10     309.80     309.40     308.70     308.00     307.40     307.00     306.90
     306.80     306.60     305.90     304.80     303.50     302.60     302.10     301.90     301.80     301.60
     301.40     301.70     302.60     303.90     305.00     305.70     306.00     306.20     306.50     307.00
     307.30     307.20     306.50     305.60     304.60     303.50     302.20     300.70     299.30     298.60
     298.70     299.60     300.70
     318.00     318.40     318.00     317.30     317.00     317.10     317.60     318.20     318.60     318.40
     317.60     316.60     315.70     315.20     315.00     315.00     314.80     314.30     313.70     313.20
     313.00     312.80     312.20     311.30     310.30     309.60     309.50     310.00     310.70     311.30
     311.60     311.60     311.20     310.60     309.90     309.30     308.90     308.60     308.50     308.30
     308.00     307.50     306.60     305.50     304.30     303.20     302.60     302.20     301.90     301.60
     301.30     301.70     302.80     304.40     305.80     306.70     307.00     307.20     307.70     308.30
     308.60     308.20     307.20     306.00     304.90     303.60     302.20     300.40     298.70     297.60
     297.60     298.50     299.90
     318.60     319.00     318.60     318.10     318.00     318.20     318.60     318.80     318.60     317.90
     316.90     315.80     314.90     314.60     314.80     315.10     315.20     315.00     314.60     314.20
     314.10     314.00     313.60     312.70     311.80     311.00     310.90     311.30     311.90     312.50
     312.80     312.70     312.10     310.90     309.80     309.10     309.10     309.50     309.70     309.40
     308.70     308.00     307.40     306.80     306.10     305.20     304.30     303.60     302.90     302.20
     301.70     302.00     303.30     305.30     307.10     308.20     308.70     309.10     309.70     310.50
     310.80     310.10     308.80     307.20     305.60     304.20     302.60     300.70     298.90     297.90
     297.80     298.80     300.30
     320.20     320.70     320.50     319.90     319.40     319.10     318.80     318.40     317.80     317.20
     316.50     315.90     315.40     315.20     315.30     315.50     315.50     315.20     315.00     315.10
     315.40     315.70     315.50     314.80     313.80     312.90     312.40     312.30     312.50     312.90
     313.20     313.10     312.40     310.90     309.20     308.10     308.10     308.70     309.00     308.60
     307.80     307.40     307.60     308.10     308.20     307.70     306.80     305.80     304.80     303.90
     303.50     303.90     305.40     307.50     309.40     310.50     311.10     311.60     312.40     313.30
     313.70     313.00     311.30     309.40     307.50     305.80     304.10     302.40     301.00     300.40
     300.80     301.90     303.30
     322.60     323.40     323.30     322.60     321.60     320.50     319.30     318.30     317.60     317.10
     316.80     316.60     316.50     316.30     316.10     315.80     315.50     315.20     315.20     315.70
     316.60     317.20     317.10     316.30     314.90     313.70     312.80     312.40     312.20     312.20
     312.60     312.80     312.30     310.80     308.60     306.90     306.30     306.50     306.70     306.30
     305.80     306.10     307.30     308.90     309.90     309.80     309.00     308.10     307.40     306.90
     306.80     307.50     309.00     311.00     312.60     313.50     313.90     314.40     315.30     316.30
     316.70     316.10     314.60     312.60     310.70     308.90     307.40     306.10     305.30     305.30
     306.00     307.20     308.50
     324.30     325.30     325.40     324.70     323.50     322.00     320.60     319.30     318.50     317.90
     317.50     317.30     317.10     316.90     316.60     316.20     315.80     315.60     315.80     316.40
     317.30     317.80     317.50     316.30     314.60     313.20     312.30     311.90     311.60     311.50
     311.80     312.20     312.10     310.90     308.60     306.40     305.00     304.70     304.80     304.70
     304.80     305.70     307.40     309.20     310.30     310.40     310.00     309.70     309.70     309.90
     310.40     311.40     312.90     314.60     315.80     316.40     316.70     317.20     318.00     318.90
     319.20     318.70     317.50     316.00     314.40     313.10     312.00     311.20     310.80     310.90
     311.60     312.40     313.20
     324.70     325.40     325.60     325.20     324.30     323.20     322.00     321.10     320.20     319.30
     318.40     317.70     317.20     317.10     317.00     316.80     316.70     316.60     316.70     317.10
     317.60     317.70     317.10     315.60     313.80     312.50     312.00     312.10     312.10     311.90
     311.80     312.00     312.00     311.10     309.20     307.00     305.60     305.10     305.30     305.60
     306.10     307.00     308.20     309.30     309.70     309.70     309.90     310.60     311.50     312.30
     313.10     314.10     315.60     316.90     317.90     318.40     318.80     319.40     320.10     320.60
     320.70     320.30     319.50     318.50     317.60     316.80     316.20     315.80     315.50     315.40
     315.50     315.80     316.00
     324.30     324.60     324.70     324.50     324.10     323.60     323.10     322.60     321.80     320.60
     319.30     318.10     317.40     317.20     317.30     317.40     317.40     317.40     317.30     317.30
     317.30     317.20     316.50     315.20     313.70     312.70     312.50     313.00     313.20     312.90
     312.50     312.20     312.00     311.40     310.10     308.60     307.70     307.50     307.80     308.20
     308.60     309.00     309.40     309.40     309.10     309.10     309.90     311.40     312.80     313.80
     314.60     315.60     316.90     318.10     318.80     319.20     319.80     320.50     321.10     321.30
     321.10     320.80     320.40     319.90     319.30     318.90     318.60     318.40     318.10     317.90
     317.70     317.50     317.40
     323.90     323.90     323.90     323.90     323.80     323.60     323.40     323.10     322.50     321.50
     320.20     318.90     318.10     317.80     317.70     317.60     317.50     317.30     317.00     316.70
     316.50     316.30     315.90     315.00     313.80     313.00     312.90     313.40     313.70     313.50
     313.00     312.50     312.20     311.80     311.10     310.50     310.30     310.50     310.70     310.70
     310.60     310.50     310.40     310.00     309.70     310.00     311.20     312.80     314.20     315.00
     315.60     316.50     317.70     318.60     319.10     319.40     320.00     320.60     321.00     320.90
     320.80     320.60     320.50     320.30     319.80     319.40     319.20     319.00     318.80     318.60
     318.50     318.30     318.20
     323.50     323.50     323.40     323.50     323.40     323.10     322.70     322.40     322.10     321.60
     320.80     319.80     319.00     318.50     318.00     317.50     317.10     316.70     316.30     316.00
     315.70     315.40     315.00     314.20     313.30     312.60     312.40     312.60     312.80     312.80
     312.70     312.70     312.60     312.40     312.10     312.10     312.50     312.80     312.70     312.20
     311.60     311.30     311.30     311.30     311.40     312.00     313.20     314.60     315.60     316.00
     316.40     317.30     318.30     318.90     319.10     319.20     319.60     320.00     320.20     320.00
     319.80     319.90     320.00     319.80     319.40     319.00     318.70     318.50     318.30     318.30
     318.30     318.40     318.30
     323.10     322.90     322.80     322.70     322.50     322.00     321.50     321.20     321.10     321.10
     320.60     320.00     319.30     318.60     318.00     317.40     316.80     316.40     316.00     315.60
     315.10     314.60     313.80     312.90     312.00     311.50     311.30     311.40     311.40     311.60
     312.00     312.50     312.80     312.70     312.60     312.90     313.40     313.80     313.50     312.70
     312.10     311.90     312.20     312.70     313.20     313.90     314.90     315.80     316.30     316.60
     317.00     317.70     318.40     318.60     318.60     318.60     319.00     319.20     319.20     318.90
     318.80     318.90     319.00     318.80     318.40     318.20     318.10     317.90     317.60     317.40
     317.40     317.50     317.40
     322.30     321.90     321.60     321.40     321.20     320.70     320.20     319.90     320.00     320.00
     319.70     319.10     318.40     318.00     317.50     317.10     316.60     316.00     315.50     315.00
     314.40     313.70     312.60     311.60     310.90     310.80     311.00     311.00     310.80     310.80
     311.20     311.80     312.20     312.30     312.20     312.60     313.10     313.50     313.40     312.90
     312.50     312.60     313.00     313.50     313.90     314.50     315.20     315.90     316.30     316.60
     317.10     317.60     317.80     317.80     317.70     317.90     318.30     318.60     318.40     318.10
     317.90     317.90     317.80     317.50     317.30     317.40     317.50     317.50     317.10     316.70
     316.50     316.40     316.30
     321.10     320.50     320.10     320.00     320.00     319.70     319.20     318.90     318.80     318.70
     318.30     317.60     317.10     316.80     316.70     316.40     316.00     315.30     314.60     313.80
     313.20     312.60     311.70     310.90     310.60     310.90     311.40     311.50     311.10     310.70
     310.70     311.00     311.10     311.10     311.10     311.50     312.20     312.60     312.70     312.60
     312.70     313.00     313.20     313.30     313.50     314.00     314.70     315.30     315.80     316.10
     316.50     316.90     317.00     316.90     316.90     317.20     317.80     318.10     318.00     317.60
     317.30     317.20     317.10     316.80     316.70     316.90     317.20     317.30     317.00     316.50
     316.10     315.90     315.80
     319.50     319.00     318.70     318.80     319.00     318.80     318.40     317.90     317.70     317.40
     316.90     316.30     315.90     315.80     315.80     315.70     315.30     314.60     313.80     312.90
     312.30     311.80     311.40     311.00     310.90     311.40     311.90     312.00     311.50     310.90
     310.60     310.40     310.20     310.10     310.20     310.70     311.40     311.90     312.10     312.20
     312.50     312.70     312.70     312.50     312.70     313.30     314.10     314.60     314.90     315.10
     315.60     316.00     316.20     316.20     316.40     316.80     317.30     317.60     317.50     317.20
     317.00     316.90     316.80     316.70     316.70     316.80     317.00     317.10     317.00     316.60
     316.20     315.90     315.80
     318.20     317.90     317.70     317.70     317.90     317.90     317.60     317.10     316.70     316.30
     315.90     315.50     315.30     315.30     315.20     315.10     314.90     314.60     314.00     313.30
     312.70     312.20     311.80     311.50     311.50     311.70     312.00     312.00     311.60     311.10
     310.80     310.60     310.30     310.00     310.00     310.60     311.40     312.00     312.10     312.10
     312.10     312.10     312.00     312.00     312.20     312.90     313.70     314.00     314.00     314.10
     314.50     315.10     315.50     315.80     316.00     316.30     316.60     316.70     316.70     316.60
     316.50     316.50     316.60     316.60     316.50     316.50     316.50     316.60     316.60     316.30
     316.00     315.70     315.50
     317.70     317.50     317.10     316.80     316.90     317.00     317.00     316.70     316.20     315.60
     315.10     314.90     315.00     315.10     315.00     314.90     314.80     314.90     314.80     314.40
     313.80     313.20     312.70     312.20     311.90     311.90     311.90     311.80     311.50     311.30
     311.20     311.20     310.90     310.50     310.30     310.60     311.40     312.10     312.40     312.30
     312.00     311.90     311.80     311.90     312.30     312.90     313.50     313.70     313.50     313.60
     314.00     314.60     315.10     315.40     315.50     315.50     315.50     315.60     315.60     315.70
     315.80     315.90     315.90     315.90     315.80     315.70     315.70     315.80     315.80     315.70
     315.40     315.20     315.10
     317.60     317.40     316.80     316.30     316.30     316.70     316.90     316.80     316.10     315.30
     314.70     314.50     314.70     315.00     315.00     314.80     314.70     314.70     314.70     314.50
     314.20     313.70     313.10     312.50     312.00     311.90     311.90     311.80     311.70     311.50
     311.50     311.50     311.40     311.00     310.60     310.50     311.00     311.90     312.50     312.60
     312.40     312.30     312.30     312.30     312.60     313.00     313.40     313.50     313.50     313.70
     314.10     314.60     314.90     314.90     314.90     314.80     314.70     314.60     314.70     314.90
     315.10     315.20     315.10     315.00     314.90     314.80     314.90     315.10     315.20     315.20
     315.10     315.10     315.10
     317.20     317.00     316.60     316.20     316.30     316.80     317.10     317.00     316.40     315.50
     314.70     314.40     314.60     315.10     315.20     314.90     314.40     314.00     313.70     313.60
     313.50     313.30     312.80     312.10     311.60     311.50     311.70     311.90     311.90     311.70
     311.50     311.40     311.40     311.20     310.80     310.40     310.60     311.40     312.20     312.70
     312.90     312.90     312.90     312.90     312.90     313.10     313.30     313.50     313.70     314.00
     314.40     314.70     314.70     314.60     314.60     314.60     314.50     314.30     314.20     314.30
     314.60     314.70     314.60     314.40     314.40     314.40     314.60     314.80     314.90     315.00
     315.10     315.30     315.30
     316.40     316.40     316.30     316.40     316.60     316.90     317.10     317.00     316.60     315.90
     315.20     314.90     315.10     315.50     315.70     315.30     314.60     313.70     313.10     312.90
     312.90     312.90     312.40     311.70     311.10     311.00     311.30     311.80     312.10     312.00
     311.60     311.30     311.30     311.50     311.40     311.10     310.90     311.20     311.90     312.60
     313.00     313.20     313.20     313.20     313.20     313.20     313.30     313.40     313.50     313.80
     314.20     314.50     314.50     314.50     314.60     314.80     314.80     314.40     314.00     314.00
     314.20     314.40     314.40     314.30     314.40     314.50     314.70     314.70     314.70     314.80
     315.00     315.20     315.30
