diamond 4 20年06月28日8时700百帕相对湿度
20 06 28  8  700 
2.500 -2.500  .0  180.0   90.0  .0
73  37
      76.00      76.00      76.00      76.00      76.00      76.00      76.00      76.00      76.00      76.00
      76.00      76.00      76.00      76.00      76.00      76.00      76.00      76.00      76.00      76.00
      76.00      76.00      76.00      76.00      76.00      76.00      76.00      76.00      76.00      76.00
      76.00      76.00      76.00      76.00      76.00      76.00      76.00      76.00      76.00      76.00
      76.00      76.00      76.00      76.00      76.00      76.00      76.00      76.00      76.00      76.00
      76.00      76.00      76.00      76.00      76.00      76.00      76.00      76.00      76.00      76.00
      76.00      76.00      76.00      76.00      76.00      76.00      76.00      76.00      76.00      76.00
      76.00      76.00      76.00
      77.00      80.00      82.00      84.00      86.00      88.00      89.00      91.00      92.00      94.00
      95.00      96.00      97.00      98.00      99.00      99.00     100.00     100.00     100.00     100.00
     100.00     100.00     100.00     100.00     100.00     100.00     100.00     100.00     100.00     100.00
     100.00     100.00     100.00     100.00     100.00     100.00     100.00     100.00     100.00     100.00
     100.00     100.00     100.00     100.00     100.00     100.00     100.00     100.00     100.00     100.00
     100.00     100.00      99.00      99.00      98.00      98.00      97.00      96.00      95.00      94.00
      93.00      91.00      90.00      89.00      87.00      86.00      84.00      82.00      80.00      79.00
      77.00      75.00      73.00
      89.00      91.00      92.00      93.00      93.00      93.00      93.00      93.00      93.00      93.00
      93.00      93.00      93.00      93.00      93.00      92.00      92.00      92.00      92.00      91.00
      90.00      89.00      88.00      86.00      85.00      83.00      81.00      79.00      78.00      76.00
      75.00      74.00      73.00      72.00      72.00      73.00      73.00      74.00      75.00      77.00
      79.00      80.00      82.00      84.00      86.00      87.00      88.00      89.00      90.00      91.00
      91.00      91.00      91.00      91.00      91.00      91.00      91.00      91.00      91.00      91.00
      91.00      90.00      90.00      89.00      88.00      86.00      85.00      82.00      80.00      76.00
      73.00      70.00      66.00
      69.00      68.00      67.00      64.00      62.00      59.00      56.00      54.00      52.00      51.00
      51.00      53.00      55.00      59.00      64.00      69.00      75.00      81.00      85.00      89.00
      92.00      94.00      94.00      93.00      90.00      87.00      84.00      80.00      76.00      72.00
      68.00      64.00      61.00      58.00      55.00      53.00      51.00      51.00      51.00      52.00
      54.00      57.00      60.00      64.00      67.00      71.00      74.00      76.00      76.00      77.00
      76.00      74.00      73.00      72.00      71.00      71.00      73.00      75.00      77.00      81.00
      85.00      88.00      91.00      93.00      94.00      93.00      91.00      88.00      84.00      79.00
      73.00      68.00      62.00
      45.00      45.00      45.00      44.00      43.00      42.00      40.00      38.00      37.00      37.00
      38.00      42.00      48.00      55.00      63.00      72.00      81.00      88.00      94.00      97.00
      97.00      94.00      89.00      82.00      75.00      68.00      62.00      58.00      56.00      56.00
      56.00      57.00      57.00      56.00      53.00      48.00      42.00      35.00      30.00      25.00
      22.00      21.00      22.00      25.00      28.00      31.00      34.00      36.00      36.00      35.00
      33.00      31.00      30.00      30.00      32.00      36.00      43.00      52.00      62.00      73.00
      83.00      91.00      97.00     100.00      99.00      96.00      91.00      85.00      79.00      73.00
      68.00      65.00      62.00
      42.00      43.00      44.00      45.00      47.00      48.00      50.00      51.00      53.00      56.00
      59.00      63.00      68.00      73.00      78.00      82.00      85.00      86.00      85.00      81.00
      74.00      66.00      57.00      49.00      43.00      40.00      41.00      45.00      53.00      64.00
      76.00      87.00      97.00     100.00     100.00     100.00      95.00      87.00      78.00      70.00
      63.00      58.00      53.00      50.00      46.00      41.00      36.00      30.00      23.00      15.00
       8.00       2.00       0.00       0.00       6.00      15.00      28.00      43.00      60.00      76.00
      88.00      97.00      99.00      97.00      90.00      80.00      71.00      63.00      58.00      56.00
      57.00      60.00      64.00
      48.00      45.00      42.00      40.00      38.00      36.00      36.00      37.00      40.00      44.00
      50.00      57.00      64.00      71.00      76.00      77.00      75.00      70.00      61.00      51.00
      43.00      39.00      39.00      43.00      51.00      61.00      72.00      83.00      92.00      99.00
     100.00     100.00     100.00      96.00      90.00      84.00      80.00      78.00      80.00      84.00
      89.00      94.00      96.00      94.00      88.00      78.00      67.00      54.00      42.00      31.00
      23.00      18.00      18.00      21.00      29.00      41.00      54.00      69.00      82.00      91.00
      95.00      93.00      86.00      75.00      63.00      53.00      48.00      48.00      53.00      59.00
      64.00      67.00      67.00
      57.00      50.00      44.00      37.00      30.00      23.00      18.00      15.00      16.00      21.00
      30.00      41.00      54.00      65.00      73.00      77.00      75.00      68.00      60.00      52.00
      48.00      51.00      60.00      73.00      87.00      98.00     100.00     100.00     100.00      95.00
      84.00      72.00      58.00      46.00      35.00      28.00      25.00      28.00      34.00      43.00
      54.00      64.00      73.00      78.00      79.00      77.00      74.00      70.00      66.00      64.00
      64.00      65.00      68.00      72.00      77.00      83.00      89.00      93.00      94.00      92.00
      84.00      73.00      59.00      45.00      36.00      34.00      40.00      53.00      69.00      82.00
      89.00      91.00      89.00
      54.00      47.00      42.00      37.00      32.00      26.00      21.00      19.00      20.00      25.00
      33.00      43.00      54.00      63.00      68.00      68.00      65.00      60.00      57.00      58.00
      63.00      75.00      90.00     100.00     100.00     100.00      98.00      83.00      67.00      54.00
      45.00      42.00      43.00      44.00      43.00      42.00      42.00      47.00      54.00      59.00
      60.00      59.00      56.00      54.00      53.00      54.00      55.00      57.00      61.00      64.00
      67.00      69.00      67.00      64.00      62.00      60.00      60.00      62.00      63.00      61.00
      57.00      51.00      44.00      38.00      39.00      47.00      61.00      76.00      88.00      94.00
      95.00      94.00      92.00
      54.00      48.00      46.00      44.00      43.00      43.00      44.00      46.00      48.00      51.00
      55.00      60.00      65.00      68.00      70.00      68.00      62.00      56.00      51.00      49.00
      52.00      60.00      71.00      80.00      81.00      71.00      55.00      39.00      28.00      28.00
      36.00      45.00      52.00      53.00      49.00      46.00      49.00      59.00      69.00      73.00
      69.00      60.00      52.00      46.00      45.00      44.00      45.00      46.00      48.00      52.00
      56.00      60.00      59.00      56.00      50.00      44.00      40.00      38.00      41.00      43.00
      43.00      38.00      32.00      31.00      36.00      50.00      68.00      83.00      92.00      96.00
      99.00      99.00      94.00
      63.00      52.00      44.00      40.00      41.00      43.00      48.00      51.00      54.00      56.00
      53.00      49.00      48.00      51.00      58.00      67.00      72.00      74.00      70.00      61.00
      49.00      41.00      40.00      44.00      43.00      34.00      22.00      18.00      31.00      55.00
      78.00      89.00      84.00      70.00      55.00      45.00      43.00      47.00      49.00      47.00
      44.00      42.00      43.00      48.00      53.00      57.00      60.00      62.00      62.00      59.00
      57.00      57.00      61.00      66.00      67.00      65.00      63.00      64.00      64.00      58.00
      50.00      40.00      30.00      21.00      16.00      20.00      34.00      52.00      68.00      78.00
      86.00      91.00      90.00
      84.00      70.00      57.00      46.00      39.00      36.00      39.00      42.00      47.00      51.00
      48.00      39.00      29.00      25.00      27.00      34.00      43.00      54.00      67.00      71.00
      66.00      60.00      62.00      67.00      63.00      43.00      21.00      21.00      47.00      83.00
     100.00      99.00      90.00      73.00      63.00      62.00      63.00      59.00      48.00      34.00
      26.00      28.00      35.00      46.00      57.00      67.00      74.00      76.00      72.00      64.00
      58.00      58.00      64.00      66.00      65.00      57.00      47.00      47.00      55.00      57.00
      52.00      48.00      45.00      44.00      45.00      48.00      56.00      64.00      67.00      63.00
      59.00      57.00      55.00
     100.00     100.00      98.00      89.00      76.00      64.00      53.00      46.00      50.00      59.00
      62.00      54.00      42.00      33.00      30.00      28.00      27.00      32.00      49.00      70.00
      82.00      86.00      94.00     100.00      95.00      59.00      20.00      16.00      51.00      89.00
      98.00      82.00      62.00      53.00      58.00      68.00      76.00      74.00      60.00      42.00
      29.00      27.00      34.00      43.00      53.00      65.00      74.00      75.00      65.00      51.00
      44.00      48.00      57.00      57.00      46.00      37.00      34.00      36.00      39.00      39.00
      39.00      43.00      48.00      53.00      55.00      58.00      64.00      69.00      68.00      63.00
      57.00      54.00      54.00
      84.00      94.00      94.00      89.00      85.00      81.00      73.00      65.00      67.00      80.00
      89.00      83.00      67.00      60.00      62.00      59.00      47.00      42.00      50.00      65.00
      75.00      78.00      89.00     100.00      99.00      65.00      25.00      19.00      52.00      83.00
      80.00      57.00      44.00      48.00      59.00      66.00      69.00      73.00      75.00      69.00
      58.00      52.00      55.00      62.00      65.00      66.00      70.00      75.00      70.00      55.00
      44.00      44.00      47.00      46.00      38.00      29.00      34.00      51.00      64.00      66.00
      59.00      49.00      42.00      38.00      39.00      42.00      46.00      47.00      49.00      51.00
      54.00      55.00      57.00
      76.00      65.00      58.00      62.00      74.00      84.00      79.00      68.00      67.00      83.00
      98.00      88.00      64.00      50.00      55.00      63.00      65.00      64.00      66.00      70.00
      71.00      66.00      70.00      86.00      90.00      64.00      29.00      19.00      48.00      83.00
      79.00      49.00      34.00      40.00      51.00      53.00      50.00      56.00      72.00      84.00
      84.00      75.00      69.00      66.00      62.00      56.00      57.00      63.00      66.00      63.00
      57.00      51.00      44.00      38.00      38.00      44.00      55.00      70.00      91.00     100.00
      94.00      69.00      42.00      28.00      30.00      38.00      39.00      35.00      38.00      47.00
      55.00      58.00      58.00
      66.00      48.00      47.00      57.00      71.00      84.00      85.00      78.00      76.00      86.00
      90.00      74.00      47.00      31.00      36.00      51.00      60.00      59.00      56.00      59.00
      61.00      58.00      61.00      72.00      78.00      62.00      32.00      18.00      44.00      96.00
     100.00      76.00      34.00      29.00      48.00      52.00      44.00      41.00      47.00      53.00
      54.00      60.00      64.00      67.00      73.00      74.00      66.00      53.00      51.00      61.00
      76.00      71.00      45.00      22.00      20.00      36.00      53.00      61.00      75.00      93.00
      92.00      65.00      34.00      23.00      28.00      37.00      39.00      39.00      39.00      43.00
      51.00      58.00      62.00
      35.00      33.00      37.00      57.00      70.00      76.00      82.00      84.00      84.00      81.00
      75.00      63.00      51.00      45.00      45.00      45.00      41.00      36.00      37.00      44.00
      51.00      57.00      64.00      71.00      75.00      72.00      56.00      41.00      49.00      80.00
      91.00      53.00      12.00      12.00      39.00      31.00      33.00      31.00      33.00      39.00
      42.00      51.00      60.00      68.00      80.00      92.00      78.00      58.00      51.00      61.00
      78.00      85.00      71.00      45.00      30.00      34.00      47.00      58.00      72.00      89.00
      84.00      51.00      16.00       2.00       3.00      12.00      28.00      40.00      37.00      32.00
      33.00      40.00      52.00
      37.00      46.00      67.00      84.00      72.00      62.00      60.00      59.00      59.00      56.00
      48.00      45.00      43.00      43.00      41.00      35.00      32.00      31.00      37.00      45.00
      56.00      67.00      79.00      85.00      83.00      79.00      73.00      75.00      66.00      61.00
      59.00      38.00      17.00      31.00      64.00      61.00      36.00      27.00      29.00      41.00
      51.00      70.00      74.00      68.00      71.00      84.00      81.00      73.00      70.00      76.00
      81.00      89.00      93.00      83.00      72.00      68.00      70.00      76.00      88.00     100.00
      92.00      63.00      32.00       9.00       0.00       0.00       8.00      32.00      37.00      29.00
      23.00      26.00      40.00
      61.00      77.00      78.00      74.00      61.00      43.00      33.00      34.00      45.00      47.00
      32.00      22.00      22.00      26.00      25.00      23.00      20.00      14.00      24.00      33.00
      32.00      33.00      42.00      57.00      61.00      56.00      49.00      57.00      71.00      84.00
      87.00      74.00      65.00      79.00      93.00      89.00      67.00      47.00      47.00      65.00
      84.00      77.00      63.00      54.00      51.00      50.00      50.00      52.00      64.00      77.00
      77.00      75.00      78.00      82.00      90.00      97.00      96.00      92.00      95.00     100.00
      99.00      96.00      94.00      82.00      49.00      13.00       3.00      19.00      36.00      37.00
      26.00      17.00      28.00
      87.00      67.00      58.00      56.00      53.00      39.00      18.00      23.00      52.00      45.00
      24.00       9.00       9.00      19.00      22.00      29.00      29.00      62.00      64.00      59.00
      39.00      11.00       3.00       4.00      13.00      23.00      28.00      41.00      77.00      89.00
      93.00      96.00      83.00      79.00      67.00      57.00      42.00      37.00      51.00      76.00
      90.00      82.00      60.00      56.00      63.00      63.00      53.00      42.00      38.00      35.00
      49.00      65.00      75.00      81.00      84.00      84.00      79.00      79.00      80.00      73.00
      68.00      72.00      88.00     100.00     100.00      65.00      20.00       6.00      25.00      41.00
      38.00      38.00      47.00
      45.00      40.00      38.00      42.00      50.00      43.00      25.00      16.00      33.00      40.00
      25.00      11.00       7.00      13.00      12.00      28.00      70.00      93.00      86.00      80.00
      84.00      55.00      21.00       7.00       1.00       2.00      10.00      29.00      73.00      95.00
     100.00      82.00      76.00      74.00      69.00      46.00      21.00      14.00      27.00      36.00
      45.00      51.00      59.00      78.00     100.00      92.00      67.00      54.00      33.00      23.00
      37.00      65.00      83.00      75.00      67.00      59.00      57.00      65.00      67.00      55.00
      42.00      34.00      36.00      59.00      90.00      88.00      49.00       8.00       6.00      22.00
      37.00      57.00      59.00
      25.00      24.00      28.00      37.00      44.00      47.00      38.00      22.00      20.00      31.00
      29.00      18.00      28.00      33.00      18.00      19.00      42.00      61.00      63.00      54.00
      73.00      78.00      44.00      33.00      23.00      21.00      21.00      25.00      94.00      60.00
      45.00      50.00      41.00      42.00      37.00      43.00      61.00     100.00      74.00      39.00
      40.00      46.00      56.00      81.00      90.00      60.00      40.00      39.00      30.00      22.00
      32.00      55.00      60.00      51.00      56.00      71.00      84.00      91.00      83.00      59.00
      42.00      33.00      25.00      32.00      65.00      89.00      76.00      38.00      15.00      10.00
      10.00      12.00       4.00
      30.00      26.00      30.00      37.00      46.00      53.00      43.00      21.00      11.00      15.00
      15.00      10.00      17.00      18.00      11.00       1.00      10.00       8.00      28.00      33.00
      41.00      48.00      44.00      40.00      39.00      35.00      32.00      45.00      42.00      19.00
      11.00       0.00       0.00      80.00      86.00      13.00      42.00      99.00      93.00      89.00
      92.00      89.00      83.00      82.00      90.00      75.00      61.00      57.00      44.00      25.00
      23.00      35.00      43.00      51.00      72.00      94.00      98.00      97.00      86.00      63.00
      48.00      47.00      46.00      45.00      57.00      80.00      93.00      82.00      67.00      50.00
      25.00       7.00       4.00
      29.00      26.00      32.00      37.00      41.00      46.00      37.00      13.00       2.00       3.00
       1.00       0.00       2.00       8.00      14.00      16.00      21.00      26.00      20.00      25.00
      36.00      31.00      29.00      33.00      34.00      28.00      22.00      30.00      49.00      44.00
      35.00      40.00      23.00      31.00      73.00     100.00     100.00      96.00      87.00      92.00
      95.00      97.00      87.00      82.00      98.00     100.00     100.00     100.00      90.00      64.00
      47.00      45.00      57.00      75.00      83.00      78.00      70.00      72.00      72.00      63.00
      55.00      57.00      64.00      65.00      64.00      76.00      92.00      97.00      98.00      90.00
      73.00      65.00      73.00
      18.00      21.00      30.00      35.00      37.00      39.00      30.00      11.00       1.00       1.00
       1.00       0.00       6.00      17.00      27.00      27.00      31.00      33.00      27.00      14.00
      20.00      20.00      13.00      20.00      28.00      23.00      22.00      34.00      52.00      48.00
      41.00      48.00      49.00      43.00      22.00      44.00      80.00      96.00     100.00     100.00
      98.00      93.00      92.00      89.00      96.00      89.00      75.00      72.00      75.00      77.00
      78.00      75.00      80.00      88.00      77.00      57.00      49.00      53.00      51.00      48.00
      53.00      60.00      68.00      71.00      65.00      68.00      76.00      79.00      85.00      93.00
      93.00      93.00      91.00
      17.00      25.00      33.00      40.00      45.00      44.00      31.00      13.00       4.00       4.00
       2.00       5.00      18.00      30.00      30.00      25.00      24.00      27.00      24.00      18.00
       9.00      13.00      15.00      24.00      30.00      23.00      17.00      29.00      45.00      47.00
      55.00      61.00      69.00      76.00      71.00     100.00      93.00      90.00      96.00     100.00
      96.00      77.00      96.00      95.00      93.00      71.00      41.00      31.00      42.00      54.00
      64.00      69.00      72.00      69.00      53.00      40.00      41.00      40.00      30.00      31.00
      47.00      61.00      65.00      62.00      52.00      48.00      48.00      51.00      62.00      74.00
      73.00      64.00      48.00
      18.00      22.00      25.00      33.00      30.00      20.00      12.00       4.00       2.00       0.00
       0.00       7.00      25.00      36.00      32.00      25.00      19.00      23.00      25.00      19.00
      16.00      20.00      25.00      28.00      28.00      27.00      26.00      31.00      39.00      43.00
      52.00      63.00      77.00      88.00      90.00      92.00      87.00      87.00      87.00      83.00
      86.00      82.00      79.00      80.00      78.00      62.00      45.00      43.00      46.00      43.00
      42.00      43.00      44.00      43.00      37.00      34.00      30.00      24.00      20.00      26.00
      40.00      50.00      48.00      45.00      40.00      33.00      29.00      32.00      42.00      46.00
      40.00      29.00      21.00
      19.00      20.00      25.00      29.00      23.00      16.00      15.00      28.00      30.00      16.00
      21.00      27.00      35.00      41.00      34.00      28.00      22.00      19.00      20.00      19.00
      21.00      24.00      26.00      23.00      21.00      23.00      26.00      30.00      39.00      48.00
      50.00      54.00      66.00      84.00      96.00      92.00      90.00      92.00      87.00      75.00
      79.00      83.00      80.00      73.00      61.00      54.00      55.00      61.00      58.00      49.00
      43.00      38.00      35.00      34.00      32.00      30.00      25.00      20.00      19.00      20.00
      26.00      32.00      32.00      33.00      33.00      27.00      22.00      24.00      28.00      27.00
      22.00      17.00      17.00
      24.00      26.00      31.00      32.00      37.00      46.00      44.00      39.00      44.00      36.00
      36.00      32.00      40.00      45.00      35.00      28.00      24.00      17.00      16.00      25.00
      33.00      34.00      25.00      22.00      23.00      25.00      28.00      32.00      43.00      54.00
      59.00      53.00      49.00      50.00      54.00      66.00      75.00      74.00      71.00      69.00
      77.00      78.00      70.00      66.00      58.00      55.00      66.00      71.00      62.00      53.00
      45.00      35.00      31.00      31.00      30.00      29.00      27.00      27.00      25.00      22.00
      23.00      25.00      26.00      27.00      27.00      23.00      21.00      23.00      25.00      26.00
      23.00      20.00      19.00
      28.00      24.00      21.00      27.00      44.00      70.00      77.00      68.00      57.00      48.00
      39.00      32.00      36.00      46.00      41.00      33.00      31.00      27.00      22.00      31.00
      45.00      47.00      35.00      31.00      34.00      36.00      37.00      40.00      47.00      55.00
      67.00      61.00      49.00      43.00      37.00      42.00      51.00      59.00      67.00      74.00
      73.00      66.00      63.00      63.00      55.00      56.00      68.00      73.00      64.00      55.00
      50.00      44.00      39.00      36.00      34.00      30.00      29.00      31.00      32.00      29.00
      22.00      16.00      15.00      17.00      20.00      22.00      22.00      22.00      24.00      29.00
      27.00      23.00      20.00
      50.00      42.00      41.00      46.00      60.00      80.00      96.00      97.00      86.00      76.00
      66.00      58.00      50.00      56.00      55.00      38.00      39.00      43.00      45.00      44.00
      53.00      57.00      45.00      40.00      46.00      49.00      49.00      47.00      49.00      52.00
      66.00      73.00      47.00      39.00      37.00      38.00      46.00      58.00      72.00      81.00
      79.00      70.00      71.00      71.00      62.00      59.00      68.00      74.00      72.00      69.00
      73.00      74.00      64.00      53.00      42.00      32.00      31.00      36.00      40.00      37.00
      27.00      17.00      11.00       8.00      14.00      23.00      25.00      22.00      22.00      28.00
      31.00      28.00      22.00
      67.00      63.00      70.00      67.00      62.00      66.00      82.00      95.00      85.00      81.00
      82.00      77.00      62.00      61.00      73.00      58.00      47.00      53.00      52.00      47.00
      49.00      50.00      47.00      48.00      54.00      58.00      58.00      54.00      52.00      55.00
      62.00      78.00      57.00      45.00      47.00      49.00      53.00      62.00      75.00      86.00
      86.00      79.00      77.00      79.00      71.00      63.00      68.00      79.00      83.00      83.00
      88.00      90.00      80.00      68.00      54.00      44.00      41.00      43.00      48.00      50.00
      45.00      39.00      28.00      15.00      14.00      27.00      35.00      30.00      26.00      29.00
      35.00      34.00      29.00
      63.00      66.00      78.00      80.00      71.00      60.00      63.00      72.00      67.00      61.00
      65.00      66.00      57.00      59.00      83.00      84.00      63.00      52.00      50.00      51.00
      51.00      54.00      56.00      53.00      52.00      55.00      59.00      60.00      63.00      62.00
      67.00      66.00      54.00      47.00      48.00      51.00      55.00      62.00      68.00      75.00
      76.00      76.00      76.00      75.00      68.00      64.00      69.00      78.00      80.00      81.00
      82.00      84.00      82.00      76.00      69.00      65.00      61.00      56.00      56.00      61.00
      63.00      60.00      49.00      34.00      28.00      37.00      46.00      40.00      33.00      34.00
      35.00      33.00      34.00
      67.00      66.00      76.00      89.00      90.00      80.00      75.00      70.00      68.00      69.00
      72.00      79.00      75.00      68.00      85.00      87.00      70.00      53.00      47.00      51.00
      52.00      52.00      49.00      46.00      48.00      50.00      55.00      63.00      64.00      62.00
      66.00      62.00      53.00      49.00      49.00      54.00      62.00      61.00      56.00      54.00
      54.00      64.00      70.00      63.00      60.00      68.00      77.00      79.00      72.00      69.00
      70.00      80.00      82.00      80.00      80.00      81.00      76.00      70.00      68.00      64.00
      65.00      64.00      56.00      48.00      43.00      46.00      50.00      47.00      45.00      43.00
      36.00      34.00      39.00
      62.00      56.00      63.00      78.00      92.00      97.00      89.00      75.00      64.00      66.00
      77.00      88.00      80.00      69.00      67.00      54.00      40.00      39.00      39.00      43.00
      45.00      45.00      44.00      47.00      50.00      49.00      51.00      59.00      60.00      57.00
      59.00      60.00      59.00      61.00      57.00      57.00      65.00      60.00      52.00      49.00
      50.00      57.00      63.00      58.00      58.00      71.00      80.00      79.00      64.00      60.00
      67.00      79.00      82.00      83.00      85.00      83.00      76.00      69.00      62.00      57.00
      58.00      58.00      52.00      45.00      42.00      44.00      47.00      47.00      46.00      43.00
      37.00      40.00      45.00
      60.00      56.00      62.00      69.00      79.00      88.00      90.00      83.00      67.00      63.00
      72.00      77.00      76.00      82.00      71.00      39.00      34.00      27.00      29.00      37.00
      41.00      45.00      47.00      52.00      51.00      47.00      47.00      50.00      56.00      57.00
      54.00      53.00      59.00      66.00      64.00      59.00      62.00      57.00      51.00      51.00
      56.00      59.00      59.00      55.00      61.00      76.00      84.00      82.00      68.00      68.00
      71.00      74.00      77.00      79.00      75.00      71.00      69.00      64.00      57.00      52.00
      49.00      51.00      48.00      39.00      36.00      39.00      42.00      41.00      39.00      38.00
      39.00      43.00      44.00
      66.00      69.00      77.00      77.00      76.00      76.00      90.00      89.00      73.00      61.00
      66.00      73.00      73.00      96.00     100.00      61.00      30.00      27.00      44.00      54.00
      52.00      47.00      40.00      40.00      42.00      41.00      42.00      47.00      57.00      67.00
      63.00      57.00      58.00      63.00      63.00      61.00      59.00      54.00      47.00      48.00
      60.00      65.00      60.00      57.00      66.00      78.00      87.00      85.00      81.00      81.00
      73.00      64.00      62.00      61.00      54.00      53.00      62.00      67.00      64.00      52.00
      43.00      43.00      43.00      39.00      36.00      38.00      39.00      36.00      35.00      36.00
      40.00      43.00      42.00
