diamond 4 20年06月28日20时700百帕相对湿度
20 06 28  20  700 
2.500 -2.500  .0  180.0   90.0  .0
73  37
      75.00      75.00      75.00      75.00      75.00      75.00      75.00      75.00      75.00      75.00
      75.00      75.00      75.00      75.00      75.00      75.00      75.00      75.00      75.00      75.00
      75.00      75.00      75.00      75.00      75.00      75.00      75.00      75.00      75.00      75.00
      75.00      75.00      75.00      75.00      75.00      75.00      75.00      75.00      75.00      75.00
      75.00      75.00      75.00      75.00      75.00      75.00      75.00      75.00      75.00      75.00
      75.00      75.00      75.00      75.00      75.00      75.00      75.00      75.00      75.00      75.00
      75.00      75.00      75.00      75.00      75.00      75.00      75.00      75.00      75.00      75.00
      75.00      75.00      75.00
      72.00      74.00      75.00      76.00      77.00      79.00      80.00      81.00      82.00      83.00
      84.00      85.00      86.00      87.00      88.00      89.00      90.00      91.00      92.00      93.00
      93.00      94.00      95.00      96.00      96.00      97.00      98.00      98.00      99.00      99.00
     100.00     100.00     100.00     100.00     100.00     100.00     100.00     100.00     100.00     100.00
     100.00     100.00     100.00     100.00     100.00     100.00     100.00      99.00      99.00      98.00
      98.00      97.00      97.00      96.00      95.00      94.00      93.00      92.00      92.00      91.00
      90.00      88.00      87.00      86.00      85.00      84.00      83.00      82.00      80.00      79.00
      78.00      77.00      75.00
      80.00      83.00      85.00      87.00      89.00      91.00      92.00      93.00      93.00      94.00
      94.00      94.00      94.00      94.00      94.00      94.00      94.00      94.00      94.00      94.00
      94.00      94.00      94.00      94.00      94.00      94.00      94.00      94.00      93.00      93.00
      92.00      92.00      91.00      90.00      89.00      89.00      88.00      88.00      87.00      87.00
      87.00      88.00      88.00      89.00      89.00      90.00      91.00      92.00      93.00      93.00
      94.00      94.00      95.00      95.00      95.00      95.00      95.00      94.00      94.00      94.00
      93.00      93.00      92.00      91.00      90.00      89.00      87.00      85.00      83.00      81.00
      79.00      76.00      73.00
      90.00      91.00      93.00      93.00      93.00      93.00      92.00      91.00      89.00      88.00
      86.00      85.00      83.00      82.00      81.00      79.00      78.00      77.00      76.00      75.00
      74.00      73.00      72.00      72.00      71.00      71.00      70.00      70.00      69.00      68.00
      66.00      65.00      63.00      60.00      58.00      55.00      52.00      50.00      48.00      47.00
      46.00      46.00      46.00      47.00      48.00      50.00      51.00      52.00      53.00      54.00
      55.00      55.00      55.00      55.00      55.00      56.00      57.00      59.00      61.00      63.00
      66.00      69.00      72.00      75.00      77.00      79.00      80.00      80.00      80.00      79.00
      78.00      76.00      74.00
      85.00      81.00      77.00      73.00      69.00      66.00      64.00      62.00      61.00      61.00
      61.00      63.00      65.00      67.00      68.00      69.00      70.00      69.00      67.00      64.00
      62.00      59.00      57.00      56.00      57.00      59.00      62.00      66.00      71.00      75.00
      79.00      83.00      85.00      86.00      85.00      84.00      82.00      79.00      75.00      72.00
      69.00      66.00      64.00      62.00      61.00      60.00      59.00      57.00      54.00      49.00
      44.00      37.00      30.00      25.00      21.00      20.00      21.00      25.00      31.00      40.00
      49.00      59.00      68.00      75.00      81.00      83.00      84.00      82.00      80.00      76.00
      73.00      70.00      68.00
      49.00      45.00      43.00      42.00      41.00      41.00      41.00      42.00      44.00      47.00
      52.00      58.00      65.00      72.00      77.00      81.00      82.00      80.00      76.00      70.00
      64.00      59.00      55.00      54.00      57.00      62.00      69.00      77.00      84.00      90.00
      94.00      96.00      96.00      93.00      90.00      86.00      81.00      76.00      72.00      68.00
      65.00      63.00      64.00      66.00      70.00      76.00      82.00      87.00      89.00      87.00
      80.00      68.00      52.00      37.00      24.00      17.00      16.00      20.00      29.00      42.00
      57.00      71.00      84.00      92.00      96.00      94.00      89.00      82.00      75.00      69.00
      66.00      64.00      64.00
      46.00      44.00      43.00      43.00      43.00      44.00      44.00      45.00      46.00      47.00
      51.00      56.00      63.00      70.00      76.00      79.00      77.00      70.00      61.00      50.00
      43.00      39.00      42.00      50.00      60.00      72.00      82.00      89.00      93.00      94.00
      92.00      88.00      82.00      75.00      67.00      59.00      53.00      47.00      43.00      39.00
      36.00      34.00      35.00      39.00      46.00      56.00      67.00      78.00      88.00      91.00
      88.00      76.00      59.00      42.00      28.00      21.00      22.00      29.00      41.00      55.00
      69.00      78.00      82.00      79.00      73.00      65.00      58.00      54.00      54.00      57.00
      62.00      68.00      75.00
      62.00      56.00      50.00      46.00      42.00      39.00      37.00      34.00      32.00      31.00
      32.00      37.00      45.00      56.00      66.00      70.00      65.00      54.00      41.00      31.00
      28.00      34.00      45.00      59.00      69.00      74.00      72.00      67.00      63.00      61.00
      63.00      67.00      69.00      69.00      65.00      60.00      54.00      50.00      47.00      46.00
      44.00      43.00      41.00      39.00      40.00      43.00      48.00      54.00      59.00      62.00
      61.00      54.00      44.00      35.00      30.00      33.00      42.00      57.00      76.00      91.00
      98.00      93.00      79.00      63.00      51.00      47.00      51.00      63.00      77.00      89.00
      95.00      96.00      94.00
      43.00      41.00      39.00      39.00      38.00      36.00      34.00      30.00      23.00      17.00
      15.00      18.00      30.00      46.00      61.00      68.00      65.00      55.00      46.00      43.00
      51.00      64.00      78.00      83.00      77.00      63.00      49.00      40.00      40.00      49.00
      61.00      71.00      76.00      74.00      67.00      59.00      54.00      54.00      55.00      55.00
      55.00      54.00      51.00      49.00      47.00      46.00      44.00      43.00      43.00      45.00
      48.00      50.00      52.00      53.00      56.00      63.00      74.00      89.00      99.00      99.00
      98.00      81.00      60.00      42.00      34.00      40.00      61.00      88.00     100.00     100.00
     100.00      97.00      86.00
      42.00      42.00      43.00      44.00      45.00      48.00      50.00      46.00      40.00      31.00
      24.00      23.00      28.00      38.00      46.00      49.00      44.00      37.00      34.00      38.00
      51.00      64.00      68.00      58.00      40.00      24.00      20.00      31.00      52.00      75.00
      91.00      94.00      89.00      78.00      65.00      55.00      50.00      49.00      46.00      44.00
      43.00      41.00      38.00      37.00      37.00      37.00      35.00      32.00      31.00      35.00
      45.00      56.00      65.00      71.00      73.00      73.00      73.00      72.00      72.00      73.00
      68.00      56.00      41.00      30.00      31.00      48.00      74.00      96.00     100.00     100.00
      93.00      89.00      86.00
      66.00      63.00      59.00      56.00      56.00      56.00      51.00      44.00      38.00      35.00
      33.00      33.00      35.00      39.00      45.00      50.00      52.00      52.00      50.00      50.00
      52.00      54.00      47.00      33.00      16.00       6.00      13.00      38.00      69.00      88.00
      90.00      80.00      70.00      66.00      65.00      61.00      52.00      41.00      31.00      26.00
      26.00      31.00      35.00      39.00      42.00      43.00      43.00      44.00      43.00      45.00
      49.00      54.00      59.00      63.00      65.00      67.00      65.00      61.00      56.00      51.00
      46.00      40.00      32.00      27.00      28.00      39.00      58.00      81.00      99.00     100.00
     100.00     100.00      97.00
      68.00      68.00      69.00      73.00      76.00      72.00      58.00      44.00      38.00      38.00
      38.00      36.00      32.00      31.00      37.00      47.00      62.00      76.00      83.00      78.00
      65.00      54.00      51.00      53.00      50.00      44.00      44.00      57.00      73.00      79.00
      69.00      55.00      48.00      51.00      61.00      67.00      63.00      50.00      35.00      24.00
      22.00      29.00      41.00      51.00      55.00      53.00      52.00      54.00      58.00      61.00
      62.00      61.00      58.00      53.00      54.00      55.00      57.00      62.00      71.00      65.00
      54.00      45.00      38.00      31.00      22.00      18.00      24.00      41.00      59.00      69.00
      71.00      71.00      74.00
      58.00      58.00      67.00      86.00      96.00      89.00      75.00      63.00      58.00      58.00
      57.00      50.00      44.00      42.00      41.00      38.00      34.00      38.00      53.00      68.00
      67.00      55.00      54.00      70.00      90.00      94.00      80.00      67.00      68.00      71.00
      69.00      59.00      46.00      39.00      39.00      44.00      53.00      60.00      58.00      47.00
      37.00      33.00      38.00      49.00      58.00      61.00      58.00      55.00      54.00      56.00
      57.00      58.00      54.00      47.00      40.00      40.00      48.00      63.00      69.00      67.00
      64.00      61.00      56.00      47.00      37.00      35.00      40.00      49.00      57.00      64.00
      69.00      74.00      78.00
      76.00      64.00      55.00      63.00      81.00      93.00      89.00      76.00      64.00      60.00
      59.00      55.00      54.00      59.00      64.00      53.00      31.00      16.00      23.00      43.00
      52.00      45.00      47.00      71.00      97.00     100.00      95.00      78.00      67.00      63.00
      70.00      81.00      78.00      51.00      26.00      23.00      37.00      58.00      71.00      65.00
      50.00      42.00      47.00      61.00      73.00      76.00      72.00      67.00      63.00      58.00
      55.00      52.00      48.00      41.00      32.00      31.00      38.00      50.00      62.00      70.00
      73.00      67.00      54.00      42.00      37.00      42.00      53.00      62.00      65.00      70.00
      73.00      73.00      70.00
      95.00      75.00      52.00      53.00      73.00      92.00      94.00      77.00      58.00      51.00
      55.00      57.00      54.00      51.00      53.00      51.00      41.00      32.00      30.00      30.00
      25.00      20.00      30.00      51.00      64.00      69.00      78.00      83.00      76.00      64.00
      66.00      84.00      91.00      67.00      37.00      32.00      45.00      65.00      77.00      78.00
      75.00      71.00      70.00      69.00      69.00      69.00      67.00      64.00      62.00      61.00
      58.00      51.00      41.00      34.00      34.00      47.00      64.00      81.00      93.00      91.00
      84.00      73.00      60.00      46.00      40.00      44.00      52.00      52.00      53.00      50.00
      46.00      43.00      50.00
      61.00      34.00      23.00      36.00      54.00      73.00      83.00      78.00      66.00      62.00
      71.00      80.00      73.00      55.00      44.00      47.00      56.00      61.00      60.00      52.00
      43.00      43.00      47.00      46.00      39.00      44.00      68.00      85.00      79.00      59.00
      54.00      64.00      56.00      34.00      27.00      37.00      55.00      65.00      63.00      51.00
      49.00      57.00      61.00      60.00      70.00      83.00      81.00      63.00      49.00      46.00
      56.00      58.00      42.00      27.00      23.00      37.00      62.00      86.00      96.00      87.00
      70.00      54.00      40.00      30.00      24.00      21.00      22.00      31.00      42.00      43.00
      39.00      40.00      52.00
      14.00      13.00      27.00      55.00      71.00      76.00      78.00      75.00      70.00      69.00
      74.00      80.00      79.00      67.00      54.00      49.00      51.00      56.00      58.00      61.00
      67.00      75.00      78.00      70.00      59.00      64.00      85.00      94.00      78.00      59.00
      65.00      73.00      54.00      32.00      21.00      26.00      29.00      37.00      36.00      35.00
      37.00      44.00      52.00      57.00      72.00      93.00      95.00      69.00      54.00      52.00
      63.00      74.00      68.00      50.00      34.00      32.00      47.00      69.00      87.00      88.00
      71.00      46.00      25.00      14.00       9.00       3.00       0.00       9.00      27.00      39.00
      40.00      41.00      50.00
      34.00      47.00      66.00      78.00      72.00      66.00      64.00      59.00      59.00      64.00
      59.00      51.00      47.00      45.00      40.00      35.00      31.00      28.00      27.00      30.00
      38.00      50.00      67.00      82.00      84.00      88.00      93.00      90.00      68.00      52.00
      60.00      65.00      55.00      54.00      64.00      56.00      40.00      35.00      32.00      30.00
      37.00      54.00      61.00      58.00      58.00      70.00      70.00      54.00      52.00      65.00
      78.00      88.00      87.00      80.00      71.00      65.00      71.00      83.00      94.00      98.00
      98.00      94.00      88.00      85.00      82.00      69.00      42.00      20.00      15.00      25.00
      31.00      28.00      31.00
      74.00      76.00      74.00      67.00      52.00      41.00      36.00      38.00      49.00      55.00
      42.00      26.00      21.00      24.00      24.00      22.00      20.00      16.00      22.00      34.00
      39.00      33.00      30.00      48.00      72.00      90.00      80.00      51.00      44.00      67.00
      88.00      77.00      68.00      77.00      92.00      85.00      67.00      51.00      35.00      32.00
      41.00      46.00      49.00      56.00      67.00      74.00      64.00      52.00      56.00      68.00
      78.00      82.00      87.00      89.00      93.00      96.00      99.00      96.00      86.00      78.00
      77.00      81.00      85.00      90.00     100.00     100.00      94.00      54.00      16.00      16.00
      28.00      25.00      20.00
      67.00      74.00      67.00      56.00      45.00      32.00      23.00      31.00      51.00      38.00
      20.00      12.00      10.00      15.00      22.00      27.00      22.00      43.00      62.00      83.00
      96.00      70.00      27.00      11.00      24.00      47.00      46.00      24.00      46.00      85.00
      87.00      91.00      81.00      74.00      76.00      64.00      42.00      32.00      39.00      54.00
      63.00      62.00      56.00      62.00      71.00      77.00      79.00      75.00      55.00      43.00
      48.00      63.00      75.00      82.00      94.00     100.00      94.00      84.00      78.00      73.00
      71.00      69.00      63.00      54.00      60.00      90.00     100.00      76.00      19.00       5.00
      24.00      39.00      40.00
      43.00      46.00      41.00      39.00      40.00      38.00      32.00      26.00      31.00      26.00
      17.00      11.00      10.00      21.00      18.00      24.00      45.00      76.00      91.00      92.00
      92.00      87.00      40.00      10.00       3.00       5.00      10.00      15.00      49.00      67.00
      80.00      64.00      76.00      67.00      61.00      41.00      21.00      15.00      23.00      41.00
      44.00      46.00      54.00      56.00      57.00      60.00      63.00      49.00      22.00      15.00
      28.00      51.00      64.00      69.00      80.00      86.00      72.00      68.00      86.00     100.00
     100.00     100.00      83.00      49.00      32.00      63.00      98.00      85.00      30.00       1.00
      10.00      31.00      45.00
      37.00      39.00      30.00      25.00      31.00      43.00      44.00      32.00      22.00      22.00
      20.00      16.00      33.00      35.00      20.00      26.00      50.00      67.00      67.00      64.00
      54.00      63.00      45.00      26.00       9.00       5.00       4.00       9.00      59.00      61.00
      62.00      41.00      62.00      53.00      49.00      46.00      43.00      63.00      68.00      45.00
      22.00      23.00      40.00      47.00      56.00      66.00      71.00      55.00      24.00      10.00
      13.00      35.00      61.00      68.00      71.00      66.00      61.00      79.00     100.00     100.00
      88.00      90.00      81.00      48.00      28.00      50.00      85.00      78.00      43.00      17.00
       9.00      11.00      11.00
      37.00      30.00      26.00      29.00      33.00      45.00      49.00      33.00      17.00      15.00
      14.00      10.00      15.00      15.00      12.00       4.00      14.00      13.00      40.00      28.00
      33.00      44.00      50.00      38.00      23.00      18.00      16.00      15.00      23.00      29.00
      51.00      68.00      57.00      71.00      86.00      61.00      49.00      68.00      80.00      70.00
      50.00      50.00      63.00      51.00      59.00      73.00      91.00      91.00      75.00      49.00
      26.00      24.00      37.00      41.00      42.00      54.00      71.00      93.00      98.00      68.00
      48.00      56.00      62.00      49.00      42.00      54.00      72.00      73.00      69.00      68.00
      61.00      44.00      23.00
      26.00      26.00      33.00      35.00      36.00      47.00      51.00      29.00       9.00       5.00
       4.00       0.00       1.00       6.00      13.00      16.00      13.00      15.00      20.00      27.00
      25.00      24.00      27.00      29.00      32.00      29.00      17.00      14.00      38.00      54.00
      44.00      54.00      73.00      64.00      59.00      61.00      73.00      86.00      96.00      91.00
      85.00      98.00      73.00      71.00      86.00      93.00      98.00      98.00      85.00      73.00
      63.00      47.00      30.00      22.00      30.00      55.00      78.00      84.00      65.00      38.00
      37.00      52.00      58.00      57.00      56.00      58.00      66.00      76.00      87.00      98.00
     100.00      96.00      79.00
      22.00      24.00      33.00      39.00      40.00      41.00      38.00      21.00       4.00       1.00
       1.00       0.00       2.00      12.00      23.00      29.00      26.00      28.00      29.00      26.00
      17.00      16.00      12.00      19.00      28.00      28.00      19.00      27.00      54.00      55.00
      50.00      40.00      47.00      79.00      78.00      65.00      82.00      99.00     100.00      95.00
      95.00      93.00      76.00      83.00      98.00     100.00      94.00      70.00      42.00      41.00
      62.00      71.00      62.00      56.00      66.00      83.00      79.00      53.00      32.00      28.00
      43.00      57.00      61.00      67.00      66.00      59.00      63.00      69.00      74.00      83.00
      94.00      99.00      98.00
      19.00      28.00      40.00      46.00      44.00      34.00      22.00      10.00       2.00       0.00
       0.00       3.00      12.00      19.00      23.00      26.00      27.00      27.00      24.00      24.00
      11.00       8.00      14.00      23.00      32.00      26.00      18.00      26.00      41.00      49.00
      61.00      61.00      61.00      61.00      85.00     100.00     100.00      92.00      78.00     100.00
      94.00      80.00      89.00      79.00      80.00      82.00      73.00      48.00      31.00      33.00
      45.00      57.00      67.00      76.00      80.00      75.00      49.00      23.00      18.00      28.00
      40.00      50.00      59.00      67.00      61.00      50.00      47.00      47.00      51.00      64.00
      74.00      68.00      54.00
      17.00      27.00      34.00      33.00      25.00      12.00       4.00       0.00       0.00       2.00
      19.00      26.00      32.00      32.00      29.00      26.00      22.00      21.00      23.00      21.00
      13.00      13.00      22.00      27.00      26.00      23.00      22.00      27.00      37.00      49.00
      70.00      89.00      92.00      79.00      63.00      68.00      82.00      87.00      82.00      82.00
      98.00      85.00      74.00      70.00      68.00      63.00      53.00      49.00      51.00      49.00
      43.00      39.00      42.00      47.00      44.00      37.00      25.00      17.00      19.00      26.00
      33.00      41.00      48.00      49.00      41.00      32.00      28.00      30.00      39.00      46.00
      43.00      29.00      18.00
      19.00      21.00      26.00      27.00      23.00      18.00      15.00      19.00      10.00      20.00
      44.00      40.00      43.00      38.00      31.00      28.00      21.00      16.00      18.00      17.00
      17.00      22.00      29.00      29.00      22.00      22.00      25.00      32.00      39.00      50.00
      60.00      68.00      78.00      85.00      85.00      84.00      82.00      87.00      91.00      84.00
      77.00      66.00      67.00      68.00      59.00      54.00      53.00      61.00      60.00      49.00
      44.00      37.00      31.00      31.00      31.00      29.00      27.00      25.00      22.00      22.00
      26.00      32.00      36.00      34.00      28.00      24.00      23.00      28.00      32.00      28.00
      20.00      15.00      19.00
      22.00      23.00      31.00      41.00      54.00      58.00      56.00      43.00      35.00      30.00
      34.00      35.00      44.00      43.00      31.00      27.00      23.00      15.00      17.00      24.00
      28.00      28.00      23.00      20.00      20.00      25.00      29.00      34.00      43.00      54.00
      59.00      53.00      53.00      61.00      63.00      65.00      66.00      72.00      77.00      74.00
      73.00      71.00      71.00      65.00      59.00      58.00      67.00      75.00      65.00      50.00
      47.00      42.00      35.00      34.00      34.00      32.00      31.00      31.00      26.00      21.00
      22.00      27.00      31.00      28.00      25.00      25.00      25.00      27.00      26.00      22.00
      18.00      22.00      38.00
      23.00      21.00      29.00      48.00      76.00      87.00      85.00      75.00      57.00      44.00
      35.00      38.00      50.00      51.00      38.00      31.00      31.00      25.00      24.00      35.00
      43.00      35.00      20.00      20.00      27.00      36.00      38.00      41.00      48.00      53.00
      58.00      56.00      53.00      52.00      41.00      39.00      47.00      60.00      72.00      72.00
      70.00      68.00      67.00      64.00      60.00      66.00      75.00      78.00      75.00      65.00
      60.00      58.00      49.00      37.00      32.00      33.00      36.00      37.00      30.00      21.00
      16.00      17.00      22.00      26.00      27.00      27.00      25.00      28.00      29.00      26.00
      23.00      25.00      40.00
      30.00      26.00      33.00      55.00      81.00      88.00      89.00      84.00      75.00      62.00
      54.00      54.00      61.00      62.00      52.00      37.00      42.00      43.00      44.00      49.00
      51.00      41.00      33.00      40.00      46.00      49.00      51.00      54.00      56.00      51.00
      55.00      63.00      52.00      41.00      33.00      34.00      45.00      59.00      74.00      81.00
      77.00      76.00      78.00      70.00      63.00      69.00      76.00      81.00      85.00      83.00
      85.00      83.00      67.00      45.00      35.00      35.00      40.00      47.00      40.00      25.00
      17.00      12.00      11.00      19.00      29.00      29.00      24.00      27.00      33.00      33.00
      26.00      21.00      27.00
      46.00      43.00      47.00      60.00      72.00      77.00      82.00      80.00      73.00      72.00
      72.00      76.00      81.00      69.00      60.00      67.00      58.00      54.00      54.00      60.00
      64.00      60.00      55.00      55.00      55.00      51.00      52.00      59.00      59.00      51.00
      52.00      66.00      60.00      46.00      43.00      47.00      55.00      67.00      79.00      87.00
      85.00      84.00      84.00      75.00      67.00      65.00      72.00      80.00      82.00      83.00
      90.00      87.00      73.00      57.00      49.00      45.00      47.00      54.00      52.00      41.00
      35.00      29.00      18.00      18.00      31.00      38.00      33.00      30.00      34.00      35.00
      30.00      24.00      21.00
      60.00      64.00      66.00      68.00      64.00      66.00      69.00      65.00      63.00      64.00
      68.00      77.00      76.00      66.00      66.00      72.00      75.00      62.00      59.00      63.00
      65.00      64.00      55.00      48.00      47.00      46.00      49.00      58.00      62.00      56.00
      55.00      60.00      56.00      47.00      44.00      47.00      52.00      61.00      71.00      78.00
      78.00      76.00      73.00      70.00      64.00      61.00      70.00      75.00      68.00      68.00
      76.00      83.00      81.00      73.00      65.00      64.00      62.00      59.00      60.00      60.00
      60.00      54.00      37.00      31.00      42.00      49.00      43.00      38.00      39.00      40.00
      35.00      34.00      32.00
      65.00      75.00      78.00      76.00      70.00      68.00      66.00      58.00      58.00      64.00
      70.00      72.00      66.00      60.00      62.00      76.00      58.00      46.00      45.00      51.00
      53.00      46.00      41.00      39.00      42.00      45.00      49.00      54.00      56.00      59.00
      59.00      59.00      57.00      50.00      44.00      44.00      49.00      53.00      58.00      62.00
      61.00      62.00      60.00      60.00      56.00      55.00      70.00      70.00      55.00      58.00
      73.00      90.00      94.00      88.00      78.00      76.00      72.00      67.00      66.00      65.00
      62.00      57.00      46.00      42.00      50.00      53.00      48.00      45.00      47.00      44.00
      39.00      43.00      42.00
      60.00      68.00      79.00      89.00      87.00      74.00      64.00      59.00      57.00      63.00
      69.00      70.00      59.00      52.00      52.00      37.00      29.00      33.00      35.00      38.00
      40.00      41.00      43.00      42.00      42.00      46.00      49.00      50.00      51.00      53.00
      57.00      60.00      60.00      56.00      48.00      45.00      54.00      57.00      59.00      63.00
      58.00      52.00      47.00      53.00      55.00      59.00      70.00      72.00      56.00      58.00
      75.00      93.00      96.00      88.00      80.00      77.00      75.00      69.00      63.00      59.00
      56.00      49.00      44.00      43.00      48.00      51.00      49.00      45.00      46.00      44.00
      42.00      44.00      40.00
      56.00      60.00      72.00      89.00      94.00      76.00      62.00      59.00      57.00      61.00
      66.00      66.00      72.00      64.00      49.00      31.00      33.00      34.00      37.00      38.00
      42.00      46.00      47.00      42.00      39.00      43.00      47.00      50.00      49.00      48.00
      50.00      56.00      58.00      54.00      50.00      51.00      61.00      65.00      63.00      60.00
      55.00      49.00      49.00      53.00      58.00      63.00      68.00      80.00      76.00      75.00
      78.00      88.00      91.00      76.00      68.00      74.00      75.00      67.00      59.00      58.00
      55.00      49.00      46.00      43.00      44.00      46.00      45.00      41.00      43.00      44.00
      42.00      38.00      32.00
      60.00      61.00      70.00      81.00      89.00      82.00      72.00      59.00      55.00      57.00
      62.00      70.00      79.00      68.00      67.00      44.00      36.00      39.00      48.00      50.00
      48.00      44.00      36.00      34.00      36.00      41.00      48.00      52.00      52.00      51.00
      50.00      53.00      53.00      49.00      51.00      56.00      62.00      64.00      58.00      50.00
      47.00      50.00      56.00      59.00      59.00      64.00      72.00      84.00      94.00      93.00
      81.00      78.00      75.00      60.00      56.00      67.00      72.00      68.00      60.00      54.00
      49.00      47.00      46.00      43.00      43.00      43.00      41.00      40.00      42.00      43.00
      41.00      37.00      35.00
