diamond 4 20年06月25日20时700百帕相对湿度
20 06 25  20  700 
2.500 -2.500  .0  180.0   90.0  .0
73  37
      55.00      55.00      55.00      55.00      55.00      55.00      55.00      55.00      55.00      55.00
      55.00      55.00      55.00      55.00      55.00      55.00      55.00      55.00      55.00      55.00
      55.00      55.00      55.00      55.00      55.00      55.00      55.00      55.00      55.00      55.00
      55.00      55.00      55.00      55.00      55.00      55.00      55.00      55.00      55.00      55.00
      55.00      55.00      55.00      55.00      55.00      55.00      55.00      55.00      55.00      55.00
      55.00      55.00      55.00      55.00      55.00      55.00      55.00      55.00      55.00      55.00
      55.00      55.00      55.00      55.00      55.00      55.00      55.00      55.00      55.00      55.00
      55.00      55.00      55.00
      31.00      31.00      31.00      31.00      31.00      31.00      31.00      31.00      31.00      31.00
      31.00      31.00      31.00      31.00      31.00      31.00      31.00      31.00      31.00      31.00
      31.00      31.00      31.00      31.00      31.00      31.00      31.00      31.00      32.00      32.00
      33.00      33.00      34.00      35.00      35.00      36.00      37.00      38.00      39.00      40.00
      41.00      43.00      44.00      45.00      46.00      48.00      49.00      51.00      52.00      54.00
      55.00      57.00      58.00      60.00      62.00      63.00      65.00      67.00      69.00      71.00
      73.00      74.00      76.00      78.00      80.00      82.00      83.00      85.00      87.00      88.00
      90.00      91.00      93.00
      62.00      63.00      65.00      67.00      68.00      70.00      72.00      73.00      75.00      76.00
      77.00      78.00      78.00      79.00      79.00      78.00      78.00      77.00      76.00      74.00
      72.00      70.00      68.00      66.00      63.00      61.00      59.00      56.00      54.00      53.00
      51.00      49.00      48.00      47.00      46.00      46.00      46.00      46.00      46.00      46.00
      47.00      47.00      47.00      48.00      48.00      49.00      49.00      49.00      49.00      49.00
      49.00      49.00      49.00      49.00      49.00      50.00      50.00      51.00      51.00      52.00
      54.00      55.00      57.00      59.00      61.00      64.00      67.00      69.00      72.00      75.00
      78.00      80.00      82.00
      74.00      78.00      81.00      85.00      89.00      93.00      96.00      99.00     100.00     100.00
     100.00     100.00     100.00     100.00     100.00     100.00     100.00     100.00      97.00      92.00
      87.00      82.00      76.00      71.00      66.00      60.00      56.00      51.00      47.00      43.00
      39.00      36.00      34.00      32.00      31.00      30.00      30.00      31.00      32.00      33.00
      34.00      35.00      36.00      37.00      37.00      37.00      37.00      36.00      36.00      35.00
      34.00      33.00      33.00      33.00      33.00      33.00      33.00      34.00      35.00      37.00
      38.00      40.00      43.00      45.00      48.00      51.00      55.00      58.00      62.00      66.00
      70.00      73.00      76.00
      61.00      65.00      70.00      75.00      81.00      86.00      91.00      96.00      99.00     100.00
     100.00     100.00     100.00     100.00     100.00      99.00      94.00      88.00      80.00      72.00
      63.00      54.00      46.00      38.00      33.00      28.00      25.00      24.00      23.00      23.00
      24.00      25.00      27.00      30.00      33.00      37.00      41.00      45.00      48.00      51.00
      53.00      54.00      53.00      51.00      49.00      45.00      41.00      37.00      33.00      30.00
      27.00      25.00      24.00      24.00      25.00      26.00      28.00      29.00      32.00      34.00
      37.00      41.00      45.00      49.00      54.00      60.00      65.00      71.00      76.00      81.00
      85.00      89.00      92.00
      65.00      65.00      66.00      68.00      70.00      72.00      72.00      72.00      69.00      67.00
      64.00      62.00      61.00      62.00      65.00      68.00      70.00      71.00      68.00      63.00
      56.00      48.00      40.00      34.00      30.00      28.00      28.00      32.00      38.00      45.00
      54.00      62.00      70.00      77.00      84.00      89.00      93.00      95.00      96.00      96.00
      94.00      91.00      88.00      83.00      78.00      72.00      65.00      58.00      53.00      48.00
      44.00      41.00      39.00      37.00      35.00      34.00      33.00      31.00      30.00      29.00
      28.00      28.00      30.00      33.00      38.00      46.00      54.00      64.00      73.00      82.00
      90.00      97.00     100.00
      91.00      91.00      93.00      96.00      99.00     100.00      98.00      91.00      80.00      67.00
      55.00      45.00      38.00      35.00      35.00      39.00      44.00      50.00      55.00      59.00
      61.00      61.00      61.00      62.00      62.00      61.00      62.00      63.00      66.00      70.00
      75.00      80.00      84.00      88.00      90.00      90.00      88.00      84.00      79.00      74.00
      69.00      64.00      60.00      57.00      54.00      52.00      49.00      46.00      43.00      40.00
      38.00      38.00      38.00      39.00      40.00      42.00      43.00      44.00      44.00      44.00
      45.00      45.00      45.00      46.00      47.00      48.00      51.00      55.00      59.00      63.00
      68.00      72.00      75.00
      97.00      93.00      90.00      89.00      90.00      93.00      96.00      99.00     100.00      98.00
      94.00      88.00      78.00      67.00      57.00      48.00      42.00      40.00      43.00      49.00
      57.00      66.00      76.00      83.00      88.00      88.00      84.00      78.00      71.00      65.00
      61.00      60.00      60.00      61.00      62.00      61.00      59.00      56.00      50.00      45.00
      39.00      35.00      33.00      32.00      33.00      35.00      36.00      36.00      35.00      34.00
      35.00      37.00      39.00      42.00      45.00      49.00      52.00      57.00      62.00      68.00
      73.00      77.00      79.00      80.00      80.00      80.00      80.00      82.00      83.00      83.00
      82.00      79.00      75.00
      84.00      69.00      53.00      40.00      31.00      27.00      27.00      36.00      53.00      72.00
      88.00      97.00      96.00      85.00      69.00      52.00      40.00      35.00      38.00      46.00
      57.00      69.00      81.00      90.00      95.00      95.00      91.00      85.00      78.00      71.00
      64.00      57.00      50.00      44.00      41.00      42.00      46.00      50.00      51.00      49.00
      44.00      40.00      38.00      39.00      41.00      44.00      46.00      46.00      46.00      47.00
      50.00      55.00      57.00      57.00      56.00      55.00      53.00      53.00      54.00      58.00
      63.00      69.00      74.00      78.00      82.00      86.00      92.00      98.00     100.00     100.00
      99.00      94.00      89.00
      53.00      41.00      33.00      28.00      24.00      19.00      17.00      25.00      44.00      65.00
      81.00      90.00      88.00      75.00      57.00      41.00      32.00      31.00      36.00      44.00
      51.00      58.00      64.00      72.00      79.00      86.00      90.00      93.00      94.00      92.00
      83.00      69.00      52.00      38.00      32.00      36.00      47.00      58.00      61.00      60.00
      55.00      50.00      48.00      49.00      52.00      55.00      54.00      50.00      46.00      45.00
      50.00      56.00      59.00      61.00      62.00      62.00      61.00      58.00      53.00      47.00
      44.00      46.00      49.00      53.00      58.00      65.00      72.00      81.00      87.00      89.00
      88.00      87.00      88.00
      32.00      34.00      36.00      36.00      36.00      39.00      42.00      48.00      57.00      66.00
      73.00      76.00      71.00      59.00      45.00      34.00      29.00      31.00      36.00      42.00
      46.00      50.00      55.00      60.00      64.00      69.00      75.00      85.00      94.00      96.00
      91.00      77.00      59.00      43.00      34.00      36.00      46.00      58.00      63.00      61.00
      53.00      44.00      40.00      43.00      51.00      58.00      58.00      52.00      45.00      40.00
      37.00      37.00      40.00      45.00      52.00      58.00      62.00      70.00      80.00      80.00
      67.00      57.00      52.00      50.00      48.00      48.00      51.00      60.00      68.00      72.00
      72.00      77.00      87.00
      62.00      61.00      54.00      49.00      48.00      49.00      50.00      51.00      51.00      52.00
      52.00      50.00      45.00      38.00      33.00      32.00      34.00      38.00      43.00      48.00
      57.00      67.00      69.00      63.00      57.00      61.00      74.00      87.00      91.00      90.00
      86.00      82.00      74.00      62.00      51.00      44.00      44.00      51.00      59.00      61.00
      55.00      45.00      38.00      39.00      50.00      61.00      66.00      65.00      61.00      57.00
      53.00      48.00      44.00      40.00      35.00      34.00      35.00      41.00      52.00      62.00
      66.00      66.00      62.00      52.00      42.00      36.00      36.00      41.00      49.00      55.00
      62.00      75.00      94.00
      75.00      60.00      46.00      36.00      29.00      25.00      22.00      23.00      25.00      26.00
      28.00      32.00      36.00      38.00      40.00      42.00      43.00      40.00      32.00      28.00
      35.00      45.00      48.00      47.00      50.00      66.00      83.00      84.00      70.00      58.00
      55.00      57.00      59.00      57.00      48.00      36.00      33.00      38.00      47.00      57.00
      61.00      58.00      52.00      51.00      60.00      74.00      82.00      82.00      80.00      80.00
      74.00      61.00      46.00      33.00      25.00      22.00      27.00      34.00      40.00      47.00
      54.00      57.00      56.00      49.00      40.00      36.00      36.00      36.00      38.00      44.00
      58.00      79.00      99.00
      48.00      27.00      16.00      13.00      13.00      12.00      10.00       7.00       6.00       6.00
      10.00      20.00      34.00      48.00      58.00      64.00      66.00      61.00      47.00      35.00
      35.00      45.00      52.00      52.00      57.00      71.00      75.00      57.00      36.00      30.00
      35.00      45.00      48.00      42.00      37.00      34.00      33.00      39.00      47.00      54.00
      57.00      55.00      54.00      64.00      78.00      84.00      80.00      76.00      75.00      74.00
      65.00      46.00      29.00      19.00      20.00      31.00      41.00      45.00      47.00      49.00
      54.00      56.00      53.00      48.00      50.00      55.00      57.00      50.00      41.00      39.00
      47.00      63.00      85.00
      15.00      12.00      23.00      41.00      50.00      44.00      30.00      20.00      17.00      15.00
      13.00      17.00      30.00      46.00      58.00      67.00      76.00      78.00      69.00      54.00
      48.00      51.00      46.00      39.00      47.00      62.00      65.00      59.00      55.00      58.00
      62.00      65.00      60.00      44.00      37.00      41.00      51.00      65.00      71.00      64.00
      58.00      55.00      51.00      54.00      65.00      73.00      77.00      77.00      73.00      59.00
      37.00      18.00      10.00      16.00      33.00      53.00      75.00      86.00      77.00      58.00
      48.00      49.00      52.00      51.00      56.00      65.00      62.00      48.00      36.00      37.00
      49.00      62.00      79.00
       6.00      12.00      34.00      59.00      66.00      49.00      31.00      28.00      38.00      43.00
      34.00      24.00      24.00      34.00      44.00      50.00      51.00      44.00      30.00      20.00
      18.00      20.00      25.00      39.00      63.00      86.00      97.00     100.00      98.00      93.00
      82.00      64.00      50.00      45.00      37.00      41.00      62.00      75.00      66.00      40.00
      33.00      41.00      48.00      56.00      64.00      73.00      77.00      76.00      72.00      58.00
      42.00      35.00      38.00      54.00      73.00      85.00      96.00      98.00      80.00      50.00
      35.00      40.00      55.00      62.00      67.00      65.00      57.00      48.00      45.00      55.00
      71.00      82.00      90.00
      21.00      15.00      26.00      44.00      56.00      56.00      47.00      44.00      49.00      52.00
      43.00      30.00      24.00      24.00      28.00      29.00      27.00      20.00      16.00      25.00
      46.00      62.00      65.00      70.00      84.00      95.00      97.00      93.00      83.00      71.00
      74.00      79.00      71.00      61.00      41.00      29.00      39.00      47.00      45.00      41.00
      39.00      42.00      52.00      68.00      88.00      97.00      84.00      69.00      60.00      58.00
      59.00      62.00      74.00      88.00      94.00      96.00      99.00      96.00      77.00      45.00
      20.00      17.00      33.00      50.00      55.00      52.00      50.00      48.00      48.00      55.00
      67.00      77.00      82.00
      45.00      23.00      22.00      42.00      70.00      94.00      96.00      63.00      37.00      41.00
      50.00      46.00      35.00      27.00      19.00      14.00      16.00      22.00      31.00      46.00
      64.00      69.00      64.00      61.00      64.00      65.00      59.00      42.00      22.00      13.00
      19.00      39.00      55.00      54.00      46.00      31.00      26.00      28.00      37.00      42.00
      48.00      53.00      60.00      83.00      99.00      99.00      90.00      76.00      58.00      49.00
      46.00      53.00      67.00      77.00      85.00      91.00      99.00     100.00      92.00      65.00
      30.00       9.00      13.00      29.00      37.00      37.00      38.00      42.00      45.00      49.00
      53.00      55.00      54.00
      70.00      35.00      25.00      46.00      75.00      94.00      86.00      53.00      36.00      47.00
      66.00      64.00      54.00      49.00      39.00      30.00      32.00      45.00      53.00      52.00
      51.00      44.00      33.00      25.00      20.00      19.00      19.00      15.00       7.00       1.00
       3.00      23.00      65.00      55.00      38.00      37.00      34.00      34.00      34.00      31.00
      33.00      37.00      56.00      84.00      87.00      77.00      74.00      74.00      68.00      50.00
      37.00      53.00      77.00      87.00      89.00      89.00      92.00      99.00      99.00      87.00
      64.00      41.00      28.00      27.00      31.00      35.00      33.00      29.00      32.00      45.00
      52.00      44.00      35.00
      71.00      51.00      33.00      30.00      39.00      53.00      53.00      41.00      45.00      70.00
      82.00      62.00      55.00      69.00      64.00      53.00      55.00      69.00      75.00      65.00
      56.00      47.00      36.00      23.00      13.00      10.00      12.00      17.00      28.00      34.00
      35.00      28.00      25.00      38.00      32.00      40.00      49.00      42.00      36.00      35.00
      32.00      28.00      42.00      72.00      81.00      67.00      63.00      70.00      69.00      56.00
      61.00      90.00     100.00     100.00      95.00      89.00      88.00      91.00      94.00      92.00
      83.00      73.00      60.00      49.00      53.00      55.00      42.00      23.00      26.00      52.00
      68.00      65.00      61.00
      58.00      53.00      39.00      26.00      16.00      18.00      23.00      33.00      56.00      80.00
      77.00      55.00      55.00      64.00      62.00      49.00      43.00      51.00      61.00      64.00
      51.00      50.00      44.00      38.00      28.00      16.00      11.00      23.00      33.00      40.00
      40.00      38.00      54.00      68.00      57.00      53.00      43.00      32.00      27.00      24.00
      33.00      33.00      29.00      26.00      29.00      45.00      68.00      68.00      66.00      64.00
      71.00      87.00      84.00      81.00      88.00      97.00      94.00      88.00      90.00      92.00
      84.00      66.00      53.00      54.00      66.00      70.00      67.00      65.00      76.00      91.00
      98.00      99.00      98.00
      38.00      41.00      39.00      33.00      23.00      16.00      23.00      36.00      59.00      76.00
      64.00      46.00      44.00      49.00      38.00      26.00      13.00      15.00      38.00      37.00
      37.00      34.00      31.00      30.00      30.00      16.00      15.00      33.00      31.00      77.00
      92.00      63.00      53.00      60.00      87.00      88.00      92.00      81.00      70.00      78.00
      80.00      70.00      54.00      41.00      37.00      59.00      72.00      56.00      52.00      48.00
      34.00      36.00      52.00      68.00      90.00      98.00      86.00      67.00      70.00      89.00
      93.00      70.00      46.00      36.00      40.00      51.00      68.00      94.00     100.00     100.00
     100.00     100.00     100.00
      30.00      33.00      39.00      49.00      47.00      33.00      21.00      22.00      36.00      48.00
      41.00      31.00      28.00      24.00      17.00      10.00       6.00       7.00       9.00      17.00
      16.00      25.00      30.00      24.00      18.00      21.00      26.00      35.00      46.00      42.00
      85.00      99.00      96.00      98.00      88.00      77.00      73.00      72.00      89.00     100.00
     100.00     100.00      98.00      68.00      60.00      58.00      57.00      40.00      33.00      31.00
      32.00      45.00      69.00      85.00      94.00      88.00      67.00      45.00      45.00      70.00
      91.00      84.00      63.00      46.00      41.00      45.00      59.00      79.00      90.00      93.00
      97.00     100.00     100.00
      29.00      36.00      52.00      58.00      55.00      39.00      12.00       5.00      13.00      17.00
      14.00      10.00      12.00      14.00      11.00      10.00       7.00       5.00       3.00       5.00
      14.00      15.00      24.00      21.00      18.00      26.00      29.00      32.00      63.00      49.00
      48.00      88.00     100.00      63.00      52.00      69.00      77.00      72.00      85.00      91.00
      90.00     100.00      45.00      28.00      30.00      27.00      24.00      23.00      33.00      50.00
      63.00      73.00      83.00      90.00      90.00      76.00      54.00      41.00      39.00      49.00
      64.00      73.00      72.00      65.00      57.00      55.00      58.00      62.00      65.00      63.00
      57.00      57.00      69.00
      27.00      33.00      38.00      39.00      38.00      32.00      26.00      25.00      20.00       8.00
       1.00       0.00       1.00       6.00       7.00       9.00      13.00      11.00       7.00      13.00
      15.00      10.00      11.00      16.00      18.00      20.00      21.00      27.00      50.00      53.00
      53.00      58.00      74.00     100.00      84.00      80.00      91.00      92.00      95.00      91.00
      87.00      72.00      19.00      13.00      29.00      23.00      27.00      50.00      72.00      81.00
      73.00      62.00      66.00      76.00      75.00      61.00      47.00      45.00      46.00      44.00
      44.00      46.00      48.00      45.00      41.00      41.00      41.00      39.00      38.00      36.00
      34.00      41.00      48.00
      24.00      28.00      28.00      27.00      29.00      33.00      39.00      43.00      39.00      30.00
      22.00      14.00       7.00       5.00       7.00      13.00      24.00      23.00      18.00      21.00
      23.00      19.00      18.00      25.00      30.00      24.00      19.00      31.00      49.00      64.00
      66.00      54.00      50.00      61.00      95.00     100.00     100.00     100.00      80.00      99.00
      90.00      63.00      29.00      35.00      60.00      61.00      78.00      95.00      90.00      67.00
      48.00      51.00      66.00      68.00      56.00      47.00      45.00      48.00      50.00      44.00
      38.00      32.00      28.00      27.00      27.00      30.00      32.00      32.00      34.00      37.00
      43.00      47.00      45.00
      25.00      29.00      28.00      29.00      29.00      30.00      36.00      44.00      50.00      51.00
      43.00      34.00      24.00      14.00      11.00      14.00      21.00      20.00      17.00      19.00
      26.00      24.00      23.00      27.00      34.00      30.00      28.00      41.00      60.00      83.00
      89.00      86.00      71.00      64.00      76.00      84.00      81.00      81.00      78.00      73.00
      90.00      80.00      69.00      72.00      84.00      97.00      95.00      77.00      56.00      45.00
      47.00      61.00      66.00      48.00      35.00      37.00      45.00      51.00      50.00      41.00
      36.00      33.00      32.00      36.00      41.00      45.00      47.00      47.00      47.00      44.00
      40.00      39.00      41.00
      18.00      21.00      27.00      31.00      31.00      29.00      33.00      41.00      44.00      46.00
      44.00      40.00      35.00      24.00      16.00      20.00      19.00      15.00      18.00      23.00
      28.00      29.00      27.00      24.00      26.00      29.00      33.00      43.00      60.00      80.00
      91.00      90.00      92.00      87.00      75.00      62.00      58.00      62.00      62.00      63.00
      75.00      86.00      80.00      74.00      76.00      77.00      65.00      52.00      51.00      59.00
      69.00      64.00      45.00      34.00      36.00      41.00      45.00      48.00      44.00      36.00
      33.00      34.00      35.00      37.00      38.00      39.00      40.00      38.00      33.00      28.00
      28.00      36.00      45.00
      21.00      22.00      27.00      27.00      28.00      31.00      35.00      36.00      32.00      31.00
      33.00      35.00      35.00      30.00      23.00      25.00      23.00      14.00      15.00      29.00
      33.00      38.00      35.00      31.00      29.00      29.00      29.00      32.00      39.00      51.00
      65.00      82.00      74.00      51.00      37.00      45.00      57.00      62.00      61.00      63.00
      69.00      70.00      66.00      60.00      53.00      52.00      54.00      61.00      66.00      64.00
      60.00      49.00      38.00      43.00      50.00      47.00      45.00      42.00      37.00      32.00
      30.00      29.00      28.00      24.00      20.00      16.00      14.00      11.00      11.00      17.00
      29.00      40.00      37.00
      40.00      38.00      40.00      31.00      23.00      27.00      32.00      37.00      38.00      37.00
      36.00      35.00      32.00      30.00      28.00      26.00      24.00      21.00      15.00      19.00
      28.00      42.00      47.00      49.00      44.00      37.00      35.00      39.00      47.00      44.00
      50.00      72.00      71.00      54.00      49.00      61.00      65.00      65.00      65.00      67.00
      69.00      65.00      64.00      61.00      50.00      48.00      51.00      58.00      61.00      53.00
      44.00      40.00      45.00      57.00      60.00      50.00      43.00      38.00      35.00      32.00
      27.00      25.00      25.00      22.00      19.00      13.00       5.00       2.00       5.00      15.00
      25.00      27.00      17.00
      49.00      52.00      63.00      52.00      35.00      35.00      37.00      42.00      55.00      62.00
      58.00      48.00      43.00      36.00      38.00      37.00      33.00      32.00      38.00      26.00
      23.00      33.00      41.00      52.00      59.00      53.00      51.00      56.00      68.00      62.00
      60.00      73.00      72.00      63.00      60.00      58.00      53.00      58.00      66.00      74.00
      75.00      70.00      67.00      62.00      49.00      42.00      42.00      49.00      56.00      52.00
      45.00      47.00      56.00      65.00      65.00      55.00      45.00      41.00      40.00      37.00
      31.00      29.00      28.00      30.00      35.00      34.00      23.00      11.00       6.00      10.00
      14.00      13.00      11.00
      50.00      63.00      78.00      67.00      51.00      51.00      51.00      53.00      64.00      70.00
      67.00      62.00      64.00      49.00      51.00      60.00      61.00      46.00      46.00      38.00
      32.00      33.00      33.00      43.00      50.00      53.00      49.00      50.00      63.00      70.00
      71.00      80.00      84.00      79.00      68.00      59.00      53.00      56.00      67.00      77.00
      77.00      68.00      64.00      60.00      53.00      45.00      46.00      55.00      60.00      57.00
      58.00      64.00      68.00      69.00      66.00      60.00      56.00      54.00      53.00      51.00
      46.00      41.00      40.00      45.00      54.00      53.00      42.00      25.00      15.00      16.00
      21.00      23.00      25.00
      56.00      76.00      82.00      70.00      59.00      56.00      54.00      61.00      68.00      64.00
      61.00      63.00      69.00      66.00      65.00      80.00      79.00      71.00      75.00      88.00
      76.00      62.00      55.00      55.00      50.00      50.00      49.00      49.00      56.00      69.00
      71.00      69.00      73.00      73.00      69.00      68.00      63.00      58.00      64.00      74.00
      71.00      61.00      57.00      62.00      72.00      68.00      60.00      64.00      69.00      70.00
      75.00      77.00      72.00      69.00      67.00      68.00      68.00      64.00      63.00      63.00
      60.00      57.00      58.00      63.00      65.00      58.00      45.00      33.00      28.00      33.00
      37.00      36.00      37.00
      65.00      77.00      73.00      59.00      52.00      50.00      53.00      66.00      72.00      69.00
      71.00      70.00      71.00      75.00      71.00      79.00      76.00      69.00      71.00      75.00
      68.00      60.00      58.00      57.00      52.00      50.00      54.00      55.00      54.00      61.00
      71.00      72.00      68.00      63.00      66.00      70.00      64.00      57.00      64.00      74.00
      75.00      72.00      64.00      67.00      82.00      85.00      78.00      76.00      77.00      80.00
      84.00      82.00      74.00      69.00      70.00      74.00      73.00      67.00      64.00      63.00
      63.00      62.00      63.00      64.00      62.00      57.00      48.00      42.00      42.00      45.00
      44.00      37.00      36.00
      69.00      72.00      70.00      64.00      59.00      54.00      55.00      65.00      72.00      71.00
      74.00      77.00      72.00      65.00      62.00      61.00      45.00      46.00      53.00      54.00
      53.00      49.00      45.00      46.00      46.00      47.00      52.00      56.00      52.00      54.00
      67.00      78.00      72.00      64.00      71.00      71.00      57.00      50.00      59.00      71.00
      76.00      80.00      77.00      76.00      80.00      84.00      88.00      83.00      79.00      83.00
      86.00      80.00      69.00      64.00      69.00      76.00      74.00      65.00      58.00      57.00
      59.00      57.00      53.00      52.00      53.00      54.00      51.00      48.00      48.00      46.00
      42.00      37.00      35.00
      75.00      81.00      83.00      82.00      77.00      64.00      61.00      71.00      79.00      73.00
      64.00      60.00      60.00      71.00      69.00      48.00      41.00      37.00      38.00      42.00
      46.00      45.00      39.00      41.00      44.00      44.00      47.00      50.00      49.00      51.00
      62.00      79.00      73.00      67.00      78.00      71.00      52.00      47.00      57.00      64.00
      66.00      74.00      81.00      82.00      83.00      83.00      96.00      86.00      88.00      95.00
      92.00      76.00      59.00      55.00      63.00      64.00      57.00      50.00      50.00      54.00
      55.00      50.00      45.00      45.00      46.00      49.00      49.00      45.00      42.00      39.00
      38.00      39.00      39.00
      82.00      82.00      84.00      88.00      93.00      81.00      74.00      69.00      72.00      67.00
      54.00      43.00      44.00      59.00      76.00      65.00      40.00      32.00      34.00      42.00
      47.00      47.00      39.00      40.00      43.00      43.00      45.00      45.00      43.00      49.00
      64.00      79.00      77.00      72.00      76.00      67.00      55.00      53.00      58.00      59.00
      54.00      60.00      73.00      79.00      83.00      85.00      87.00      83.00      92.00      95.00
      94.00      79.00      57.00      52.00      55.00      48.00      35.00      32.00      41.00      53.00
      55.00      49.00      44.00      42.00      41.00      43.00      44.00      41.00      37.00      36.00
      38.00      42.00      42.00
