diamond 4 20年06月29日8时700百帕相对湿度
20 06 29  8  700 
2.500 -2.500  .0  180.0   90.0  .0
73  37
      73.00      73.00      73.00      73.00      73.00      73.00      73.00      73.00      73.00      73.00
      73.00      73.00      73.00      73.00      73.00      73.00      73.00      73.00      73.00      73.00
      73.00      73.00      73.00      73.00      73.00      73.00      73.00      73.00      73.00      73.00
      73.00      73.00      73.00      73.00      73.00      73.00      73.00      73.00      73.00      73.00
      73.00      73.00      73.00      73.00      73.00      73.00      73.00      73.00      73.00      73.00
      73.00      73.00      73.00      73.00      73.00      73.00      73.00      73.00      73.00      73.00
      73.00      73.00      73.00      73.00      73.00      73.00      73.00      73.00      73.00      73.00
      73.00      73.00      73.00
      72.00      74.00      75.00      77.00      78.00      80.00      81.00      83.00      84.00      85.00
      87.00      88.00      89.00      90.00      91.00      92.00      93.00      94.00      94.00      95.00
      95.00      96.00      96.00      97.00      97.00      97.00      97.00      98.00      98.00      98.00
      98.00      98.00      98.00      97.00      97.00      97.00      97.00      97.00      96.00      96.00
      95.00      95.00      94.00      93.00      93.00      92.00      91.00      90.00      89.00      88.00
      87.00      86.00      85.00      84.00      83.00      82.00      80.00      79.00      78.00      77.00
      75.00      74.00      73.00      71.00      70.00      69.00      68.00      66.00      65.00      64.00
      63.00      62.00      61.00
      65.00      69.00      72.00      76.00      80.00      83.00      86.00      90.00      92.00      95.00
      97.00      99.00     100.00     100.00     100.00     100.00     100.00     100.00     100.00     100.00
      99.00      98.00      97.00      96.00      95.00      95.00      94.00      93.00      93.00      93.00
      92.00      92.00      92.00      92.00      92.00      92.00      92.00      92.00      92.00      92.00
      92.00      92.00      92.00      91.00      91.00      91.00      90.00      89.00      88.00      87.00
      85.00      83.00      81.00      79.00      77.00      75.00      73.00      71.00      68.00      67.00
      65.00      63.00      62.00      61.00      60.00      59.00      58.00      57.00      57.00      56.00
      55.00      55.00      54.00
      62.00      65.00      69.00      72.00      76.00      79.00      83.00      85.00      88.00      90.00
      91.00      92.00      91.00      90.00      88.00      85.00      82.00      78.00      75.00      71.00
      68.00      65.00      62.00      60.00      59.00      58.00      58.00      58.00      58.00      59.00
      60.00      61.00      62.00      63.00      63.00      63.00      63.00      63.00      62.00      61.00
      61.00      60.00      60.00      60.00      60.00      61.00      61.00      61.00      60.00      59.00
      58.00      56.00      53.00      50.00      47.00      43.00      40.00      38.00      36.00      34.00
      34.00      34.00      35.00      36.00      38.00      40.00      43.00      45.00      47.00      49.00
      51.00      53.00      54.00
      81.00      84.00      86.00      87.00      87.00      87.00      88.00      89.00      90.00      91.00
      92.00      91.00      89.00      86.00      82.00      78.00      73.00      69.00      65.00      62.00
      60.00      58.00      58.00      57.00      58.00      59.00      61.00      63.00      65.00      68.00
      71.00      74.00      77.00      80.00      82.00      83.00      83.00      83.00      81.00      80.00
      78.00      76.00      74.00      72.00      70.00      68.00      65.00      63.00      61.00      57.00
      54.00      50.00      45.00      41.00      37.00      34.00      32.00      31.00      32.00      34.00
      37.00      41.00      46.00      50.00      55.00      59.00      62.00      65.00      66.00      66.00
      66.00      65.00      64.00
      80.00      79.00      75.00      71.00      68.00      66.00      67.00      71.00      76.00      83.00
      89.00      94.00      96.00      93.00      88.00      83.00      77.00      74.00      71.00      70.00
      70.00      70.00      70.00      71.00      71.00      71.00      71.00      71.00      72.00      73.00
      75.00      77.00      79.00      81.00      83.00      85.00      86.00      87.00      89.00      89.00
      90.00      89.00      87.00      85.00      82.00      78.00      74.00      70.00      66.00      62.00
      57.00      52.00      48.00      44.00      41.00      39.00      39.00      42.00      47.00      53.00
      60.00      67.00      72.00      76.00      79.00      81.00      82.00      82.00      80.00      78.00
      76.00      73.00      71.00
      53.00      49.00      45.00      41.00      39.00      38.00      38.00      39.00      41.00      46.00
      53.00      60.00      66.00      71.00      72.00      72.00      71.00      71.00      72.00      72.00
      72.00      72.00      71.00      68.00      64.00      60.00      57.00      57.00      59.00      63.00
      66.00      69.00      71.00      71.00      69.00      67.00      65.00      65.00      66.00      68.00
      71.00      73.00      73.00      72.00      70.00      67.00      64.00      61.00      61.00      60.00
      60.00      59.00      57.00      55.00      53.00      53.00      54.00      58.00      63.00      69.00
      74.00      76.00      77.00      75.00      73.00      72.00      71.00      72.00      73.00      75.00
      77.00      78.00      78.00
      51.00      47.00      46.00      48.00      51.00      53.00      53.00      49.00      44.00      40.00
      39.00      42.00      47.00      52.00      56.00      58.00      59.00      60.00      62.00      65.00
      68.00      68.00      66.00      59.00      52.00      47.00      47.00      52.00      61.00      70.00
      78.00      83.00      84.00      81.00      74.00      65.00      56.00      50.00      46.00      45.00
      46.00      48.00      50.00      50.00      50.00      48.00      46.00      47.00      50.00      55.00
      60.00      64.00      66.00      65.00      63.00      62.00      63.00      66.00      70.00      73.00
      73.00      69.00      63.00      59.00      58.00      62.00      70.00      80.00      88.00      94.00
      95.00      94.00      92.00
      44.00      40.00      38.00      38.00      39.00      39.00      39.00      37.00      35.00      33.00
      32.00      36.00      44.00      53.00      59.00      61.00      58.00      56.00      59.00      65.00
      72.00      74.00      71.00      65.00      59.00      59.00      64.00      73.00      83.00      89.00
      92.00      90.00      85.00      77.00      66.00      55.00      45.00      36.00      30.00      28.00
      28.00      30.00      34.00      37.00      38.00      36.00      34.00      32.00      34.00      39.00
      45.00      50.00      52.00      53.00      55.00      59.00      65.00      73.00      78.00      78.00
      72.00      62.00      50.00      41.00      38.00      45.00      61.00      81.00      95.00      98.00
      92.00      84.00      80.00
      62.00      60.00      57.00      52.00      47.00      46.00      48.00      49.00      46.00      39.00
      31.00      27.00      29.00      37.00      48.00      58.00      67.00      73.00      81.00      89.00
      94.00      92.00      82.00      69.00      62.00      65.00      77.00      92.00     100.00     100.00
      98.00      82.00      65.00      53.00      48.00      48.00      51.00      52.00      48.00      37.00
      29.00      28.00      32.00      36.00      38.00      34.00      26.00      20.00      19.00      22.00
      28.00      35.00      40.00      45.00      52.00      64.00      76.00      85.00      88.00      87.00
      84.00      79.00      71.00      60.00      52.00      53.00      65.00      81.00      91.00      89.00
      80.00      72.00      71.00
      73.00      76.00      80.00      77.00      75.00      75.00      74.00      67.00      54.00      40.00
      30.00      23.00      22.00      27.00      39.00      52.00      64.00      70.00      73.00      77.00
      81.00      79.00      69.00      57.00      50.00      52.00      64.00      81.00      96.00     100.00
      93.00      74.00      52.00      38.00      36.00      42.00      51.00      61.00      66.00      58.00
      45.00      39.00      40.00      45.00      48.00      45.00      37.00      30.00      28.00      31.00
      37.00      46.00      53.00      60.00      68.00      77.00      80.00      79.00      80.00      86.00
      89.00      88.00      83.00      71.00      55.00      48.00      55.00      72.00      90.00      99.00
     100.00      96.00      91.00
      55.00      62.00      68.00      70.00      75.00      83.00      87.00      82.00      71.00      58.00
      45.00      35.00      29.00      33.00      44.00      58.00      69.00      74.00      74.00      75.00
      79.00      77.00      71.00      66.00      65.00      68.00      73.00      79.00      85.00      89.00
      91.00      85.00      70.00      48.00      31.00      26.00      31.00      43.00      58.00      67.00
      62.00      51.00      48.00      52.00      57.00      59.00      57.00      54.00      53.00      54.00
      55.00      57.00      60.00      62.00      66.00      62.00      51.00      47.00      51.00      56.00
      60.00      59.00      55.00      49.00      43.00      37.00      37.00      47.00      63.00      78.00
      86.00      87.00      81.00
      93.00      90.00      76.00      62.00      66.00      85.00     100.00     100.00      90.00      75.00
      56.00      38.00      27.00      26.00      33.00      47.00      59.00      68.00      80.00      97.00
     100.00      93.00      70.00      62.00      70.00      84.00      91.00      88.00      82.00      82.00
      87.00      92.00      85.00      61.00      32.00      15.00      20.00      40.00      63.00      79.00
      78.00      63.00      50.00      52.00      60.00      64.00      60.00      56.00      55.00      55.00
      54.00      52.00      51.00      52.00      53.00      54.00      50.00      51.00      52.00      52.00
      53.00      51.00      47.00      40.00      31.00      25.00      23.00      26.00      29.00      36.00
      47.00      60.00      67.00
     100.00     100.00      80.00      59.00      52.00      64.00      80.00      85.00      81.00      71.00
      57.00      43.00      34.00      31.00      35.00      41.00      40.00      38.00      43.00      61.00
      81.00      85.00      78.00      81.00      93.00     100.00     100.00      99.00      93.00      93.00
      96.00      93.00      76.00      48.00      25.00      18.00      27.00      47.00      67.00      74.00
      66.00      54.00      51.00      61.00      72.00      75.00      67.00      58.00      54.00      53.00
      51.00      47.00      43.00      42.00      42.00      39.00      40.00      48.00      54.00      57.00
      57.00      57.00      54.00      44.00      34.00      30.00      34.00      41.00      46.00      52.00
      62.00      75.00      81.00
      78.00      79.00      74.00      58.00      42.00      48.00      64.00      70.00      67.00      62.00
      59.00      58.00      60.00      65.00      69.00      68.00      63.00      58.00      55.00      52.00
      50.00      50.00      58.00      72.00      80.00      78.00      75.00      75.00      83.00      98.00
     100.00      99.00      70.00      39.00      33.00      46.00      56.00      63.00      73.00      81.00
      80.00      63.00      56.00      61.00      68.00      77.00      79.00      70.00      59.00      55.00
      55.00      52.00      46.00      38.00      31.00      31.00      44.00      67.00      83.00      81.00
      69.00      57.00      49.00      41.00      34.00      32.00      35.00      41.00      50.00      56.00
      64.00      69.00      68.00
      36.00      43.00      39.00      26.00      28.00      55.00      76.00      78.00      70.00      60.00
      54.00      58.00      68.00      79.00      87.00      91.00      92.00      92.00      86.00      68.00
      45.00      27.00      19.00      17.00      18.00      16.00      23.00      36.00      52.00      70.00
      90.00      94.00      64.00      40.00      60.00      94.00      99.00      89.00      79.00      76.00
      86.00      80.00      64.00      57.00      68.00      88.00      89.00      72.00      56.00      53.00
      62.00      66.00      56.00      40.00      28.00      28.00      43.00      66.00      80.00      72.00
      49.00      24.00       9.00      11.00      17.00      18.00      15.00      13.00      16.00      21.00
      28.00      38.00      45.00
       7.00      13.00      13.00      29.00      59.00      82.00      87.00      81.00      71.00      63.00
      58.00      61.00      70.00      83.00      91.00      93.00      85.00      75.00      73.00      80.00
      83.00      71.00      56.00      50.00      50.00      51.00      58.00      67.00      71.00      75.00
      78.00      71.00      52.00      47.00      63.00      87.00      78.00      57.00      49.00      52.00
      62.00      70.00      62.00      65.00      82.00     100.00      94.00      71.00      53.00      52.00
      65.00      76.00      72.00      56.00      43.00      39.00      45.00      57.00      68.00      68.00
      57.00      43.00      37.00      46.00      62.00      71.00      67.00      57.00      43.00      26.00
      18.00      23.00      33.00
      35.00      52.00      82.00     100.00      90.00      79.00      69.00      61.00      60.00      67.00
      73.00      67.00      63.00      61.00      59.00      57.00      53.00      46.00      48.00      71.00
      96.00      97.00      82.00      82.00      92.00      96.00      91.00      88.00      83.00      67.00
      51.00      35.00      25.00      45.00      81.00      86.00      58.00      38.00      29.00      28.00
      43.00      54.00      58.00      62.00      69.00      82.00      82.00      64.00      51.00      51.00
      58.00      72.00      81.00      81.00      71.00      57.00      50.00      56.00      71.00      81.00
      90.00      96.00      96.00      96.00     100.00     100.00     100.00     100.00      95.00      56.00
      19.00      13.00      23.00
      59.00      82.00      92.00      80.00      62.00      47.00      40.00      41.00      53.00      68.00
      66.00      48.00      37.00      28.00      22.00      24.00      26.00      28.00      31.00      38.00
      54.00      58.00      45.00      43.00      60.00      76.00      74.00      63.00      47.00      33.00
      25.00      31.00      53.00      76.00     100.00      92.00      65.00      50.00      43.00      40.00
      44.00      48.00      57.00      68.00      74.00      74.00      68.00      60.00      60.00      63.00
      68.00      75.00      81.00      86.00      93.00      87.00      77.00      78.00      89.00      94.00
      97.00     100.00     100.00      96.00      95.00      95.00      96.00     100.00      96.00      63.00
      20.00      10.00      20.00
      79.00      72.00      67.00      54.00      40.00      32.00      24.00      27.00      50.00      59.00
      44.00      28.00      16.00       7.00      12.00      20.00      13.00      22.00      27.00      48.00
      67.00      82.00      65.00      33.00      20.00      34.00      38.00      27.00      10.00      15.00
      34.00      41.00      71.00      91.00     100.00      92.00      45.00      31.00      42.00      58.00
      61.00      55.00      56.00      69.00      83.00      89.00      91.00      82.00      61.00      55.00
      64.00      76.00      78.00      74.00      84.00      94.00      91.00      83.00      76.00      76.00
      88.00     100.00      99.00      97.00     100.00     100.00     100.00     100.00     100.00      65.00
      19.00       8.00      28.00
      41.00      39.00      36.00      32.00      29.00      27.00      26.00      24.00      33.00      41.00
      30.00      16.00       1.00      11.00       0.00       1.00      22.00      64.00      84.00      91.00
     100.00     100.00      79.00      35.00      10.00       0.00       5.00       7.00      19.00      57.00
      68.00      32.00      42.00      81.00      97.00      79.00      36.00      23.00      31.00      38.00
      54.00      51.00      49.00      57.00      76.00      91.00      91.00      71.00      36.00      12.00
      17.00      40.00      58.00      62.00      65.00      74.00      76.00      63.00      49.00      61.00
      94.00     100.00      88.00      79.00      86.00      87.00      82.00      88.00      86.00      49.00
       8.00       2.00      24.00
      26.00      33.00      33.00      30.00      26.00      28.00      35.00      39.00      31.00      26.00
      19.00      12.00      32.00      50.00      34.00      28.00      45.00      66.00      80.00      82.00
      71.00      73.00      51.00      29.00      19.00      12.00       7.00       5.00       9.00       6.00
      35.00      50.00      41.00      61.00     100.00      98.00      93.00      93.00      64.00      48.00
      51.00      60.00      54.00      49.00      58.00      71.00      77.00      76.00      66.00      47.00
      21.00      10.00      21.00      39.00      53.00      65.00      63.00      53.00      58.00      93.00
     100.00      99.00      64.00      53.00      58.00      58.00      54.00      63.00      63.00      43.00
      18.00       9.00       9.00
      28.00      28.00      32.00      38.00      35.00      28.00      33.00      39.00      29.00      15.00
       9.00       6.00      13.00      14.00      12.00      13.00      29.00      23.00      58.00      44.00
      42.00      41.00      48.00      39.00      28.00      18.00       9.00      19.00      21.00      10.00
      47.00      40.00      36.00      74.00      74.00      13.00       0.00      58.00      77.00      81.00
      84.00      90.00      67.00      35.00      35.00      43.00      53.00      73.00      98.00     100.00
      84.00      43.00      23.00      23.00      31.00      39.00      35.00      33.00      61.00      95.00
      93.00      63.00      44.00      47.00      52.00      47.00      44.00      54.00      61.00      65.00
      63.00      47.00      30.00
      25.00      25.00      33.00      40.00      38.00      30.00      28.00      32.00      22.00       7.00
       3.00       2.00       0.00       0.00       8.00       9.00      14.00      19.00      14.00      26.00
      30.00      30.00      30.00      26.00      28.00      31.00      20.00      37.00      60.00      55.00
      46.00      70.00      94.00      69.00      81.00     100.00     100.00      74.00      84.00      91.00
      87.00      93.00      57.00      40.00      52.00      62.00      71.00      84.00      90.00      87.00
      78.00      67.00      58.00      44.00      30.00      27.00      36.00      50.00      68.00      71.00
      52.00      38.00      43.00      54.00      54.00      48.00      49.00      60.00      74.00      90.00
      98.00      89.00      82.00
      21.00      26.00      31.00      36.00      37.00      38.00      37.00      28.00      15.00       1.00
       0.00       0.00       0.00       3.00      12.00      12.00      14.00      27.00      26.00      18.00
      15.00      20.00      16.00      14.00      23.00      32.00      26.00      25.00      48.00      62.00
      60.00      67.00      63.00      52.00       7.00      46.00      97.00     100.00     100.00      97.00
      91.00      91.00      71.00      71.00      90.00      96.00      94.00      92.00      72.00      46.00
      41.00      58.00      75.00      77.00      67.00      69.00      82.00      80.00      60.00      40.00
      35.00      45.00      57.00      59.00      57.00      55.00      59.00      68.00      75.00      86.00
      99.00     100.00      95.00
      20.00      30.00      37.00      42.00      44.00      43.00      35.00      18.00       7.00       0.00
       0.00       1.00       5.00      10.00      20.00      22.00      25.00      28.00      26.00      25.00
      18.00      13.00      14.00      17.00      27.00      33.00      24.00      20.00      33.00      43.00
      57.00      68.00      76.00      73.00      72.00      63.00      88.00      94.00      98.00     100.00
     100.00      93.00      91.00      91.00      91.00      82.00      71.00      63.00      55.00      47.00
      44.00      47.00      55.00      68.00      80.00      87.00      77.00      47.00      22.00      20.00
      35.00      50.00      57.00      58.00      55.00      52.00      52.00      57.00      60.00      64.00
      74.00      73.00      55.00
      22.00      29.00      31.00      34.00      36.00      33.00      25.00      18.00      14.00      13.00
      15.00      20.00      30.00      33.00      33.00      29.00      23.00      23.00      24.00      22.00
      17.00      15.00      22.00      26.00      28.00      34.00      33.00      30.00      35.00      34.00
      48.00      69.00      84.00      86.00      75.00      73.00      79.00      83.00      78.00      80.00
      97.00      88.00      82.00      87.00      74.00      64.00      57.00      53.00      57.00      58.00
      45.00      32.00      31.00      42.00      53.00      50.00      33.00      16.00      16.00      30.00
      40.00      44.00      45.00      44.00      39.00      35.00      34.00      36.00      40.00      39.00
      37.00      28.00      17.00
      22.00      26.00      23.00      20.00      22.00      23.00      28.00      42.00      53.00      34.00
      38.00      42.00      47.00      46.00      37.00      28.00      20.00      17.00      18.00      15.00
      15.00      28.00      39.00      30.00      22.00      24.00      31.00      38.00      41.00      40.00
      48.00      69.00      83.00      90.00     100.00      95.00      85.00      82.00      83.00      75.00
      78.00      73.00      74.00      81.00      68.00      66.00      68.00      65.00      60.00      48.00
      33.00      24.00      24.00      28.00      30.00      25.00      20.00      21.00      27.00      30.00
      31.00      33.00      35.00      29.00      23.00      23.00      24.00      26.00      27.00      24.00
      19.00      16.00      15.00
      19.00      27.00      36.00      42.00      47.00      48.00      44.00      41.00      37.00      26.00
      30.00      40.00      48.00      46.00      35.00      26.00      21.00      17.00      17.00      21.00
      30.00      42.00      38.00      24.00      19.00      22.00      29.00      36.00      41.00      46.00
      60.00      64.00      64.00      71.00      76.00      77.00      73.00      71.00      74.00      72.00
      72.00      71.00      72.00      74.00      71.00      75.00      75.00      66.00      51.00      38.00
      33.00      32.00      30.00      28.00      28.00      29.00      28.00      27.00      23.00      22.00
      26.00      30.00      30.00      26.00      25.00      26.00      27.00      26.00      23.00      22.00
      28.00      36.00      34.00
      27.00      33.00      55.00      81.00      97.00      89.00      82.00      70.00      52.00      30.00
      31.00      47.00      52.00      44.00      32.00      25.00      27.00      28.00      30.00      38.00
      46.00      43.00      25.00      21.00      29.00      32.00      34.00      36.00      38.00      44.00
      57.00      58.00      53.00      55.00      51.00      49.00      52.00      60.00      70.00      72.00
      71.00      68.00      67.00      68.00      69.00      71.00      69.00      65.00      58.00      54.00
      54.00      52.00      42.00      31.00      29.00      34.00      36.00      32.00      23.00      19.00
      21.00      25.00      31.00      31.00      28.00      28.00      32.00      32.00      27.00      24.00
      32.00      42.00      41.00
      58.00      60.00      70.00      94.00     100.00      92.00      76.00      65.00      70.00      53.00
      52.00      65.00      57.00      41.00      36.00      25.00      36.00      47.00      49.00      56.00
      56.00      49.00      34.00      40.00      46.00      43.00      42.00      45.00      48.00      48.00
      53.00      59.00      45.00      38.00      37.00      39.00      47.00      61.00      73.00      79.00
      77.00      70.00      73.00      78.00      73.00      67.00      64.00      65.00      70.00      76.00
      78.00      65.00      46.00      32.00      29.00      34.00      41.00      42.00      32.00      21.00
      15.00      17.00      27.00      33.00      28.00      26.00      32.00      36.00      34.00      27.00
      25.00      30.00      37.00
      64.00      62.00      63.00      74.00      80.00      77.00      65.00      66.00      80.00      80.00
      73.00      80.00      72.00      60.00      65.00      54.00      49.00      56.00      61.00      56.00
      51.00      53.00      52.00      55.00      52.00      46.00      44.00      45.00      51.00      53.00
      55.00      70.00      57.00      48.00      50.00      54.00      57.00      64.00      74.00      81.00
      82.00      80.00      84.00      86.00      83.00      76.00      69.00      67.00      70.00      80.00
      83.00      68.00      52.00      45.00      44.00      44.00      48.00      53.00      52.00      43.00
      32.00      23.00      25.00      35.00      35.00      29.00      33.00      39.00      37.00      29.00
      23.00      23.00      28.00
      54.00      58.00      66.00      69.00      68.00      67.00      60.00      64.00      75.00      73.00
      69.00      80.00      84.00      83.00      85.00      90.00      72.00      57.00      62.00      63.00
      57.00      53.00      48.00      46.00      43.00      41.00      42.00      43.00      49.00      54.00
      59.00      67.00      61.00      54.00      54.00      56.00      54.00      56.00      63.00      70.00
      72.00      72.00      76.00      79.00      79.00      70.00      66.00      71.00      67.00      69.00
      77.00      72.00      68.00      72.00      71.00      63.00      58.00      61.00      69.00      73.00
      64.00      44.00      34.00      43.00      47.00      38.00      39.00      42.00      40.00      37.00
      34.00      31.00      28.00
      67.00      74.00      84.00      84.00      79.00      76.00      71.00      70.00      77.00      75.00
      75.00      81.00      75.00      69.00      61.00      73.00      52.00      50.00      50.00      57.00
      61.00      51.00      41.00      39.00      38.00      41.00      45.00      44.00      46.00      53.00
      61.00      66.00      64.00      60.00      55.00      53.00      53.00      54.00      56.00      57.00
      57.00      63.00      62.00      61.00      62.00      58.00      63.00      69.00      61.00      63.00
      76.00      82.00      84.00      86.00      84.00      78.00      69.00      67.00      75.00      81.00
      75.00      57.00      43.00      49.00      57.00      52.00      48.00      48.00      50.00      47.00
      43.00      41.00      32.00
      66.00      70.00      77.00      87.00      88.00      80.00      68.00      73.00      83.00      85.00
      83.00      75.00      71.00      59.00      42.00      25.00      38.00      43.00      43.00      45.00
      48.00      45.00      43.00      45.00      43.00      45.00      48.00      44.00      46.00      55.00
      60.00      61.00      67.00      72.00      65.00      57.00      56.00      56.00      54.00      50.00
      51.00      59.00      59.00      60.00      62.00      66.00      72.00      70.00      58.00      62.00
      76.00      90.00      92.00      80.00      75.00      77.00      75.00      68.00      66.00      67.00
      62.00      49.00      40.00      45.00      56.00      54.00      49.00      48.00      51.00      46.00
      41.00      41.00      34.00
      55.00      58.00      61.00      74.00      80.00      74.00      62.00      65.00      74.00      81.00
      79.00      64.00      77.00      94.00      62.00      29.00      37.00      38.00      41.00      41.00
      42.00      45.00      48.00      51.00      48.00      47.00      49.00      49.00      55.00      62.00
      57.00      56.00      64.00      71.00      63.00      56.00      56.00      54.00      50.00      43.00
      48.00      57.00      61.00      63.00      68.00      71.00      77.00      72.00      64.00      64.00
      73.00      86.00      82.00      66.00      61.00      66.00      71.00      66.00      58.00      55.00
      52.00      47.00      42.00      43.00      48.00      45.00      42.00      44.00      45.00      40.00
      36.00      35.00      33.00
      51.00      55.00      56.00      67.00      84.00      87.00      76.00      62.00      61.00      66.00
      70.00      74.00      82.00      99.00      84.00      42.00      31.00      33.00      41.00      43.00
      43.00      45.00      42.00      43.00      44.00      44.00      43.00      46.00      55.00      62.00
      55.00      55.00      63.00      68.00      60.00      56.00      56.00      51.00      49.00      49.00
      56.00      63.00      59.00      60.00      67.00      71.00      74.00      73.00      71.00      69.00
      67.00      72.00      67.00      59.00      64.00      72.00      71.00      62.00      57.00      55.00
      52.00      50.00      46.00      45.00      46.00      40.00      37.00      41.00      44.00      41.00
      36.00      34.00      36.00
