diamond 4 20年06月30日20时700百帕相对湿度
20 06 30  20  700 
2.500 -2.500  .0  180.0   90.0  .0
73  37
      47.00      47.00      47.00      47.00      47.00      47.00      47.00      47.00      47.00      47.00
      47.00      47.00      47.00      47.00      47.00      47.00      47.00      47.00      47.00      47.00
      47.00      47.00      47.00      47.00      47.00      47.00      47.00      47.00      47.00      47.00
      47.00      47.00      47.00      47.00      47.00      47.00      47.00      47.00      47.00      47.00
      47.00      47.00      47.00      47.00      47.00      47.00      47.00      47.00      47.00      47.00
      47.00      47.00      47.00      47.00      47.00      47.00      47.00      47.00      47.00      47.00
      47.00      47.00      47.00      47.00      47.00      47.00      47.00      47.00      47.00      47.00
      47.00      47.00      47.00
      50.00      52.00      53.00      54.00      55.00      56.00      57.00      58.00      58.00      59.00
      59.00      59.00      60.00      60.00      59.00      59.00      59.00      58.00      58.00      57.00
      57.00      56.00      55.00      55.00      54.00      53.00      52.00      51.00      50.00      49.00
      48.00      47.00      47.00      46.00      45.00      44.00      43.00      42.00      41.00      40.00
      39.00      39.00      38.00      37.00      37.00      36.00      36.00      35.00      35.00      34.00
      34.00      34.00      34.00      34.00      34.00      34.00      35.00      35.00      35.00      36.00
      36.00      37.00      38.00      38.00      39.00      39.00      40.00      40.00      41.00      41.00
      42.00      42.00      42.00
      56.00      59.00      61.00      63.00      64.00      65.00      64.00      64.00      63.00      61.00
      59.00      56.00      54.00      51.00      49.00      47.00      45.00      43.00      42.00      41.00
      40.00      39.00      39.00      39.00      39.00      39.00      40.00      40.00      40.00      40.00
      40.00      39.00      39.00      39.00      39.00      38.00      38.00      37.00      36.00      36.00
      35.00      34.00      33.00      32.00      31.00      30.00      28.00      27.00      26.00      24.00
      23.00      21.00      20.00      19.00      18.00      18.00      18.00      18.00      18.00      19.00
      21.00      23.00      25.00      27.00      29.00      32.00      34.00      37.00      39.00      41.00
      42.00      43.00      45.00
      59.00      63.00      66.00      68.00      68.00      68.00      67.00      64.00      61.00      57.00
      53.00      49.00      45.00      43.00      41.00      41.00      41.00      43.00      45.00      48.00
      51.00      55.00      57.00      60.00      62.00      63.00      63.00      62.00      62.00      60.00
      58.00      57.00      55.00      53.00      52.00      51.00      51.00      51.00      51.00      51.00
      52.00      53.00      54.00      54.00      55.00      55.00      55.00      55.00      55.00      55.00
      54.00      54.00      53.00      52.00      51.00      50.00      48.00      47.00      46.00      44.00
      43.00      42.00      42.00      42.00      42.00      42.00      43.00      44.00      44.00      45.00
      45.00      44.00      44.00
      53.00      55.00      56.00      57.00      58.00      58.00      57.00      56.00      54.00      53.00
      52.00      52.00      54.00      57.00      61.00      67.00      72.00      78.00      83.00      87.00
      90.00      92.00      93.00      93.00      92.00      89.00      85.00      80.00      75.00      69.00
      63.00      58.00      53.00      50.00      47.00      46.00      46.00      47.00      49.00      50.00
      52.00      53.00      55.00      55.00      55.00      56.00      56.00      57.00      59.00      61.00
      64.00      68.00      72.00      76.00      80.00      82.00      84.00      83.00      82.00      79.00
      75.00      71.00      67.00      64.00      62.00      60.00      60.00      60.00      60.00      60.00
      60.00      59.00      57.00
      69.00      71.00      73.00      75.00      77.00      77.00      76.00      73.00      71.00      69.00
      68.00      70.00      75.00      81.00      90.00      98.00     100.00     100.00     100.00     100.00
     100.00     100.00     100.00      97.00      91.00      84.00      76.00      70.00      64.00      59.00
      55.00      54.00      54.00      55.00      58.00      62.00      67.00      72.00      75.00      77.00
      77.00      74.00      70.00      66.00      61.00      56.00      53.00      52.00      53.00      55.00
      59.00      64.00      69.00      73.00      76.00      77.00      75.00      71.00      66.00      60.00
      55.00      51.00      49.00      49.00      50.00      53.00      55.00      58.00      61.00      64.00
      65.00      66.00      67.00
      78.00      81.00      83.00      85.00      86.00      87.00      87.00      85.00      82.00      77.00
      71.00      68.00      66.00      68.00      71.00      76.00      83.00      89.00      95.00      99.00
     100.00     100.00     100.00      97.00      92.00      87.00      81.00      75.00      71.00      67.00
      65.00      64.00      65.00      68.00      72.00      77.00      82.00      86.00      88.00      88.00
      84.00      77.00      69.00      61.00      53.00      47.00      45.00      45.00      48.00      52.00
      58.00      63.00      65.00      64.00      60.00      52.00      43.00      34.00      27.00      25.00
      28.00      36.00      46.00      56.00      65.00      71.00      74.00      74.00      73.00      71.00
      68.00      66.00      64.00
      84.00      79.00      72.00      69.00      71.00      80.00      90.00      97.00     100.00      99.00
      96.00      92.00      88.00      82.00      75.00      67.00      59.00      54.00      53.00      57.00
      65.00      74.00      83.00      90.00      94.00      94.00      91.00      86.00      78.00      70.00
      62.00      54.00      47.00      42.00      41.00      42.00      46.00      50.00      54.00      56.00
      56.00      53.00      47.00      40.00      33.00      28.00      26.00      28.00      34.00      42.00
      50.00      54.00      55.00      53.00      47.00      39.00      31.00      25.00      24.00      28.00
      39.00      52.00      66.00      76.00      83.00      87.00      88.00      89.00      89.00      89.00
      88.00      86.00      84.00
      83.00      61.00      42.00      39.00      51.00      71.00      86.00      92.00      89.00      82.00
      78.00      77.00      81.00      85.00      88.00      88.00      82.00      74.00      66.00      59.00
      55.00      54.00      55.00      59.00      64.00      72.00      78.00      81.00      80.00      76.00
      69.00      60.00      52.00      46.00      43.00      42.00      42.00      41.00      43.00      46.00
      51.00      53.00      51.00      45.00      38.00      32.00      29.00      31.00      38.00      46.00
      53.00      57.00      57.00      55.00      50.00      44.00      39.00      37.00      37.00      42.00
      49.00      58.00      68.00      77.00      83.00      88.00      92.00      95.00      98.00      99.00
      98.00      96.00      94.00
      32.00      17.00      14.00      26.00      45.00      63.00      73.00      72.00      62.00      49.00
      41.00      42.00      49.00      57.00      62.00      65.00      64.00      62.00      60.00      56.00
      49.00      41.00      33.00      31.00      37.00      52.00      70.00      85.00      93.00      92.00
      87.00      79.00      73.00      72.00      74.00      73.00      67.00      59.00      53.00      55.00
      60.00      63.00      60.00      51.00      41.00      33.00      28.00      28.00      31.00      36.00
      43.00      50.00      55.00      58.00      57.00      56.00      56.00      60.00      62.00      62.00
      60.00      63.00      69.00      76.00      81.00      87.00      93.00      97.00      95.00      88.00
      79.00      71.00      68.00
      19.00      35.00      48.00      59.00      68.00      69.00      62.00      54.00      49.00      50.00
      59.00      72.00      78.00      72.00      55.00      36.00      22.00      16.00      20.00      26.00
      29.00      25.00      20.00      22.00      32.00      46.00      63.00      78.00      87.00      88.00
      80.00      70.00      64.00      66.00      70.00      69.00      61.00      56.00      55.00      59.00
      64.00      65.00      60.00      50.00      40.00      34.00      31.00      29.00      27.00      26.00
      27.00      31.00      36.00      40.00      46.00      55.00      67.00      85.00      95.00      89.00
      71.00      50.00      35.00      26.00      26.00      35.00      50.00      63.00      71.00      74.00
      76.00      78.00      81.00
      45.00      70.00      91.00      98.00      90.00      68.00      51.00      43.00      49.00      68.00
      95.00     100.00     100.00      86.00      54.00      25.00       9.00       6.00      13.00      25.00
      33.00      33.00      31.00      34.00      43.00      52.00      58.00      63.00      71.00      80.00
      84.00      81.00      75.00      73.00      72.00      63.00      49.00      39.00      42.00      52.00
      62.00      64.00      56.00      46.00      41.00      45.00      53.00      54.00      46.00      38.00
      31.00      28.00      26.00      24.00      22.00      33.00      49.00      59.00      76.00      72.00
      59.00      46.00      41.00      41.00      45.00      51.00      59.00      70.00      79.00      82.00
      82.00      82.00      83.00
      80.00      94.00      99.00      88.00      77.00      71.00      64.00      62.00      69.00      83.00
      99.00     100.00      95.00      72.00      44.00      20.00       7.00       7.00      16.00      29.00
      41.00      48.00      48.00      48.00      53.00      59.00      55.00      48.00      47.00      55.00
      63.00      63.00      54.00      42.00      35.00      33.00      31.00      29.00      34.00      47.00
      59.00      63.00      57.00      52.00      57.00      65.00      70.00      68.00      61.00      53.00
      43.00      32.00      23.00      19.00      25.00      49.00      77.00      90.00      87.00      82.00
      85.00      93.00      99.00      98.00      90.00      79.00      69.00      65.00      65.00      64.00
      61.00      57.00      54.00
      85.00      77.00      64.00      55.00      57.00      67.00      78.00      82.00      79.00      78.00
      86.00      95.00      89.00      70.00      41.00      16.00       6.00       7.00      16.00      31.00
      47.00      60.00      61.00      52.00      46.00      51.00      62.00      68.00      70.00      71.00
      71.00      60.00      37.00      17.00       9.00      14.00      25.00      31.00      37.00      47.00
      54.00      57.00      57.00      59.00      62.00      63.00      61.00      58.00      57.00      56.00
      51.00      42.00      39.00      45.00      59.00      76.00      87.00      85.00      78.00      77.00
      83.00      89.00      88.00      80.00      72.00      68.00      69.00      73.00      78.00      83.00
      86.00      84.00      77.00
      72.00      61.00      46.00      43.00      61.00      84.00      90.00      75.00      59.00      58.00
      74.00      93.00      97.00      80.00      46.00      18.00       8.00      12.00      26.00      43.00
      59.00      72.00      72.00      59.00      46.00      51.00      76.00      99.00     100.00     100.00
      95.00      68.00      35.00      17.00      21.00      38.00      50.00      41.00      29.00      33.00
      45.00      56.00      61.00      61.00      55.00      53.00      51.00      48.00      46.00      43.00
      42.00      44.00      49.00      55.00      58.00      60.00      58.00      51.00      42.00      40.00
      45.00      46.00      42.00      44.00      60.00      84.00     100.00     100.00     100.00     100.00
     100.00     100.00     100.00
      95.00      92.00      70.00      57.00      64.00      72.00      59.00      36.00      31.00      49.00
      76.00      93.00      93.00      81.00      54.00      24.00       8.00       6.00      13.00      23.00
      33.00      39.00      38.00      35.00      41.00      58.00      80.00      93.00      96.00      94.00
      86.00      66.00      40.00      29.00      47.00      70.00      64.00      48.00      30.00      28.00
      40.00      51.00      70.00      82.00      78.00      74.00      71.00      68.00      58.00      43.00
      38.00      50.00      59.00      57.00      47.00      41.00      43.00      51.00      52.00      42.00
      36.00      34.00      34.00      44.00      69.00      94.00     100.00      99.00      84.00      72.00
      70.00      81.00      99.00
      94.00      93.00      73.00      56.00      54.00      47.00      30.00      17.00      22.00      41.00
      58.00      68.00      67.00      63.00      52.00      37.00      24.00      15.00      10.00      12.00
      23.00      35.00      40.00      38.00      46.00      66.00      82.00      83.00      79.00      80.00
      82.00      79.00      66.00      66.00      75.00      90.00      76.00      61.00      50.00      42.00
      47.00      50.00      56.00      67.00      85.00      95.00      97.00      99.00      83.00      55.00
      37.00      48.00      61.00      62.00      56.00      59.00      72.00      83.00      76.00      55.00
      42.00      40.00      43.00      53.00      68.00      80.00      85.00      81.00      70.00      58.00
      57.00      79.00     100.00
      67.00      60.00      56.00      63.00      63.00      71.00      68.00      52.00      34.00      38.00
      46.00      54.00      57.00      57.00      56.00      57.00      61.00      62.00      56.00      52.00
      57.00      72.00      84.00      81.00      74.00      75.00      78.00      63.00      50.00      50.00
      51.00      50.00      57.00      66.00      73.00      85.00      90.00      82.00      80.00      69.00
      64.00      65.00      64.00      63.00      77.00      94.00     100.00      99.00      78.00      46.00
      40.00      53.00      69.00      80.00      86.00      87.00      81.00      73.00      65.00      55.00
      46.00      40.00      35.00      40.00      53.00      64.00      67.00      61.00      51.00      41.00
      49.00      83.00     100.00
      62.00      57.00      57.00      56.00      59.00      65.00      69.00      61.00      49.00      48.00
      51.00      59.00      59.00      55.00      52.00      55.00      60.00      63.00      75.00      77.00
      70.00      77.00      89.00      89.00      76.00      62.00      49.00      39.00      39.00      36.00
      27.00      21.00      24.00      31.00      49.00      58.00      66.00      82.00      84.00      70.00
      57.00      54.00      54.00      60.00      72.00      79.00      82.00      88.00      71.00      53.00
      51.00      66.00      77.00      74.00      72.00      67.00      60.00      63.00      74.00      81.00
      77.00      65.00      50.00      44.00      47.00      51.00      47.00      37.00      27.00      27.00
      49.00      86.00      99.00
      76.00      64.00      57.00      50.00      42.00      42.00      52.00      58.00      58.00      62.00
      65.00      57.00      46.00      43.00      34.00      31.00      22.00      46.00      51.00      32.00
      29.00      34.00      50.00      63.00      60.00      38.00      27.00      32.00      53.00      43.00
      30.00      30.00      33.00      27.00      18.00      21.00      31.00      38.00      49.00      52.00
      48.00      38.00      35.00      54.00      72.00      63.00      61.00      81.00      86.00      67.00
      58.00      63.00      75.00      84.00      87.00      77.00      72.00      81.00      93.00      94.00
      85.00      81.00      73.00      61.00      50.00      44.00      39.00      33.00      32.00      42.00
      67.00      89.00      75.00
      40.00      39.00      45.00      54.00      53.00      43.00      40.00      41.00      46.00      58.00
      49.00      35.00      33.00      21.00       8.00      24.00      64.00      72.00      71.00      47.00
      37.00      34.00      55.00      60.00      63.00      54.00      33.00      31.00      50.00      74.00
      75.00      52.00      42.00      12.00      10.00      18.00      15.00      16.00      25.00      42.00
      47.00      41.00      40.00      54.00      70.00      57.00      45.00      59.00      68.00      73.00
      76.00      88.00     100.00     100.00      95.00      92.00      92.00      97.00      99.00      91.00
      83.00      89.00      88.00      73.00      59.00      53.00      48.00      42.00      41.00      51.00
      71.00      79.00      55.00
      29.00      28.00      30.00      40.00      38.00      23.00      15.00      20.00      27.00      30.00
      22.00      19.00      26.00      35.00      28.00      38.00      57.00      66.00      68.00      62.00
      55.00      64.00      70.00      55.00      62.00      52.00      40.00      30.00      68.00     100.00
      90.00      46.00      34.00      19.00      55.00      57.00      40.00      55.00      82.00     100.00
      91.00      63.00      48.00      54.00      65.00      55.00      47.00      51.00      63.00      81.00
      99.00     100.00      84.00      55.00      53.00      69.00      80.00      85.00      90.00      87.00
      82.00      86.00      84.00      73.00      65.00      64.00      59.00      51.00      50.00      63.00
      75.00      65.00      33.00
      22.00      18.00      21.00      33.00      33.00      20.00      10.00       8.00      11.00      12.00
      11.00      15.00      29.00      39.00      29.00      30.00      32.00      23.00      49.00      35.00
      30.00      37.00      43.00      35.00      30.00      33.00      24.00      26.00      58.00      86.00
      94.00      88.00      67.00      63.00      70.00      51.00      34.00      51.00      76.00      98.00
     100.00      99.00      53.00      59.00      87.00      89.00      73.00      78.00      87.00      81.00
      69.00      57.00      42.00      41.00      58.00      77.00      79.00      76.00      81.00      75.00
      61.00      52.00      50.00      48.00      48.00      47.00      43.00      39.00      45.00      59.00
      60.00      35.00       3.00
      19.00      20.00      27.00      34.00      38.00      30.00      16.00       9.00       8.00       8.00
      10.00      16.00      22.00      20.00      22.00      26.00      14.00       7.00       9.00      33.00
      29.00      20.00      24.00      21.00      18.00      24.00      25.00      22.00      54.00      35.00
      41.00      67.00      64.00      38.00      46.00      63.00      68.00      80.00      99.00      92.00
      94.00      93.00      44.00      55.00      76.00      64.00      46.00      63.00      73.00      66.00
      56.00      54.00      61.00      77.00      89.00      82.00      73.00      79.00      80.00      62.00
      39.00      28.00      29.00      34.00      34.00      28.00      26.00      31.00      40.00      44.00
      35.00      11.00       1.00
      27.00      28.00      28.00      33.00      38.00      36.00      24.00      18.00      19.00      18.00
      18.00      19.00      13.00       7.00       6.00      11.00       8.00      13.00      19.00      12.00
      13.00      16.00      12.00      15.00      17.00      28.00      30.00      32.00      48.00      36.00
      41.00      44.00      42.00      44.00      43.00      58.00      64.00      78.00      98.00      91.00
      85.00      89.00      57.00      73.00      72.00      52.00      42.00      51.00      60.00      68.00
      83.00      88.00      85.00      73.00      48.00      37.00      60.00      84.00      68.00      41.00
      34.00      38.00      41.00      40.00      32.00      23.00      25.00      39.00      55.00      61.00
      57.00      44.00      25.00
      28.00      27.00      26.00      31.00      37.00      39.00      32.00      22.00      20.00      17.00
      13.00       8.00       1.00       1.00       5.00       6.00      19.00      25.00      27.00      24.00
      15.00      10.00      17.00      21.00      29.00      38.00      38.00      30.00      42.00      62.00
      71.00      61.00      45.00      49.00      81.00      95.00      95.00      82.00      77.00      96.00
      97.00      97.00      87.00      98.00      98.00      85.00      81.00      81.00      76.00      76.00
      82.00      77.00      67.00      49.00      26.00      27.00      57.00      68.00      42.00      33.00
      46.00      53.00      51.00      45.00      38.00      34.00      38.00      52.00      66.00      77.00
      90.00      94.00      84.00
      25.00      24.00      25.00      33.00      37.00      37.00      29.00      18.00      15.00      21.00
      26.00      17.00      14.00      16.00      25.00      27.00      26.00      28.00      28.00      27.00
      22.00      13.00      16.00      26.00      30.00      29.00      25.00      31.00      53.00      83.00
      88.00      72.00      49.00      50.00      60.00      65.00      68.00      71.00      68.00      74.00
      98.00      91.00      86.00      86.00      83.00      84.00      83.00      73.00      65.00      64.00
      59.00      49.00      41.00      35.00      27.00      28.00      37.00      34.00      29.00      37.00
      45.00      44.00      40.00      38.00      40.00      44.00      44.00      45.00      46.00      50.00
      65.00      82.00      87.00
      29.00      27.00      26.00      33.00      39.00      36.00      33.00      37.00      43.00      42.00
      46.00      43.00      45.00      42.00      36.00      34.00      30.00      25.00      25.00      23.00
      22.00      23.00      33.00      38.00      28.00      24.00      30.00      41.00      61.00      81.00
      84.00      69.00      61.00      73.00      82.00      73.00      67.00      69.00      71.00      76.00
      81.00      77.00      74.00      69.00      59.00      58.00      59.00      56.00      55.00      60.00
      58.00      47.00      34.00      29.00      28.00      24.00      22.00      27.00      34.00      34.00
      27.00      25.00      25.00      26.00      29.00      31.00      27.00      24.00      21.00      19.00
      23.00      30.00      36.00
      46.00      42.00      31.00      20.00      19.00      21.00      33.00      40.00      36.00      36.00
      46.00      49.00      48.00      39.00      29.00      29.00      29.00      24.00      20.00      21.00
      26.00      33.00      35.00      32.00      27.00      29.00      37.00      44.00      49.00      56.00
      67.00      61.00      56.00      61.00      57.00      54.00      56.00      60.00      65.00      72.00
      77.00      73.00      75.00      77.00      72.00      68.00      62.00      56.00      61.00      68.00
      61.00      42.00      28.00      30.00      33.00      28.00      26.00      34.00      39.00      34.00
      27.00      25.00      23.00      23.00      25.00      26.00      25.00      23.00      21.00      19.00
      16.00      13.00      12.00
      77.00      67.00      52.00      36.00      31.00      38.00      50.00      51.00      39.00      39.00
      57.00      61.00      47.00      35.00      27.00      27.00      30.00      31.00      24.00      27.00
      34.00      37.00      32.00      29.00      28.00      35.00      44.00      47.00      45.00      42.00
      51.00      53.00      48.00      45.00      42.00      44.00      48.00      58.00      67.00      68.00
      70.00      70.00      71.00      81.00      90.00      86.00      69.00      56.00      60.00      69.00
      59.00      35.00      24.00      31.00      37.00      29.00      27.00      32.00      37.00      38.00
      36.00      36.00      34.00      33.00      33.00      34.00      35.00      34.00      30.00      27.00
      26.00      24.00      20.00
      88.00      82.00      74.00      71.00      68.00      68.00      69.00      60.00      55.00      60.00
      77.00      75.00      54.00      41.00      35.00      38.00      35.00      39.00      45.00      43.00
      46.00      45.00      41.00      44.00      44.00      51.00      55.00      57.00      52.00      44.00
      44.00      51.00      45.00      39.00      44.00      53.00      57.00      60.00      64.00      66.00
      70.00      73.00      75.00      80.00      87.00      84.00      72.00      61.00      61.00      65.00
      57.00      39.00      31.00      37.00      41.00      32.00      27.00      30.00      34.00      35.00
      37.00      41.00      41.00      39.00      38.00      39.00      36.00      31.00      27.00      26.00
      28.00      29.00      27.00
      80.00      72.00      64.00      66.00      69.00      72.00      73.00      68.00      70.00      85.00
      95.00      89.00      77.00      61.00      57.00      67.00      52.00      51.00      55.00      63.00
      70.00      64.00      57.00      58.00      51.00      55.00      57.00      53.00      53.00      49.00
      50.00      57.00      53.00      46.00      52.00      61.00      61.00      54.00      52.00      58.00
      64.00      71.00      78.00      73.00      68.00      67.00      68.00      64.00      64.00      67.00
      60.00      49.00      44.00      45.00      49.00      47.00      40.00      40.00      41.00      38.00
      38.00      40.00      39.00      36.00      35.00      34.00      31.00      27.00      23.00      24.00
      28.00      32.00      31.00
      73.00      64.00      58.00      60.00      64.00      73.00      80.00      79.00      78.00      81.00
      84.00      84.00      84.00      81.00      76.00      76.00      63.00      62.00      65.00      78.00
      79.00      74.00      65.00      60.00      57.00      54.00      52.00      49.00      55.00      61.00
      61.00      61.00      55.00      50.00      54.00      53.00      47.00      41.00      43.00      51.00
      53.00      57.00      61.00      57.00      55.00      59.00      64.00      63.00      65.00      73.00
      71.00      65.00      61.00      58.00      61.00      70.00      70.00      67.00      63.00      53.00
      49.00      51.00      51.00      45.00      38.00      34.00      33.00      31.00      27.00      26.00
      29.00      35.00      37.00
      81.00      72.00      71.00      73.00      75.00      82.00      92.00      87.00      78.00      71.00
      68.00      67.00      67.00      67.00      69.00      75.00      57.00      56.00      54.00      54.00
      53.00      51.00      48.00      46.00      42.00      41.00      43.00      44.00      53.00      67.00
      72.00      65.00      61.00      63.00      63.00      56.00      50.00      50.00      54.00      53.00
      50.00      53.00      52.00      57.00      65.00      65.00      66.00      64.00      63.00      70.00
      75.00      75.00      73.00      68.00      68.00      75.00      77.00      74.00      69.00      59.00
      59.00      66.00      68.00      60.00      50.00      46.00      44.00      43.00      42.00      38.00
      31.00      32.00      33.00
      89.00      80.00      79.00      83.00      83.00      82.00      90.00      92.00      81.00      67.00
      61.00      58.00      47.00      44.00      48.00      43.00      53.00      59.00      48.00      35.00
      31.00      33.00      35.00      37.00      34.00      34.00      40.00      41.00      47.00      64.00
      75.00      71.00      70.00      75.00      70.00      59.00      57.00      63.00      60.00      54.00
      55.00      64.00      70.00      76.00      76.00      68.00      67.00      64.00      63.00      71.00
      75.00      73.00      73.00      70.00      66.00      68.00      65.00      59.00      55.00      52.00
      60.00      70.00      71.00      63.00      55.00      53.00      51.00      52.00      53.00      46.00
      36.00      34.00      34.00
      78.00      74.00      76.00      81.00      75.00      69.00      74.00      84.00      77.00      61.00
      54.00      51.00      59.00      60.00      47.00      38.00      49.00      55.00      47.00      33.00
      31.00      37.00      37.00      36.00      36.00      39.00      45.00      47.00      48.00      58.00
      70.00      70.00      67.00      66.00      63.00      54.00      54.00      58.00      53.00      48.00
      54.00      66.00      73.00      74.00      69.00      65.00      63.00      62.00      67.00      75.00
      72.00      65.00      68.00      72.00      71.00      69.00      63.00      57.00      54.00      54.00
      59.00      61.00      59.00      52.00      48.00      50.00      50.00      50.00      48.00      43.00
      39.00      39.00      37.00
      62.00      67.00      71.00      71.00      64.00      60.00      65.00      74.00      64.00      49.00
      44.00      50.00      59.00      57.00      47.00      45.00      45.00      52.00      49.00      37.00
      30.00      31.00      32.00      32.00      33.00      36.00      44.00      49.00      50.00      58.00
      65.00      66.00      64.00      62.00      59.00      52.00      53.00      55.00      52.00      49.00
      52.00      52.00      50.00      57.00      62.00      61.00      59.00      60.00      66.00      71.00
      67.00      63.00      66.00      75.00      78.00      69.00      59.00      54.00      57.00      61.00
      61.00      57.00      49.00      41.00      43.00      49.00      49.00      45.00      40.00      38.00
      38.00      36.00      35.00
