diamond 4 20年06月26日8时700百帕相对湿度
20 06 26  8  700 
2.500 -2.500  .0  180.0   90.0  .0
73  37
      85.00      85.00      85.00      85.00      85.00      85.00      85.00      85.00      85.00      85.00
      85.00      85.00      85.00      85.00      85.00      85.00      85.00      85.00      85.00      85.00
      85.00      85.00      85.00      85.00      85.00      85.00      85.00      85.00      85.00      85.00
      85.00      85.00      85.00      85.00      85.00      85.00      85.00      85.00      85.00      85.00
      85.00      85.00      85.00      85.00      85.00      85.00      85.00      85.00      85.00      85.00
      85.00      85.00      85.00      85.00      85.00      85.00      85.00      85.00      85.00      85.00
      85.00      85.00      85.00      85.00      85.00      85.00      85.00      85.00      85.00      85.00
      85.00      85.00      85.00
      47.00      47.00      47.00      47.00      47.00      47.00      48.00      48.00      48.00      49.00
      49.00      50.00      50.00      51.00      52.00      52.00      53.00      53.00      54.00      55.00
      55.00      56.00      56.00      57.00      58.00      59.00      59.00      60.00      61.00      62.00
      63.00      64.00      65.00      66.00      67.00      69.00      70.00      72.00      73.00      75.00
      77.00      79.00      80.00      82.00      84.00      86.00      88.00      90.00      92.00      94.00
      96.00      98.00     100.00     100.00     100.00     100.00     100.00     100.00     100.00     100.00
     100.00     100.00     100.00     100.00     100.00     100.00     100.00     100.00     100.00     100.00
     100.00     100.00     100.00
      51.00      52.00      54.00      56.00      58.00      60.00      62.00      65.00      67.00      70.00
      72.00      74.00      76.00      77.00      78.00      79.00      79.00      79.00      78.00      76.00
      74.00      72.00      69.00      66.00      63.00      60.00      56.00      53.00      50.00      47.00
      45.00      43.00      41.00      40.00      39.00      38.00      38.00      39.00      39.00      40.00
      42.00      44.00      46.00      48.00      51.00      54.00      57.00      60.00      64.00      68.00
      71.00      75.00      79.00      82.00      86.00      89.00      92.00      94.00      96.00      97.00
      98.00      98.00      98.00      97.00      95.00      93.00      91.00      88.00      85.00      83.00
      80.00      78.00      76.00
      58.00      60.00      63.00      67.00      71.00      75.00      80.00      84.00      89.00      93.00
      97.00     100.00     100.00     100.00     100.00     100.00     100.00     100.00      97.00      91.00
      85.00      78.00      70.00      62.00      54.00      47.00      41.00      37.00      34.00      32.00
      31.00      32.00      33.00      34.00      36.00      37.00      38.00      39.00      40.00      41.00
      41.00      41.00      42.00      42.00      43.00      43.00      44.00      45.00      47.00      48.00
      50.00      52.00      55.00      58.00      61.00      65.00      69.00      74.00      78.00      82.00
      85.00      88.00      89.00      90.00      89.00      87.00      84.00      80.00      76.00      73.00
      70.00      68.00      67.00
      52.00      56.00      60.00      64.00      68.00      74.00      79.00      84.00      89.00      94.00
      97.00      99.00     100.00     100.00      99.00      97.00      93.00      88.00      82.00      74.00
      65.00      55.00      45.00      35.00      28.00      24.00      23.00      26.00      33.00      43.00
      54.00      66.00      77.00      87.00      94.00      99.00     100.00     100.00     100.00      99.00
      97.00      95.00      93.00      92.00      91.00      90.00      88.00      86.00      82.00      78.00
      72.00      66.00      59.00      53.00      49.00      45.00      44.00      44.00      47.00      51.00
      57.00      64.00      71.00      77.00      82.00      86.00      88.00      89.00      89.00      88.00
      87.00      86.00      84.00
      62.00      67.00      72.00      76.00      79.00      81.00      82.00      84.00      85.00      85.00
      86.00      85.00      83.00      81.00      78.00      74.00      69.00      64.00      59.00      55.00
      50.00      46.00      43.00      42.00      41.00      42.00      45.00      52.00      62.00      75.00
      89.00     100.00     100.00     100.00     100.00     100.00     100.00     100.00      95.00      89.00
      85.00      82.00      80.00      80.00      82.00      85.00      88.00      90.00      91.00      90.00
      86.00      79.00      70.00      60.00      50.00      41.00      34.00      29.00      28.00      30.00
      35.00      42.00      51.00      59.00      67.00      73.00      77.00      80.00      83.00      85.00
      88.00      91.00      94.00
      80.00      83.00      85.00      85.00      84.00      83.00      82.00      80.00      80.00      79.00
      80.00      80.00      81.00      80.00      77.00      72.00      65.00      58.00      52.00      47.00
      45.00      45.00      49.00      55.00      63.00      70.00      76.00      81.00      84.00      85.00
      82.00      78.00      73.00      68.00      62.00      56.00      50.00      44.00      38.00      34.00
      32.00      31.00      32.00      34.00      37.00      41.00      46.00      51.00      54.00      56.00
      56.00      54.00      50.00      44.00      38.00      32.00      26.00      22.00      21.00      23.00
      27.00      34.00      43.00      52.00      59.00      64.00      67.00      68.00      69.00      71.00
      74.00      77.00      80.00
      92.00      89.00      85.00      81.00      79.00      77.00      77.00      75.00      72.00      68.00
      66.00      66.00      70.00      76.00      82.00      83.00      79.00      71.00      62.00      54.00
      49.00      48.00      52.00      60.00      70.00      81.00      89.00      92.00      88.00      78.00
      64.00      49.00      37.00      29.00      26.00      27.00      30.00      35.00      41.00      45.00
      49.00      51.00      53.00      53.00      52.00      51.00      49.00      47.00      45.00      42.00
      40.00      37.00      35.00      33.00      30.00      27.00      25.00      23.00      21.00      20.00
      20.00      21.00      23.00      26.00      28.00      29.00      31.00      35.00      43.00      55.00
      68.00      79.00      86.00
      67.00      59.00      52.00      47.00      47.00      51.00      56.00      57.00      49.00      38.00
      30.00      27.00      32.00      43.00      54.00      62.00      64.00      61.00      56.00      53.00
      54.00      60.00      69.00      79.00      86.00      90.00      91.00      89.00      83.00      75.00
      64.00      53.00      45.00      42.00      44.00      53.00      66.00      80.00      90.00      93.00
      90.00      84.00      78.00      71.00      65.00      60.00      56.00      53.00      50.00      48.00
      46.00      46.00      46.00      45.00      44.00      43.00      42.00      41.00      39.00      38.00
      37.00      38.00      39.00      40.00      41.00      41.00      43.00      48.00      57.00      69.00
      82.00      93.00     100.00
      48.00      49.00      51.00      51.00      49.00      49.00      50.00      45.00      35.00      27.00
      24.00      25.00      32.00      43.00      55.00      61.00      61.00      57.00      51.00      48.00
      52.00      63.00      76.00      85.00      88.00      87.00      86.00      85.00      84.00      80.00
      76.00      71.00      68.00      67.00      69.00      75.00      84.00      93.00      92.00      90.00
      89.00      80.00      71.00      64.00      57.00      52.00      49.00      49.00      49.00      50.00
      50.00      51.00      53.00      56.00      60.00      63.00      62.00      58.00      52.00      49.00
      48.00      50.00      54.00      58.00      62.00      65.00      70.00      77.00      85.00      93.00
      97.00      99.00      97.00
      71.00      76.00      76.00      71.00      64.00      58.00      55.00      51.00      47.00      46.00
      46.00      48.00      53.00      63.00      75.00      83.00      84.00      77.00      65.00      54.00
      50.00      54.00      62.00      70.00      75.00      79.00      84.00      88.00      88.00      84.00
      78.00      72.00      66.00      62.00      57.00      52.00      49.00      50.00      56.00      63.00
      66.00      65.00      62.00      57.00      53.00      50.00      49.00      50.00      52.00      51.00
      47.00      43.00      44.00      50.00      60.00      69.00      72.00      75.00      77.00      71.00
      65.00      64.00      68.00      73.00      74.00      71.00      70.00      74.00      85.00      94.00
      98.00     100.00     100.00
      76.00      68.00      57.00      44.00      39.00      41.00      42.00      42.00      43.00      47.00
      52.00      58.00      64.00      71.00      79.00      85.00      86.00      79.00      66.00      54.00
      50.00      54.00      63.00      72.00      79.00      87.00      95.00      97.00      90.00      75.00
      60.00      50.00      48.00      48.00      46.00      39.00      31.00      29.00      35.00      47.00
      57.00      60.00      59.00      57.00      57.00      59.00      63.00      66.00      66.00      62.00
      54.00      44.00      38.00      38.00      40.00      45.00      48.00      48.00      52.00      50.00
      47.00      49.00      58.00      65.00      65.00      62.00      62.00      63.00      69.00      76.00
      81.00      85.00      89.00
      54.00      45.00      32.00      22.00      17.00      14.00      13.00      14.00      17.00      22.00
      30.00      41.00      52.00      61.00      67.00      66.00      60.00      51.00      45.00      49.00
      61.00      76.00      84.00      83.00      82.00      87.00      96.00      98.00      87.00      67.00
      52.00      51.00      55.00      57.00      54.00      45.00      31.00      26.00      34.00      51.00
      68.00      75.00      70.00      63.00      62.00      69.00      77.00      83.00      85.00      83.00
      75.00      59.00      43.00      32.00      26.00      23.00      28.00      31.00      31.00      29.00
      28.00      30.00      36.00      41.00      42.00      39.00      37.00      38.00      42.00      48.00
      52.00      54.00      58.00
      26.00      35.00      43.00      39.00      28.00      18.00      12.00       7.00       3.00       3.00
       9.00      21.00      34.00      44.00      46.00      41.00      33.00      29.00      34.00      50.00
      69.00      80.00      78.00      71.00      68.00      68.00      72.00      76.00      75.00      71.00
      72.00      79.00      86.00      84.00      69.00      48.00      34.00      33.00      45.00      64.00
      79.00      80.00      70.00      60.00      57.00      61.00      68.00      75.00      81.00      81.00
      72.00      52.00      33.00      23.00      25.00      36.00      46.00      53.00      55.00      50.00
      42.00      37.00      38.00      40.00      41.00      37.00      26.00      18.00      20.00      27.00
      36.00      42.00      49.00
      13.00      29.00      49.00      53.00      42.00      32.00      29.00      28.00      23.00      17.00
      15.00      19.00      29.00      40.00      47.00      46.00      44.00      44.00      47.00      50.00
      53.00      54.00      52.00      50.00      48.00      45.00      52.00      68.00      79.00      80.00
      81.00      84.00      82.00      71.00      58.00      53.00      56.00      65.00      74.00      81.00
      85.00      79.00      64.00      54.00      60.00      70.00      79.00      83.00      82.00      71.00
      49.00      26.00      14.00      12.00      21.00      37.00      62.00      87.00      94.00      74.00
      47.00      33.00      36.00      41.00      46.00      44.00      33.00      26.00      25.00      33.00
      44.00      54.00      63.00
      29.00      27.00      33.00      35.00      32.00      38.00      52.00      60.00      54.00      44.00
      35.00      30.00      34.00      47.00      64.00      76.00      83.00      83.00      73.00      56.00
      46.00      41.00      39.00      41.00      49.00      58.00      76.00      95.00     100.00      96.00
      88.00      81.00      68.00      52.00      42.00      45.00      67.00      83.00      77.00      55.00
      40.00      48.00      53.00      54.00      59.00      67.00      74.00      82.00      80.00      64.00
      46.00      42.00      47.00      52.00      54.00      56.00      69.00      88.00      91.00      67.00
      35.00      20.00      31.00      48.00      56.00      53.00      46.00      43.00      47.00      56.00
      66.00      75.00      85.00
      61.00      41.00      28.00      26.00      34.00      55.00      78.00      80.00      68.00      56.00
      43.00      33.00      31.00      38.00      51.00      65.00      78.00      78.00      63.00      44.00
      34.00      29.00      25.00      39.00      71.00      86.00      88.00      88.00      83.00      69.00
      62.00      65.00      61.00      54.00      38.00      36.00      55.00      61.00      59.00      48.00
      38.00      46.00      52.00      62.00      74.00      78.00      71.00      63.00      55.00      49.00
      53.00      71.00      88.00      88.00      80.00      76.00      79.00      90.00      92.00      73.00
      39.00      17.00      25.00      46.00      57.00      56.00      51.00      47.00      51.00      61.00
      68.00      69.00      69.00
      80.00      58.00      43.00      46.00      64.00      86.00      95.00      83.00      63.00      55.00
      53.00      44.00      32.00      25.00      20.00      25.00      37.00      43.00      34.00      27.00
      35.00      49.00      57.00      67.00      78.00      75.00      57.00      33.00      20.00      16.00
      15.00      18.00      28.00      37.00      50.00      50.00      44.00      45.00      43.00      35.00
      38.00      54.00      62.00      74.00      89.00      92.00      80.00      58.00      42.00      42.00
      55.00      81.00      90.00      78.00      68.00      70.00      76.00      86.00      93.00      82.00
      48.00      17.00      13.00      29.00      41.00      44.00      46.00      48.00      51.00      55.00
      55.00      47.00      40.00
      82.00      61.00      57.00      66.00      74.00      79.00      79.00      68.00      55.00      60.00
      73.00      66.00      50.00      34.00      18.00      12.00      15.00      22.00      27.00      27.00
      44.00      71.00      78.00      67.00      55.00      41.00      26.00      16.00      16.00      16.00
      15.00      15.00      34.00      42.00      44.00      37.00      34.00      33.00      35.00      29.00
      30.00      40.00      56.00      78.00      91.00      92.00      85.00      73.00      59.00      51.00
      55.00      82.00      92.00      88.00      85.00      82.00      75.00      72.00      81.00      85.00
      61.00      27.00      13.00      19.00      27.00      31.00      36.00      39.00      43.00      49.00
      54.00      54.00      56.00
      64.00      53.00      43.00      36.00      31.00      33.00      41.00      46.00      52.00      69.00
      76.00      63.00      59.00      61.00      44.00      30.00      26.00      61.00      81.00      67.00
      56.00      67.00      65.00      52.00      30.00      13.00      12.00      22.00      44.00      44.00
      35.00      24.00      26.00      36.00      42.00      42.00      45.00      44.00      37.00      33.00
      33.00      32.00      38.00      64.00      78.00      76.00      72.00      81.00      72.00      55.00
      63.00      88.00     100.00     100.00     100.00     100.00      93.00      86.00      85.00      86.00
      78.00      55.00      28.00      16.00      23.00      31.00      30.00      22.00      28.00      56.00
      85.00      99.00     100.00
      54.00      50.00      37.00      25.00      20.00      20.00      17.00      25.00      49.00      68.00
      64.00      55.00      65.00      73.00      52.00      31.00      34.00      56.00      73.00      65.00
      65.00      66.00      64.00      53.00      38.00      19.00      13.00      27.00      41.00      54.00
      82.00      46.00      45.00      51.00      62.00      80.00      82.00      59.00      27.00      20.00
      28.00      22.00      21.00      35.00      43.00      44.00      57.00      65.00      67.00      64.00
      72.00      84.00      76.00      67.00      79.00      89.00      99.00     100.00      98.00      89.00
      92.00      92.00      71.00      39.00      28.00      39.00      39.00      24.00      24.00      52.00
      83.00      98.00     100.00
      37.00      40.00      37.00      33.00      35.00      31.00      17.00      15.00      37.00      55.00
      49.00      42.00      44.00      58.00      38.00      23.00      19.00      32.00      44.00      43.00
      43.00      52.00      44.00      34.00      38.00      27.00      15.00      37.00      44.00      14.00
      22.00      55.00      40.00      60.00      72.00      85.00      99.00     100.00      80.00      73.00
      85.00      70.00      56.00      72.00      78.00      72.00      68.00      76.00      77.00      67.00
      47.00      29.00      25.00      37.00      54.00      67.00      78.00      91.00      93.00      81.00
      80.00      89.00      96.00      81.00      49.00      40.00      47.00      46.00      45.00      53.00
      64.00      71.00      75.00
      36.00      32.00      35.00      43.00      52.00      47.00      24.00      12.00      23.00      34.00
      30.00      25.00      25.00      23.00      18.00      13.00       6.00       6.00      13.00      20.00
      23.00      28.00      32.00      27.00      21.00      17.00      25.00      48.00      53.00      20.00
      49.00      60.00      69.00      72.00      60.00      45.00      63.00      91.00      98.00     100.00
     100.00     100.00     100.00      93.00      65.00      54.00      56.00      52.00      46.00      36.00
      23.00      23.00      40.00      61.00      73.00      76.00      78.00      84.00      84.00      67.00
      55.00      64.00      88.00      94.00      62.00      34.00      34.00      51.00      69.00      80.00
      81.00      71.00      57.00
      27.00      30.00      40.00      53.00      60.00      53.00      24.00       4.00       8.00      17.00
      16.00       9.00       8.00      13.00      15.00      18.00      11.00       4.00       2.00       2.00
      13.00      22.00      28.00      25.00      20.00      21.00      28.00      36.00      56.00      63.00
      44.00      94.00     100.00      96.00      86.00     100.00     100.00      89.00      90.00     100.00
      97.00     100.00      92.00      40.00      14.00      19.00      25.00      21.00      24.00      34.00
      45.00      58.00      71.00      76.00      78.00      80.00      75.00      68.00      62.00      52.00
      44.00      53.00      79.00      93.00      72.00      45.00      39.00      52.00      68.00      76.00
      72.00      60.00      44.00
      24.00      27.00      29.00      34.00      43.00      42.00      22.00       4.00       4.00       4.00
       1.00       0.00       1.00       5.00       7.00      17.00      28.00      17.00       3.00      11.00
      15.00      13.00      14.00      18.00      19.00      21.00      24.00      24.00      40.00      56.00
      55.00      64.00      82.00      99.00      77.00      72.00      82.00      82.00      91.00     100.00
      93.00      79.00      51.00      18.00      22.00      40.00      50.00      60.00      68.00      73.00
      72.00      69.00      69.00      65.00      63.00      62.00      54.00      45.00      45.00      47.00
      45.00      49.00      61.00      75.00      72.00      60.00      53.00      52.00      51.00      46.00
      38.00      35.00      38.00
      25.00      27.00      25.00      29.00      34.00      37.00      39.00      37.00      30.00       6.00
       2.00       1.00       3.00       3.00       6.00      16.00      28.00      25.00      14.00      18.00
      23.00      19.00      19.00      24.00      25.00      18.00      14.00      24.00      43.00      59.00
      68.00      66.00      67.00      83.00     100.00     100.00      99.00      99.00      99.00     100.00
      94.00      66.00      67.00      52.00      65.00      86.00      96.00      98.00      91.00      74.00
      60.00      57.00      64.00      63.00      50.00      43.00      41.00      43.00      48.00      46.00
      38.00      32.00      33.00      40.00      44.00      43.00      42.00      39.00      37.00      34.00
      32.00      37.00      47.00
      23.00      27.00      26.00      27.00      26.00      28.00      42.00      55.00      51.00      31.00
      18.00      15.00      17.00      10.00      10.00      16.00      18.00      21.00      22.00      23.00
      24.00      23.00      26.00      36.00      45.00      35.00      29.00      42.00      55.00      71.00
      82.00      80.00      74.00      71.00      78.00      84.00      83.00      80.00      82.00      81.00
      88.00      82.00      83.00      81.00      92.00      98.00      88.00      82.00      66.00      51.00
      51.00      55.00      56.00      47.00      35.00      35.00      41.00      43.00      41.00      32.00
      25.00      22.00      22.00      25.00      29.00      33.00      36.00      36.00      37.00      35.00
      35.00      42.00      52.00
      21.00      23.00      27.00      29.00      27.00      26.00      34.00      46.00      54.00      53.00
      42.00      39.00      37.00      23.00      19.00      20.00      17.00      18.00      24.00      26.00
      26.00      28.00      31.00      35.00      41.00      35.00      36.00      50.00      59.00      69.00
      82.00      89.00      94.00      98.00      94.00      78.00      69.00      67.00      70.00      73.00
      77.00      83.00      85.00      80.00      73.00      68.00      56.00      54.00      53.00      52.00
      57.00      54.00      44.00      40.00      41.00      44.00      45.00      40.00      33.00      25.00
      23.00      28.00      32.00      35.00      36.00      36.00      35.00      33.00      33.00      31.00
      34.00      42.00      43.00
      19.00      22.00      27.00      27.00      31.00      35.00      37.00      39.00      43.00      51.00
      54.00      47.00      40.00      31.00      22.00      18.00      16.00      17.00      25.00      39.00
      39.00      39.00      35.00      32.00      30.00      29.00      35.00      41.00      41.00      54.00
      79.00      83.00      74.00      64.00      52.00      48.00      50.00      53.00      58.00      69.00
      80.00      79.00      76.00      63.00      49.00      46.00      49.00      55.00      59.00      55.00
      49.00      42.00      44.00      54.00      54.00      46.00      40.00      38.00      35.00      29.00
      26.00      28.00      30.00      29.00      24.00      17.00      11.00      10.00      15.00      24.00
      33.00      36.00      26.00
      35.00      33.00      28.00      19.00      22.00      30.00      32.00      32.00      32.00      33.00
      35.00      34.00      30.00      30.00      29.00      21.00      19.00      19.00      23.00      30.00
      34.00      51.00      52.00      41.00      34.00      34.00      37.00      38.00      40.00      52.00
      80.00      82.00      70.00      56.00      42.00      43.00      46.00      53.00      62.00      71.00
      77.00      71.00      67.00      60.00      46.00      45.00      52.00      57.00      53.00      44.00
      40.00      43.00      55.00      62.00      52.00      40.00      37.00      38.00      36.00      32.00
      26.00      24.00      24.00      22.00      16.00       6.00       0.00       1.00      10.00      19.00
      24.00      20.00      12.00
      68.00      59.00      49.00      38.00      37.00      47.00      58.00      63.00      69.00      66.00
      53.00      52.00      42.00      37.00      45.00      36.00      32.00      33.00      38.00      28.00
      28.00      47.00      57.00      52.00      43.00      41.00      44.00      52.00      58.00      59.00
      76.00      82.00      67.00      55.00      44.00      44.00      47.00      55.00      68.00      77.00
      77.00      68.00      65.00      62.00      49.00      43.00      45.00      46.00      43.00      44.00
      58.00      66.00      68.00      64.00      54.00      45.00      43.00      44.00      44.00      36.00
      27.00      25.00      29.00      36.00      36.00      23.00       9.00       5.00       9.00      14.00
      16.00      13.00      14.00
      86.00      76.00      67.00      60.00      59.00      73.00      94.00      99.00     100.00      96.00
      77.00      70.00      51.00      36.00      57.00      72.00      62.00      56.00      57.00      47.00
      38.00      40.00      42.00      42.00      40.00      46.00      53.00      60.00      65.00      63.00
      73.00      84.00      78.00      68.00      56.00      51.00      53.00      58.00      74.00      87.00
      86.00      74.00      68.00      67.00      60.00      50.00      49.00      53.00      55.00      67.00
      83.00      78.00      69.00      65.00      64.00      60.00      57.00      60.00      58.00      45.00
      35.00      33.00      39.00      52.00      55.00      41.00      23.00      14.00      13.00      17.00
      21.00      23.00      25.00
      89.00      80.00      63.00      61.00      61.00      65.00      75.00      79.00      72.00      63.00
      63.00      61.00      45.00      42.00      70.00     100.00      89.00      75.00      68.00      76.00
      78.00      70.00      54.00      49.00      51.00      61.00      62.00      62.00      69.00      73.00
      75.00      75.00      75.00      71.00      65.00      63.00      58.00      58.00      73.00      85.00
      85.00      74.00      69.00      73.00      76.00      70.00      66.00      67.00      72.00      84.00
      87.00      73.00      66.00      70.00      73.00      74.00      74.00      73.00      71.00      62.00
      53.00      49.00      51.00      56.00      54.00      41.00      32.00      29.00      29.00      32.00
      33.00      33.00      33.00
      92.00      78.00      56.00      57.00      60.00      64.00      71.00      74.00      75.00      76.00
      79.00      77.00      65.00      66.00      77.00      99.00      80.00      52.00      51.00      64.00
      82.00      84.00      68.00      59.00      59.00      62.00      60.00      60.00      65.00      71.00
      76.00      73.00      68.00      67.00      68.00      68.00      57.00      54.00      67.00      76.00
      80.00      80.00      76.00      78.00      82.00      83.00      80.00      76.00      78.00      88.00
      87.00      76.00      73.00      74.00      71.00      74.00      73.00      69.00      73.00      75.00
      70.00      63.00      57.00      53.00      48.00      41.00      39.00      42.00      42.00      39.00
      36.00      33.00      31.00
      87.00      73.00      57.00      57.00      60.00      65.00      74.00      82.00      86.00      84.00
      76.00      71.00      68.00      71.00      68.00      67.00      42.00      38.00      41.00      50.00
      55.00      55.00      50.00      47.00      45.00      47.00      52.00      57.00      58.00      60.00
      70.00      73.00      71.00      73.00      75.00      74.00      57.00      46.00      57.00      66.00
      75.00      84.00      84.00      85.00      83.00      83.00      83.00      78.00      82.00      89.00
      88.00      78.00      71.00      68.00      67.00      70.00      65.00      61.00      66.00      71.00
      69.00      63.00      57.00      50.00      48.00      47.00      46.00      46.00      44.00      38.00
      33.00      30.00      28.00
      82.00      80.00      68.00      63.00      69.00      71.00      76.00      81.00      81.00      74.00
      56.00      48.00      60.00      82.00      90.00      58.00      36.00      32.00      32.00      37.00
      44.00      46.00      44.00      44.00      44.00      45.00      50.00      56.00      59.00      58.00
      62.00      67.00      68.00      72.00      79.00      80.00      59.00      41.00      45.00      53.00
      63.00      73.00      81.00      85.00      87.00      88.00      92.00      86.00      90.00      93.00
      85.00      69.00      58.00      59.00      62.00      56.00      49.00      52.00      57.00      59.00
      56.00      50.00      49.00      50.00      47.00      46.00      43.00      41.00      39.00      35.00
      32.00      30.00      32.00
      81.00      79.00      75.00      77.00      87.00      83.00      81.00      78.00      74.00      63.00
      49.00      57.00      69.00      70.00      81.00      65.00      40.00      55.00      42.00      43.00
      51.00      51.00      46.00      48.00      49.00      45.00      45.00      47.00      52.00      54.00
      55.00      62.00      67.00      73.00      82.00      85.00      67.00      44.00      40.00      43.00
      49.00      56.00      66.00      75.00      87.00      93.00      92.00      86.00      90.00      86.00
      76.00      61.00      52.00      55.00      54.00      43.00      38.00      46.00      54.00      53.00
      49.00      45.00      46.00      47.00      44.00      41.00      38.00      36.00      36.00      34.00
      34.00      33.00      35.00
