diamond 4 20年06月30日8时850百帕高度场
20 06 30  8  850 
2.500 -2.500  .0  180.0   90.0  .0
73  37
     143.10     143.10     143.10     143.10     143.10     143.10     143.10     143.10     143.10     143.10
     143.10     143.10     143.10     143.10     143.10     143.10     143.10     143.10     143.10     143.10
     143.10     143.10     143.10     143.10     143.10     143.10     143.10     143.10     143.10     143.10
     143.10     143.10     143.10     143.10     143.10     143.10     143.10     143.10     143.10     143.10
     143.10     143.10     143.10     143.10     143.10     143.10     143.10     143.10     143.10     143.10
     143.10     143.10     143.10     143.10     143.10     143.10     143.10     143.10     143.10     143.10
     143.10     143.10     143.10     143.10     143.10     143.10     143.10     143.10     143.10     143.10
     143.10     143.10     143.10
     145.30     145.20     145.10     144.90     144.80     144.70     144.50     144.40     144.20     144.10
     144.00     143.80     143.60     143.50     143.30     143.20     143.00     142.90     142.70     142.60
     142.40     142.20     142.10     141.90     141.80     141.60     141.50     141.30     141.20     141.10
     140.90     140.80     140.70     140.50     140.40     140.30     140.20     140.10     140.00     139.90
     139.80     139.70     139.60     139.60     139.50     139.40     139.40     139.40     139.30     139.30
     139.30     139.30     139.30     139.30     139.30     139.30     139.40     139.40     139.50     139.60
     139.60     139.70     139.80     139.90     140.10     140.20     140.30     140.50     140.70     140.80
     141.00     141.20     141.40
     147.40     147.30     147.10     146.90     146.70     146.60     146.40     146.10     145.90     145.70
     145.50     145.20     145.00     144.70     144.50     144.20     144.00     143.70     143.40     143.20
     142.90     142.70     142.40     142.20     142.00     141.70     141.50     141.30     141.10     140.90
     140.70     140.50     140.40     140.20     140.10     139.90     139.80     139.60     139.50     139.40
     139.20     139.10     139.00     138.90     138.80     138.70     138.60     138.60     138.50     138.50
     138.40     138.40     138.40     138.40     138.40     138.40     138.40     138.50     138.60     138.60
     138.70     138.80     139.00     139.10     139.30     139.50     139.70     139.90     140.10     140.40
     140.70     141.00     141.30
     148.50     148.30     148.10     147.90     147.70     147.40     147.20     146.90     146.60     146.40
     146.10     145.70     145.40     145.00     144.70     144.30     143.90     143.60     143.20     142.80
     142.50     142.10     141.80     141.50     141.20     141.00     140.80     140.70     140.50     140.50
     140.40     140.40     140.30     140.40     140.40     140.40     140.40     140.40     140.50     140.50
     140.50     140.50     140.50     140.50     140.50     140.50     140.50     140.50     140.50     140.60
     140.60     140.70     140.80     140.80     140.90     141.10     141.20     141.30     141.40     141.60
     141.70     141.90     142.00     142.20     142.30     142.50     142.70     142.90     143.10     143.30
     143.50     143.70     143.90
     147.80     147.50     147.20     146.90     146.70     146.40     146.10     145.80     145.50     145.10
     144.80     144.40     143.90     143.50     143.00     142.40     141.80     141.20     140.60     140.00
     139.50     138.90     138.40     138.00     137.70     137.50     137.40     137.40     137.60     137.80
     138.10     138.50     138.90     139.40     139.90     140.40     140.80     141.20     141.60     141.90
     142.20     142.40     142.60     142.80     142.90     143.00     143.20     143.30     143.40     143.60
     143.80     144.00     144.30     144.50     144.80     145.10     145.40     145.70     146.00     146.30
     146.60     146.90     147.10     147.40     147.60     147.70     147.90     148.00     148.10     148.20
     148.30     148.40     148.40
     146.10     145.60     145.10     144.70     144.20     143.80     143.40     143.00     142.70     142.30
     142.00     141.60     141.10     140.60     140.00     139.30     138.50     137.60     136.60     135.60
     134.70     133.80     133.00     132.40     132.00     131.80     131.80     132.10     132.70     133.40
     134.40     135.50     136.60     137.80     139.00     140.20     141.30     142.20     143.00     143.70
     144.30     144.70     145.10     145.40     145.60     145.70     145.90     146.00     146.10     146.30
     146.50     146.70     146.90     147.20     147.50     147.90     148.30     148.70     149.10     149.50
     149.90     150.20     150.50     150.80     151.00     151.20     151.40     151.50     151.50     151.50
     151.50     151.40     151.30
     144.70     143.80     143.00     142.10     141.30     140.60     140.00     139.50     139.10     138.80
     138.60     138.40     138.10     137.80     137.30     136.70     135.80     134.80     133.50     132.20
     130.90     129.50     128.40     127.50     126.90     126.60     126.80     127.40     128.50     129.80
     131.40     133.30     135.20     137.20     139.10     140.80     142.40     143.80     145.00     145.90
     146.70     147.30     147.80     148.20     148.40     148.60     148.80     148.80     148.90     148.90
     148.90     148.80     148.80     148.80     148.90     149.00     149.10     149.30     149.50     149.70
     150.00     150.20     150.50     150.60     150.70     150.80     150.80     150.80     150.70     150.50
     150.40     150.20     149.90
     143.80     142.40     141.00     139.60     138.40     137.30     136.40     135.80     135.40     135.30
     135.40     135.70     136.00     136.20     136.20     136.00     135.40     134.50     133.30     131.80
     130.20     128.60     127.20     126.00     125.20     124.90     125.10     125.90     127.10     128.90
     130.90     133.20     135.60     137.90     140.10     142.10     143.80     145.30     146.50     147.50
     148.40     149.10     149.70     150.30     150.80     151.20     151.50     151.70     151.80     151.70
     151.50     151.20     150.80     150.40     150.00     149.60     149.30     149.10     149.00     148.90
     148.80     148.80     148.70     148.50     148.30     148.10     147.70     147.30     146.90     146.50
     146.10     145.60     145.20
     142.20     140.50     138.80     137.10     135.50     134.20     133.20     132.50     132.30     132.60
     133.20     134.10     135.20     136.20     136.90     137.30     137.30     136.70     135.70     134.30
     132.70     131.00     129.30     127.90     126.90     126.40     126.40     127.00     128.20     129.80
     131.90     134.10     136.50     138.80     140.90     142.80     144.40     145.70     146.80     147.70
     148.60     149.40     150.30     151.10     152.00     152.70     153.30     153.70     153.90     153.90
     153.60     153.10     152.60     151.90     151.20     150.60     150.10     149.60     149.20     148.80
     148.40     148.00     147.50     146.90     146.20     145.50     144.70     143.90     143.10     142.40
     141.70     141.10     140.60
     139.70     138.10     136.50     135.00     133.70     132.50     131.70     131.30     131.40     132.00
     133.10     134.50     136.10     137.60     138.90     139.70     140.00     139.70     138.80     137.60
     136.00     134.40     132.70     131.10     129.80     128.90     128.40     128.40     129.00     130.20
     131.90     133.90     136.10     138.40     140.60     142.50     144.10     145.40     146.60     147.60
     148.60     149.50     150.50     151.50     152.50     153.30     153.90     154.30     154.40     154.30
     153.90     153.30     152.70     152.00     151.30     150.70     150.20     149.80     149.30     148.90
     148.40     147.70     146.90     145.90     144.70     143.50     142.30     141.20     140.30     139.50
     138.90     138.50     138.20
     136.80     135.60     134.70     133.90     133.40     133.00     132.80     132.90     133.30     134.10
     135.30     136.80     138.50     140.00     141.20     141.90     142.10     141.70     140.80     139.70
     138.40     136.90     135.40     133.80     132.30     130.80     129.60     128.90     128.70     129.10
     130.30     132.10     134.40     136.90     139.40     141.70     143.80     145.50     147.00     148.20
     149.40     150.40     151.50     152.40     153.20     153.70     154.00     153.90     153.60     153.00
     152.30     151.60     150.80     150.00     149.40     148.80     148.30     148.00     147.70     147.30
     146.90     146.20     145.30     144.10     142.90     141.50     140.30     139.30     138.50     138.00
     137.80     137.90     138.10
     133.90     133.20     133.00     133.30     133.90     134.60     135.20     135.80     136.40     137.20
     138.30     139.60     141.00     142.20     143.00     143.40     143.10     142.50     141.60     140.60
     139.60     138.50     137.30     135.90     134.30     132.60     130.90     129.50     128.70     128.50
     129.30     130.90     133.30     136.10     139.00     141.80     144.30     146.40     148.00     149.40
     150.50     151.40     152.20     152.90     153.40     153.60     153.50     153.00     152.30     151.40
     150.40     149.30     148.30     147.20     146.30     145.50     144.80     144.40     144.10     143.90
     143.70     143.30     142.70     141.90     141.00     140.00     139.20     138.60     138.30     138.30
     138.60     139.00     139.70
     131.20     130.80     131.30     132.60     134.30     135.90     137.20     138.10     138.70     139.30
     140.10     141.30     142.50     143.50     144.20     144.30     143.90     143.10     142.20     141.30
     140.50     139.60     138.70     137.60     136.30     134.90     133.40     132.00     131.10     130.80
     131.40     132.80     135.00     137.70     140.70     143.50     145.90     147.80     149.20     150.20
     150.80     151.20     151.50     151.80     152.10     152.30     152.20     152.00     151.40     150.60
     149.60     148.30     147.00     145.50     144.10     142.80     141.70     141.10     140.80     140.80
     140.90     141.00     140.90     140.50     140.10     139.70     139.50     139.70     140.10     140.60
     141.30     141.90     142.60
     130.50     130.20     131.20     133.00     135.20     137.20     138.60     139.30     139.60     139.90
     140.50     141.60     143.00     144.20     145.00     145.20     144.80     144.10     143.20     142.30
     141.40     140.50     139.50     138.60     137.70     137.00     136.30     135.80     135.60     135.60
     136.20     137.40     139.20     141.40     143.80     146.00     148.00     149.40     150.30     150.70
     150.60     150.30     149.90     149.70     149.70     150.00     150.40     150.80     150.80     150.40
     149.60     148.40     146.90     145.20     143.50     141.90     140.60     139.90     139.80     140.00
     140.20     140.30     140.00     139.50     139.00     138.90     139.30     140.20     141.50     142.90
     144.20     145.30     146.10
     133.50     133.50     134.50     136.40     138.50     140.20     141.10     141.10     140.70     140.50
     140.90     142.00     143.50     144.90     145.80     146.00     145.70     145.00     144.20     143.10
     141.90     140.60     139.30     138.30     137.90     138.00     138.50     139.20     139.90     140.60
     141.30     142.30     143.50     144.90     146.40     147.90     149.10     150.10     150.80     151.10
     150.90     150.20     149.30     148.30     147.90     148.00     148.60     149.30     149.80     149.80
     149.10     148.00     146.50     144.90     143.40     142.00     141.00     140.70     140.80     141.00
     141.00     140.30     138.90     137.10     135.60     135.00     135.70     137.50     140.00     142.70
     145.20     147.40     149.00
     139.70     139.90     140.80     142.30     143.90     144.80     144.90     144.20     143.10     142.40
     142.50     143.30     144.50     145.60     146.10     146.00     145.60     145.00     144.30     143.30
     142.10     140.50     139.10     138.10     138.00     138.70     140.10     141.60     142.90     143.90
     144.80     145.60     146.40     147.20     147.80     148.20     148.70     149.30     150.00     150.80
     151.20     150.90     149.90     148.40     147.30     146.80     147.00     147.60     148.00     148.00
     147.30     146.20     145.00     143.90     142.90     142.10     141.70     141.80     142.20     142.50
     141.90     140.00     136.80     133.20     130.30     129.10     129.90     132.70     136.50     140.80
     144.70     148.20     150.90
     146.00     146.30     146.90     147.80     148.60     149.00     148.60     147.50     146.20     145.10
     144.80     145.10     145.60     146.00     145.90     145.40     144.80     144.30     143.90     143.30
     142.50     141.30     140.10     139.50     139.70     140.60     142.00     143.40     144.60     145.60
     146.50     147.40     148.20     148.60     148.50     148.00     147.30     147.10     147.70     149.00
     150.30     150.90     150.40     148.90     147.20     146.00     145.50     145.70     145.90     145.70
     145.00     144.10     143.40     142.80     142.40     142.10     142.10     142.40     143.10     143.50
     142.60     139.90     135.70     130.90     127.30     125.90     127.20     130.80     135.50     140.60
     145.30     149.40     152.60
     150.10     150.20     150.40     150.70     150.90     150.90     150.50     149.70     148.60     147.60
     146.90     146.60     146.50     146.20     145.70     145.00     144.40     144.10     144.00     143.90
     143.60     143.10     142.60     142.40     142.70     143.20     143.90     144.50     145.30     146.10
     147.10     148.30     149.20     149.50     149.10     148.00     146.50     145.50     145.50     146.60
     148.40     149.70     149.90     148.80     146.90     145.30     144.40     144.20     144.30     144.00
     143.40     142.90     142.70     142.70     142.80     142.60     142.50     142.90     143.70     144.30
     143.80     141.40     137.40     133.00     129.90     129.20     131.20     135.00     139.80     144.40
     148.60     152.00     154.70
     152.20     152.20     152.00     151.80     151.50     151.40     151.30     151.00     150.40     149.40
     148.40     147.60     147.00     146.50     146.10     145.60     145.10     144.90     144.90     145.00
     145.10     145.10     145.10     145.00     144.90     144.70     144.50     144.60     145.00     146.00
     147.20     148.20     148.90     149.00     148.70     148.00     146.90     145.90     145.40     145.80
     147.00     148.20     148.70     148.00     146.40     144.80     143.80     143.60     143.50     143.10
     142.40     141.90     142.00     142.60     143.20     143.30     143.20     143.50     144.40     145.30
     145.50     144.10     141.40     138.50     136.90     137.30     139.70     143.30     147.10     150.40
     153.20     155.30     156.70
     153.90     154.00     153.60     153.00     152.40     152.20     152.20     152.20     151.70     150.60
     149.20     147.90     147.00     146.60     146.30     146.00     145.60     145.30     145.30     145.60
     146.00     146.30     146.40     146.00     145.30     144.40     143.80     143.90     144.90     146.40
     147.80     148.40     148.20     147.60     147.40     147.60     148.00     148.00     147.50     147.00
     146.80     147.10     147.40     146.90     145.80     144.50     143.70     143.40     143.00     141.90
     140.50     139.50     139.60     140.80     142.20     143.20     143.80     144.40     145.50     146.60
     147.30     146.80     145.50     144.40     144.20     145.50     147.90     150.70     153.30     155.30
     156.80     157.80     158.20
     155.30     155.60     155.30     154.60     154.00     153.60     153.40     153.10     152.40     151.00
     149.20     147.60     146.50     146.00     145.60     145.10     144.50     144.10     144.20     145.00
     145.90     146.50     146.40     145.80     144.70     143.60     143.20     143.90     145.80     148.30
     150.20     150.90     150.10     148.80     148.10     148.70     150.00     150.80     150.40     149.00
     147.40     146.50     146.10     145.70     145.00     144.20     143.60     143.10     142.00     140.00
     137.40     135.50     135.40     137.20     139.90     142.40     144.30     145.70     147.10     148.40
     149.20     149.30     149.10     149.10     149.90     151.40     153.30     155.10     156.60     157.80
     158.60     159.10     158.90
     156.00     156.40     156.30     156.00     155.40     154.80     154.20     153.50     152.40     150.70
     148.80     147.00     145.90     145.20     144.60     143.60     142.60     142.00     142.40     143.60
     144.90     145.60     145.60     144.90     144.00     143.40     143.60     144.80     147.10     150.30
     153.40     155.40     155.70     154.80     153.70     153.30     153.60     153.80     152.80     150.70
     148.10     146.20     145.30     144.90     144.40     143.80     143.20     142.50     141.00     138.30
     135.00     132.50     132.40     134.80     138.60     142.40     145.40     147.50     149.30     150.70
     151.70     152.30     152.70     153.30     154.30     155.50     156.40     157.20     157.80     158.40
     158.90     159.10     158.60
     156.10     156.60     156.90     156.90     156.50     155.70     154.70     153.60     152.30     150.60
     148.60     147.00     145.80     145.20     144.40     143.30     142.00     141.30     141.50     142.60
     143.60     144.10     143.80     143.30     143.10     143.40     144.00     145.00     146.80     149.70
     153.80     158.10     161.40     162.40     161.50     159.60     157.70     156.00     154.10     151.50
     148.70     146.50     145.30     144.80     144.30     143.60     143.00     142.20     140.80     138.40
     135.50     133.40     133.70     136.40     140.50     144.50     147.50     149.80     151.70     153.30
     154.50     155.40     156.20     157.10     157.70     158.10     158.00     157.80     157.80     157.90
     158.00     157.80     157.20
     156.30     157.00     157.50     157.80     157.40     156.60     155.40     154.20     152.90     151.30
     149.50     147.90     146.70     146.10     145.50     144.60     143.40     142.60     142.30     142.50
     142.70     142.30     141.70     141.40     141.90     142.90     143.80     144.20     144.50     146.10
     149.80     155.50     161.20     164.60     164.60     162.00     158.60     155.60     153.30     151.00
     148.60     146.60     145.40     144.90     144.50     143.90     143.30     142.80     142.00     140.70
     139.00     138.20     139.10     141.80     145.20     148.30     150.50     152.20     153.80     155.40
     156.80     157.70     158.40     159.00     159.20     158.80     158.00     157.30     156.80     156.60
     156.40     156.10     155.60
     156.50     157.30     158.00     158.30     158.00     157.10     156.10     155.00     154.00     152.70
     151.10     149.40     148.10     147.30     146.70     146.10     145.30     144.50     143.80     143.20
     142.50     141.60     140.80     140.70     141.30     142.50     143.40     143.40     142.80     142.70
     144.60     149.00     154.40     158.40     159.40     157.50     154.60     152.10     150.50     149.00
     147.20     145.50     144.60     144.50     144.60     144.50     144.20     144.10     144.00     143.90
     143.70     144.00     145.40     147.60     150.10     151.90     153.10     154.20     155.50     156.90
     157.80     158.30     158.60     158.70     158.60     158.00     157.10     156.20     155.80     155.60
     155.40     155.10     154.90
     156.10     156.80     157.40     157.60     157.40     156.70     155.90     155.20     154.50     153.60
     152.40     151.00     149.60     148.40     147.70     147.00     146.40     145.70     144.90     144.00
     143.20     142.40     141.90     141.70     142.00     142.80     143.60     143.90     143.50     142.70
     142.60     144.00     146.60     149.00     150.10     149.70     148.60     147.80     147.30     146.50
     145.10     143.70     143.30     143.80     144.70     145.30     145.50     145.70     146.00     146.60
     147.20     148.10     149.50     151.20     152.70     153.80     154.60     155.50     156.60     157.60
     158.00     157.90     157.60     157.50     157.40     157.10     156.40     155.80     155.60     155.50
     155.50     155.40     155.20
     155.10     155.60     156.00     156.10     155.80     155.30     154.70     154.20     153.70     153.30
     152.70     151.90     150.90     149.80     148.70     147.70     146.90     146.10     145.40     144.70
     144.20     143.90     143.70     143.40     143.20     143.20     143.70     144.50     145.10     145.00
     144.20     143.40     143.10     143.50     144.20     144.80     145.20     145.60     145.70     145.10
     144.00     143.10     143.00     144.00     145.30     146.30     146.80     147.10     147.50     148.20
     149.10     150.10     151.20     152.30     153.30     154.20     155.00     155.90     156.70     157.30
     157.30     157.00     156.70     156.70     156.90     156.80     156.50     156.00     155.80     155.80
     155.90     155.90     155.70
     154.60     154.80     154.90     154.90     154.50     153.90     153.10     152.50     152.20     152.10
     152.10     152.10     151.80     151.00     149.90     148.60     147.40     146.50     145.80     145.40
     145.10     144.80     144.50     144.00     143.40     143.10     143.30     144.10     145.30     146.10
     146.00     145.00     144.00     143.60     144.00     144.70     145.50     145.90     145.80     145.30
     144.60     144.30     144.50     145.30     146.30     147.00     147.50     148.00     148.50     149.30
     150.10     151.10     151.90     152.60     153.20     153.80     154.60     155.20     155.70     155.90
     155.90     155.90     156.00     156.10     156.40     156.40     156.00     155.60     155.30     155.30
     155.50     155.60     155.50
     154.90     154.90     154.80     154.60     153.90     153.00     152.00     151.30     151.00     151.00
     151.20     151.40     151.40     151.00     150.20     149.00     147.70     146.70     146.10     145.90
     145.50     144.90     144.10     143.30     143.00     143.00     143.20     143.60     144.20     145.00
     145.50     145.60     145.40     145.50     145.90     146.50     146.70     146.60     146.30     146.10
     146.00     146.20     146.40     146.50     146.60     146.90     147.50     148.30     149.10     150.00
     150.90     151.90     152.60     153.10     153.30     153.70     154.10     154.20     154.10     154.00
     154.00     154.40     154.70     154.90     155.00     154.90     154.60     154.10     153.90     154.00
     154.40     154.80     154.90
     155.00     155.00     154.90     154.50     153.70     152.60     151.70     151.10     150.90     150.90
     150.80     150.50     150.20     149.80     149.20     148.40     147.50     146.70     146.30     146.30
     146.10     145.20     143.90     143.00     143.00     143.70     144.40     144.40     144.10     144.00
     144.30     144.80     145.30     145.90     146.50     147.00     147.00     146.80     146.60     146.70
     147.10     147.40     147.30     146.80     146.30     146.30     147.10     148.40     149.60     150.50
     151.50     152.40     153.10     153.40     153.50     153.60     153.70     153.60     153.10     152.60
     152.50     152.80     153.20     153.30     153.20     153.10     152.90     152.70     152.60     152.90
     153.40     153.90     154.30
     154.40     154.50     154.40     154.10     153.40     152.60     152.00     151.70     151.70     151.50
     151.00     150.10     149.20     148.50     148.20     147.80     147.20     146.60     146.40     146.60
     146.70     146.20     145.00     144.00     144.20     145.20     146.10     146.20     145.70     145.00
     144.60     144.60     144.80     145.20     145.90     146.60     147.00     147.10     147.30     147.50
     147.80     147.80     147.50     146.90     146.40     146.60     147.50     148.90     150.20     151.00
     151.60     152.30     152.80     153.10     153.10     153.20     153.40     153.30     152.80     152.10
     151.80     151.80     152.00     152.00     152.00     152.00     152.10     152.00     152.00     152.20
     152.50     153.00     153.40
     153.50     153.40     153.40     153.40     153.20     153.00     152.80     152.70     152.50     152.20
     151.50     150.40     149.30     148.60     148.40     148.30     147.80     147.10     146.70     146.80
     147.10     147.00     146.40     145.80     145.70     146.30     147.00     147.30     147.10     146.70
     146.10     145.60     145.20     145.30     145.90     146.90     147.70     148.20     148.40     148.40
     148.30     148.20     148.10     148.00     147.90     148.10     148.90     150.00     150.90     151.40
     151.50     151.80     152.10     152.40     152.50     152.60     152.80     152.90     152.70     152.20
     151.70     151.40     151.30     151.30     151.50     151.60     151.60     151.50     151.40     151.30
     151.40     151.60     151.80
     152.80     152.70     152.70     152.80     153.00     153.30     153.40     153.20     152.70     152.20
     151.60     150.80     150.00     149.50     149.60     149.60     149.10     148.20     147.40     147.10
     147.20     147.30     147.20     147.00     146.90     146.90     147.00     147.20     147.40     147.40
     147.20     146.80     146.30     146.30     146.90     147.90     148.70     149.10     149.10     148.80
     148.60     148.70     149.10     149.50     149.90     150.20     150.60     151.10     151.50     151.60
     151.40     151.40     151.70     152.00     152.10     152.10     152.10     152.30     152.40     152.20
     151.80     151.30     151.00     150.90     151.00     150.90     150.70     150.40     150.20     150.20
     150.10     150.10     150.10
     152.60     152.50     152.40     152.40     152.70     153.10     153.30     153.00     152.30     151.70
     151.20     150.70     150.20     150.10     150.40     150.60     150.20     149.30     148.40     147.90
     147.50     147.30     147.40     147.60     147.60     147.50     147.20     147.20     147.30     147.50
     147.50     147.40     147.30     147.40     147.90     148.50     148.90     149.00     148.80     148.60
     148.70     149.00     149.70     150.40     151.00     151.30     151.60     151.80     151.80     151.70
     151.50     151.50     151.80     152.20     152.20     152.00     151.70     151.80     152.10     152.30
     152.10     151.40     150.80     150.60     150.50     150.20     149.80     149.40     149.30     149.40
     149.40     149.30     149.30
     152.70     152.60     152.40     152.10     152.10     152.50     152.80     152.50     151.90     151.40
     151.10     150.60     150.20     150.10     150.50     150.80     150.50     149.90     149.40     149.00
     148.50     147.90     147.70     147.80     148.00     148.10     148.00     148.00     148.00     147.90
     147.90     148.00     148.10     148.20     148.30     148.50     148.70     148.70     148.60     148.70
     148.90     149.30     149.80     150.20     150.80     151.40     151.80     151.90     151.80     151.60
     151.50     151.60     151.90     152.20     152.30     152.00     151.60     151.60     152.00     152.40
     152.30     151.70     150.90     150.60     150.40     150.10     149.50     149.10     149.10     149.30
     149.40     149.30     149.20
     152.40     152.30     152.20     152.00     151.90     152.20     152.40     152.20     151.80     151.60
     151.50     151.00     150.40     150.20     150.60     150.90     150.70     150.10     149.80     149.60
     149.30     148.60     148.10     147.90     147.90     148.10     148.40     148.70     148.90     148.80
     148.70     148.80     148.90     148.80     148.50     148.50     148.80     149.10     149.20     149.40
     149.70     149.90     149.90     149.80     150.20     150.80     151.50     151.60     151.50     151.40
     151.50     151.60     151.80     151.90     152.10     151.90     151.60     151.50     151.80     152.20
     152.10     151.60     151.10     150.80     150.70     150.40     149.80     149.30     149.10     149.20
     149.30     149.30     149.20
     151.80     151.80     152.00     152.10     152.20     152.30     152.40     152.10     151.90     152.00
     152.00     151.50     150.90     150.70     151.00     151.30     150.90     150.10     149.60     149.40
     149.10     148.60     148.10     147.80     147.60     147.60     147.90     148.40     148.90     149.10
     149.30     149.50     149.60     149.30     148.90     148.90     149.30     149.70     149.80     150.00
     150.20     150.40     150.20     149.80     149.80     150.30     150.90     151.20     151.10     151.20
     151.40     151.60     151.50     151.60     151.70     151.70     151.50     151.20     151.20     151.40
     151.50     151.30     151.10     151.00     150.80     150.40     149.70     149.10     148.80     148.70
     148.80     148.80     148.90
