diamond 4 20年06月24日20时850百帕高度场
20 06 24  20  850 
2.500 -2.500  .0  180.0   90.0  .0
73  37
     137.70     137.70     137.70     137.70     137.70     137.70     137.70     137.70     137.70     137.70
     137.70     137.70     137.70     137.70     137.70     137.70     137.70     137.70     137.70     137.70
     137.70     137.70     137.70     137.70     137.70     137.70     137.70     137.70     137.70     137.70
     137.70     137.70     137.70     137.70     137.70     137.70     137.70     137.70     137.70     137.70
     137.70     137.70     137.70     137.70     137.70     137.70     137.70     137.70     137.70     137.70
     137.70     137.70     137.70     137.70     137.70     137.70     137.70     137.70     137.70     137.70
     137.70     137.70     137.70     137.70     137.70     137.70     137.70     137.70     137.70     137.70
     137.70     137.70     137.70
     140.20     140.20     140.30     140.30     140.40     140.40     140.50     140.50     140.60     140.60
     140.60     140.60     140.70     140.70     140.70     140.70     140.70     140.70     140.70     140.70
     140.70     140.70     140.70     140.70     140.70     140.60     140.60     140.60     140.50     140.50
     140.40     140.30     140.30     140.20     140.10     140.00     139.90     139.80     139.70     139.60
     139.50     139.30     139.20     139.00     138.90     138.70     138.50     138.30     138.20     138.00
     137.80     137.50     137.30     137.10     136.90     136.70     136.50     136.20     136.00     135.80
     135.60     135.40     135.10     134.90     134.70     134.60     134.40     134.20     134.10     133.90
     133.80     133.70     133.60
     142.30     142.50     142.60     142.70     142.90     143.00     143.10     143.20     143.30     143.30
     143.40     143.40     143.50     143.50     143.50     143.60     143.60     143.60     143.50     143.50
     143.50     143.50     143.50     143.40     143.40     143.40     143.30     143.30     143.20     143.20
     143.20     143.10     143.10     143.00     142.90     142.80     142.80     142.70     142.50     142.40
     142.20     142.10     141.90     141.70     141.40     141.10     140.90     140.50     140.20     139.80
     139.40     139.00     138.50     138.10     137.60     137.00     136.50     135.90     135.40     134.80
     134.20     133.60     133.00     132.40     131.80     131.30     130.80     130.30     129.80     129.40
     129.00     128.60     128.30
     144.20     144.50     144.70     144.90     145.20     145.40     145.60     145.70     145.90     146.00
     146.10     146.10     146.10     146.10     146.10     146.00     145.90     145.70     145.60     145.40
     145.20     145.00     144.90     144.70     144.50     144.40     144.30     144.20     144.20     144.20
     144.20     144.20     144.20     144.20     144.30     144.30     144.30     144.30     144.30     144.30
     144.20     144.20     144.00     143.90     143.70     143.50     143.20     142.90     142.60     142.20
     141.80     141.30     140.80     140.20     139.60     138.90     138.20     137.40     136.60     135.70
     134.80     133.80     132.90     131.90     130.90     130.00     129.10     128.20     127.40     126.60
     125.90     125.30     124.80
     144.70     145.10     145.40     145.80     146.20     146.50     146.90     147.20     147.50     147.70
     147.90     148.00     148.00     148.00     147.80     147.50     147.20     146.80     146.30     145.80
     145.30     144.80     144.30     143.90     143.50     143.20     143.00     142.90     142.90     142.90
     143.10     143.30     143.50     143.80     144.10     144.30     144.60     144.80     144.90     145.10
     145.10     145.20     145.20     145.10     145.10     145.00     144.80     144.70     144.50     144.30
     144.00     143.70     143.40     142.90     142.50     141.90     141.20     140.50     139.60     138.70
     137.70     136.60     135.50     134.30     133.10     131.90     130.70     129.60     128.50     127.50
     126.70     125.90     125.20
     144.10     144.60     145.10     145.60     146.10     146.70     147.20     147.80     148.30     148.70
     149.10     149.30     149.40     149.30     149.00     148.60     148.00     147.20     146.30     145.30
     144.30     143.30     142.40     141.60     141.00     140.50     140.20     140.10     140.30     140.60
     141.00     141.60     142.20     142.90     143.50     144.10     144.60     145.00     145.40     145.70
     145.80     145.90     146.00     146.00     146.00     146.00     146.00     145.90     145.90     145.90
     145.90     145.90     145.80     145.70     145.50     145.20     144.80     144.30     143.60     142.80
     141.90     140.90     139.70     138.50     137.30     136.00     134.70     133.50     132.40     131.40
     130.50     129.70     129.00
     144.50     145.10     145.70     146.30     146.90     147.60     148.20     148.90     149.50     150.00
     150.40     150.70     150.80     150.70     150.30     149.70     148.80     147.70     146.40     145.00
     143.50     142.10     140.70     139.60     138.70     138.20     137.90     138.00     138.30     138.90
     139.70     140.60     141.60     142.50     143.40     144.20     144.90     145.50     145.90     146.20
     146.40     146.60     146.70     146.80     146.90     146.90     147.00     147.20     147.30     147.50
     147.60     147.80     147.90     148.00     148.00     147.90     147.70     147.40     147.00     146.40
     145.70     144.80     143.70     142.60     141.40     140.20     139.00     137.90     136.80     135.80
     134.90     134.20     133.50
     146.90     147.70     148.50     149.20     149.80     150.30     150.80     151.30     151.70     152.00
     152.30     152.50     152.50     152.20     151.70     150.90     149.90     148.50     147.00     145.30
     143.60     142.00     140.50     139.30     138.40     137.90     137.70     137.90     138.30     139.00
     139.90     140.80     141.80     142.70     143.50     144.20     144.70     145.20     145.60     145.90
     146.20     146.50     146.80     147.10     147.40     147.70     148.00     148.30     148.60     148.90
     149.10     149.20     149.30     149.40     149.50     149.50     149.40     149.30     149.00     148.60
     148.10     147.40     146.50     145.50     144.50     143.40     142.30     141.30     140.30     139.40
     138.60     137.90     137.20
     149.80     151.10     152.10     153.00     153.60     153.90     154.20     154.30     154.30     154.30
     154.30     154.20     153.90     153.40     152.80     151.80     150.60     149.20     147.60     145.90
     144.30     142.80     141.50     140.50     139.70     139.30     139.20     139.40     139.80     140.30
     140.90     141.40     142.00     142.50     142.90     143.30     143.60     144.00     144.30     144.70
     145.20     145.70     146.30     146.90     147.50     148.10     148.70     149.10     149.50     149.80
     150.00     150.00     150.00     149.90     149.90     149.80     149.80     149.80     149.70     149.50
     149.20     148.80     148.10     147.30     146.30     145.30     144.40     143.50     142.60     141.90
     141.20     140.50     139.80
     151.00     152.90     154.40     155.60     156.40     156.80     156.90     156.80     156.70     156.40
     156.10     155.80     155.20     154.60     153.60     152.50     151.10     149.60     148.00     146.40
     145.00     143.70     142.60     141.70     141.10     140.70     140.50     140.50     140.60     140.80
     141.00     141.30     141.40     141.60     141.80     142.00     142.30     142.80     143.30     143.90
     144.60     145.30     146.00     146.70     147.30     147.90     148.40     148.90     149.30     149.60
     149.80     149.80     149.70     149.60     149.40     149.30     149.30     149.30     149.40     149.50
     149.40     149.20     148.60     147.90     147.00     146.00     145.10     144.20     143.60     143.00
     142.50     141.90     141.20
     150.90     153.30     155.30     156.80     157.90     158.50     158.70     158.70     158.60     158.30
     158.00     157.60     157.00     156.10     154.90     153.50     151.90     150.20     148.50     146.90
     145.50     144.20     143.00     142.00     141.20     140.50     140.00     139.80     139.70     139.80
     140.00     140.20     140.50     140.70     141.10     141.50     142.00     142.70     143.50     144.30
     145.00     145.60     146.00     146.20     146.40     146.60     146.80     147.20     147.60     148.10
     148.50     148.70     148.80     148.80     148.60     148.50     148.50     148.60     148.70     148.90
     149.00     148.80     148.40     147.70     146.70     145.60     144.60     143.70     143.10     142.60
     142.30     141.80     141.30
     151.50     154.10     156.30     157.90     159.10     159.80     160.20     160.20     160.10     160.00
     159.80     159.40     158.90     158.00     156.70     155.00     153.20     151.20     149.40     147.60
     146.10     144.50     143.10     141.60     140.30     139.20     138.50     138.20     138.40     138.80
     139.40     140.10     140.60     141.20     141.70     142.20     142.90     143.70     144.40     145.00
     145.40     145.50     145.40     145.00     144.50     144.20     144.10     144.40     145.00     145.80
     146.60     147.30     147.80     148.10     148.10     148.00     148.00     148.10     148.30     148.50
     148.70     148.60     148.20     147.40     146.40     145.20     144.10     143.10     142.30     141.80
     141.40     141.00     140.50
     153.80     156.10     158.10     159.50     160.50     161.10     161.20     161.10     160.90     160.80
     160.70     160.60     160.20     159.40     158.20     156.40     154.40     152.30     150.30     148.60
     146.90     145.10     143.30     141.50     139.80     138.50     138.00     138.10     138.80     139.90
     141.00     141.90     142.60     143.00     143.30     143.60     144.00     144.40     144.80     145.00
     145.00     144.60     144.00     143.30     142.70     142.30     142.30     142.70     143.50     144.50
     145.70     146.70     147.40     147.90     148.10     148.10     148.20     148.40     148.60     149.00
     149.20     149.20     148.90     148.20     147.20     146.00     144.70     143.50     142.50     141.70
     141.20     140.70     140.20
     156.60     158.30     159.80     160.80     161.40     161.50     161.30     160.80     160.40     160.20
     160.30     160.40     160.30     159.80     158.60     156.90     154.80     152.70     150.90     149.20
     147.70     146.10     144.30     142.40     140.90     139.90     139.80     140.50     141.70     143.00
     144.10     144.70     144.90     144.70     144.50     144.30     144.20     144.30     144.40     144.30
     144.10     143.70     143.20     142.80     142.50     142.60     142.90     143.60     144.40     145.30
     146.10     146.80     147.40     147.80     148.20     148.50     148.90     149.30     149.80     150.20
     150.40     150.40     150.20     149.60     148.70     147.50     146.20     144.80     143.60     142.60
     141.90     141.50     141.00
     157.90     159.20     160.10     160.70     160.80     160.50     160.00     159.30     158.80     158.60
     158.80     159.20     159.30     158.90     157.90     156.20     154.20     152.30     150.80     149.60
     148.50     147.40     146.10     144.80     143.70     143.20     143.40     144.30     145.30     146.10
     146.40     146.10     145.30     144.50     143.80     143.50     143.50     143.60     143.90     144.00
     144.00     143.80     143.60     143.50     143.80     144.30     145.10     145.90     146.40     146.70
     146.70     146.60     146.70     147.10     147.70     148.50     149.40     150.20     150.80     151.10
     151.20     151.00     150.60     150.00     149.20     148.20     147.10     145.70     144.50     143.50
     142.90     142.50     142.30
     157.30     158.20     158.80     159.10     158.90     158.40     157.70     157.00     156.60     156.60
     156.90     157.30     157.50     157.10     156.10     154.60     152.90     151.50     150.40     149.90
     149.60     149.20     148.60     148.00     147.40     147.20     147.40     147.80     148.00     147.70
     146.80     145.50     144.20     143.20     142.60     142.50     142.70     143.10     143.70     144.20
     144.50     144.50     144.20     144.00     144.10     144.70     145.60     146.50     146.90     146.70
     146.00     145.40     145.20     145.60     146.60     147.90     149.30     150.40     151.00     151.20
     151.00     150.40     149.80     149.20     148.50     147.80     146.80     145.70     144.60     143.70
     143.20     143.10     142.90
     155.70     156.50     157.00     157.10     156.80     156.20     155.60     155.10     154.90     154.90
     155.10     155.30     155.20     154.80     154.00     152.90     151.70     150.80     150.30     150.30
     150.70     151.00     151.20     151.10     150.80     150.60     150.40     150.10     149.40     148.20
     146.60     145.10     143.90     143.30     143.00     142.90     142.90     143.10     143.50     144.10
     144.60     144.50     143.70     142.70     142.00     142.20     143.10     144.20     144.90     144.90
     144.30     143.70     143.60     144.40     145.80     147.50     149.10     150.20     150.70     150.60
     150.10     149.40     148.80     148.30     147.90     147.40     146.70     145.60     144.50     143.60
     143.20     142.90     142.50
     154.60     155.30     155.80     155.90     155.70     155.20     154.80     154.40     154.20     154.10
     154.00     153.80     153.40     152.90     152.30     151.60     151.00     150.50     150.40     150.70
     151.30     152.10     152.70     153.00     152.90     152.50     151.90     151.20     150.10     148.80
     147.30     146.10     145.50     145.30     145.10     144.60     143.70     143.00     142.80     143.30
     143.80     143.60     142.40     140.50     139.00     138.70     139.60     141.20     142.60     143.20
     143.10     143.00     143.30     144.50     146.20     148.00     149.40     150.20     150.30     149.90
     149.20     148.60     148.20     148.00     148.00     147.80     147.20     146.20     145.00     143.90
     143.20     142.50     141.50
     154.50     155.30     155.80     156.00     155.90     155.60     155.20     154.80     154.50     154.20
     153.80     153.30     152.70     152.10     151.60     151.10     150.70     150.40     150.20     150.40
     151.10     152.10     153.00     153.40     153.30     152.70     152.00     151.30     150.60     149.60
     148.40     147.40     146.80     146.60     146.40     145.50     144.00     142.60     142.10     142.40
     143.00     142.80     141.50     139.40     137.70     137.40     138.50     140.20     141.70     142.50
     142.70     143.10     144.00     145.60     147.40     149.10     150.10     150.40     150.00     149.20
     148.30     147.50     147.20     147.30     147.70     147.80     147.50     146.70     145.60     144.50
     143.50     142.40     140.90
     155.40     156.00     156.40     156.70     156.70     156.50     156.00     155.40     154.90     154.40
     154.00     153.40     152.80     152.20     151.50     150.90     150.30     149.70     149.40     149.50
     150.20     151.40     152.60     153.10     152.80     152.00     151.20     151.00     150.90     150.40
     149.20     147.50     146.20     145.60     145.30     144.80     143.70     142.70     142.20     142.60
     143.00     142.70     141.40     139.80     138.80     138.90     139.90     141.00     141.60     141.70
     141.90     142.70     144.30     146.40     148.40     149.90     150.70     150.70     149.90     148.70
     147.30     146.20     145.60     145.70     146.10     146.50     146.60     146.30     145.70     145.00
     144.20     143.10     141.40
     156.30     156.50     156.80     157.10     157.10     156.80     156.20     155.40     154.70     154.20
     153.80     153.50     153.10     152.40     151.50     150.50     149.50     148.70     148.20     148.40
     149.30     150.80     152.20     152.90     152.30     151.10     150.20     150.40     151.20     151.30
     150.10     147.70     145.50     144.40     144.20     144.40     144.30     144.10     144.00     144.10
     143.90     143.00     141.60     140.50     140.50     141.20     141.90     141.80     140.90     140.10
     140.10     141.40     143.70     146.20     148.40     150.00     150.90     151.00     150.40     149.20
     147.70     146.20     145.30     145.10     145.30     145.60     145.90     146.10     146.10     145.90
     145.50     144.60     143.10
     156.60     156.80     156.90     157.10     157.10     156.60     155.80     154.90     154.20     153.80
     153.60     153.40     153.10     152.60     151.60     150.40     149.20     148.20     147.70     147.90
     148.70     150.30     151.90     152.50     151.70     150.00     148.80     149.10     150.70     151.90
     151.50     149.60     147.60     146.40     146.30     146.50     146.50     146.50     146.60     146.30
     145.30     143.40     141.60     140.90     141.50     142.60     142.90     141.90     140.00     138.70
     139.00     140.80     143.50     146.00     148.10     149.70     150.90     151.70     151.90     151.40
     150.40     149.30     148.40     148.00     147.80     147.70     147.60     147.60     147.70     147.70
     147.30     146.50     145.40
     156.70     157.20     157.50     157.50     157.30     156.60     155.80     155.10     154.50     154.20
     154.00     153.80     153.50     153.10     152.20     151.10     149.90     149.00     148.40     148.10
     148.40     149.40     150.70     151.30     150.20     148.10     146.50     146.60     148.50     150.70
     151.80     151.70     151.20     150.80     150.50     149.80     148.80     148.10     148.00     147.60
     146.30     144.10     142.00     141.30     142.10     143.20     143.40     142.10     140.40     139.60
     140.40     142.40     144.70     146.60     148.20     149.60     151.30     152.90     154.00     154.50
     154.40     154.10     153.80     153.40     153.00     152.30     151.60     151.00     150.50     150.00
     149.30     148.40     147.50
     157.20     158.00     158.40     158.30     157.90     157.10     156.40     156.00     155.90     155.70
     155.30     154.90     154.40     154.00     153.30     152.40     151.40     150.50     149.60     148.70
     148.10     148.10     148.70     149.00     148.00     145.90     143.90     143.70     145.20     147.60
     149.60     151.00     152.20     152.90     152.50     150.70     148.50     147.20     147.00     147.20
     146.40     144.60     142.70     142.10     142.70     143.70     143.90     143.20     142.50     142.60
     143.90     145.50     146.90     147.80     148.90     150.30     152.30     154.30     155.80     156.80
     157.40     157.60     157.80     157.80     157.40     156.50     155.40     154.30     153.30     152.30
     151.20     150.10     149.30
     157.70     158.30     158.60     158.50     158.10     157.50     157.10     157.00     157.10     157.10
     156.70     156.00     155.30     154.70     154.00     153.20     152.30     151.40     150.40     149.20
     147.90     147.10     146.90     146.90     146.00     144.30     142.70     142.30     143.20     144.70
     146.10     147.60     149.30     150.50     150.20     148.30     145.90     144.60     144.80     145.40
     145.30     144.30     143.10     142.90     143.50     144.20     144.50     144.50     144.90     145.80
     147.10     148.10     148.60     149.10     150.10     151.70     153.70     155.60     156.90     157.60
     158.10     158.50     158.70     158.80     158.60     158.00     157.10     156.10     155.10     154.10
     153.00     152.10     151.60
     157.10     157.30     157.50     157.50     157.30     157.10     157.00     157.00     157.30     157.30
     157.00     156.30     155.50     154.70     153.90     153.00     152.00     151.10     150.20     149.10
     147.80     146.80     146.20     145.90     145.20     144.10     143.30     143.40     144.00     144.40
     144.50     144.70     145.50     146.40     146.40     145.20     143.80     143.20     143.70     144.20
     144.00     143.40     143.00     143.30     144.10     144.80     145.20     145.70     146.60     147.70
     148.80     149.40     149.80     150.40     151.70     153.40     155.10     156.40     157.20     157.60
     157.80     157.80     157.90     157.90     157.70     157.40     157.00     156.50     155.90     155.20
     154.50     154.00     153.80
     155.70     155.60     155.70     155.90     156.20     156.30     156.30     156.20     156.30     156.40
     156.30     155.80     155.00     154.10     153.30     152.30     151.20     150.10     149.20     148.40
     147.60     146.90     146.30     145.90     145.20     144.60     144.60     145.20     146.10     146.20
     145.50     144.70     144.40     144.60     144.70     144.40     144.20     144.50     144.90     144.70
     143.90     143.10     143.10     143.80     144.80     145.70     146.30     146.90     147.70     148.60
     149.50     150.30     151.00     152.00     153.30     154.60     155.70     156.50     157.00     157.30
     157.40     157.40     157.20     157.10     156.90     156.70     156.50     156.40     156.10     155.70
     155.30     155.10     155.00
     154.70     154.60     154.80     155.10     155.50     155.70     155.60     155.20     155.00     154.90
     154.90     154.50     153.80     153.10     152.40     151.60     150.40     149.00     148.00     147.30
     147.00     146.70     146.40     146.00     145.40     144.80     144.90     145.60     146.70     147.10
     146.80     146.10     145.60     145.50     145.50     145.70     146.30     146.90     147.10     146.40
     145.20     144.30     144.20     144.90     145.80     146.70     147.50     148.20     148.80     149.50
     150.30     151.30     152.40     153.40     154.30     154.90     155.30     155.70     156.20     156.70
     156.90     156.90     156.80     156.60     156.30     156.10     156.00     156.00     155.90     155.60
     155.30     155.00     154.90
     154.80     154.90     155.00     155.20     155.30     155.30     154.90     154.30     153.80     153.50
     153.20     152.70     152.00     151.50     151.20     150.60     149.60     148.20     147.20     146.60
     146.40     146.30     146.20     145.90     145.40     144.90     144.60     144.80     145.50     146.20
     146.50     146.60     146.60     146.70     146.80     147.10     147.60     148.20     148.30     147.70
     146.70     146.00     145.80     146.10     146.60     147.40     148.40     149.20     149.70     150.20
     151.10     152.20     153.20     153.80     154.00     154.20     154.40     154.80     155.20     155.60
     155.80     155.80     155.70     155.60     155.40     155.10     155.10     155.20     155.20     155.10
     154.70     154.40     154.10
     155.30     155.30     155.20     155.10     155.00     154.60     153.90     153.30     152.70     152.20
     151.60     150.90     150.30     149.90     149.80     149.40     148.60     147.70     146.90     146.60
     146.40     146.20     145.90     145.70     145.60     145.40     145.10     144.90     145.10     145.40
     145.80     146.20     146.60     147.00     147.20     147.40     147.70     148.00     148.00     147.70
     147.40     147.10     146.90     146.80     147.00     147.80     148.80     149.70     150.20     150.70
     151.40     152.20     152.70     152.90     152.90     153.20     153.60     154.00     154.40     154.50
     154.40     154.40     154.40     154.40     154.40     154.20     154.10     154.40     154.60     154.60
     154.30     154.00     153.70
     155.00     154.80     154.60     154.40     154.10     153.50     152.80     152.30     151.90     151.30
     150.50     149.80     149.40     149.20     149.00     148.50     147.90     147.30     147.00     147.00
     146.90     146.50     146.00     145.80     146.00     146.40     146.60     146.60     146.60     146.50
     146.40     146.30     146.40     146.70     147.10     147.40     147.50     147.50     147.40     147.30
     147.10     147.10     147.00     147.00     147.30     148.00     149.00     149.70     150.30     150.80
     151.40     151.70     151.70     151.60     151.90     152.40     153.00     153.40     153.50     153.60
     153.50     153.60     153.80     154.00     154.00     153.80     153.70     153.90     154.20     154.20
     153.90     153.60     153.40
     154.20     153.90     153.70     153.60     153.20     152.50     152.00     151.70     151.50     150.90
     150.20     149.70     149.50     149.50     149.20     148.50     147.80     147.40     147.40     147.50
     147.40     147.00     146.50     146.30     146.60     147.20     147.90     148.30     148.40     148.20
     147.60     147.00     146.60     146.60     146.90     147.30     147.60     147.70     147.50     147.20
     147.00     146.90     147.00     147.20     147.50     148.10     148.80     149.50     150.10     150.60
     151.00     150.90     150.70     150.80     151.30     152.00     152.40     152.40     152.40     152.60
     152.90     153.20     153.60     153.80     153.80     153.60     153.50     153.50     153.60     153.50
     153.30     153.10     152.90
     153.80     153.60     153.50     153.20     152.70     152.10     151.80     151.70     151.50     151.00
     150.20     149.90     149.90     150.00     149.70     149.10     148.60     148.30     148.10     147.90
     147.80     147.70     147.60     147.50     147.50     147.80     148.30     148.70     148.80     148.60
     148.10     147.40     146.80     146.50     146.70     147.10     147.60     148.00     148.00     147.70
     147.40     147.20     147.30     147.60     147.80     148.00     148.40     149.00     149.60     150.10
     150.20     150.10     150.10     150.50     151.20     151.80     151.80     151.50     151.30     151.50
     152.00     152.50     152.80     153.00     152.90     152.80     152.70     152.70     152.60     152.40
     152.30     152.20     152.10
     154.00     154.00     153.80     153.30     152.70     152.10     151.80     151.80     151.60     151.00
     150.30     150.00     149.90     149.90     149.90     149.80     149.80     149.70     149.30     148.70
     148.40     148.50     148.70     148.70     148.60     148.40     148.40     148.40     148.30     148.10
     147.80     147.30     146.80     146.40     146.30     146.70     147.40     148.10     148.40     148.30
     148.00     148.00     148.20     148.20     148.10     148.00     148.30     148.80     149.30     149.50
     149.40     149.40     149.80     150.50     151.30     151.70     151.50     151.00     150.60     150.70
     151.00     151.50     151.70     151.80     151.70     151.70     151.70     151.60     151.50     151.40
     151.40     151.50     151.50
     154.00     154.10     153.90     153.40     152.70     152.20     152.00     151.80     151.50     151.00
     150.60     150.30     150.00     149.80     150.00     150.50     151.10     151.20     150.70     149.80
     149.20     149.20     149.30     149.30     149.10     148.90     148.70     148.60     148.30     148.10
     147.80     147.40     146.90     146.40     146.30     146.60     147.40     148.20     148.60     148.60
     148.50     148.70     149.00     149.00     148.60     148.40     148.60     149.10     149.40     149.30
     149.30     149.60     150.20     150.80     151.30     151.50     151.40     151.10     150.70     150.40
     150.60     150.90     151.20     151.30     151.30     151.20     151.20     151.10     150.90     150.90
     151.00     151.10     151.10
     153.40     153.60     153.50     153.20     152.80     152.50     152.30     151.90     151.50     151.30
     151.20     151.10     150.70     150.40     150.60     151.30     152.00     152.10     151.50     150.70
     150.00     149.60     149.30     148.90     148.70     148.70     148.90     148.90     148.70     148.40
     148.10     147.70     147.20     146.80     146.70     147.20     147.90     148.50     148.70     148.50
     148.60     149.00     149.40     149.40     149.10     149.00     149.20     149.50     149.60     149.50
     149.70     150.30     150.90     151.10     151.00     151.10     151.20     151.20     150.90     150.60
     150.70     151.00     151.40     151.50     151.50     151.40     151.30     151.10     150.90     150.80
     150.90     150.90     150.70
     152.80     153.10     153.20     153.00     152.90     152.90     152.70     152.30     151.90     151.90
     152.10     152.10     151.70     151.30     151.50     152.10     152.40     152.20     151.50     150.80
     150.30     149.80     149.10     148.40     148.00     148.10     148.40     148.50     148.50     148.30
     148.10     147.80     147.50     147.30     147.50     147.90     148.50     148.80     148.70     148.50
     148.50     148.90     149.30     149.40     149.30     149.30     149.50     149.60     149.50     149.50
     149.90     150.60     151.00     150.80     150.50     150.50     150.90     151.10     151.00     150.90
     150.90     151.20     151.40     151.40     151.30     151.20     151.10     151.00     150.80     150.80
     150.80     150.60     150.30
