diamond 4 20年06月25日8时850百帕高度场
20 06 25  8  850 
2.500 -2.500  .0  180.0   90.0  .0
73  37
     139.50     139.50     139.50     139.50     139.50     139.50     139.50     139.50     139.50     139.50
     139.50     139.50     139.50     139.50     139.50     139.50     139.50     139.50     139.50     139.50
     139.50     139.50     139.50     139.50     139.50     139.50     139.50     139.50     139.50     139.50
     139.50     139.50     139.50     139.50     139.50     139.50     139.50     139.50     139.50     139.50
     139.50     139.50     139.50     139.50     139.50     139.50     139.50     139.50     139.50     139.50
     139.50     139.50     139.50     139.50     139.50     139.50     139.50     139.50     139.50     139.50
     139.50     139.50     139.50     139.50     139.50     139.50     139.50     139.50     139.50     139.50
     139.50     139.50     139.50
     140.50     140.50     140.60     140.60     140.60     140.60     140.70     140.70     140.70     140.70
     140.70     140.70     140.70     140.70     140.70     140.70     140.70     140.70     140.70     140.70
     140.70     140.60     140.60     140.60     140.50     140.50     140.50     140.40     140.40     140.30
     140.20     140.20     140.10     140.00     140.00     139.90     139.80     139.70     139.60     139.50
     139.40     139.30     139.20     139.10     139.00     138.80     138.70     138.60     138.50     138.30
     138.20     138.10     137.90     137.80     137.70     137.60     137.40     137.30     137.20     137.10
     137.00     136.90     136.80     136.70     136.60     136.50     136.50     136.40     136.40     136.30
     136.30     136.30     136.30
     141.00     141.10     141.20     141.40     141.50     141.60     141.70     141.80     141.90     142.00
     142.10     142.20     142.20     142.30     142.30     142.30     142.30     142.30     142.30     142.30
     142.30     142.20     142.20     142.20     142.10     142.10     142.00     142.00     141.90     141.80
     141.80     141.70     141.60     141.50     141.40     141.30     141.20     141.10     140.90     140.80
     140.60     140.40     140.20     140.00     139.70     139.50     139.20     138.90     138.60     138.30
     137.90     137.50     137.10     136.70     136.30     135.90     135.50     135.00     134.60     134.20
     133.80     133.40     133.00     132.60     132.30     131.90     131.70     131.40     131.20     131.10
     130.90     130.90     130.80
     141.90     142.20     142.50     142.70     142.90     143.10     143.30     143.50     143.60     143.70
     143.80     143.80     143.90     143.90     143.90     143.90     143.90     143.80     143.80     143.70
     143.70     143.60     143.60     143.60     143.50     143.50     143.50     143.40     143.40     143.40
     143.40     143.40     143.40     143.40     143.30     143.30     143.30     143.20     143.10     143.00
     142.90     142.70     142.60     142.30     142.10     141.80     141.40     141.00     140.60     140.10
     139.50     138.90     138.30     137.60     136.90     136.10     135.30     134.50     133.70     132.80
     132.00     131.10     130.30     129.50     128.80     128.10     127.40     126.90     126.40     126.00
     125.70     125.50     125.40
     143.50     143.80     144.10     144.40     144.60     144.80     144.90     145.00     145.00     145.10
     145.00     145.00     144.90     144.80     144.60     144.50     144.30     144.20     144.00     143.90
     143.70     143.60     143.50     143.40     143.40     143.40     143.40     143.50     143.50     143.60
     143.80     143.90     144.00     144.20     144.30     144.50     144.60     144.70     144.80     144.80
     144.90     144.80     144.80     144.70     144.50     144.30     144.10     143.70     143.30     142.80
     142.30     141.60     140.90     140.10     139.20     138.30     137.30     136.30     135.20     134.10
     133.00     131.80     130.70     129.60     128.50     127.50     126.50     125.70     124.90     124.30
     123.90     123.50     123.40
     144.90     145.30     145.60     145.80     146.00     146.20     146.30     146.30     146.20     146.10
     145.90     145.70     145.50     145.20     144.80     144.40     144.00     143.60     143.20     142.80
     142.40     142.10     141.80     141.60     141.40     141.40     141.40     141.50     141.70     141.90
     142.20     142.40     142.70     143.10     143.40     143.70     143.90     144.20     144.50     144.80
     145.00     145.20     145.40     145.50     145.60     145.60     145.60     145.40     145.20     144.90
     144.50     144.00     143.40     142.80     142.10     141.30     140.40     139.50     138.50     137.40
     136.30     135.20     134.10     132.90     131.70     130.60     129.50     128.50     127.70     126.90
     126.30     125.90     125.60
     145.40     145.90     146.40     146.90     147.30     147.60     147.80     147.90     147.90     147.80
     147.60     147.40     147.00     146.60     146.10     145.50     144.80     144.00     143.20     142.30
     141.50     140.70     140.00     139.50     139.10     138.90     138.80     138.90     139.10     139.40
     139.70     140.00     140.40     140.70     141.10     141.40     141.80     142.20     142.60     143.00
     143.50     144.00     144.50     144.90     145.40     145.70     146.00     146.10     146.20     146.10
     145.90     145.70     145.30     144.90     144.40     143.90     143.30     142.70     142.00     141.30
     140.50     139.60     138.70     137.70     136.60     135.50     134.40     133.40     132.50     131.60
     130.90     130.40     130.00
     144.70     145.70     146.70     147.70     148.60     149.30     149.90     150.30     150.60     150.70
     150.60     150.50     150.20     149.70     149.10     148.30     147.30     146.20     145.00     143.60
     142.30     141.00     139.90     139.00     138.30     137.80     137.70     137.70     137.90     138.20
     138.50     138.80     139.10     139.30     139.50     139.70     140.00     140.30     140.80     141.30
     142.00     142.80     143.60     144.40     145.20     145.90     146.50     146.90     147.20     147.30
     147.30     147.20     146.90     146.60     146.30     146.00     145.70     145.40     145.00     144.60
     144.20     143.60     142.80     142.00     141.00     139.90     138.80     137.80     136.70     135.80
     135.00     134.40     133.80
     144.00     145.60     147.30     149.00     150.50     151.70     152.70     153.40     153.80     154.00
     154.10     153.90     153.60     153.10     152.40     151.50     150.40     149.00     147.40     145.80
     144.10     142.60     141.20     140.00     139.20     138.70     138.50     138.50     138.70     139.00
     139.30     139.50     139.70     139.70     139.70     139.70     139.80     140.10     140.50     141.20
     142.00     143.00     144.10     145.10     146.00     146.80     147.50     148.00     148.40     148.60
     148.60     148.60     148.40     148.20     148.00     147.80     147.60     147.40     147.30     147.20
     146.90     146.60     146.00     145.20     144.20     143.10     141.90     140.70     139.60     138.70
     137.80     137.00     136.30
     145.00     147.10     149.40     151.50     153.40     154.80     155.90     156.60     157.00     157.00
     156.90     156.50     156.00     155.30     154.40     153.30     152.00     150.50     148.80     147.20
     145.50     144.00     142.60     141.50     140.60     140.00     139.70     139.60     139.80     140.00
     140.20     140.40     140.50     140.50     140.40     140.40     140.50     140.80     141.40     142.20
     143.20     144.30     145.30     146.20     146.90     147.50     147.90     148.20     148.50     148.70
     148.90     149.00     149.00     148.90     148.80     148.70     148.60     148.60     148.60     148.60
     148.60     148.30     147.90     147.10     146.10     144.90     143.70     142.50     141.50     140.60
     139.80     139.00     138.20
     148.30     150.70     153.00     155.10     156.90     158.20     159.10     159.60     159.70     159.50
     159.00     158.30     157.50     156.50     155.20     153.80     152.30     150.70     149.10     147.60
     146.10     144.80     143.50     142.30     141.20     140.20     139.40     138.90     138.70     138.80
     139.10     139.50     139.90     140.20     140.40     140.50     140.80     141.20     141.90     142.90
     143.90     144.90     145.70     146.20     146.40     146.40     146.30     146.30     146.40     146.80
     147.20     147.70     148.10     148.30     148.40     148.40     148.40     148.40     148.50     148.70
     148.80     148.70     148.40     147.60     146.60     145.50     144.30     143.20     142.30     141.60
     141.00     140.30     139.50
     152.90     155.00     156.90     158.60     159.90     160.90     161.50     161.70     161.70     161.30
     160.80     160.10     159.10     157.90     156.40     154.70     152.90     151.10     149.50     148.00
     146.70     145.40     143.90     142.40     140.60     138.90     137.40     136.40     135.90     136.10
     136.80     137.80     138.90     139.70     140.30     140.70     141.00     141.30     141.90     142.60
     143.40     144.00     144.50     144.50     144.30     143.80     143.40     143.20     143.40     144.00
     144.80     145.70     146.60     147.20     147.50     147.60     147.50     147.50     147.70     147.90
     148.20     148.20     148.00     147.40     146.40     145.20     144.00     142.90     142.10     141.50
     141.00     140.50     139.70
     156.80     158.40     159.70     160.80     161.50     162.10     162.40     162.60     162.60     162.50
     162.20     161.70     161.00     159.90     158.40     156.60     154.60     152.60     150.70     149.10
     147.60     146.00     144.20     142.10     139.80     137.60     135.80     134.60     134.30     135.00
     136.40     138.10     139.80     141.10     141.80     142.10     142.00     141.90     141.90     142.10
     142.40     142.60     142.70     142.50     142.10     141.70     141.50     141.50     141.90     142.70
     143.80     144.90     145.80     146.60     147.00     147.10     147.10     147.20     147.40     147.70
     148.00     148.20     148.10     147.50     146.60     145.40     144.00     142.80     141.80     141.00
     140.40     139.90     139.30
     158.50     159.80     160.60     161.20     161.60     161.80     162.00     162.20     162.40     162.50
     162.70     162.60     162.20     161.40     160.10     158.40     156.30     154.20     152.10     150.20
     148.30     146.40     144.30     142.10     139.90     137.90     136.50     135.90     136.30     137.40
     139.10     141.00     142.60     143.60     144.00     143.90     143.40     142.90     142.50     142.30
     142.30     142.20     142.10     141.90     141.70     141.80     142.10     142.60     143.30     144.00
     144.60     145.30     145.90     146.50     146.90     147.30     147.60     147.80     148.20     148.60
     149.00     149.20     149.10     148.60     147.60     146.40     145.00     143.70     142.40     141.40
     140.50     139.80     139.20
     158.30     159.30     159.90     160.20     160.30     160.40     160.60     160.90     161.20     161.60
     162.00     162.30     162.10     161.50     160.40     158.70     156.70     154.50     152.30     150.20
     148.30     146.40     144.60     143.00     141.50     140.50     140.10     140.20     140.90     141.90
     143.00     144.00     144.60     144.80     144.50     144.00     143.50     143.20     143.10     143.20
     143.40     143.30     143.10     142.80     142.80     143.20     144.10     145.00     145.70     146.00
     145.80     145.50     145.50     145.80     146.40     147.20     148.00     148.60     149.20     149.70
     150.10     150.20     149.90     149.20     148.30     147.10     145.90     144.70     143.50     142.40
     141.40     140.70     140.20
     156.80     157.60     158.00     158.10     158.10     158.20     158.40     158.90     159.40     160.10
     160.70     161.00     160.80     160.20     158.90     157.20     155.10     153.00     151.00     149.20
     147.70     146.50     145.60     144.90     144.50     144.50     144.70     145.10     145.50     145.70
     145.70     145.40     144.90     144.20     143.50     143.00     142.70     142.80     143.40     144.20
     144.80     144.90     144.40     143.70     143.40     143.70     144.70     145.90     146.50     146.30
     145.40     144.30     143.80     144.00     145.00     146.40     147.70     148.80     149.60     150.10
     150.30     150.20     149.60     148.70     147.60     146.50     145.50     144.60     143.90     143.20
     142.60     142.10     141.70
     155.30     155.90     156.10     156.10     156.00     156.00     156.30     156.80     157.60     158.30
     159.00     159.30     159.00     158.10     156.70     154.80     152.90     151.00     149.30     148.10
     147.30     147.00     147.10     147.40     147.70     147.90     148.00     148.00     147.90     147.50
     146.90     146.20     145.40     144.60     144.00     143.40     143.00     143.00     143.60     144.60
     145.40     145.50     144.70     143.30     142.20     142.00     142.90     144.10     144.90     144.70
     143.60     142.40     141.90     142.40     143.90     145.80     147.40     148.60     149.30     149.80
     149.90     149.80     149.20     148.20     147.00     145.80     144.90     144.30     143.80     143.50
     143.30     143.10     143.00
     154.70     155.20     155.40     155.30     155.10     155.10     155.30     155.70     156.30     157.00
     157.50     157.60     157.20     156.20     154.90     153.20     151.60     150.00     148.70     147.90
     147.70     148.00     148.70     149.40     149.60     149.30     148.80     148.30     148.20     148.20
     148.10     147.90     147.50     147.00     146.30     145.50     144.60     143.80     143.70     144.20
     144.80     144.90     143.90     142.00     140.30     139.60     140.20     141.60     142.70     142.80
     142.10     141.30     141.30     142.30     144.20     146.10     147.70     148.70     149.20     149.60
     149.80     149.90     149.50     148.80     147.70     146.60     145.60     144.90     144.40     144.10
     143.90     143.80     143.70
     155.00     155.60     155.80     155.90     155.80     155.80     155.80     156.00     156.20     156.40
     156.40     156.20     155.70     154.90     153.90     152.90     151.80     150.60     149.50     148.80
     148.60     149.00     149.70     150.10     149.70     148.70     147.70     147.40     147.90     148.90
     149.60     149.60     148.90     148.00     147.10     146.10     145.00     143.90     143.30     143.40
     144.00     144.10     143.20     141.40     139.60     138.80     139.30     140.60     141.70     142.00
     141.70     141.40     141.90     143.30     145.20     147.00     148.30     149.10     149.50     149.70
     149.80     149.80     149.70     149.40     148.70     147.70     146.70     145.80     145.20     144.70
     144.50     144.40     144.20
     155.60     156.10     156.40     156.60     156.80     156.90     157.00     156.90     156.70     156.30
     155.80     155.20     154.60     154.00     153.50     152.90     152.30     151.40     150.50     149.60
     149.30     149.50     149.90     149.80     149.00     147.50     146.60     146.90     148.50     150.40
     151.10     150.10     148.00     145.90     144.50     144.00     143.70     143.50     143.40     143.70
     144.10     144.20     143.40     141.90     140.60     140.20     140.60     141.50     141.90     141.70
     141.40     141.40     142.30     143.80     145.60     147.30     148.60     149.50     149.80     149.80
     149.30     148.80     148.40     148.00     147.50     146.70     145.80     145.10     144.60     144.60
     144.80     144.90     144.90
     155.90     156.20     156.40     156.70     157.00     157.30     157.30     157.10     156.70     156.10
     155.30     154.50     153.80     153.20     152.70     152.10     151.50     150.70     149.90     149.20
     149.00     149.30     149.60     149.40     148.40     147.00     146.40     147.40     149.80     151.90
     152.30     150.30     147.00     144.30     143.20     143.50     144.60     145.40     145.90     146.10
     146.00     145.40     144.20     143.00     142.30     142.30     142.70     142.70     142.00     141.00
     140.40     140.60     141.80     143.40     145.10     146.70     148.40     149.70     150.40     150.20
     149.10     147.70     146.50     145.60     144.90     144.00     143.20     142.80     143.10     143.90
     145.00     145.80     146.10
     155.80     156.20     156.40     156.70     157.00     157.00     156.80     156.50     156.10     155.50
     154.70     154.00     153.30     152.60     151.80     150.70     149.50     148.50     147.90     147.70
     147.90     148.50     149.00     149.00     148.10     146.90     146.50     147.70     150.10     152.20
     152.80     151.50     149.50     148.30     148.40     149.50     150.50     151.00     150.70     149.90
     148.60     146.80     144.90     143.60     143.30     143.70     144.00     143.30     141.80     140.20
     139.60     140.30     141.80     143.50     145.10     146.70     148.60     150.50     151.70     151.70
     150.40     148.70     147.00     145.80     144.60     143.50     142.60     142.40     143.10     144.60
     146.20     147.30     147.70
     156.00     156.70     157.20     157.60     157.60     157.20     156.70     156.10     155.60     155.10
     154.50     153.80     153.10     152.30     151.20     149.70     148.20     147.00     146.40     146.50
     147.00     147.70     148.30     148.30     147.60     146.50     145.90     146.40     148.00     149.90
     151.40     152.50     153.80     155.70     157.50     158.40     157.70     156.10     154.10     152.20
     150.00     147.60     145.20     143.80     143.70     144.40     144.60     143.80     142.10     140.80
     140.80     142.10     143.90     145.40     146.70     148.00     149.90     151.90     153.40     153.80
     153.10     151.90     150.70     149.60     148.50     147.30     146.20     145.90     146.50     147.60
     148.60     149.30     149.40
     156.20     157.40     158.20     158.70     158.70     158.20     157.40     156.70     156.30     155.80
     155.10     154.10     153.10     152.20     151.10     149.80     148.50     147.50     146.90     146.80
     146.90     147.20     147.50     147.40     146.70     145.60     144.60     144.40     144.90     146.00
     147.80     150.60     154.60     158.70     161.40     161.40     158.90     155.50     152.80     151.00
     149.40     147.30     145.30     144.00     144.00     144.70     145.00     144.40     143.60     143.20
     144.00     145.50     147.20     148.50     149.50     150.50     152.00     153.60     155.00     155.60
     155.60     155.30     154.90     154.40     153.60     152.70     151.80     151.30     151.30     151.40
     151.30     150.90     150.60
     156.10     157.10     157.90     158.60     158.80     158.60     158.10     157.80     157.50     157.10
     156.20     154.80     153.40     152.10     151.10     150.30     149.60     149.10     148.50     147.90
     147.40     147.00     146.90     146.70     146.10     145.10     144.20     143.50     143.30     143.40
     144.20     146.30     149.90     153.80     156.10     155.60     152.90     150.00     148.40     148.00
     147.60     146.50     145.00     144.10     144.10     144.70     145.10     145.10     145.30     145.90
     147.10     148.60     150.00     151.00     152.00     152.90     154.10     155.10     156.00     156.40
     156.70     156.80     156.90     156.70     156.40     155.90     155.30     154.80     154.30     153.70
     152.80     152.00     151.60
     155.30     155.80     156.20     156.80     157.40     157.70     157.80     157.90     158.00     157.80
     157.00     155.60     153.90     152.30     151.10     150.40     150.20     149.90     149.30     148.30
     147.20     146.60     146.40     146.40     146.10     145.40     144.80     144.60     144.50     144.10
     143.50     143.50     144.60     146.40     147.70     147.60     146.40     145.60     145.70     146.20
     146.30     145.40     144.30     143.80     144.00     144.60     145.20     145.80     146.60     147.70
     148.80     150.00     151.10     152.30     153.50     154.60     155.50     156.10     156.50     156.70
     156.80     156.90     156.80     156.60     156.40     156.10     155.80     155.40     154.80     154.10
     153.30     152.80     152.70
     154.50     154.50     154.70     155.00     155.50     156.10     156.50     156.80     157.00     157.00
     156.70     155.90     154.60     153.00     151.50     150.50     150.00     149.60     148.90     147.70
     146.50     145.80     145.80     146.00     145.90     145.60     145.30     145.70     146.20     146.20
     145.40     144.20     143.40     143.60     144.30     145.00     145.50     146.10     146.70     146.80
     146.00     144.70     143.70     143.70     144.40     145.30     146.20     147.00     148.00     148.80
     149.60     150.60     151.80     153.20     154.50     155.50     156.00     156.40     156.60     156.80
     156.80     156.70     156.40     156.00     155.80     155.60     155.30     154.80     154.20     153.80
     153.60     153.60     153.80
     154.30     154.50     154.50     154.50     154.70     154.90     155.10     155.20     155.10     155.10
     155.10     155.00     154.50     153.40     152.00     150.60     149.60     149.00     148.20     147.20
     146.00     145.20     145.00     145.10     145.10     144.90     144.80     145.20     146.10     146.80
     146.90     146.30     145.70     145.70     146.50     147.50     148.50     149.00     148.80     147.80
     146.20     144.80     144.20     144.70     145.80     146.90     148.00     148.90     149.50     150.00
     150.50     151.50     152.90     154.30     155.20     155.60     155.70     155.90     156.20     156.50
     156.60     156.40     156.10     155.70     155.50     155.30     155.00     154.40     153.80     153.50
     153.60     153.90     154.10
     154.90     155.20     155.10     154.90     154.60     154.40     154.20     153.80     153.40     153.00
     152.90     153.10     153.10     152.60     151.50     150.10     149.00     148.40     148.00     147.40
     146.40     145.40     144.60     144.20     144.10     144.00     144.00     144.10     144.60     145.50
     146.40     147.10     147.50     148.10     148.90     149.70     150.10     149.90     149.10     148.00
     146.80     146.00     146.00     146.60     147.60     148.60     149.60     150.40     150.90     151.10
     151.50     152.50     154.00     155.10     155.40     155.10     154.90     155.10     155.50     155.70
     155.70     155.50     155.30     155.00     154.80     154.70     154.50     154.10     153.60     153.20
     153.20     153.30     153.30
     155.30     155.50     155.30     154.90     154.40     154.00     153.50     153.10     152.50     151.90
     151.40     151.10     150.90     150.60     149.90     148.80     147.90     147.60     147.70     147.80
     147.20     146.10     144.80     143.90     143.60     143.80     144.00     144.10     144.20     144.60
     145.50     146.50     147.40     148.00     148.60     148.90     148.80     148.50     148.20     148.00
     147.90     147.90     148.00     148.30     148.80     149.40     150.20     151.00     151.30     151.50
     151.90     153.00     154.30     154.90     154.70     154.30     154.30     154.60     154.80     154.70
     154.50     154.40     154.20     153.90     153.60     153.50     153.60     153.50     153.20     152.70
     152.50     152.30     152.30
     155.10     154.80     154.50     154.20     153.90     153.50     153.00     152.60     152.20     151.80
     151.00     150.20     149.50     149.10     148.60     147.80     147.00     146.70     147.00     147.40
     147.40     146.60     145.50     144.50     144.10     144.40     144.90     145.30     145.40     145.50
     145.90     146.40     146.80     147.00     147.20     147.50     147.70     147.90     148.20     148.70
     149.00     149.10     149.00     148.90     149.00     149.40     150.10     150.70     151.00     151.20
     151.70     152.60     153.60     153.90     153.80     153.60     153.90     154.30     154.20     153.90
     153.60     153.60     153.50     153.20     152.80     152.60     152.80     152.90     152.70     152.20
     151.80     151.60     151.70
     154.30     153.80     153.50     153.40     153.30     153.10     152.60     152.20     152.10     152.00
     151.40     150.50     149.70     149.20     148.80     148.10     147.10     146.40     146.30     146.50
     146.60     146.40     146.00     145.50     145.10     145.10     145.60     146.30     146.80     147.10
     147.10     147.10     146.90     146.80     147.00     147.60     148.30     148.90     149.40     149.70
     149.60     149.20     148.80     148.80     149.00     149.50     150.00     150.40     150.70     150.90
     151.30     152.00     152.60     152.90     153.00     153.10     153.40     153.50     153.20     152.90
     152.90     153.20     153.40     153.10     152.60     152.30     152.30     152.40     152.20     151.80
     151.40     151.30     151.40
     153.70     153.30     153.10     153.00     153.10     153.00     152.50     152.00     151.80     151.90
     151.70     151.10     150.40     150.20     150.00     149.30     148.30     147.20     146.60     146.20
     146.00     146.10     146.40     146.50     146.10     145.70     145.80     146.50     147.30     147.70
     147.70     147.50     147.10     147.10     147.40     148.30     149.20     149.80     150.00     149.80
     149.30     148.80     148.60     148.90     149.40     149.90     150.20     150.40     150.60     150.80
     151.00     151.40     151.90     152.20     152.40     152.60     152.60     152.30     151.80     151.80
     152.20     152.70     153.00     152.80     152.40     152.10     151.90     151.70     151.50     151.20
     151.00     150.90     151.10
     153.60     153.30     153.10     153.00     153.00     153.00     152.60     152.00     151.60     151.60
     151.50     151.10     150.60     150.50     150.50     150.10     149.30     148.30     147.50     146.80
     146.30     146.30     146.90     147.30     147.00     146.30     146.10     146.70     147.50     147.90
     147.80     147.40     147.00     147.00     147.50     148.30     149.00     149.50     149.50     149.30
     149.00     148.90     149.20     149.60     150.00     150.20     150.30     150.40     150.60     150.80
     150.90     151.00     151.30     151.60     152.00     152.10     151.90     151.30     151.00     151.10
     151.70     152.10     152.20     151.90     151.70     151.50     151.30     151.10     151.00     151.00
     150.90     150.80     150.80
     153.50     153.40     153.20     153.00     153.00     153.00     152.80     152.30     151.80     151.60
     151.50     151.00     150.50     150.20     150.20     150.10     149.60     149.00     148.40     147.80
     147.30     147.10     147.50     147.80     147.40     146.70     146.50     147.20     148.10     148.40
     148.10     147.50     147.10     147.00     147.40     148.00     148.60     149.00     149.10     149.10
     149.30     149.60     150.00     150.30     150.40     150.30     150.30     150.50     150.70     150.90
     150.90     150.90     151.00     151.20     151.60     151.80     151.70     151.20     151.00     151.10
     151.60     151.70     151.50     151.20     151.10     151.10     151.00     150.90     151.10     151.20
     151.20     151.00     150.80
     153.10     153.20     153.20     153.00     152.90     153.10     153.10     152.70     152.20     152.10
     152.00     151.50     150.70     150.20     150.10     150.00     149.60     149.10     148.80     148.40
     148.10     147.90     147.90     147.90     147.30     146.70     146.60     147.30     148.30     148.70
     148.50     148.00     147.60     147.50     147.80     148.30     148.90     149.20     149.30     149.40
     149.60     150.00     150.30     150.50     150.40     150.30     150.30     150.50     150.80     151.10
     151.20     151.20     151.20     151.20     151.40     151.60     151.70     151.50     151.30     151.30
     151.40     151.40     151.10     150.80     150.80     150.90     150.90     151.00     151.30     151.60
     151.50     151.20     150.90
     152.70     153.00     153.10     153.00     152.90     153.10     153.20     153.10     152.70     152.60
     152.60     152.10     151.30     150.70     150.60     150.50     150.10     149.40     148.80     148.40
     148.30     148.10     148.00     147.80     147.10     146.40     146.20     146.70     147.50     148.10
     148.20     148.10     148.10     148.10     148.40     148.80     149.20     149.40     149.40     149.40
     149.40     149.70     150.00     150.20     150.30     150.30     150.30     150.40     150.60     150.80
     151.20     151.50     151.50     151.30     151.20     151.30     151.50     151.40     151.20     151.10
     151.10     151.00     150.80     150.60     150.50     150.50     150.60     150.90     151.20     151.40
     151.40     151.10     150.90
