diamond 4 20年06月30日20时850百帕高度场
20 06 30  20  850 
2.500 -2.500  .0  180.0   90.0  .0
73  37
     144.70     144.70     144.70     144.70     144.70     144.70     144.70     144.70     144.70     144.70
     144.70     144.70     144.70     144.70     144.70     144.70     144.70     144.70     144.70     144.70
     144.70     144.70     144.70     144.70     144.70     144.70     144.70     144.70     144.70     144.70
     144.70     144.70     144.70     144.70     144.70     144.70     144.70     144.70     144.70     144.70
     144.70     144.70     144.70     144.70     144.70     144.70     144.70     144.70     144.70     144.70
     144.70     144.70     144.70     144.70     144.70     144.70     144.70     144.70     144.70     144.70
     144.70     144.70     144.70     144.70     144.70     144.70     144.70     144.70     144.70     144.70
     144.70     144.70     144.70
     145.10     144.90     144.80     144.60     144.50     144.30     144.20     144.00     143.80     143.70
     143.50     143.40     143.20     143.10     142.90     142.80     142.70     142.50     142.40     142.30
     142.20     142.10     142.00     141.90     141.80     141.70     141.60     141.50     141.40     141.40
     141.30     141.30     141.20     141.20     141.10     141.10     141.10     141.10     141.10     141.10
     141.10     141.10     141.10     141.10     141.10     141.20     141.20     141.20     141.30     141.30
     141.40     141.50     141.50     141.60     141.70     141.80     141.90     142.00     142.10     142.30
     142.40     142.50     142.70     142.80     143.00     143.10     143.30     143.50     143.60     143.80
     144.00     144.20     144.40
     145.40     145.20     144.90     144.70     144.40     144.20     143.90     143.60     143.40     143.10
     142.80     142.50     142.20     142.00     141.70     141.40     141.20     140.90     140.70     140.50
     140.30     140.10     140.00     139.90     139.70     139.70     139.60     139.60     139.50     139.50
     139.60     139.60     139.60     139.70     139.70     139.80     139.80     139.90     139.90     140.00
     140.00     140.10     140.10     140.20     140.30     140.30     140.40     140.40     140.50     140.60
     140.70     140.80     140.90     141.00     141.10     141.20     141.30     141.50     141.70     141.80
     142.00     142.20     142.40     142.60     142.90     143.10     143.30     143.60     143.90     144.20
     144.50     144.80     145.10
     145.60     145.30     145.10     144.90     144.60     144.30     144.00     143.60     143.20     142.80
     142.40     141.90     141.40     140.90     140.40     139.80     139.30     138.90     138.40     138.10
     137.80     137.50     137.40     137.30     137.20     137.30     137.40     137.60     137.90     138.20
     138.50     138.80     139.20     139.50     139.90     140.20     140.50     140.80     141.00     141.30
     141.50     141.70     141.80     142.00     142.20     142.30     142.40     142.60     142.70     142.90
     143.00     143.20     143.40     143.60     143.70     143.90     144.10     144.30     144.50     144.70
     144.90     145.10     145.30     145.50     145.80     146.00     146.20     146.40     146.70     146.90
     147.20     147.50     147.70
     144.80     144.70     144.50     144.30     144.10     143.90     143.60     143.20     142.70     142.10
     141.50     140.70     139.90     139.10     138.10     137.20     136.30     135.40     134.60     133.90
     133.40     133.00     132.80     132.70     132.90     133.20     133.70     134.30     135.00     135.80
     136.70     137.50     138.40     139.20     140.00     140.70     141.30     141.90     142.40     142.80
     143.20     143.60     143.90     144.20     144.50     144.80     145.10     145.40     145.80     146.10
     146.50     146.80     147.20     147.50     147.90     148.20     148.50     148.80     149.10     149.40
     149.70     149.90     150.10     150.30     150.50     150.70     150.80     150.90     151.10     151.20
     151.30     151.40     151.50
     142.90     142.60     142.40     142.20     142.00     141.70     141.40     141.00     140.50     139.90
     139.20     138.30     137.30     136.20     135.00     133.80     132.50     131.30     130.20     129.20
     128.40     127.90     127.60     127.60     127.90     128.50     129.30     130.40     131.60     133.00
     134.40     135.70     137.10     138.30     139.40     140.40     141.30     142.00     142.60     143.20
     143.70     144.20     144.70     145.20     145.70     146.20     146.80     147.40     147.90     148.50
     149.00     149.50     150.00     150.40     150.80     151.20     151.60     151.90     152.30     152.60
     152.90     153.20     153.50     153.70     153.80     154.00     154.10     154.10     154.10     154.10
     154.00     154.00     153.90
     140.60     139.90     139.30     138.70     138.20     137.60     137.20     136.70     136.20     135.80
     135.20     134.70     134.00     133.20     132.30     131.30     130.20     129.10     128.00     126.90
     126.10     125.50     125.10     125.10     125.50     126.10     127.10     128.40     129.80     131.40
     133.00     134.60     136.10     137.40     138.60     139.70     140.60     141.30     142.00     142.60
     143.20     143.90     144.60     145.40     146.20     147.10     148.00     148.80     149.60     150.20
     150.70     151.10     151.40     151.60     151.70     151.80     151.90     152.10     152.30     152.50
     152.70     153.00     153.20     153.40     153.60     153.70     153.70     153.70     153.60     153.50
     153.30     153.20     153.00
     139.00     137.70     136.50     135.20     134.10     133.00     132.20     131.50     131.10     130.90
     130.80     130.90     131.10     131.30     131.30     131.20     130.90     130.50     129.80     129.10
     128.30     127.70     127.20     127.00     127.10     127.50     128.20     129.20     130.30     131.60
     132.90     134.30     135.70     136.90     138.10     139.10     140.00     140.80     141.60     142.30
     143.10     144.00     145.00     146.10     147.30     148.50     149.60     150.60     151.40     151.90
     152.20     152.20     152.00     151.70     151.30     150.90     150.60     150.40     150.30     150.40
     150.50     150.70     150.80     150.90     150.90     150.80     150.60     150.40     150.10     149.80
     149.50     149.30     149.10
     138.30     136.60     134.80     133.00     131.20     129.70     128.50     127.60     127.20     127.20
     127.70     128.60     129.80     131.10     132.40     133.40     134.10     134.50     134.40     134.10
     133.50     132.80     132.20     131.60     131.20     131.10     131.10     131.40     131.80     132.40
     133.20     134.10     135.20     136.40     137.60     138.80     140.00     141.10     142.20     143.20
     144.20     145.30     146.40     147.60     148.90     150.10     151.30     152.20     152.80     153.00
     152.90     152.50     151.90     151.10     150.40     149.80     149.40     149.10     149.00     149.00
     149.00     149.00     148.90     148.60     148.20     147.70     147.10     146.40     145.80     145.30
     144.90     144.70     144.70
     137.30     135.50     133.60     131.70     129.90     128.40     127.10     126.20     125.80     126.00
     126.80     128.10     130.00     132.00     134.10     136.00     137.50     138.50     138.90     138.80
     138.30     137.60     136.80     136.00     135.20     134.60     134.00     133.60     133.20     133.10
     133.20     133.80     134.70     135.90     137.50     139.20     140.90     142.60     144.00     145.30
     146.40     147.40     148.40     149.40     150.40     151.40     152.20     152.70     152.90     152.80
     152.30     151.60     150.80     150.00     149.40     149.00     148.90     148.80     148.90     148.90
     148.90     148.70     148.20     147.60     146.70     145.80     144.70     143.70     142.80     142.20
     141.80     141.70     141.90
     135.30     133.60     132.00     130.60     129.30     128.20     127.30     126.70     126.40     126.60
     127.40     128.70     130.60     132.90     135.40     137.70     139.60     140.90     141.60     141.60
     141.20     140.50     139.80     139.00     138.30     137.60     136.80     136.00     135.20     134.70
     134.40     134.70     135.50     136.90     138.80     140.90     143.00     145.00     146.60     147.90
     148.90     149.70     150.30     151.00     151.60     152.10     152.50     152.60     152.40     151.80
     151.00     150.10     149.30     148.70     148.30     148.30     148.40     148.60     148.80     148.70
     148.50     148.00     147.40     146.50     145.50     144.50     143.50     142.60     141.80     141.30
     141.10     141.20     141.70
     133.10     131.50     130.20     129.30     128.70     128.30     128.10     128.00     128.00     128.20
     128.70     129.80     131.40     133.60     136.10     138.60     140.80     142.30     143.10     143.20
     142.90     142.30     141.70     141.10     140.60     140.10     139.60     139.00     138.40     137.90
     137.80     138.10     139.00     140.40     142.20     144.20     146.20     147.90     149.30     150.30
     150.90     151.30     151.60     151.90     152.30     152.60     152.70     152.60     152.10     151.30
     150.20     149.10     148.20     147.50     147.20     147.20     147.20     147.30     147.20     146.90
     146.40     145.70     145.00     144.30     143.60     143.00     142.50     142.10     141.80     141.70
     141.80     142.20     142.90
     132.10     130.60     129.50     128.90     128.90     129.30     129.80     130.30     130.60     130.90
     131.20     131.90     133.20     135.10     137.50     139.90     142.20     143.80     144.60     144.70
     144.20     143.50     142.70     142.10     141.70     141.40     141.30     141.20     141.30     141.50
     142.10     142.90     144.00     145.30     146.80     148.20     149.50     150.50     151.30     151.70
     151.90     151.90     151.90     152.00     152.20     152.40     152.50     152.40     151.90     151.00
     149.90     148.60     147.50     146.60     146.00     145.70     145.40     145.00     144.50     143.90
     143.20     142.40     141.80     141.20     140.80     140.50     140.40     140.30     140.50     140.90
     141.50     142.50     143.70
     133.20     132.00     131.20     131.00     131.30     132.20     133.20     134.20     134.80     135.20
     135.40     135.80     136.70     138.10     140.00     142.10     144.00     145.40     145.90     145.80
     145.00     144.00     142.90     141.90     141.20     140.90     140.90     141.40     142.30     143.50
     145.00     146.50     147.90     149.10     150.00     150.70     151.20     151.60     151.90     152.00
     152.00     151.80     151.60     151.30     151.20     151.20     151.30     151.20     150.90     150.30
     149.20     148.00     146.70     145.60     144.70     144.00     143.40     142.90     142.30     141.70
     141.00     140.20     139.40     138.50     137.60     136.60     135.90     135.60     135.90     136.90
     138.60     140.70     143.10
     136.20     135.80     135.50     135.70     136.30     137.30     138.50     139.60     140.30     140.60
     140.70     140.70     141.10     141.90     143.10     144.50     145.70     146.50     146.60     146.10
     145.10     144.00     142.70     141.50     140.60     140.00     140.00     140.60     141.90     143.80
     145.80     147.70     149.20     150.00     150.40     150.50     150.50     150.70     151.00     151.30
     151.50     151.40     151.00     150.50     149.90     149.60     149.40     149.40     149.30     148.90
     148.00     146.80     145.50     144.20     143.10     142.30     141.80     141.60     141.40     141.30
     141.00     140.30     138.90     137.00     134.60     132.10     130.00     129.00     129.40     131.20
     134.20     138.10     142.10
     140.40     140.80     141.20     141.60     142.30     143.20     144.20     145.00     145.50     145.50
     145.20     144.90     144.70     144.90     145.40     146.10     146.60     146.90     146.60     146.00
     145.20     144.30     143.30     142.30     141.40     140.80     140.60     141.10     142.30     144.10
     146.10     147.80     148.80     149.20     148.90     148.50     148.20     148.30     148.90     149.60
     150.30     150.50     150.30     149.50     148.70     148.10     147.80     147.80     147.80     147.60
     146.90     145.80     144.50     143.10     142.00     141.30     141.10     141.30     141.90     142.50
     142.70     142.00     140.20     137.10     133.20     129.20     125.90     124.40     125.00     127.80
     132.30     137.60     142.90
     145.00     145.70     146.30     146.80     147.30     147.80     148.40     148.80     148.90     148.60
     148.00     147.30     146.80     146.60     146.80     147.00     147.20     147.20     146.80     146.30
     145.80     145.30     144.80     144.30     143.70     143.10     142.80     143.10     143.90     145.30
     146.80     147.90     148.50     148.40     147.80     147.10     146.50     146.30     146.70     147.40
     148.20     148.70     148.70     148.20     147.40     146.70     146.30     146.30     146.50     146.40
     146.00     145.10     143.90     142.80     141.80     141.30     141.30     141.80     142.90     144.00
     144.80     144.50     142.60     139.20     134.70     130.30     126.90     125.60     126.80     130.40
     135.50     141.20     146.40
     148.90     149.40     149.80     149.90     150.00     150.30     150.60     150.90     150.80     150.40
     149.60     148.60     147.90     147.60     147.60     147.80     147.80     147.70     147.40     147.00
     146.70     146.40     146.20     145.90     145.50     144.90     144.60     144.70     145.20     146.10
     147.10     147.90     148.30     148.20     147.70     147.10     146.30     145.70     145.40     145.60
     146.00     146.40     146.60     146.40     145.80     145.20     144.90     144.80     145.00     145.00
     144.80     144.20     143.40     142.60     141.90     141.60     141.70     142.40     143.70     145.30
     146.50     146.70     145.30     142.50     138.90     135.40     133.10     132.70     134.40     138.10
     142.70     147.50     151.40
     151.50     151.80     151.80     151.60     151.40     151.40     151.70     152.10     152.10     151.60
     150.70     149.60     148.80     148.40     148.20     148.10     148.00     147.70     147.50     147.30
     147.20     147.10     146.90     146.60     146.00     145.40     144.90     144.90     145.30     145.90
     146.50     146.90     147.10     147.30     147.40     147.30     146.90     146.30     145.60     145.00
     144.80     144.70     144.80     144.70     144.50     144.00     143.70     143.60     143.60     143.40
     143.10     142.40     141.80     141.30     141.00     141.10     141.50     142.50     144.10     146.00
     147.70     148.50     147.90     146.20     144.10     142.20     141.40     141.90     143.90     146.90
     150.40     153.60     155.80
     153.00     153.40     153.30     152.90     152.50     152.40     152.60     153.00     153.10     152.40
     151.20     150.00     149.00     148.40     147.90     147.30     146.60     146.20     146.10     146.40
     146.90     147.20     147.30     146.90     146.30     145.50     145.00     145.00     145.40     145.80
     145.90     145.70     145.40     145.50     146.00     146.60     147.20     147.40     147.10     146.40
     145.50     144.70     144.30     144.10     144.00     143.80     143.60     143.30     143.00     142.30
     141.20     139.90     138.80     138.40     138.60     139.30     140.40     142.10     144.30     146.80
     149.00     150.30     150.40     149.70     148.90     148.50     148.90     150.00     151.60     153.70
     155.80     157.50     158.40
     153.90     154.60     154.70     154.40     153.90     153.60     153.60     153.70     153.40     152.40
     150.80     149.40     148.30     147.50     146.60     145.30     144.00     143.30     143.50     144.40
     145.60     146.70     147.30     147.20     146.70     146.00     145.60     145.80     146.50     147.00
     146.80     146.00     145.10     144.70     145.10     146.10     147.50     148.70     149.30     148.90
     147.60     146.00     144.80     144.30     144.20     144.30     144.30     144.00     143.30     141.90
     139.80     137.50     135.70     135.30     136.10     137.80     139.90     142.40     145.30     148.40
     151.00     152.80     153.40     153.30     153.30     153.70     154.60     155.70     156.70     157.70
     158.70     159.40     159.40
     154.70     155.50     155.90     155.80     155.30     154.80     154.40     154.10     153.30     151.90
     150.10     148.50     147.40     146.50     145.30     143.50     141.70     140.80     141.10     142.30
     143.80     145.10     146.00     146.40     146.10     145.60     145.40     146.00     147.10     148.10
     148.30     147.80     147.00     146.50     146.40     146.90     148.10     149.70     150.90     150.80
     149.30     147.00     145.10     144.30     144.40     144.80     144.90     144.60     143.70     141.90
     139.30     136.50     134.60     134.40     136.00     138.70     141.80     144.90     148.00     151.10
     153.90     155.80     156.70     157.10     157.30     157.90     158.60     159.20     159.50     159.70
     159.80     159.70     159.20
     155.50     156.20     156.70     156.90     156.50     155.80     155.10     154.40     153.40     151.90
     150.10     148.50     147.40     146.50     145.20     143.30     141.50     140.60     140.60     141.30
     142.10     142.80     143.40     143.80     143.80     143.50     143.40     144.00     145.50     147.20
     148.30     149.00     149.30     149.40     149.10     148.60     148.50     149.10     150.10     150.20
     148.70     146.40     144.40     143.80     144.30     144.80     144.90     144.50     143.70     142.30
     140.10     137.80     136.60     137.20     139.50     142.80     146.20     149.10     151.80     154.40
     156.70     158.40     159.40     159.90     160.10     160.20     160.30     160.20     160.00     159.60
     159.20     158.70     157.90
     156.30     156.90     157.50     157.80     157.40     156.60     155.70     154.90     154.00     152.70
     151.10     149.50     148.30     147.40     146.20     144.60     143.20     142.40     142.10     141.90
     141.40     140.90     140.80     141.10     141.30     141.20     141.00     141.50     142.90     144.60
     146.20     147.90     149.50     150.70     150.50     149.00     147.30     146.50     146.80     146.90
     146.00     144.30     143.20     143.40     144.30     144.90     144.90     144.50     144.00     143.40
     142.40     141.30     141.00     142.20     144.90     148.10     151.00     153.40     155.40     157.00
     158.50     159.60     160.30     160.70     160.70     160.20     159.60     159.00     158.50     158.10
     157.60     156.90     156.00
     157.00     157.60     158.20     158.40     158.00     157.20     156.20     155.40     154.60     153.50
     152.10     150.60     149.40     148.40     147.40     146.20     145.20     144.60     144.10     143.30
     142.00     140.60     140.10     140.40     140.80     140.90     140.80     141.20     142.00     143.10
     144.10     145.40     147.30     148.90     149.10     147.30     144.80     143.30     143.10     143.30
     142.90     142.20     142.20     143.20     144.60     145.30     145.20     144.90     145.00     145.20
     145.20     145.20     145.60     147.10     149.40     151.90     154.20     156.00     157.40     158.40
     158.90     159.20     159.40     159.50     159.30     158.60     157.70     157.00     156.60     156.50
     156.20     155.60     154.80
     157.00     157.70     158.20     158.30     157.90     157.10     156.30     155.60     154.80     153.90
     152.80     151.40     150.30     149.30     148.50     147.60     146.70     146.00     145.30     144.40
     143.20     142.00     141.40     141.60     142.10     142.50     142.70     143.10     143.60     143.80
     143.70     143.70     144.60     145.90     146.10     144.90     143.00     141.80     141.70     141.80
     141.60     141.50     142.00     143.40     144.90     145.60     145.70     145.80     146.30     147.00
     147.50     148.00     148.90     150.20     151.90     153.60     155.20     156.60     157.80     158.50
     158.50     158.10     157.90     157.70     157.50     156.90     156.20     155.80     155.80     155.90
     155.80     155.30     154.60
     156.60     157.30     157.50     157.30     156.90     156.60     156.10     155.60     154.90     154.20
     153.20     152.20     151.20     150.40     149.70     148.90     147.80     146.60     145.50     144.80
     144.20     143.60     143.20     143.20     143.40     143.70     144.10     144.70     145.30     145.20
     144.50     143.70     143.50     143.80     144.10     143.70     143.10     142.90     142.90     142.80
     142.30     142.10     142.60     143.90     145.00     145.60     145.90     146.40     147.30     148.20
     148.90     149.70     150.70     151.80     152.90     153.90     154.90     155.90     156.90     157.50
     157.40     156.90     156.50     156.30     156.10     155.90     155.60     155.50     155.70     155.90
     155.80     155.40     154.80
     156.40     156.80     156.70     156.30     156.00     155.90     155.90     155.60     155.10     154.50
     153.80     152.90     152.00     151.30     150.80     150.20     148.90     147.10     145.50     144.70
     144.60     144.50     144.10     143.60     143.30     143.40     143.80     144.40     144.90     145.20
     144.90     144.30     143.80     143.60     143.60     143.80     144.20     144.70     144.80     144.40
     143.60     143.20     143.60     144.40     145.10     145.50     146.10     147.00     148.00     149.00
     149.90     150.80     151.80     152.60     153.30     153.70     154.10     154.70     155.40     155.80
     156.00     155.80     155.60     155.40     155.30     155.20     155.00     155.00     155.10     155.20
     155.20     155.00     154.60
     156.60     156.80     156.50     156.00     155.60     155.50     155.50     155.40     155.10     154.60
     154.00     153.20     152.10     151.30     150.90     150.50     149.30     147.40     145.60     144.70
     144.60     144.60     144.00     143.20     142.80     142.90     143.30     143.50     143.70     144.10
     144.40     144.60     144.40     144.10     144.00     144.30     144.90     145.50     145.70     145.20
     144.60     144.30     144.50     144.90     145.10     145.50     146.30     147.40     148.70     149.70
     150.70     151.60     152.30     152.80     153.00     153.10     153.20     153.50     153.70     154.10
     154.50     154.70     154.80     154.60     154.50     154.40     154.20     154.00     153.90     153.90
     154.00     154.10     154.00
     156.50     156.60     156.30     155.80     155.40     155.10     155.00     154.80     154.70     154.40
     153.80     152.90     151.70     150.60     150.00     149.50     148.60     147.10     145.70     144.90
     144.70     144.50     143.80     143.20     143.20     143.70     144.10     144.10     143.90     143.80
     144.10     144.40     144.50     144.40     144.40     144.60     145.10     145.70     145.90     145.60
     145.30     145.20     145.20     145.10     145.10     145.50     146.50     147.90     149.10     150.20
     151.10     151.80     152.10     152.10     152.10     152.20     152.40     152.50     152.70     152.90
     153.30     153.70     153.70     153.60     153.60     153.50     153.30     153.00     152.80     152.90
     153.10     153.30     153.40
     155.40     155.40     155.30     155.10     154.80     154.40     154.20     154.20     154.20     154.00
     153.40     152.50     151.30     150.20     149.20     148.40     147.50     146.60     145.90     145.60
     145.40     145.00     144.30     144.00     144.30     145.20     145.80     145.90     145.50     145.10
     144.80     144.40     144.20     144.20     144.50     145.00     145.60     146.10     146.40     146.50
     146.40     146.20     145.90     145.40     145.30     145.80     147.00     148.30     149.40     150.20
     150.80     151.20     151.30     151.20     151.20     151.50     151.90     152.10     152.20     152.30
     152.60     152.70     152.60     152.50     152.60     152.70     152.60     152.30     152.10     152.20
     152.40     152.60     152.60
     153.90     153.80     153.80     153.80     153.80     153.60     153.60     153.70     153.70     153.40
     152.80     152.10     151.50     150.60     149.40     148.10     147.00     146.50     146.50     146.70
     146.60     146.10     145.50     145.20     145.40     146.00     146.60     146.90     147.00     146.70
     146.00     144.90     144.20     144.20     144.80     145.70     146.40     147.00     147.40     147.60
     147.60     147.30     146.80     146.30     146.30     146.90     147.90     149.00     149.70     150.10
     150.30     150.50     150.60     150.70     151.00     151.40     151.70     151.80     151.80     151.90
     151.90     151.80     151.60     151.60     151.80     151.80     151.60     151.30     151.20     151.30
     151.40     151.40     151.40
     152.90     152.80     152.70     152.90     153.00     153.10     153.10     153.10     152.90     152.40
     151.90     151.50     151.40     151.10     150.20     148.90     147.70     147.30     147.50     147.80
     147.80     147.20     146.60     146.20     146.10     146.20     146.40     146.80     147.40     147.70
     147.10     146.00     145.10     145.00     145.60     146.50     147.20     147.70     148.10     148.20
     148.20     148.00     147.90     147.80     147.90     148.30     149.00     149.60     150.10     150.30
     150.30     150.40     150.60     151.00     151.40     151.60     151.60     151.50     151.30     151.30
     151.30     151.30     151.20     151.20     151.20     151.00     150.60     150.20     150.10     150.10
     150.10     149.90     149.90
     152.90     152.70     152.60     152.70     152.70     152.70     152.50     152.30     151.90     151.30
     150.80     150.60     150.80     150.90     150.60     149.90     149.20     148.80     148.70     148.60
     148.30     147.70     147.20     146.90     146.80     146.70     146.60     146.80     147.40     147.90
     147.90     147.30     146.60     146.30     146.70     147.20     147.80     148.20     148.40     148.30
     148.30     148.40     148.70     149.00     149.10     149.20     149.40     149.80     150.20     150.60
     150.70     150.80     151.00     151.40     151.70     151.70     151.60     151.30     151.10     151.00
     151.10     151.20     151.20     151.20     150.90     150.50     150.00     149.70     149.50     149.40
     149.30     149.10     149.10
     153.00     152.90     152.80     152.70     152.60     152.40     152.00     151.60     151.30     150.80
     150.40     150.10     150.10     150.30     150.50     150.60     150.60     150.30     149.70     149.00
     148.30     147.60     147.20     147.10     147.40     147.60     147.50     147.40     147.60     148.00
     148.20     148.20     147.80     147.60     147.60     147.90     148.40     148.60     148.60     148.30
     148.20     148.50     149.00     149.30     149.30     149.10     149.20     149.60     150.30     150.90
     151.30     151.40     151.50     151.70     151.80     151.80     151.80     151.70     151.50     151.30
     151.20     151.30     151.40     151.20     150.70     150.30     150.10     150.00     149.80     149.50
     149.30     149.20     149.20
     152.90     152.70     152.70     152.60     152.30     152.00     151.70     151.60     151.40     151.20
     150.90     150.50     150.10     149.90     150.30     150.90     151.40     151.30     150.40     149.30
     148.30     147.60     147.10     147.10     147.60     148.10     148.30     148.10     147.90     148.00
     148.30     148.50     148.50     148.30     148.30     148.60     149.10     149.20     148.90     148.40
     148.30     148.60     148.90     149.00     148.80     148.70     149.10     149.80     150.60     151.20
     151.50     151.60     151.70     151.90     152.00     152.10     152.30     152.30     152.10     151.80
     151.60     151.50     151.40     151.00     150.50     150.30     150.40     150.40     150.00     149.60
     149.40     149.50     149.50
     152.70     152.60     152.50     152.30     151.90     151.70     151.70     151.90     151.90     151.70
     151.50     151.10     150.60     150.20     150.40     151.10     151.80     151.70     150.80     149.60
     148.70     148.00     147.30     147.00     147.20     147.80     148.10     148.10     148.00     148.10
     148.40     148.70     148.80     148.80     149.00     149.40     149.80     149.60     149.00     148.40
     148.40     148.70     149.00     148.90     148.70     148.90     149.50     150.30     150.90     151.10
     151.20     151.30     151.60     152.00     152.30     152.50     152.60     152.50     152.40     152.10
     151.90     151.70     151.40     150.90     150.40     150.30     150.40     150.20     149.80     149.30
     149.20     149.40     149.50
