diamond 4 20年06月26日20时925百帕温度场
20 06 26  20  925 
2.500  -2.500  .0  180.0   90.0  .0
73  37
      1.14      1.14      1.14      1.14      1.14      1.14      1.14      1.14      1.14      1.14
      1.14      1.14      1.14      1.14      1.14      1.14      1.14      1.14      1.14      1.14
      1.14      1.14      1.14      1.14      1.14      1.14      1.14      1.14      1.14      1.14
      1.14      1.14      1.14      1.14      1.14      1.14      1.14      1.14      1.14      1.14
      1.14      1.14      1.14      1.14      1.14      1.14      1.14      1.14      1.14      1.14
      1.14      1.14      1.14      1.14      1.14      1.14      1.14      1.14      1.14      1.14
      1.14      1.14      1.14      1.14      1.14      1.14      1.14      1.14      1.14      1.14
      1.14      1.14      1.14
      3.54      3.54      3.44      3.44      3.44      3.34      3.34      3.34      3.24      3.24
      3.24      3.14      3.14      3.14      3.14      3.04      3.04      3.04      2.94      2.94
      2.94      2.94      2.84      2.84      2.84      2.74      2.74      2.74      2.64      2.64
      2.54      2.54      2.44      2.34      2.34      2.24      2.14      2.04      1.94      1.94
      1.84      1.74      1.64      1.44      1.34      1.24      1.14      1.04      0.94      0.74
      0.64      0.54      0.34      0.24      0.14      0.04     -0.16     -0.26     -0.36     -0.46
     -0.66     -0.76     -0.86     -0.96     -1.06     -1.16     -1.26     -1.26     -1.36     -1.46
     -1.46     -1.56     -1.56
      3.64      3.54      3.44      3.34      3.24      3.14      3.04      2.94      2.84      2.84
      2.74      2.74      2.64      2.64      2.64      2.64      2.64      2.74      2.74      2.84
      2.84      2.94      2.94      3.04      3.14      3.14      3.24      3.24      3.34      3.34
      3.34      3.44      3.44      3.34      3.34      3.34      3.24      3.24      3.14      3.04
      2.94      2.84      2.64      2.54      2.44      2.24      2.14      1.94      1.74      1.54
      1.34      1.14      0.94      0.74      0.54      0.34      0.14     -0.06     -0.26     -0.46
     -0.66     -0.86     -1.06     -1.26     -1.46     -1.66     -1.76     -1.96     -2.06     -2.16
     -2.26     -2.36     -2.46
      2.74      2.54      2.44      2.34      2.24      2.04      1.94      1.74      1.64      1.54
      1.34      1.24      1.14      1.14      1.04      1.04      1.04      1.14      1.24      1.34
      1.44      1.54      1.74      1.84      2.04      2.24      2.34      2.54      2.64      2.74
      2.84      2.84      2.94      2.94      2.94      2.94      2.94      2.94      2.94      2.94
      2.84      2.84      2.84      2.84      2.74      2.74      2.64      2.54      2.44      2.34
      2.24      2.04      1.84      1.64      1.44      1.24      0.94      0.74      0.44      0.14
     -0.06     -0.36     -0.56     -0.86     -1.06     -1.26     -1.46     -1.66     -1.76     -1.86
     -1.96     -2.06     -2.16
      2.84      2.94      2.84      2.84      2.64      2.54      2.34      2.14      1.94      1.64
      1.44      1.24      1.04      0.74      0.64      0.44      0.34      0.34      0.34      0.34
      0.44      0.54      0.74      0.84      1.04      1.24      1.34      1.44      1.54      1.64
      1.64      1.64      1.64      1.64      1.64      1.64      1.74      1.84      1.94      2.14
      2.44      2.64      2.94      3.24      3.54      3.84      4.04      4.24      4.34      4.34
      4.24      4.04      3.74      3.44      3.04      2.64      2.14      1.64      1.14      0.64
      0.14     -0.36     -0.76     -1.16     -1.46     -1.76     -2.06     -2.26     -2.36     -2.46
     -2.46     -2.46     -2.46
      3.84      3.94      3.84      3.84      3.74      3.54      3.44      3.24      3.04      2.84
      2.64      2.34      2.04      1.74      1.44      1.14      0.94      0.74      0.54      0.44
      0.44      0.54      0.64      0.74      0.94      1.14      1.34      1.44      1.54      1.54
      1.54      1.44      1.34      1.34      1.34      1.34      1.54      1.94      2.34      2.94
      3.64      4.54      5.44      6.24      7.14      7.84      8.54      8.94      9.14      9.14
      8.94      8.54      8.04      7.24      6.44      5.44      4.44      3.44      2.34      1.34
      0.34     -0.56     -1.36     -2.06     -2.66     -3.16     -3.56     -3.76     -3.86     -3.86
     -3.76     -3.56     -3.36
      3.84      3.64      3.44      3.24      3.04      2.94      2.94      2.94      3.04      3.04
      3.04      2.94      2.84      2.64      2.24      1.94      1.54      1.14      0.84      0.54
      0.44      0.44      0.64      0.94      1.34      1.84      2.24      2.74      3.04      3.34
      3.54      3.54      3.54      3.54      3.54      3.74      4.04      4.54      5.34      6.34
      7.54      8.94     10.34     11.84     13.24     14.44     15.34     15.94     16.14     15.94
     15.44     14.54     13.44     12.14     10.64      9.14      7.54      6.04      4.44      2.94
      1.54      0.14     -1.06     -2.16     -3.16     -3.86     -4.46     -4.76     -4.86     -4.66
     -4.36     -3.96     -3.46
      3.14      2.74      2.34      2.04      1.94      1.84      2.04      2.24      2.54      2.94
      3.24      3.44      3.54      3.44      3.14      2.64      2.04      1.44      0.84      0.34
      0.04     -0.06      0.24      0.74      1.54      2.54      3.54      4.64      5.64      6.44
      7.04      7.54      7.74      7.94      8.04      8.14      8.44      8.94      9.64     10.74
     12.04     13.64     15.34     17.14     18.74     20.04     21.04     21.54     21.64     21.24
     20.34     19.04     17.54     15.74     13.94     12.14     10.34      8.64      6.94      5.24
      3.64      2.04      0.54     -0.86     -2.16     -3.26     -4.06     -4.56     -4.66     -4.46
     -3.96     -3.26     -2.46
      4.34      4.14      3.94      3.74      3.64      3.64      3.84      4.14      4.54      5.04
      5.44      5.84      6.14      6.14      5.84      5.24      4.34      3.34      2.24      1.24
      0.44      0.04      0.04      0.54      1.54      2.84      4.34      5.94      7.54      8.94
     10.14     11.14     11.84     12.24     12.54     12.64     12.84     13.04     13.44     14.14
     15.14     16.44     17.94     19.44     20.94     22.24     23.24     23.74     23.84     23.34
     22.44     21.04     19.44     17.64     15.84     13.94     12.24     10.64      9.14      7.64
      6.14      4.64      3.04      1.44     -0.16     -1.56     -2.66     -3.36     -3.66     -3.46
     -2.96     -2.16     -1.26
      8.14      8.44      8.64      8.74      8.84      8.94      9.04      9.14      9.44      9.74
     10.14     10.64     11.04     11.24     11.14     10.54      9.54      8.04      6.24      4.34
      2.74      1.54      0.94      1.04      1.64      2.74      4.24      5.94      7.64      9.34
     10.94     12.34     13.54     14.44     15.14     15.54     15.74     15.74     15.84     16.14
     16.64     17.44     18.44     19.54     20.74     21.84     22.84     23.54     23.84     23.74
     23.24     22.24     20.84     19.04     17.24     15.24     13.44     11.94     10.54      9.34
      8.34      7.24      5.94      4.54      3.04      1.54      0.24     -0.76     -1.26     -1.26
     -0.86     -0.26      0.44
     12.34     13.04     13.44     13.74     14.04     14.14     14.24     14.34     14.44     14.64
     14.94     15.54     16.24     16.84     17.24     16.94     15.94     14.04     11.64      8.84
      6.24      4.14      2.74      2.24      2.34      2.94      3.94      5.14      6.44      7.84
      9.54     11.24     12.94     14.64     15.94     16.84     17.44     17.64     17.74     17.84
     18.04     18.34     18.84     19.54     20.24     20.94     21.64     22.44     23.14     23.54
     23.64     23.14     22.14     20.44     18.34     15.94     13.74     11.84     10.54      9.84
      9.64      9.54      9.34      8.84      7.94      6.84      5.54      4.34      3.54      3.04
      2.94      2.94      3.04
     14.84     15.34     15.64     15.94     16.34     16.74     17.04     17.34     17.44     17.54
     17.84     18.34     19.24     20.24     20.94     21.04     20.14     18.24     15.34     12.04
      8.94      6.44      4.84      4.04      3.94      4.14      4.54      5.04      5.74      6.84
      8.34     10.24     12.54     14.74     16.74     18.24     19.14     19.54     19.74     19.94
     20.04     20.14     20.24     20.14     20.04     19.94     20.04     20.44     21.04     21.84
     22.54     22.64     21.84     20.24     17.74     14.84     12.04      9.94      8.74      8.64
      9.54     10.84     12.24     13.14     13.34     12.74     11.64     10.34      8.94      7.94
      7.14      6.54      5.84
     16.34     16.34     16.24     16.24     16.54     17.14     17.84     18.44     18.64     18.64
     18.64     18.84     19.34     20.24     21.04     21.14     20.44     18.54     15.74     12.74
      9.94      7.84      6.64      6.24      6.24      6.34      6.44      6.54      6.94      7.84
      9.44     11.64     14.24     16.84     18.84     20.24     20.84     21.14     21.24     21.34
     21.54     21.64     21.44     20.84     19.84     18.64     17.74     17.34     17.54     18.34
     19.24     19.74     19.34     17.84     15.24     12.14      9.14      6.94      6.04      6.54
      8.34     10.94     13.54     15.54     16.54     16.34     15.14     13.44     11.74     10.14
      8.94      7.94      7.04
     17.84     17.64     17.14     16.74     16.74     17.24     17.94     18.54     18.84     18.74
     18.44     18.24     18.24     18.64     18.94     18.74     17.94     16.24     14.14     11.94
     10.14      8.94      8.44      8.24      8.34      8.34      8.44      8.64      9.44     10.84
     12.94     15.44     17.84     19.94     21.14     21.64     21.44     21.04     20.84     21.04
     21.54     21.84     21.74     21.04     19.54     17.84     16.24     15.24     14.94     15.44
     16.14     16.74     16.54     15.24     13.04     10.24      7.54      5.44      4.74      5.54
      7.64     10.44     13.34     15.54     16.54     16.34     14.94     12.94     10.74      8.84
      7.54      6.74      6.24
     18.64     18.94     18.64     17.94     17.24     17.04     17.14     17.54     17.94     18.04
     18.04     18.04     18.04     18.04     17.84     17.14     15.94     14.44     13.04     11.84
     11.04     10.54     10.14      9.64      9.24      9.04      9.54     10.74     12.64     15.04
     17.64     19.84     21.34     22.04     21.84     20.94     19.84     18.94     18.74     19.24
     20.14     21.04     21.44     21.24     20.34     18.94     17.64     16.64     16.14     16.04
     16.14     16.14     15.74     14.64     12.94     10.64      8.54      6.84      6.24      6.94
      8.54     10.84     13.24     15.04     15.84     15.44     13.84     11.54      9.04      6.94
      5.54      5.04      5.14
     17.64     19.04     19.34     18.74     17.64     16.54     15.94     15.94     16.44     17.04
     17.84     18.64     19.14     19.34     18.84     17.74     16.24     14.74     13.64     13.14
     12.84     12.34     11.54     10.34      9.34      9.34     10.64     13.44     16.94     20.34
     22.84     23.94     23.84     22.54     20.84     19.04     17.64     17.04     17.24     18.24
     19.54     20.74     21.64     22.04     22.14     21.84     21.44     20.84     20.14     19.34
     18.54     17.64     16.64     15.54     14.04     12.34     10.74      9.54      9.14      9.54
     10.74     12.34     14.04     15.44     16.14     15.94     14.54     12.24      9.44      6.94
      5.24      4.64      4.84
     15.84     18.34     19.44     19.14     18.04     16.84     15.94     15.74     16.04     16.84
     17.84     18.94     19.84     20.24     19.84     18.74     17.24     15.84     14.94     14.54
     14.24     13.64     12.54     11.24     10.64     11.44     14.04     18.24     22.74     26.24
     28.04     27.74     25.84     23.24     20.64     18.74     17.94     18.24     19.14     20.54
     21.74     22.64     23.24     23.64     24.14     24.54     24.64     24.24     23.24     21.64
     19.94     18.34     16.94     15.64     14.34     13.04     11.74     10.94     10.74     11.34
     12.34     13.54     14.74     15.74     16.44     16.54     15.74     13.74     11.04      8.24
      6.04      5.04      5.04
     15.84     18.24     19.34     19.44     18.84     18.24     17.94     17.74     17.74     17.74
     17.84     18.14     18.44     18.74     18.64     18.24     17.44     16.44     15.64     14.94
     14.34     13.84     13.34     13.34     14.24     16.54     20.14     24.44     28.44     31.04
     31.74     30.64     28.24     25.44     23.04     21.64     21.54     22.64     24.24     25.84
     26.84     27.04     26.64     26.04     25.74     25.44     25.14     24.14     22.64     20.64
     18.64     17.04     15.74     14.74     13.54     12.34     11.34     10.74     10.84     11.64
     12.54     13.34     13.84     14.24     14.74     15.04     14.74     13.44     11.24      8.74
      6.64      5.64      5.54
     18.04     19.24     19.54     19.34     19.24     19.74     20.34     20.64     20.24     19.34
     18.14     17.14     16.54     16.64     17.14     17.84     18.14     17.74     16.54     14.94
     13.54     13.14     14.14     16.34     19.54     23.04     26.34     29.14     30.94     31.84
     32.04     31.44     30.24     28.44     26.64     25.24     25.04     26.24     28.54     30.74
     32.04     31.94     30.74     28.94     27.14     25.44     23.74     21.84     19.74     17.94
     16.44     15.44     14.74     14.04     13.24     12.24     11.34     10.94     11.24     11.94
     12.54     12.74     12.34     11.84     11.74     11.94     12.04     11.54     10.24      8.44
      7.04      6.54      6.84
     20.94     21.14     20.34     19.64     19.74     20.64     21.64     22.14     21.74     20.64
     19.34     18.24     17.74     18.04     19.24     20.84     22.14     21.94     19.94     16.94
     14.34     13.74     15.64     19.54     24.24     28.04     30.04     30.14     29.34     28.54
     28.74     29.64     30.44     30.04     28.24     26.04     24.74     25.54     28.24     31.54
     33.94     34.44     33.24     30.94     28.34     25.74     22.94     20.34     18.14     16.64
     15.94     15.54     15.24     14.84     14.24     13.74     13.44     13.24     13.34     13.64
     13.74     13.24     12.14     10.94     10.24     10.24     10.54     10.44      9.84      8.74
      7.94      8.04      8.84
     23.74     23.94     23.14     22.34     22.04     22.14     22.14     21.84     21.44     21.34
     21.54     21.94     22.44     23.34     25.04     27.24     28.94     28.74     26.34     22.54
     19.24     18.04     19.74     23.54     27.84     30.84     31.24     29.44     26.54     24.64
     24.84     26.84     29.04     29.44     27.54     24.34     21.94     22.14     24.84     28.74
     31.74     32.84     32.14     30.54     28.54     26.24     23.74     21.14     19.24     18.14
     17.74     17.34     16.74     16.34     16.24     16.64     17.14     17.24     16.94     16.44
     15.84     15.04     13.84     12.44     11.34     10.84     10.84     10.74     10.34      9.54
      9.04      9.44     10.84
     27.34     28.44     28.34     27.74     26.74     25.14     23.14     21.14     20.34     21.04
     22.74     24.74     26.44     27.94     30.04     32.64     34.64     35.04     33.24     30.44
     27.94     27.04     27.84     29.84     32.04     33.34     32.84     30.54     27.24     24.64
     23.94     25.34     27.44     28.24     26.94     24.14     21.94     21.74     23.74     26.54
     28.54     28.94     28.24     27.54     26.94     26.24     24.94     23.24     21.74     20.84
     20.14     19.34     18.24     17.64     18.24     19.54     20.84     21.04     20.34     19.14
     18.04     17.24     16.24     14.94     13.34     12.14     11.54     11.14     10.74     10.24
     10.04     10.84     12.54
     32.34     33.54     33.74     33.34     31.64     28.54     24.54     21.14     19.54     20.14
     22.04     24.24     26.04     28.14     30.94     34.24     36.84     37.94     37.54     36.84
     36.84     37.44     37.94     37.84     37.54     37.34     36.84     35.34     32.54     29.34
     26.94     26.24     27.04     28.04     28.24     27.54     26.74     26.64     27.44     28.14
     27.84     26.54     25.04     24.44     24.84     25.54     25.44     24.64     23.54     22.74
     21.84     20.64     19.44     18.94     19.84     21.74     23.24     23.44     22.44     21.04
     20.04     19.54     18.84     17.34     15.24     13.34     12.04     11.54     11.44     11.54
     12.04     13.24     15.04
     37.04     36.74     36.44     35.74     33.84     30.34     26.04     22.44     20.64     20.44
     21.14     22.14     23.44     26.04     30.04     34.44     37.54     38.44     38.24     38.74
     40.94     43.64     45.04     44.34     42.64     41.64     41.54     41.14     39.14     35.64
     31.84     29.14     28.34     29.14     30.54     31.74     32.24     32.34     32.04     31.34
     29.94     27.64     25.44     24.14     24.14     24.74     25.04     24.64     23.94     23.34
     22.64     21.74     20.84     20.74     21.54     23.04     24.14     24.14     23.24     22.24
     21.84     21.74     21.24     19.84     17.54     15.34     14.14     13.84     14.24     14.84
     15.64     16.94     18.54
     38.84     37.04     36.14     35.44     33.84     31.04     27.94     25.54     24.24     23.44
     22.74     22.24     23.04     26.04     31.24     36.54     39.44     39.14     37.24     36.84
     39.24     43.14     45.64     45.64     44.04     43.04     43.04     43.14     41.94     39.24
     35.84     32.84     31.14     30.74     31.54     32.44     32.94     32.74     32.34     32.14
     31.64     30.34     28.44     26.34     25.04     24.54     24.34     24.14     23.84     23.54
     23.24     22.84     22.54     22.74     23.24     23.84     23.94     23.64     23.24     23.04
     23.14     23.34     23.04     21.94     20.24     18.64     17.84     17.94     18.44     18.84
     19.44     20.24     21.14
     38.04     36.14     35.54     35.24     34.24     32.44     30.74     29.74     29.04     27.84
     26.34     25.14     25.64     28.64     33.84     39.14     41.74     40.54     37.24     35.14
     36.14     39.14     41.44     41.64     40.44     39.54     39.44     39.44     39.04     38.24
     37.14     35.74     34.04     32.24     30.84     29.84     28.94     28.24     28.14     29.14
     30.74     31.54     30.84     28.74     26.44     24.94     24.24     24.14     24.24     24.14
     23.94     23.64     23.74     24.14     24.34     24.14     23.64     23.24     23.14     23.34
     23.54     23.54     23.24     22.74     21.94     21.14     20.84     20.94     21.24     21.24
     21.24     21.34     21.74
     36.94     36.44     36.84     36.84     36.04     34.64     33.74     33.34     32.64     31.34
     29.74     28.64     28.74     30.74     34.44     38.64     41.34     41.14     38.84     36.74
     36.44     37.24     37.34     36.04     34.04     32.74     32.34     32.34     32.74     33.84
     35.34     36.14     35.24     32.74     29.74     27.24     25.24     24.04     24.04     25.64
     28.14     30.24     30.54     29.14     27.04     25.34     24.74     24.84     25.04     24.84
     24.34     23.84     23.94     24.34     24.54     24.14     23.54     23.14     23.24     23.34
     23.04     22.54     22.24     22.14     21.94     21.54     21.24     21.34     21.44     21.34
     21.14     21.14     21.24
     37.54     38.14     38.84     38.74     37.54     36.34     35.74     35.34     34.44     33.14
     31.94     31.44     31.54     31.94     33.14     35.54     38.14     40.04     40.54     40.44
     40.04     38.74     35.84     31.84     28.34     26.54     26.24     26.54     27.44     29.14
     31.64     33.54     33.44     31.44     28.64     26.34     24.64     23.64     23.44     24.44
     26.24     28.04     28.74     28.14     26.84     25.64     25.14     25.24     25.34     24.94
     24.24     23.54     23.44     23.84     24.04     23.84     23.44     23.24     23.34     23.14
     22.54     21.74     21.34     21.34     21.24     20.94     20.64     20.54     20.74     20.94
     20.94     21.04     21.14
     38.54     39.14     39.34     38.64     37.44     36.64     36.34     36.04     35.24     34.34
     34.24     34.74     34.94     34.34     33.54     33.74     35.34     37.94     40.44     42.04
     42.14     39.74     35.14     29.54     25.24     23.54     23.84     24.54     25.24     26.34
     27.94     29.44     29.64     28.64     27.14     25.84     25.14     24.74     24.74     25.14
     25.94     26.84     27.34     27.24     26.64     25.74     25.14     24.84     24.74     24.34
     23.74     23.34     23.24     23.54     23.64     23.44     23.14     23.04     23.04     22.84
     22.34     21.74     21.44     21.34     21.24     21.04     20.84     20.84     20.94     21.14
     21.24     21.34     21.44
     37.44     37.54     37.04     36.34     35.74     35.64     35.64     35.44     34.94     34.94
     36.04     37.44     38.04     37.34     35.84     34.84     35.04     36.54     38.44     39.74
     39.34     36.74     32.24     27.44     24.34     23.54     24.24     25.04     25.14     25.14
     25.54     26.14     26.44     26.14     25.34     24.54     24.14     24.34     24.94     25.64
     26.14     26.54     26.74     26.64     26.14     25.24     24.54     24.04     23.74     23.34
     23.14     23.24     23.54     23.74     23.74     23.44     23.14     22.94     22.74     22.54
     22.24     22.14     21.94     21.84     21.74     21.74     21.74     21.74     21.64     21.44
     21.34     21.24     21.14
     33.74     33.44     32.84     32.54     32.84     33.34     33.34     32.74     32.44     33.24
     34.84     36.44     37.14     36.74     36.04     35.54     35.64     36.14     36.54     35.94
     34.04     30.84     27.54     25.04     24.04     24.34     24.94     25.14     24.64     24.24
     24.24     24.74     25.24     25.14     24.24     23.04     22.34     22.64     23.74     24.94
     25.64     25.84     25.84     25.54     24.94     24.14     23.64     23.34     23.14     22.74
     22.64     22.94     23.54     23.94     23.94     23.84     23.54     23.14     22.74     22.44
     22.44     22.44     22.34     22.14     22.04     22.14     22.24     22.04     21.64     21.24
     21.04     21.04     20.84
     29.14     28.74     28.04     28.04     28.94     29.74     29.44     28.44     28.04     29.04
     30.74     31.64     31.54     31.34     31.84     33.04     34.64     35.94     36.04     34.14
     30.34     26.14     23.44     22.84     23.64     24.44     24.64     24.04     23.34     23.04
     23.44     24.24     25.04     24.94     24.04     22.64     21.74     21.94     23.04     24.04
     24.54     24.44     24.24     23.84     23.34     22.84     22.94     23.14     23.14     22.74
     22.34     22.54     23.04     23.34     23.64     23.84     23.84     23.54     23.04     22.74
     22.84     22.94     22.64     22.34     22.24     22.34     22.34     21.94     21.44     21.24
     21.34     21.44     21.34
     25.54     24.94     23.84     23.64     24.54     25.64     25.54     24.64     24.44     25.54
     26.84     26.94     26.04     25.64     26.64     28.94     31.94     34.54     35.44     33.44
     28.84     24.04     21.54     21.74     23.04     23.94     23.84     23.14     22.44     22.24
     22.64     23.34     23.84     23.94     23.44     22.74     22.34     22.54     23.14     23.64
     23.54     23.14     22.94     22.64     22.34     22.14     22.44     23.14     23.44     23.14
     22.64     22.44     22.44     22.54     22.74     23.14     23.34     23.14     22.84     22.84
     23.24     23.34     23.04     22.74     22.64     22.74     22.54     22.24     22.04     22.14
     22.44     22.44     22.04
     23.34     22.54     21.14     20.54     21.54     23.04     23.64     23.34     23.54     24.64
     25.64     25.54     24.64     24.34     25.24     27.04     29.24     31.44     32.44     30.74
     26.74     22.84     21.04     21.44     22.44     22.94     23.04     22.84     22.64     22.24
     21.94     21.94     22.04     22.24     22.34     22.44     22.64     22.84     23.24     23.34
     23.14     22.84     22.74     22.64     22.44     22.24     22.34     22.94     23.44     23.54
     23.14     22.84     22.44     22.34     22.34     22.64     22.64     22.34     22.24     22.64
     23.34     23.54     23.14     22.84     22.94     23.04     22.94     22.64     22.64     22.84
     22.84     22.44     21.94
     21.54     21.14     20.14     19.64     20.64     22.34     23.44     23.74     23.84     24.64
     25.54     26.04     26.24     26.94     27.54     27.64     27.24     27.14     26.84     25.44
     22.94     21.04     20.84     21.44     21.84     21.74     22.04     22.64     22.84     22.34
     21.64     21.24     21.34     21.64     22.04     22.44     22.54     22.64     22.74     23.04
     23.24     23.24     23.24     23.24     23.14     22.74     22.54     22.74     23.14     23.44
     23.44     23.14     22.94     22.74     22.84     22.84     22.54     22.04     22.04     22.64
     23.34     23.34     22.84     22.54     22.54     22.64     22.64     22.54     22.44     22.44
     22.04     21.64     21.34
     20.04     20.34     20.24     20.04     20.74     22.14     23.34     23.64     23.54     23.84
     24.74     25.94     27.54     29.14     29.64     28.24     25.64     23.34     21.84     20.74
     19.74     19.64     20.64     21.54     21.24     20.74     20.94     21.84     22.24     22.04
     21.84     22.04     22.54     22.94     23.24     23.34     23.14     22.74     22.74     23.14
     23.54     23.54     23.44     23.44     23.44     23.24     22.84     22.74     22.84     23.04
     23.14     23.04     23.14     23.34     23.64     23.64     23.14     22.54     22.44     22.94
     23.34     23.14     22.54     22.14     22.14     22.04     21.94     21.84     21.84     21.74
     21.44     21.34     21.64
     19.14     19.84     20.04     19.84     20.04     21.34     22.84     23.34     23.24     23.44
     24.44     26.14     27.94     29.44     29.44     27.24     23.74     20.94     19.74     19.44
     19.34     19.84     20.94     21.54     21.04     20.24     20.34     21.04     21.64     21.94
     22.54     23.64     24.54     24.74     24.64     24.44     24.04     23.54     23.24     23.44
     23.84     23.64     23.34     23.24     23.44     23.54     23.34     23.14     22.94     22.84
     22.84     22.94     23.14     23.54     23.84     23.84     23.44     22.94     22.74     22.94
     22.94     22.64     22.24     22.14     21.94     21.74     21.54     21.54     21.74     21.74
     21.64     21.94     22.44
