diamond 4 20年06月26日8时925百帕温度场
20 06 26  8  925 
2.500  -2.500  .0  180.0   90.0  .0
73  37
      4.24      4.24      4.24      4.24      4.24      4.24      4.24      4.24      4.24      4.24
      4.24      4.24      4.24      4.24      4.24      4.24      4.24      4.24      4.24      4.24
      4.24      4.24      4.24      4.24      4.24      4.24      4.24      4.24      4.24      4.24
      4.24      4.24      4.24      4.24      4.24      4.24      4.24      4.24      4.24      4.24
      4.24      4.24      4.24      4.24      4.24      4.24      4.24      4.24      4.24      4.24
      4.24      4.24      4.24      4.24      4.24      4.24      4.24      4.24      4.24      4.24
      4.24      4.24      4.24      4.24      4.24      4.24      4.24      4.24      4.24      4.24
      4.24      4.24      4.24
      5.14      5.04      5.04      4.94      4.94      4.84      4.84      4.84      4.74      4.74
      4.74      4.64      4.64      4.64      4.64      4.64      4.64      4.54      4.54      4.54
      4.54      4.54      4.54      4.54      4.54      4.54      4.54      4.54      4.54      4.54
      4.54      4.54      4.54      4.54      4.54      4.54      4.54      4.44      4.44      4.44
      4.34      4.34      4.24      4.14      4.14      4.04      3.94      3.84      3.74      3.64
      3.54      3.44      3.34      3.24      3.04      2.94      2.84      2.74      2.54      2.44
      2.34      2.24      2.14      2.04      1.94      1.84      1.74      1.64      1.54      1.54
      1.44      1.44      1.34
      4.14      4.04      3.94      3.84      3.74      3.64      3.54      3.44      3.34      3.24
      3.14      3.04      3.04      2.94      2.94      2.84      2.84      2.84      2.84      2.84
      2.84      2.94      3.04      3.04      3.14      3.24      3.34      3.54      3.64      3.74
      3.94      4.04      4.24      4.34      4.54      4.64      4.74      4.84      4.94      4.94
      5.04      5.04      5.04      4.94      4.94      4.84      4.64      4.54      4.34      4.14
      3.84      3.64      3.34      3.04      2.74      2.44      2.14      1.74      1.44      1.14
      0.84      0.54      0.24     -0.06     -0.36     -0.56     -0.76     -0.96     -1.16     -1.36
     -1.46     -1.66     -1.76
      3.24      3.14      3.14      3.04      2.94      2.84      2.74      2.54      2.44      2.24
      2.04      1.84      1.64      1.54      1.34      1.24      1.04      0.94      0.94      0.84
      0.84      0.84      0.94      0.94      1.14      1.24      1.44      1.64      1.84      2.14
      2.44      2.74      3.04      3.44      3.74      4.14      4.54      4.84      5.24      5.54
      5.74      6.04      6.14      6.24      6.34      6.24      6.14      5.94      5.74      5.44
      5.04      4.64      4.14      3.64      3.14      2.54      2.04      1.44      0.94      0.44
     -0.06     -0.46     -0.86     -1.26     -1.66     -1.96     -2.26     -2.46     -2.66     -2.86
     -2.96     -3.16     -3.16
      3.44      3.54      3.64      3.74      3.74      3.64      3.54      3.34      3.14      2.84
      2.54      2.24      1.94      1.64      1.34      1.04      0.84      0.64      0.44      0.34
      0.24      0.24      0.24      0.24      0.24      0.34      0.44      0.64      0.84      1.04
      1.34      1.74      2.14      2.54      3.14      3.64      4.34      4.94      5.64      6.34
      6.94      7.54      7.94      8.34      8.64      8.74      8.64      8.44      8.14      7.64
      7.04      6.34      5.54      4.74      3.94      3.14      2.24      1.44      0.74      0.04
     -0.66     -1.16     -1.66     -2.16     -2.46     -2.76     -3.06     -3.16     -3.36     -3.46
     -3.46     -3.46     -3.46
      4.04      4.34      4.44      4.54      4.54      4.34      4.24      3.94      3.64      3.34
      2.94      2.64      2.34      2.04      1.74      1.44      1.24      1.04      0.94      0.74
      0.74      0.64      0.64      0.74      0.74      0.84      0.94      1.14      1.24      1.44
      1.64      1.94      2.34      2.84      3.34      4.04      4.94      5.84      6.94      8.04
      9.04     10.14     11.04     11.74     12.24     12.54     12.54     12.24     11.74     11.04
     10.14      9.04      7.94      6.74      5.44      4.34      3.14      2.04      1.04      0.14
     -0.66     -1.46     -2.06     -2.66     -3.16     -3.56     -3.76     -3.96     -4.06     -4.16
     -4.06     -3.96     -3.86
      4.14      4.14      4.14      3.94      3.74      3.44      3.14      2.84      2.54      2.34
      2.14      2.04      1.94      1.84      1.64      1.54      1.34      1.04      0.84      0.64
      0.54      0.44      0.44      0.64      0.84      1.24      1.64      2.04      2.44      2.84
      3.24      3.54      3.94      4.34      4.94      5.54      6.44      7.54      8.84     10.24
     11.74     13.24     14.64     15.74     16.54     17.04     17.04     16.74     15.94     14.94
     13.74     12.34     10.84      9.44      8.04      6.64      5.34      4.14      2.94      1.84
      0.84     -0.16     -1.16     -1.96     -2.76     -3.36     -3.76     -4.16     -4.36     -4.36
     -4.36     -4.16     -3.96
      3.84      3.54      3.14      2.74      2.34      1.94      1.74      1.64      1.64      1.84
      2.14      2.54      2.84      2.94      2.94      2.74      2.34      1.74      1.04      0.34
     -0.36     -0.76     -0.86     -0.66     -0.16      0.64      1.64      2.74      3.94      4.94
      5.74      6.44      6.84      7.14      7.44      7.84      8.44      9.34     10.54     12.04
     13.74     15.44     17.14     18.54     19.64     20.24     20.44     20.04     19.24     18.14
     16.84     15.44     13.94     12.54     11.24     10.04      8.94      7.84      6.74      5.54
      4.44      3.14      1.94      0.84     -0.26     -1.06     -1.76     -2.26     -2.46     -2.56
     -2.56     -2.56     -2.46
      4.24      4.04      3.64      3.24      3.04      2.94      3.04      3.44      4.04      4.84
      5.74      6.64      7.24      7.64      7.54      7.04      5.94      4.64      3.04      1.34
     -0.06     -1.16     -1.76     -1.66     -0.96      0.24      1.94      3.84      5.74      7.54
      8.94      9.94     10.44     10.54     10.44     10.34     10.34     10.64     11.44     12.64
     14.14     15.84     17.54     19.14     20.34     21.14     21.54     21.34     20.84     19.94
     18.84     17.64     16.54     15.34     14.34     13.44     12.54     11.74     10.84      9.94
      8.74      7.54      6.24      4.84      3.64      2.64      1.94      1.54      1.24      1.24
      1.24      1.14      0.94
      6.24      6.44      6.54      6.64      6.94      7.34      7.94      8.84      9.94     11.24
     12.44     13.44     14.14     14.24     13.74     12.54     10.74      8.44      5.94      3.54
      1.44     -0.16     -0.96     -1.06     -0.26      1.14      3.04      5.24      7.54      9.74
     11.44     12.64     13.24     13.34     12.94     12.44     11.94     11.84     12.14     12.94
     14.04     15.44     16.84     18.24     19.34     20.24     20.74     21.04     21.04     20.74
     20.14     19.24     18.24     17.14     16.04     15.04     14.24     13.54     13.04     12.34
     11.64     10.74      9.74      8.54      7.44      6.44      5.64      5.24      5.04      4.94
      4.94      4.74      4.24
      9.24     10.04     10.74     11.44     12.24     13.14     14.14     15.24     16.44     17.54
     18.54     19.24     19.34     18.94     17.64     15.74     13.14     10.24      7.34      4.64
      2.64      1.24      0.64      0.74      1.44      2.54      4.04      5.84      7.84      9.74
     11.54     12.94     13.84     14.24     14.24     13.94     13.64     13.54     13.84     14.44
     15.24     16.04     16.74     17.24     17.74     18.14     18.74     19.44     20.14     20.54
     20.54     20.04     18.94     17.34     15.64     14.04     12.74     12.04     11.74     11.84
     11.94     12.04     11.74     11.14     10.24      9.14      8.24      7.44      6.94      6.74
      6.44      6.14      5.44
     12.24     13.14     14.04     14.94     15.94     17.04     18.14     19.24     20.14     20.74
     21.14     21.24     20.84     19.84     18.14     15.74     12.94      9.84      6.94      4.64
      3.14      2.34      2.24      2.54      3.04      3.54      4.14      4.94      6.14      7.74
      9.64     11.54     13.24     14.34     15.04     15.34     15.64     16.04     16.64     17.24
     17.74     17.94     17.54     16.84     16.04     15.64     15.84     16.64     17.94     19.14
     19.84     19.54     18.24     16.04     13.44     11.04      9.34      8.44      8.54      9.44
     10.74     11.94     12.74     12.84     12.34     11.34      9.94      8.64      7.64      6.84
      6.34      5.74      4.94
     14.54     15.04     15.54     16.14     16.94     18.04     19.04     19.84     20.34     20.44
     20.24     19.94     19.44     18.54     17.14     15.14     12.64      9.84      7.44      5.54
      4.44      4.14      4.34      4.54      4.54      4.24      3.84      3.84      4.64      6.34
      8.74     11.44     13.94     15.84     16.84     17.34     17.54     17.94     18.64     19.44
     19.84     19.64     18.54     16.74     14.84     13.34     12.84     13.54     14.94     16.64
     17.74     17.64     16.34     13.94     11.14      8.44      6.54      5.74      6.14      7.44
      9.44     11.54     13.24     14.24     14.24     13.34     11.74      9.94      8.34      7.04
      6.14      5.44      4.54
     16.64     16.44     16.14     16.04     16.44     17.14     18.04     18.64     18.74     18.54
     18.04     17.74     17.44     17.14     16.64     15.54     13.84     11.74      9.64      8.04
      7.04      6.64      6.54      6.24      5.74      4.94      4.34      4.34      5.44      7.84
     11.04     14.44     17.14     18.84     19.24     18.74     18.04     17.74     18.04     18.74
     19.44     19.54     18.64     16.84     14.64     12.74     11.84     11.94     13.04     14.34
     15.24     15.14     13.94     11.94      9.64      7.54      6.14      5.54      5.94      7.14
      9.04     11.34     13.54     15.14     15.84     15.34     13.84     11.74      9.54      7.84
      6.54      5.74      4.94
     19.14     18.34     17.24     16.34     16.04     16.44     17.04     17.64     17.74     17.34
     16.94     16.64     16.64     16.84     16.84     16.34     15.14     13.44     11.64      9.94
      8.74      7.94      7.34      6.74      6.24      5.84      5.94      6.94      9.04     12.04
     15.44     18.44     20.24     20.54     19.64     17.84     16.14     15.14     14.94     15.64
     16.54     17.24     17.34     16.74     15.64     14.44     13.64     13.44     13.64     13.94
     13.84     13.24     12.14     10.64      9.14      8.04      7.34      7.04      7.24      8.04
      9.44     11.34     13.64     15.74     17.04     17.04     15.74     13.34     10.64      8.24
      6.64      5.74      5.24
     21.14     20.54     19.14     17.54     16.44     16.24     16.74     17.34     17.74     17.74
     17.54     17.44     17.64     17.74     17.54     16.74     15.24     13.44     11.54      9.84
      8.54      7.54      6.94      6.64      6.84      7.64      9.14     11.34     14.04     16.84
     19.14     20.34     20.14     18.74     16.64     14.64     13.24     12.64     12.74     13.14
     13.84     14.64     15.34     16.04     16.54     16.84     16.74     16.44     15.94     15.14
     14.04     12.74     11.44     10.34      9.54      8.94      8.74      8.54      8.54      8.94
      9.94     11.74     13.94     16.14     17.74     17.84     16.44     13.84     10.54      7.74
      5.84      5.04      5.04
     21.74     21.84     20.64     18.64     16.94     16.24     16.54     17.34     18.04     18.44
     18.64     18.94     19.14     19.14     18.54     17.04     15.04     12.94     11.04      9.74
      8.84      8.44      8.44      8.94     10.14     12.04     14.54     17.24     19.54     20.94
     21.04     19.84     17.44     14.74     12.54     11.74     12.14     13.24     14.24     14.54
     14.34     14.04     14.34     15.34     16.64     17.84     18.34     18.14     17.24     16.04
     14.74     13.44     12.24     11.34     10.54     10.04      9.54      9.24      9.14      9.54
     10.54     12.04     13.84     15.64     16.74     16.74     15.34     12.74      9.54      6.74
      4.94      4.34      4.74
     20.64     21.64     20.84     18.94     17.14     16.44     16.74     17.64     18.24     18.54
     18.64     18.84     19.24     19.34     18.84     17.54     15.64     13.94     12.74     12.24
     12.44     13.14     14.04     15.44     17.34     19.44     21.54     23.14     23.84     23.44
     21.74     19.04     15.84     12.84     11.34     11.84     14.14     16.94     18.94     19.24
     18.04     16.44     15.64     15.84     16.74     17.54     17.74     17.34     16.44     15.54
     14.74     14.24     13.74     13.14     12.34     11.34     10.34      9.64      9.54     10.14
     11.14     12.14     12.94     13.54     13.84     13.64     12.64     10.74      8.54      6.44
      5.14      4.74      5.24
     19.54     20.84     20.24     18.64     17.44     17.34     18.14     18.94     19.04     18.34
     17.44     17.04     17.34     17.74     18.04     17.64     16.84     16.04     15.64     16.14
     17.34     19.14     21.24     23.34     25.14     26.44     26.74     26.14     24.74     22.84
     20.94     18.94     16.94     15.14     14.24     14.94     17.34     20.44     22.74     23.34
     22.14     20.34     19.04     18.54     18.44     18.04     17.14     15.94     14.94     14.44
     14.34     14.54     14.84     14.84     14.34     13.24     11.74     10.74     10.54     11.14
     11.84     12.04     11.64     11.04     10.54     10.34      9.94      9.14      7.94      6.94
      6.44      6.44      6.74
     20.04     20.74     20.14     19.14     18.84     19.64     20.84     21.44     20.74     19.14
     17.44     16.34     16.14     16.54     17.34     17.94     18.14     17.94     17.74     18.04
     19.44     21.74     24.74     27.44     29.04     29.24     27.74     24.94     21.54     18.74
     17.54     17.74     18.54     18.94     18.64     18.54     19.34     20.94     22.64     23.54
     23.34     22.84     22.44     22.24     21.54     20.14     18.14     16.34     15.14     14.64
     14.54     14.74     15.24     15.84     15.94     15.24     13.84     12.54     12.14     12.54
     12.94     12.44     11.24      9.84      9.04      8.94      8.94      8.54      7.84      7.54
      7.84      8.64      9.04
     22.04     22.24     21.74     21.34     21.64     22.54     23.24     23.04     21.94     20.54
     19.34     18.54     18.14     18.24     18.84     19.84     20.54     20.44     19.34     18.34
     18.54     20.54     23.64     26.54     28.24     27.94     25.74     21.84     17.34     13.84
     12.84     14.54     17.84     20.54     21.34     20.54     19.64     19.54     20.24     21.14
     21.94     22.74     23.64     24.24     23.94     22.54     20.44     18.74     17.64     16.84
     15.94     15.34     15.54     16.44     17.44     17.44     16.34     14.94     14.34     14.44
     14.54     13.74     12.14     10.54      9.84      9.74      9.64      8.84      7.94      7.94
      9.14     11.04     12.34
     24.54     25.04     25.24     25.44     25.64     25.24     23.94     22.14     20.84     20.54
     21.14     21.64     21.64     21.34     21.84     23.24     24.64     24.54     22.64     19.94
     18.54     19.54     22.14     24.64     26.04     25.84     24.24     21.24     17.14     13.04
     10.94     12.14     15.74     19.54     21.44     21.04     19.74     19.14     19.44     20.14
     20.84     21.54     22.74     23.94     24.24     23.54     22.34     21.34     20.54     19.44
     17.94     16.54     16.24     17.44     19.04     19.74     19.04     17.64     16.84     16.84
     16.74     15.74     13.94     12.24     11.54     11.44     11.04      9.94      9.04      9.34
     11.24     14.04     16.14
     27.44     28.54     29.44     30.14     29.64     27.44     23.74     20.14     18.44     19.04
     20.94     22.44     22.64     22.24     22.84     25.24     27.94     29.04     27.34     24.14
     21.94     22.04     23.74     25.14     25.54     25.24     24.94     24.24     22.14     18.54
     15.24     14.24     16.04     19.04     20.94     21.24     20.84     21.04     21.94     22.54
     22.44     21.94     22.04     22.84     23.54     23.54     23.24     22.74     22.24     21.14
     19.44     17.94     17.64     18.94     20.74     21.64     21.14     20.14     19.54     19.64
     19.44     18.14     16.14     14.24     13.34     13.24     13.04     12.54     12.14     12.74
     14.84     17.34     19.14
     31.24     31.94     32.64     33.14     32.14     29.04     24.64     20.54     18.54     18.74
     20.14     20.94     20.54     20.04     21.14     24.44     28.44     30.94     30.64     28.54
     26.94     26.94     27.74     27.64     26.44     25.54     26.14     27.84     28.54     27.04
     23.94     21.34     20.74     21.44     22.04     21.94     22.24     23.54     25.44     26.44
     25.84     24.24     22.94     22.74     23.14     23.44     23.44     23.14     22.74     21.84
     20.54     19.54     19.64     20.74     22.14     22.64     22.24     21.74     21.64     22.04
     21.94     20.64     18.64     16.64     15.74     15.74     16.14     16.44     16.84     17.44
     18.54     19.64     20.34
     35.34     34.34     33.74     33.24     32.04     29.74     26.84     24.24     22.64     21.74
     21.04     20.14     19.14     18.84     20.14     23.34     27.24     30.04     31.14     30.94
     30.94     31.44     31.44     30.04     27.54     25.54     26.04     28.64     31.54     32.54
     31.34     29.14     27.24     25.94     24.64     23.44     23.24     24.54     26.84     28.34
     28.04     26.24     24.44     23.44     23.34     23.44     23.34     23.14     22.94     22.44
     21.94     21.64     21.84     22.44     22.94     22.94     22.54     22.34     22.64     23.14
     23.14     22.34     20.84     19.44     18.84     18.84     19.44     20.14     20.74     20.94
     20.74     20.44     20.04
     38.14     35.54     33.34     31.64     30.24     29.14     28.54     28.24     27.44     25.74
     23.64     21.84     21.14     21.84     23.34     25.24     27.14     28.94     30.64     32.34
     33.94     34.74     33.94     31.44     28.14     25.54     25.04     26.94     29.84     32.34
     33.14     32.54     31.04     29.24     27.14     25.14     23.94     24.24     25.64     26.94
     27.14     26.34     24.94     23.94     23.34     23.04     23.04     23.14     23.24     23.34
     23.34     23.44     23.54     23.64     23.64     23.34     22.94     22.74     22.84     23.04
     22.94     22.64     22.04     21.54     21.24     21.14     21.34     21.64     21.94     21.84
     21.14     20.44     20.04
     38.84     36.34     33.74     31.24     29.24     28.34     28.74     29.54     29.34     27.84
     25.74     24.84     25.64     27.54     29.04     29.34     28.84     28.94     30.64     33.64
     36.24     36.94     35.14     31.84     28.44     25.84     24.74     25.04     26.54     28.54
     30.24     30.74     30.24     29.04     27.54     26.04     24.74     23.84     23.54     23.94
     24.54     24.84     24.84     24.24     23.54     23.04     22.94     23.24     23.64     23.94
     24.04     24.04     24.04     24.04     24.04     23.84     23.54     23.14     22.84     22.54
     22.34     22.14     22.14     22.14     22.04     21.74     21.34     21.24     21.24     21.24
     21.04     20.74     20.94
     38.54     37.54     35.84     33.54     31.14     29.64     29.44     29.84     29.54     28.44
     27.54     27.84     29.74     31.94     33.04     32.34     30.44     29.34     30.54     33.74
     36.74     37.14     34.54     30.74     27.54     25.84     24.84     24.24     24.34     25.24
     26.54     27.14     26.94     26.44     26.04     25.74     25.04     23.74     22.34     21.94
     22.54     23.94     25.04     25.34     24.84     24.04     23.64     23.84     24.04     24.24
     24.04     23.84     23.64     23.74     24.04     24.14     23.94     23.34     22.84     22.44
     22.24     22.14     21.94     21.84     21.74     21.44     21.04     20.74     20.84     21.14
     21.44     21.54     21.84
     38.24     38.74     38.24     36.64     34.74     33.34     32.64     31.94     30.94     30.14
     29.94     30.84     32.14     33.24     33.54     32.54     30.74     29.24     29.44     31.74
     34.24     34.54     31.94     28.14     25.34     24.44     24.34     24.04     23.74     23.94
     24.64     25.04     24.64     24.14     24.14     24.54     24.54     23.64     22.34     21.84
     22.44     24.14     25.74     26.54     26.24     25.44     24.74     24.44     24.44     24.34
     24.04     23.74     23.44     23.54     23.84     23.94     23.74     23.14     22.74     22.64
     22.74     22.64     22.14     21.64     21.44     21.54     21.44     21.44     21.44     21.74
     21.84     21.84     21.54
     37.54     38.44     38.24     37.54     36.94     36.64     36.24     35.04     33.34     32.04
     31.94     32.34     32.64     32.24     31.74     31.24     30.44     29.34     28.54     29.14
     30.54     30.74     28.74     25.34     22.84     22.34     22.84     23.24     23.14     23.34
     23.84     24.34     24.14     23.64     23.34     23.44     23.44     23.34     22.94     22.84
     23.44     24.64     25.84     26.44     26.34     25.64     24.84     24.34     24.14     24.14
     24.14     24.04     23.74     23.64     23.64     23.74     23.54     23.04     22.74     22.74
     23.04     23.04     22.44     21.84     21.64     21.94     22.14     22.14     21.94     21.84
     21.74     21.44     20.94
     35.34     35.64     35.14     34.74     35.14     36.14     36.44     35.34     33.04     30.94
     30.24     30.54     30.44     29.74     29.04     29.14     29.74     29.64     28.84     28.14
     28.24     28.14     26.54     23.74     21.44     20.84     21.54     22.04     22.04     22.04
     22.54     23.44     24.04     23.94     23.34     22.84     22.64     22.84     23.34     23.74
     24.04     24.34     24.64     24.84     24.84     24.34     23.74     23.24     23.04     23.34
     23.74     23.94     23.84     23.54     23.44     23.64     23.64     23.34     22.84     22.54
     22.64     22.74     22.54     22.14     21.94     22.04     22.14     22.04     21.74     21.44
     21.34     21.24     21.14
     31.24     31.04     30.24     29.84     30.34     31.44     32.24     31.44     29.04     26.54
     25.34     25.94     26.74     26.54     25.94     26.04     27.34     28.64     28.84     28.14
     27.44     26.64     25.24     23.04     21.14     20.54     21.04     21.44     21.14     20.74
     20.94     21.94     23.04     23.54     23.24     22.44     22.04     22.44     23.24     23.84
     23.84     23.44     23.24     23.24     23.24     23.04     22.64     22.24     22.04     22.34
     22.84     23.24     23.24     23.04     22.94     23.34     23.84     23.84     23.14     22.34
     22.04     22.24     22.44     22.44     22.04     21.84     21.74     21.74     21.44     21.24
     21.34     21.64     21.94
     26.34     26.04     25.44     25.14     25.14     25.74     26.44     26.54     25.14     22.84
     21.54     22.34     24.04     24.54     23.44     22.54     23.24     25.24     26.74     26.74
     25.74     24.54     23.24     21.84     20.84     20.74     21.24     21.64     21.34     20.74
     20.54     21.04     21.94     22.44     22.24     21.74     21.64     22.14     22.94     23.34
     23.24     22.94     22.74     22.74     22.84     22.74     22.54     22.24     21.94     21.94
     22.24     22.74     22.84     22.64     22.54     22.94     23.54     23.84     23.24     22.34
     21.94     22.14     22.74     22.84     22.44     21.94     21.84     21.94     21.84     21.74
     21.74     21.94     22.24
     22.24     22.14     22.14     22.14     21.84     21.94     22.94     24.14     24.04     22.54
     21.44     22.14     24.04     24.64     22.74     20.34     19.74     21.24     23.04     23.44
     22.64     21.54     20.84     20.44     20.34     20.64     21.24     21.74     22.04     21.84
     21.64     21.44     21.44     21.34     21.14     21.14     21.44     22.14     22.84     23.14
     23.04     22.84     22.84     22.94     23.04     22.94     22.84     22.64     22.44     22.34
     22.54     22.94     23.14     22.94     22.64     22.64     23.04     23.34     23.04     22.64
     22.34     22.54     22.94     23.14     22.84     22.44     22.24     22.34     22.34     22.14
     21.84     21.64     21.64
     19.94     20.04     20.64     21.04     20.84     20.94     22.14     24.04     24.74     23.84
     22.74     23.34     24.94     25.24     23.14     20.14     18.54     19.04     20.14     20.34
     19.84     19.44     19.54     19.94     20.24     20.54     20.94     21.44     22.14     22.64
     22.64     22.24     21.54     21.04     20.84     21.04     21.64     22.44     23.04     23.14
     22.94     22.84     22.84     22.94     22.84     22.64     22.64     22.54     22.54     22.44
     22.74     23.14     23.44     23.34     23.04     22.84     22.84     22.94     22.94     22.94
     22.94     22.94     23.04     23.04     22.94     22.74     22.44     22.24     22.14     21.94
     21.64     21.34     21.14
     19.34     19.64     20.34     20.74     20.74     21.04     22.54     24.44     25.14     24.14
     23.04     23.24     24.34     24.34     22.54     20.14     18.74     18.74     19.04     19.14
     19.14     19.34     19.84     20.34     20.54     20.64     20.64     21.04     21.84     22.64
     22.94     22.54     21.94     21.54     21.54     21.74     22.04     22.54     23.04     23.14
     23.04     22.84     22.74     22.64     22.44     22.24     22.14     22.14     22.04     21.94
     22.04     22.44     22.74     22.94     23.04     23.04     22.94     22.84     22.94     23.04
     23.14     23.04     22.74     22.74     22.74     22.64     22.14     21.74     21.64     21.74
     21.74     21.54     21.44
     19.54     19.74     20.04     19.94     19.94     20.84     22.84     24.94     25.44     24.44
     23.24     22.84     22.74     22.04     20.44     19.14     18.64     18.84     19.04     19.24
     19.64     20.14     20.54     20.74     20.74     20.74     20.74     21.04     21.84     22.74
     23.14     23.04     22.84     22.84     22.94     22.74     22.34     22.34     22.74     23.14
     23.24     23.14     22.94     22.64     22.44     22.14     22.04     22.04     21.74     21.44
     21.24     21.34     21.64     22.04     22.54     22.84     22.94     22.74     22.54     22.64
     22.74     22.64     22.44     22.34     22.44     22.34     21.94     21.54     21.54     21.84
     22.04     21.94     21.94
