diamond 4 20年06月24日8时925百帕温度场
20 06 24  8  925 
2.500  -2.500  .0  180.0   90.0  .0
73  37
      4.44      4.44      4.44      4.44      4.44      4.44      4.44      4.44      4.44      4.44
      4.44      4.44      4.44      4.44      4.44      4.44      4.44      4.44      4.44      4.44
      4.44      4.44      4.44      4.44      4.44      4.44      4.44      4.44      4.44      4.44
      4.44      4.44      4.44      4.44      4.44      4.44      4.44      4.44      4.44      4.44
      4.44      4.44      4.44      4.44      4.44      4.44      4.44      4.44      4.44      4.44
      4.44      4.44      4.44      4.44      4.44      4.44      4.44      4.44      4.44      4.44
      4.44      4.44      4.44      4.44      4.44      4.44      4.44      4.44      4.44      4.44
      4.44      4.44      4.44
      5.04      4.94      4.94      4.84      4.84      4.74      4.74      4.64      4.54      4.54
      4.44      4.44      4.34      4.24      4.24      4.14      4.14      4.04      4.04      3.94
      3.94      3.84      3.84      3.74      3.74      3.74      3.74      3.64      3.64      3.64
      3.64      3.64      3.64      3.64      3.64      3.64      3.64      3.64      3.64      3.64
      3.64      3.64      3.64      3.64      3.64      3.64      3.64      3.64      3.64      3.64
      3.64      3.64      3.64      3.64      3.64      3.64      3.64      3.64      3.54      3.54
      3.54      3.44      3.44      3.44      3.34      3.34      3.24      3.24      3.14      3.14
      3.04      3.04      3.04
      5.34      5.24      5.14      4.94      4.84      4.74      4.64      4.54      4.44      4.24
      4.14      4.04      3.94      3.84      3.74      3.64      3.64      3.54      3.44      3.34
      3.34      3.24      3.24      3.14      3.14      3.04      3.04      3.04      3.04      3.04
      3.04      3.04      3.04      3.04      3.14      3.14      3.24      3.24      3.34      3.44
      3.44      3.54      3.54      3.64      3.64      3.64      3.74      3.74      3.74      3.74
      3.74      3.64      3.64      3.64      3.54      3.44      3.44      3.34      3.24      3.14
      2.94      2.84      2.74      2.54      2.44      2.24      2.14      1.94      1.74      1.54
      1.34      1.14      1.04
      5.84      5.74      5.54      5.44      5.24      5.04      4.94      4.74      4.54      4.44
      4.34      4.24      4.14      4.14      4.14      4.14      4.14      4.14      4.14      4.14
      4.14      4.14      4.14      4.14      4.14      4.04      4.04      4.04      4.04      4.04
      4.04      4.04      4.14      4.24      4.44      4.54      4.74      4.84      5.04      5.24
      5.34      5.54      5.64      5.74      5.74      5.74      5.64      5.64      5.44      5.34
      5.14      4.94      4.64      4.44      4.14      3.84      3.64      3.34      3.04      2.74
      2.44      2.24      1.94      1.74      1.44      1.14      0.94      0.74      0.44      0.24
     -0.06     -0.26     -0.56
      6.64      6.44      6.24      6.04      5.74      5.34      5.04      4.64      4.34      4.14
      3.94      3.84      3.84      3.94      4.04      4.24      4.44      4.74      4.94      5.14
      5.34      5.44      5.44      5.44      5.44      5.34      5.14      5.04      4.94      4.94
      4.94      5.04      5.24      5.54      5.94      6.34      6.84      7.44      7.94      8.44
      8.94      9.34      9.64      9.84      9.94      9.94      9.74      9.54      9.14      8.74
      8.24      7.64      7.04      6.44      5.74      5.14      4.54      3.94      3.34      2.84
      2.34      1.84      1.34      0.94      0.64      0.24      0.04     -0.26     -0.46     -0.66
     -0.86     -1.06     -1.26
      7.14      7.14      7.04      6.74      6.24      5.64      5.04      4.34      3.74      3.24
      2.74      2.44      2.34      2.44      2.64      3.04      3.54      3.94      4.44      4.84
      5.24      5.44      5.44      5.34      5.14      4.84      4.54      4.14      3.94      3.74
      3.74      3.84      4.24      4.74      5.54      6.44      7.54      8.64      9.74     10.94
     12.04     12.94     13.74     14.34     14.74     14.94     14.84     14.54     14.14     13.54
     12.74     11.94     11.04     10.14      9.24      8.34      7.44      6.54      5.74      4.94
      4.14      3.34      2.64      1.94      1.24      0.64      0.14     -0.26     -0.56     -0.86
     -1.06     -1.16     -1.36
      6.94      7.44      7.64      7.54      7.24      6.74      6.04      5.14      4.24      3.44
      2.64      2.04      1.54      1.34      1.44      1.64      2.04      2.54      3.04      3.54
      3.94      4.14      4.24      4.14      3.74      3.34      2.84      2.34      1.84      1.54
      1.44      1.64      2.04      2.84      3.74      5.04      6.44      8.04      9.74     11.44
     13.14     14.74     16.04     17.24     18.14     18.74     19.04     19.04     18.74     18.24
     17.54     16.74     15.94     15.04     14.14     13.24     12.34     11.44     10.54      9.64
      8.54      7.54      6.34      5.24      4.04      2.94      2.04      1.24      0.54      0.04
     -0.46     -0.76     -1.06
      5.84      6.84      7.54      8.14      8.44      8.54      8.34      7.94      7.34      6.54
      5.64      4.54      3.54      2.64      1.94      1.54      1.24      1.34      1.54      1.94
      2.24      2.54      2.84      2.84      2.74      2.54      2.24      1.94      1.64      1.44
      1.34      1.54      1.94      2.54      3.44      4.54      5.84      7.44      9.04     10.84
     12.74     14.54     16.24     17.84     19.24     20.34     21.04     21.54     21.64     21.34
     20.94     20.24     19.44     18.74     17.94     17.34     16.64     16.04     15.34     14.44
     13.44     12.14     10.64      9.04      7.34      5.74      4.24      3.04      2.04      1.24
      0.64      0.14     -0.36
      4.24      5.24      6.34      7.54      8.84     10.04     11.14     11.84     12.14     11.84
     10.94      9.54      7.74      5.74      3.84      2.14      0.84     -0.06     -0.46     -0.36
      0.04      0.54      1.24      1.84      2.44      2.84      3.14      3.34      3.54      3.74
      3.84      4.14      4.44      4.84      5.44      6.24      7.14      8.24      9.54     10.94
     12.44     13.94     15.54     17.14     18.64     19.94     21.04     21.84     22.24     22.24
     21.84     21.14     20.34     19.44     18.64     18.04     17.64     17.34     17.04     16.54
     15.74     14.54     12.94     11.04      9.04      6.94      5.14      3.74      2.64      1.94
      1.44      1.14      0.74
      3.34      4.04      5.14      6.74      8.74     10.94     13.24     15.14     16.44     16.74
     16.04     14.34     11.74      8.64      5.44      2.44      0.04     -1.56     -2.46     -2.66
     -2.16     -1.26     -0.16      1.04      2.24      3.24      4.24      4.94      5.54      6.04
      6.44      6.84      7.24      7.64      8.34      9.04      9.94     10.94     11.94     12.84
     13.74     14.64     15.44     16.34     17.24     18.34     19.44     20.44     21.04     21.24
     20.94     20.04     18.84     17.54     16.44     15.64     15.34     15.34     15.54     15.74
     15.44     14.74     13.44     11.54      9.44      7.24      5.24      3.74      2.74      2.24
      2.14      2.14      2.14
      4.94      5.34      6.24      7.74      9.74     12.14     14.74     17.04     18.74     19.34
     18.84     17.04     14.14     10.74      7.04      3.64      0.84     -1.06     -2.16     -2.36
     -1.96     -0.96      0.24      1.64      2.94      4.04      4.94      5.64      6.24      6.74
      7.24      7.74      8.44      9.24     10.34     11.54     13.04     14.34     15.54     16.34
     16.64     16.44     16.04     15.64     15.44     15.74     16.54     17.64     18.74     19.34
     19.34     18.44     17.04     15.24     13.64     12.44     12.04     12.34     13.04     13.94
     14.54     14.54     13.94     12.64     10.84      8.94      7.04      5.54      4.44      3.94
      3.74      3.84      4.04
      8.84      9.44     10.24     11.14     12.34     13.84     15.64     17.44     18.84     19.54
     19.24     17.94     15.74     13.04     10.14      7.44      5.14      3.44      2.34      1.94
      2.04      2.64      3.54      4.44      5.34      5.94      6.34      6.44      6.64      6.94
      7.44      8.14      9.14     10.44     11.94     13.64     15.54     17.34     18.84     19.54
     19.34     18.24     16.54     14.64     13.24     12.64     13.14     14.44     16.14     17.44
     18.04     17.54     15.94     13.84     11.64     10.04      9.34      9.64     10.64     12.14
     13.44     14.44     14.94     14.64     13.84     12.64     11.24      9.84      8.64      7.74
      7.14      6.74      6.54
     12.84     13.94     14.44     14.64     14.74     14.84     15.44     16.24     17.14     17.84
     18.14     17.74     16.74     15.54     14.04     12.64     11.14      9.84      8.64      7.74
      7.34      7.44      7.94      8.44      8.84      8.84      8.44      7.94      7.74      7.94
      8.74      9.94     11.34     12.84     14.24     15.74     17.24     18.74     19.94     20.54
     20.14     18.74     16.44     13.84     11.74     10.64     10.84     12.24     14.34     16.24
     17.24     16.84     15.24     12.74     10.24      8.24      7.24      7.34      8.34      9.94
     11.74     13.44     14.94     15.94     16.44     16.24     15.54     14.44     13.14     11.74
     10.54      9.54      8.84
     15.04     16.34     16.54     15.94     14.94     14.04     13.74     14.04     14.84     15.64
     16.34     16.54     16.44     16.14     15.74     15.24     14.54     13.44     12.24     11.14
     10.54     10.54     11.14     11.84     12.14     11.64     10.54      9.44      8.94      9.44
     10.94     13.04     14.84     16.24     16.84     17.04     17.34     17.84     18.54     19.04
     18.94     17.94     16.14     13.94     11.94     10.74     10.84     11.94     13.74     15.34
     16.04     15.54     13.64     11.14      8.54      6.54      5.54      5.64      6.44      7.84
      9.54     11.54     13.54     15.44     16.84     17.44     17.04     15.94     14.24     12.64
     11.24     10.24      9.54
     16.14     17.04     16.74     15.54     13.84     12.44     11.94     12.34     13.34     14.44
     15.14     15.24     15.04     14.74     14.64     14.54     14.24     13.54     12.64     11.84
     11.54     12.04     13.14     14.14     14.34     13.54     11.94     10.34      9.84     10.84
     13.14     15.84     17.74     18.34     17.64     16.34     15.14     14.84     15.24     16.04
     16.54     16.54     15.84     14.74     13.64     12.74     12.44     12.74     13.44     14.14
     14.14     13.34     11.44      9.14      6.94      5.44      4.94      5.24      5.94      7.04
      8.44     10.24     12.34     14.44     15.94     16.44     15.54     13.74     11.54      9.74
      8.64      8.24      8.24
     17.54     18.04     17.24     15.64     13.64     12.04     11.54     12.24     13.44     14.74
     15.34     15.24     14.64     14.24     14.14     14.34     14.54     14.34     13.94     13.54
     13.54     14.24     15.24     16.04     15.84     14.54     12.54     10.94     10.74     12.24
     15.04     17.64     18.94     18.14     15.84     13.14     11.44     11.04     11.94     13.14
     14.24     14.94     15.24     15.44     15.44     15.14     14.44     13.74     13.14     12.74
     12.24     11.34      9.94      8.14      6.54      5.74      5.64      6.14      6.84      7.54
      8.44      9.84     11.64     13.54     14.84     14.74     13.14     10.54      7.84      5.94
      5.24      5.64      6.44
     19.54     19.84     18.94     17.24     15.14     13.34     12.54     12.84     13.94     15.24
     16.14     16.44     16.44     16.64     17.14     17.84     18.44     18.64     18.34     18.04
     17.94     18.04     18.14     17.84     16.84     15.14     13.34     12.14     12.54     14.44
     17.14     19.14     19.14     16.74     12.94      9.64      8.14      8.74     10.34     11.94
     12.84     13.44     14.34     15.64     17.04     17.64     16.94     15.34     13.54     12.34
     11.64     11.14     10.34      9.24      8.14      7.54      7.54      7.84      8.04      8.24
      8.44      9.14     10.54     12.04     13.04     12.84     11.14      8.54      6.04      4.44
      4.14      4.84      5.84
     21.34     21.24     20.64     19.34     17.54     15.54     13.94     13.44     13.84     14.84
     16.14     17.34     18.64     20.24     21.74     22.84     23.24     23.04     22.64     22.44
     22.24     21.94     21.24     19.94     18.34     16.54     15.24     14.64     15.34     17.14
     19.44     20.84     20.04     16.84     12.54      9.14      8.14      9.54     11.84     13.34
     13.54     13.44     14.34     16.74     19.44     20.94     20.24     17.84     15.14     13.34
     12.64     12.64     12.44     11.84     11.04     10.44     10.04      9.84      9.44      8.74
      8.24      8.14      8.74      9.74     10.54     10.54      9.64      8.04      6.54      5.64
      5.54      6.04      6.54
     21.74     21.34     21.34     21.04     20.04     18.24     16.24     14.64     14.04     14.34
     15.34     16.94     19.04     21.34     23.34     24.24     24.04     23.24     22.74     23.04
     23.94     24.54     24.14     22.94     21.24     19.84     18.74     18.14     18.14     19.04
     20.64     22.14     22.14     19.84     15.94     12.74     11.74     13.24     15.54     16.74
     16.44     15.84     16.84     19.74     23.04     24.74     23.54     20.24     16.64     14.44
     13.94     14.34     14.74     14.54     14.14     13.54     13.04     12.34     11.44     10.34
      9.44      8.74      8.64      8.74      8.94      8.94      8.64      8.24      7.84      7.64
      7.64      7.64      7.44
     21.14     20.44     21.14     22.14     22.44     21.34     19.34     17.34     16.14     15.64
     15.64     16.24     17.54     19.44     21.04     21.74     21.24     20.14     19.84     21.04
     23.54     25.74     26.74     26.24     25.14     24.04     22.94     21.54     20.14     19.34
     20.24     22.34     24.14     23.84     21.04     17.54     15.64     16.34     18.34     19.84
     19.84     19.64     20.64     23.34     26.14     26.84     24.44     20.24     16.54     14.64
     14.64     15.54     16.24     16.54     16.44     16.14     15.64     14.84     13.94     13.24
     12.84     12.54     12.14     11.54     10.64      9.84      9.14      8.74      8.74      8.84
      8.84      8.54      8.04
     20.74     20.14     21.24     22.84     23.54     22.74     21.04     19.34     18.44     17.94
     17.24     16.44     16.14     16.84     18.14     19.24     19.34     18.84     18.84     20.34
     23.24     26.24     27.94     28.14     27.44     26.54     25.44     23.64     21.04     18.94
     18.94     21.24     24.14     25.24     23.04     19.04     15.94     15.64     17.64     20.04
     21.34     21.84     23.04     24.94     26.44     25.54     22.24     18.04     15.24     14.54
     15.54     16.74     17.64     17.94     18.04     17.84     17.24     16.44     15.84     16.04
     16.84     17.54     17.64     16.74     15.04     13.04     11.14      9.94      9.24      9.04
      8.94      8.74      8.44
     22.04     21.74     22.44     23.24     22.94     21.34     19.34     18.14     18.24     18.64
     18.24     16.84     15.44     15.24     16.64     18.94     20.94     21.94     22.14     22.74
     24.14     25.84     27.04     27.34     26.84     26.34     25.74     24.54     22.34     19.84
     18.64     19.64     21.74     22.54     20.54     16.34     12.94     12.44     14.94     18.24
     20.44     21.44     22.44     23.54     24.04     22.54     19.34     16.24     14.94     15.74
     17.44     18.64     19.04     19.04     19.04     18.74     18.04     17.34     17.24     18.14
     19.74     21.14     21.64     20.94     19.04     16.44     13.74     11.44      9.94      9.44
      9.34      9.44      9.54
     25.84     25.54     25.04     23.94     21.74     18.94     16.44     15.44     16.14     17.44
     17.84     16.84     15.14     14.54     16.04     19.44     23.34     26.04     26.84     26.34
     25.54     25.24     25.34     25.54     25.54     25.54     25.84     26.04     25.34     23.34
     20.94     19.24     18.84     18.34     16.64     13.84     11.64     11.94     14.74     18.14
     20.04     20.54     20.64     21.24     21.54     20.64     18.64     17.04     17.04     18.44
     19.94     20.34     19.94     19.44     19.34     19.24     18.94     18.64     19.04     20.04
     21.34     22.34     22.64     22.04     20.64     18.34     15.54     13.04     11.44     10.84
     10.94     11.24     11.74
     31.04     30.24     28.24     25.54     22.54     19.54     17.24     16.24     16.54     17.54
     18.04     17.54     16.34     15.54     16.34     19.34     23.64     27.54     29.64     29.24
     27.44     25.74     25.14     25.34     25.74     26.24     27.04     28.44     29.34     28.34
     25.14     21.14     18.24     16.94     16.34     15.74     15.44     16.64     19.14     21.64
     22.44     21.64     20.54     20.44     20.94     21.04     20.44     20.04     20.54     21.64
     22.04     21.34     20.04     19.24     19.34     19.74     20.24     20.84     21.54     22.34
     22.64     22.34     21.84     21.34     20.54     19.04     16.94     14.94     13.74     13.54
     13.84     14.34     14.94
     35.14     33.64     30.74     27.74     25.44     23.94     22.84     22.04     21.34     20.94
     20.84     20.74     20.44     19.94     19.74     20.64     23.24     26.94     30.04     31.14
     30.04     28.04     26.84     26.84     27.24     27.54     28.14     29.84     31.74     31.84
     29.04     24.44     20.64     19.34     20.04     21.14     21.84     22.84     24.44     25.94
     25.94     24.34     22.44     21.54     21.74     22.34     22.74     23.14     23.74     24.24
     23.64     21.94     20.24     19.44     19.74     20.64     21.64     22.64     23.54     23.94
     23.34     22.24     21.24     20.84     20.54     19.84     18.54     17.34     16.74     16.94
     17.34     17.74     18.14
     36.64     34.74     31.84     29.24     28.14     28.14     28.44     27.84     26.54     25.34
     24.94     25.54     26.64     27.24     26.54     25.24     24.94     26.54     29.74     32.44
     32.84     31.24     29.34     28.24     27.84     27.44     27.44     28.74     30.84     31.94
     30.44     26.94     23.94     23.24     24.24     25.24     25.34     25.24     25.84     26.94
     27.24     26.14     24.34     22.94     22.64     23.14     23.84     24.84     25.74     25.94
     24.94     23.14     21.44     20.84     21.14     21.94     22.74     23.44     23.94     23.94
     23.14     22.04     21.24     21.14     21.14     20.74     20.04     19.44     19.44     19.74
     19.94     20.04     20.24
     36.44     35.04     32.64     30.34     29.24     29.34     29.74     29.34     28.44     27.64
     27.94     29.54     31.84     33.64     33.44     31.04     28.14     27.14     29.24     32.54
     34.44     33.64     31.34     29.14     27.64     26.44     25.84     26.24     27.84     29.14
     28.94     27.34     25.64     25.24     25.64     25.54     24.54     23.34     23.24     24.44
     25.64     25.84     25.04     24.04     23.44     23.54     24.14     25.14     26.14     26.44
     25.64     24.14     22.94     22.74     23.14     23.54     23.54     23.44     23.34     23.14
     22.64     21.94     21.54     21.54     21.34     20.94     20.54     20.44     20.64     20.84
     20.74     20.54     20.54
     36.64     36.14     34.44     32.14     30.34     29.44     28.94     28.34     28.14     28.54
     29.84     31.74     34.04     36.04     36.44     34.24     30.44     27.74     28.34     31.44
     34.24     34.74     32.84     30.34     28.14     26.54     25.34     24.84     25.24     25.94
     26.24     26.04     25.54     25.14     24.74     23.94     22.64     21.54     21.34     22.14
     23.44     24.54     25.14     25.04     24.74     24.34     24.34     24.84     25.54     25.74
     25.04     24.04     23.54     23.84     24.34     24.34     23.94     23.24     22.94     22.64
     22.44     22.14     21.84     21.44     20.94     20.44     20.14     20.14     20.44     20.44
     20.24     19.94     19.94
     36.94     37.24     36.24     34.44     32.84     31.64     30.74     29.74     29.44     30.14
     31.64     33.04     34.24     35.24     35.44     34.04     31.04     28.54     28.34     30.64
     33.34     34.44     33.34     31.14     28.94     27.14     25.84     24.74     23.94     23.54
     23.84     24.54     24.94     24.74     23.94     23.04     22.64     22.44     22.34     22.34
     22.84     23.94     25.24     26.04     25.94     25.34     24.64     24.54     24.64     24.54
     23.94     23.34     23.34     23.74     24.14     24.04     23.54     22.94     22.64     22.54
     22.44     22.24     21.74     21.14     20.54     20.04     19.74     19.64     19.64     19.64
     19.54     19.54     19.54
     35.94     36.44     35.94     35.14     34.84     35.04     34.84     33.64     32.24     31.74
     32.44     33.34     33.74     33.74     33.34     32.54     31.24     30.14     30.04     31.14
     32.44     32.74     31.64     29.74     27.64     26.14     25.14     24.14     22.94     22.04
     22.34     23.74     25.04     25.14     24.14     23.34     23.54     24.14     24.24     23.74
     23.34     23.94     25.24     26.14     26.14     25.24     24.54     24.34     24.44     24.24
     23.84     23.44     23.54     23.74     23.74     23.24     22.74     22.34     22.14     21.94
     21.84     21.64     21.34     20.94     20.54     20.34     20.14     19.74     19.54     19.64
     19.84     19.84     19.84
     32.94     33.04     32.54     32.34     33.34     35.14     36.24     35.24     32.64     30.44
     30.04     31.04     32.14     32.24     31.54     30.84     30.84     31.44     31.94     31.94
     31.24     29.84     28.14     26.14     24.24     23.14     22.84     22.74     22.14     21.44
     21.84     23.64     25.54     25.84     24.54     23.24     23.14     23.84     24.24     23.84
     23.64     24.04     24.84     25.14     24.74     24.24     24.04     24.34     24.74     24.74
     24.44     24.24     24.24     24.14     23.64     22.94     22.34     21.94     21.64     21.14
     20.84     20.74     20.74     20.84     20.94     21.04     20.84     20.54     20.24     20.34
     20.64     20.64     20.34
     28.94     28.54     27.84     27.54     28.54     30.64     32.54     32.24     29.54     26.44
     25.24     26.64     28.74     29.64     29.04     28.34     28.84     30.24     31.14     30.64
     28.74     26.64     24.64     22.94     21.54     20.94     21.24     21.84     22.04     21.84
     22.24     23.94     25.54     25.74     24.24     22.44     21.64     22.04     22.54     22.94
     23.24     23.74     24.04     23.74     23.34     23.34     23.84     24.54     24.84     24.64
     24.14     24.04     24.24     24.24     23.84     23.04     22.44     22.04     21.44     20.84
     20.54     20.54     20.84     21.04     21.24     21.44     21.54     21.34     21.14     21.24
     21.24     21.04     20.64
     25.04     24.64     24.04     23.64     23.84     25.04     26.84     27.44     26.04     23.44
     21.94     22.94     25.04     26.14     25.54     24.64     24.84     26.14     27.04     26.54
     24.94     23.44     22.54     21.84     21.24     20.94     21.24     22.04     22.64     22.84
     23.24     24.04     24.74     24.54     23.24     21.64     20.84     20.94     21.54     22.34
     22.94     23.34     23.34     23.04     23.04     23.44     24.04     24.44     24.14     23.44
     22.84     22.84     23.34     23.74     23.64     23.14     22.64     22.24     21.74     21.34
     21.14     21.34     21.54     21.44     21.44     21.64     21.94     21.94     21.74     21.64
     21.44     21.04     20.74
     22.04     21.94     22.04     22.04     21.94     22.14     23.24     24.54     24.54     23.24
     21.94     22.14     23.24     23.64     22.74     21.44     21.04     21.64     22.04     21.74
     21.14     20.94     21.24     21.64     21.84     21.74     21.74     22.04     22.74     23.44
     23.84     23.84     23.54     23.04     22.44     21.74     21.34     21.44     21.94     22.54
     22.94     23.04     22.94     22.94     23.24     23.64     23.94     23.74     23.14     22.54
     22.14     22.24     22.74     23.24     23.34     23.04     22.74     22.44     22.34     22.04
     21.94     22.04     22.14     21.94     21.84     21.94     22.14     22.24     21.94     21.64
     21.24     21.04     21.04
     20.04     20.24     21.04     21.84     22.14     22.04     22.34     23.24     23.94     23.64
     23.04     22.84     23.14     22.94     21.64     20.04     19.14     19.04     19.04     19.04
     19.14     19.64     20.34     21.04     21.54     21.74     21.54     21.44     22.04     23.04
     23.64     23.34     22.74     22.34     22.34     22.34     22.24     22.34     22.64     22.94
     22.94     22.74     22.74     22.84     22.84     22.84     22.74     22.64     22.74     22.74
     22.74     22.84     22.94     23.24     23.24     23.04     22.84     22.84     22.84     22.64
     22.34     22.04     22.04     22.14     22.04     22.14     22.14     22.14     21.84     21.44
     21.24     21.24     21.44
     19.44     19.54     20.14     21.24     22.14     22.44     22.44     22.64     23.04     23.04
     22.74     22.74     22.94     22.54     21.14     19.54     18.54     18.34     18.54     18.84
     19.24     19.74     19.94     20.34     20.94     21.44     21.24     20.94     21.34     22.44
     23.14     23.04     22.64     22.74     23.14     23.24     22.94     22.84     23.04     23.14
     22.94     22.64     22.54     22.34     21.94     21.34     21.24     21.74     22.54     23.04
     23.14     23.04     22.94     23.04     23.14     23.04     23.04     23.14     23.24     22.84
     22.14     21.64     21.64     22.04     22.14     22.04     21.74     21.54     21.44     21.24
     21.34     21.54     21.74
     19.34     19.04     18.74     19.44     20.94     22.34     22.94     23.14     23.24     22.94
     22.14     21.44     21.34     21.04     20.14     18.84     18.14     18.34     18.84     19.54
     20.14     20.44     20.34     20.34     20.84     21.54     21.74     21.44     21.54     22.44
     23.14     23.34     23.44     23.94     24.44     24.14     23.44     23.14     23.24     23.34
     23.04     22.74     22.54     22.04     21.24     20.54     20.74     21.54     22.24     22.34
     22.04     21.84     22.04     22.34     22.64     22.64     22.64     22.84     22.94     22.64
     21.94     21.44     21.54     22.04     22.24     21.84     21.34     21.04     20.94     20.94
     21.24     21.64     21.84
