diamond 4 20年06月30日20时925百帕温度场
20 06 30  20  925 
2.500  -2.500  .0  180.0   90.0  .0
73  37
      3.94      3.94      3.94      3.94      3.94      3.94      3.94      3.94      3.94      3.94
      3.94      3.94      3.94      3.94      3.94      3.94      3.94      3.94      3.94      3.94
      3.94      3.94      3.94      3.94      3.94      3.94      3.94      3.94      3.94      3.94
      3.94      3.94      3.94      3.94      3.94      3.94      3.94      3.94      3.94      3.94
      3.94      3.94      3.94      3.94      3.94      3.94      3.94      3.94      3.94      3.94
      3.94      3.94      3.94      3.94      3.94      3.94      3.94      3.94      3.94      3.94
      3.94      3.94      3.94      3.94      3.94      3.94      3.94      3.94      3.94      3.94
      3.94      3.94      3.94
      5.44      5.24      5.14      4.94      4.84      4.64      4.54      4.34      4.24      4.04
      3.94      3.74      3.64      3.44      3.34      3.24      3.04      2.94      2.84      2.74
      2.64      2.54      2.44      2.34      2.24      2.14      2.14      2.04      2.04      1.94
      1.94      1.84      1.84      1.84      1.74      1.74      1.74      1.74      1.74      1.74
      1.74      1.74      1.74      1.74      1.74      1.74      1.74      1.84      1.84      1.84
      1.84      1.94      1.94      1.94      1.94      2.04      2.04      2.14      2.14      2.14
      2.24      2.34      2.34      2.44      2.54      2.54      2.64      2.74      2.84      2.94
      3.04      3.14      3.24
      6.34      6.14      5.84      5.64      5.44      5.14      4.94      4.74      4.44      4.24
      4.04      3.84      3.54      3.34      3.14      2.94      2.84      2.64      2.44      2.34
      2.24      2.14      2.04      1.94      1.94      1.84      1.84      1.84      1.84      1.94
      1.94      2.04      2.14      2.24      2.24      2.34      2.54      2.64      2.74      2.84
      2.94      3.04      3.14      3.14      3.24      3.34      3.34      3.34      3.44      3.44
      3.34      3.34      3.34      3.34      3.24      3.24      3.14      3.14      3.04      3.04
      2.94      2.94      2.94      2.84      2.84      2.94      2.94      2.94      3.04      3.14
      3.24      3.34      3.44
      5.24      5.04      4.84      4.64      4.44      4.24      4.14      3.94      3.74      3.54
      3.34      3.14      3.04      2.84      2.64      2.44      2.34      2.24      2.14      2.04
      2.04      2.04      2.14      2.24      2.34      2.54      2.74      3.04      3.34      3.54
      3.94      4.24      4.54      4.84      5.14      5.54      5.84      6.14      6.44      6.64
      6.94      7.14      7.34      7.44      7.54      7.54      7.54      7.54      7.34      7.24
      7.04      6.74      6.44      6.14      5.84      5.54      5.24      4.94      4.64      4.34
      4.14      3.94      3.84      3.64      3.54      3.44      3.44      3.34      3.34      3.34
      3.44      3.44      3.54
      2.54      2.34      2.24      2.14      2.04      2.04      1.94      1.94      1.84      1.84
      1.64      1.54      1.44      1.24      1.14      0.94      0.84      0.84      0.84      0.94
      1.14      1.44      1.84      2.34      2.94      3.54      4.24      4.94      5.64      6.44
      7.14      7.74      8.44      9.04      9.54     10.14     10.64     11.04     11.54     11.94
     12.34     12.74     12.94     13.14     13.24     13.24     13.04     12.74     12.24     11.64
     10.94     10.14      9.24      8.34      7.44      6.54      5.74      5.04      4.44      4.04
      3.64      3.44      3.34      3.24      3.24      3.34      3.34      3.44      3.44      3.44
      3.54      3.44      3.44
     -0.16     -0.46     -0.66     -0.66     -0.66     -0.66     -0.56     -0.46     -0.46     -0.46
     -0.46     -0.56     -0.66     -0.86     -1.06     -1.16     -1.36     -1.46     -1.46     -1.26
     -0.86     -0.36      0.34      1.24      2.34      3.64      4.94      6.34      7.74      9.04
     10.14     11.24     12.14     12.94     13.54     14.14     14.64     15.14     15.74     16.34
     16.94     17.64     18.24     18.74     19.04     19.24     19.04     18.54     17.74     16.64
     15.14     13.54     11.74      9.84      8.04      6.44      4.94      3.84      2.94      2.34
      2.04      2.04      2.14      2.44      2.74      3.14      3.44      3.74      3.94      4.04
      4.14      4.04      3.94
     -1.76     -2.26     -2.56     -2.76     -2.76     -2.66     -2.46     -2.16     -1.86     -1.66
     -1.46     -1.26     -1.26     -1.36     -1.46     -1.76     -2.06     -2.36     -2.56     -2.66
     -2.56     -2.26     -1.56     -0.66      0.74      2.34      4.14      6.04      8.04      9.84
     11.44     12.84     13.84     14.64     15.14     15.54     15.74     16.14     16.64     17.34
     18.34     19.44     20.74     21.94     23.04     23.84     24.14     23.94     23.14     21.74
     19.74     17.44     14.74     12.14      9.54      7.14      5.24      3.74      2.74      2.24
      2.04      2.24      2.64      3.14      3.74      4.24      4.64      4.84      5.04      5.04
      4.94      4.84      4.64
     -2.26     -2.86     -3.16     -3.26     -3.06     -2.76     -2.26     -1.56     -0.86     -0.16
      0.44      1.04      1.54      1.84      1.84      1.74      1.34      0.74      0.04     -0.66
     -1.36     -1.76     -1.86     -1.56     -0.76      0.54      2.24      4.24      6.44      8.64
     10.54     12.14     13.24     13.94     14.14     14.14     14.04     14.04     14.34     15.04
     16.14     17.74     19.74     21.74     23.74     25.34     26.44     26.74     26.24     24.94
     22.94     20.34     17.44     14.54     11.74      9.34      7.44      6.04      5.24      4.94
      4.94      5.14      5.44      5.64      5.84      5.84      5.74      5.54      5.24      4.94
      4.64      4.34      4.14
     -1.96     -2.06     -1.96     -1.46     -0.86      0.04      0.94      2.04      3.04      4.14
      5.14      6.04      6.84      7.44      7.84      7.84      7.54      6.84      5.74      4.44
      3.04      1.64      0.44     -0.36     -0.66     -0.16      0.84      2.54      4.54      6.64
      8.74     10.54     11.74     12.44     12.64     12.44     12.14     11.84     11.94     12.44
     13.64     15.34     17.44     19.84     22.14     24.14     25.64     26.24     26.04     25.04
     23.24     20.84     18.24     15.64     13.24     11.34     10.04      9.14      8.74      8.64
      8.64      8.54      8.24      7.64      6.84      5.94      5.04      4.14      3.44      2.94
      2.64      2.64      2.64
     -0.46      0.24      1.24      2.34      3.64      4.94      6.24      7.44      8.54      9.54
     10.34     11.14     11.74     12.14     12.34     12.34     11.94     11.24     10.14      8.74
      7.04      5.34      3.54      2.14      1.14      0.84      1.14      2.24      3.84      5.74
      7.74      9.54     10.94     11.74     12.14     12.24     12.04     12.04     12.24     12.84
     13.94     15.44     17.24     19.24     21.24     22.94     24.14     24.64     24.44     23.44
     21.84     19.74     17.44     15.34     13.44     12.04     11.14     10.64     10.54     10.44
     10.24      9.74      8.84      7.54      6.14      4.54      3.14      2.04      1.34      1.04
      1.24      1.64      2.04
      2.44      3.84      5.34      6.94      8.44      9.74     11.04     12.04     12.84     13.54
     13.94     14.04     14.04     13.84     13.54     13.04     12.34     11.54     10.54      9.34
      8.14      6.74      5.44      4.24      3.34      2.84      2.84      3.54      4.64      6.14
      7.84      9.44     10.74     11.74     12.44     12.94     13.44     14.04     14.84     15.84
     17.04     18.44     19.84     21.24     22.44     23.44     24.14     24.34     23.94     23.04
     21.54     19.64     17.44     15.34     13.34     11.84     10.74     10.04      9.74      9.54
      9.34      8.84      8.04      6.94      5.64      4.24      3.14      2.24      1.94      2.04
      2.64      3.34      4.04
      6.04      7.44      8.84     10.04     11.14     12.14     13.04     13.84     14.44     14.84
     15.04     14.94     14.64     14.04     13.24     12.24     11.04      9.84      8.74      7.74
      6.94      6.34      5.84      5.44      5.14      4.94      4.94      5.24      5.94      7.04
      8.24      9.54     10.64     11.64     12.54     13.44     14.54     15.84     17.34     18.94
     20.44     21.74     22.74     23.54     24.14     24.54     24.94     25.04     24.94     24.24
     23.04     21.24     18.94     16.44     13.94     11.74     10.04      8.84      8.14      7.94
      7.94      8.14      8.14      8.04      7.64      7.04      6.34      5.84      5.54      5.64
      6.04      6.54      7.04
      8.84      9.74     10.34     10.84     11.34     11.84     12.44     13.14     13.74     14.14
     14.54     14.74     14.74     14.44     13.74     12.64     11.14      9.54      8.14      7.04
      6.44      6.34      6.44      6.64      6.84      6.84      6.84      6.94      7.34      8.04
      9.04     10.14     11.24     12.24     13.14     14.24     15.54     17.14     18.94     20.74
     22.24     23.34     23.94     24.14     24.14     24.14     24.34     24.64     24.84     24.74
     23.94     22.44     20.34     17.74     15.04     12.34     10.04      8.44      7.54      7.34
      7.94      8.84      9.74     10.44     10.74     10.54     10.04      9.34      8.64      8.14
      8.04      8.14      8.44
      9.74      9.84      9.84      9.84     10.14     10.64     11.24     11.94     12.44     12.94
     13.34     13.94     14.54     14.94     14.84     14.14     12.84     11.14      9.44      8.04
      7.34      7.34      7.84      8.34      8.74      8.94      8.94      9.04      9.54     10.34
     11.44     12.64     13.84     14.74     15.54     16.44     17.44     18.84     20.34     21.74
     22.84     23.44     23.34     22.94     22.34     22.04     22.14     22.54     23.04     23.34
     23.14     22.24     20.64     18.44     15.94     13.34     10.94      9.14      8.24      8.14
      8.94     10.14     11.24     11.94     11.84     11.14     10.04      8.84      7.84      7.24
      7.04      7.14      7.44
      8.94      8.64      8.54      8.84      9.54     10.54     11.44     12.04     12.34     12.54
     12.94     13.64     14.64     15.54     16.04     15.74     14.64     13.04     11.34      9.84
      9.04      8.94      9.44     10.24     10.94     11.44     12.04     12.64     13.64     14.94
     16.34     17.54     18.24     18.64     18.84     19.04     19.54     20.34     21.44     22.34
     22.94     22.94     22.34     21.34     20.44     19.84     19.84     20.44     21.24     21.84
     22.04     21.64     20.64     19.14     17.04     14.74     12.44     10.44      9.34      9.24
     10.04     11.24     11.94     11.74     10.54      8.64      6.74      5.34      4.74      4.94
      5.34      5.94      6.44
      8.34      8.24      8.64      9.64     10.94     12.24     13.24     13.64     13.64     13.64
     14.04     14.94     16.14     17.24     17.84     17.64     16.64     15.24     13.74     12.34
     11.44     11.14     11.54     12.34     13.44     14.74     16.14     17.74     19.64     21.34
     22.64     23.04     22.54     21.54     20.54     19.94     20.04     20.64     21.64     22.44
     22.84     22.64     21.74     20.64     19.54     19.04     19.34     20.14     21.24     22.04
     22.34     22.04     21.34     20.04     18.34     16.04     13.54     11.34     10.04     10.04
     10.94     12.24     12.64     11.64      9.34      6.44      4.04      3.04      3.54      4.84
      6.34      7.14      7.34
      9.94     10.34     11.34     12.74     14.34     15.54     15.94     15.64     15.34     15.34
     16.24     17.54     18.94     19.84     20.14     19.74     19.04     18.14     17.14     16.04
     15.04     14.54     14.74     15.64     17.04     18.84     20.94     23.24     25.44     27.14
     27.74     26.84     24.54     21.84     19.54     18.54     18.94     20.24     21.84     23.14
     23.84     23.74     22.84     21.54     20.44     20.04     20.44     21.64     22.74     23.34
     23.14     22.24     21.24     19.94     18.44     16.34     13.84     11.54     10.14     10.24
     11.54     13.14     13.74     12.64     10.04      6.74      4.44      4.14      5.64      7.94
      9.84     10.34      9.44
     13.64     14.24     15.44     16.94     18.34     18.94     18.54     17.64     16.84     16.94
     18.04     19.64     20.94     21.44     21.24     20.94     20.74     20.74     20.54     19.94
     19.04     18.44     18.64     19.94     21.84     23.84     25.74     27.54     29.14     30.24
     29.94     27.94     24.34     20.54     17.74     17.14     18.44     20.94     23.74     25.84
     27.14     27.24     26.44     24.84     23.24     22.44     22.64     23.54     24.24     23.84
     22.44     20.64     18.94     17.84     16.94     15.64     13.74     11.74     10.44     10.34
     11.64     13.24     14.14     13.34     11.04      8.34      6.64      6.94      8.94     11.64
     13.34     13.14     11.34
     17.74     17.74     18.44     19.64     20.84     21.34     20.84     19.74     18.94     18.94
     19.94     21.04     21.64     21.54     21.04     20.94     21.54     22.34     22.74     22.24
     21.24     20.74     21.44     23.44     25.94     27.94     28.94     29.34     29.74     30.04
     29.54     27.54     24.04     20.24     17.84     17.84     19.94     23.34     26.64     29.24
     31.04     31.64     31.04     29.24     27.04     25.34     24.84     25.14     24.94     23.44
     20.74     17.84     15.84     15.24     15.34     15.34     14.54     13.24     11.94     11.54
     12.04     12.84     13.24     12.74     11.24      9.64      8.84      9.54     11.64     13.94
     15.24     14.54     12.44
     21.04     20.04     19.84     20.54     21.74     22.54     22.74     22.44     22.24     22.54
     23.14     23.54     23.34     22.74     22.14     22.34     23.34     24.44     24.64     23.54
     22.04     21.14     22.14     24.64     27.54     29.34     29.44     28.54     27.94     27.94
     28.14     27.24     25.04     22.24     20.44     20.54     22.54     25.14     27.74     29.94
     31.94     33.34     33.54     32.04     29.34     27.04     25.74     25.54     24.84     22.84
     19.54     16.24     14.54     14.64     15.84     16.84     16.94     16.14     15.14     14.24
     13.74     13.34     12.94     12.44     11.94     11.54     11.74     12.54     14.14     15.64
     16.34     15.54     13.64
     24.64     23.04     22.04     21.94     22.54     23.24     23.94     24.64     25.54     26.34
     26.94     27.04     26.54     26.04     26.04     26.74     27.84     28.54     28.14     26.44
     24.24     22.84     23.14     25.04     27.44     28.74     28.34     26.84     25.74     25.94
     26.94     27.54     26.94     25.44     24.24     24.14     24.94     25.64     26.24     27.14
     29.14     31.44     32.84     32.04     29.34     26.44     24.64     24.14     23.54     21.84
     18.94     16.44     15.54     16.44     18.24     19.44     19.64     19.14     18.44     17.84
     17.14     16.14     15.14     14.64     14.84     15.44     16.04     16.64     17.24     17.64
     17.64     16.64     15.04
     29.94     28.64     27.24     26.14     25.14     24.54     24.34     25.04     26.44     27.64
     28.34     28.24     28.04     28.34     29.44     31.14     32.64     33.34     32.94     31.64
     29.94     28.44     27.84     28.24     29.14     29.64     29.04     27.54     26.14     25.94
     26.84     27.94     28.44     28.24     27.94     27.94     27.74     26.74     25.34     24.84
     26.34     29.14     31.24     30.94     28.34     24.94     22.64     21.74     21.24     19.84
     17.84     16.34     16.64     18.44     20.44     21.54     21.44     20.94     20.74     20.84
     20.64     19.94     18.94     18.54     18.94     19.74     20.24     20.14     19.64     19.04
     18.34     17.14     15.54
     35.94     35.14     33.84     32.04     29.54     26.74     24.74     24.34     25.04     25.94
     26.04     25.64     25.64     26.84     29.44     32.44     34.94     36.14     36.54     36.44
     36.34     36.04     35.64     35.14     34.94     34.84     34.24     32.74     30.74     29.04
     28.34     28.54     29.14     29.84     30.74     31.44     31.34     29.94     27.74     26.34
     27.04     29.34     31.14     30.84     28.14     24.64     21.94     20.44     19.44     17.94
     16.34     15.64     16.74     19.14     21.54     22.54     22.44     21.94     21.94     22.44
     22.74     22.54     21.84     21.44     21.54     21.84     21.74     21.04     19.94     18.84
     17.74     16.54     15.24
     39.54     38.94     38.14     36.54     33.64     29.74     26.44     24.84     24.54     24.44
     23.74     22.54     22.34     24.14     27.74     32.14     35.54     37.34     37.74     38.14
     39.24     40.84     41.94     42.24     42.14     42.14     41.74     40.24     37.44     34.14
     31.44     30.04     29.84     30.44     31.84     33.24     33.84     33.14     31.44     30.04
     30.04     30.94     31.54     30.74     28.44     25.64     23.44     21.74     20.14     18.34
     16.64     16.14     17.44     20.04     22.54     23.74     23.74     23.14     22.84     22.94
     23.14     23.04     22.54     22.04     21.84     21.54     20.94     19.94     18.74     17.84
     17.04     16.24     15.34
     39.64     38.74     38.54     38.04     36.14     32.84     29.64     27.74     26.94     26.34
     25.14     23.64     23.14     24.64     28.44     33.34     37.34     39.14     38.54     37.54
     38.04     40.14     42.64     44.34     45.04     45.24     45.14     44.04     41.64     38.34
     35.04     32.54     30.94     30.44     30.94     31.94     32.64     32.74     32.14     31.64
     31.34     31.04     30.24     29.14     27.84     26.84     25.84     24.74     23.14     21.34
     19.74     19.24     20.24     22.14     24.04     25.14     25.04     24.34     23.54     23.04
     22.74     22.44     22.14     21.74     21.34     20.84     20.24     19.34     18.54     18.04
     17.74     17.44     17.04
     38.04     37.14     37.54     37.94     37.14     35.04     32.74     31.24     30.64     30.04
     29.24     28.24     27.74     28.44     31.14     35.54     39.84     41.94     40.74     38.04
     36.44     37.14     39.34     40.84     41.14     40.74     40.64     40.64     40.24     39.04
     37.14     34.74     32.04     29.84     28.64     28.24     28.34     28.64     29.14     29.84
     30.14     29.44     28.04     26.84     26.54     27.04     27.34     27.04     25.84     24.44
     23.34     22.94     23.34     24.24     25.04     25.34     24.94     24.14     23.34     22.84
     22.44     22.24     21.94     21.54     21.24     21.04     20.64     20.14     19.64     19.44
     19.44     19.44     19.34
     36.84     36.64     37.34     37.94     37.34     35.84     34.24     33.24     32.84     32.54
     32.34     32.24     32.04     31.94     32.84     35.64     39.94     43.24     43.44     41.04
     38.24     36.84     36.54     35.54     33.54     31.64     31.14     32.44     34.54     36.34
     36.64     34.94     31.94     28.74     26.44     25.14     24.54     24.44     25.44     27.24
     28.64     28.54     27.24     26.04     26.04     26.64     27.14     26.94     26.24     25.44
     24.74     24.44     24.34     24.34     24.24     23.84     23.24     22.74     22.44     22.44
     22.54     22.34     22.04     21.54     21.24     21.24     21.24     21.14     20.84     20.64
     20.64     20.74     20.74
     36.44     36.94     37.64     37.74     36.84     35.44     34.44     34.14     33.84     33.54
     33.54     34.24     34.74     34.24     33.34     33.94     37.24     41.64     44.54     44.64
     42.64     39.84     36.44     32.14     27.64     24.44     23.74     25.64     28.94     32.04
     33.54     32.64     30.04     27.24     25.24     24.14     23.34     22.84     23.64     25.64
     27.84     28.64     28.04     27.04     26.44     26.04     25.64     25.04     24.64     24.34
     23.94     23.44     23.04     22.94     22.84     22.44     22.04     21.84     22.04     22.44
     22.64     22.54     22.04     21.34     21.04     21.04     21.14     21.14     21.04     20.94
     20.94     20.94     20.94
     35.54     36.04     36.44     36.34     35.54     34.74     34.64     35.14     35.24     34.84
     34.84     35.84     37.24     37.14     35.44     33.94     35.14     39.04     43.34     45.74
     45.14     41.84     36.54     30.44     25.14     22.04     21.74     23.44     25.94     28.14
     29.24     28.94     27.34     25.64     24.64     24.24     23.54     22.84     23.04     24.54
     26.54     27.74     27.84     27.24     26.24     24.94     23.74     23.14     23.24     23.44
     23.04     22.34     21.94     22.14     22.54     22.74     22.64     22.54     22.64     22.74
     22.74     22.54     21.94     21.34     20.94     20.84     20.84     20.84     20.74     20.84
     20.94     20.84     20.64
     33.24     33.14     33.34     33.54     33.54     33.64     34.44     35.44     36.04     35.94
     35.84     36.94     38.74     39.54     38.34     36.14     35.44     37.44     40.74     42.94
     42.54     39.24     33.84     28.14     24.04     22.54     23.14     24.24     24.84     25.14
     25.54     25.74     25.34     24.54     23.84     23.44     23.04     22.64     22.54     23.14
     24.24     25.14     25.74     25.74     25.04     23.64     22.34     22.14     22.94     23.54
     23.34     22.64     22.34     22.74     23.44     23.84     23.94     23.74     23.44     22.94
     22.54     22.34     22.14     21.84     21.54     21.34     21.14     20.84     20.74     20.84
     20.94     20.84     20.64
     29.94     29.04     29.14     29.94     30.74     31.44     32.04     32.84     33.54     33.84
     34.04     34.84     36.34     37.54     37.54     36.64     36.04     36.74     38.04     38.34
     36.74     33.14     28.74     24.84     22.74     22.94     24.34     25.04     24.34     23.44
     23.54     24.44     24.94     24.34     23.14     22.24     21.94     22.14     22.34     22.44
     22.54     22.74     23.44     24.04     23.94     22.94     22.14     22.34     23.24     23.94
     23.74     23.34     23.24     23.44     23.74     23.84     23.94     23.74     23.34     22.74
     22.34     22.34     22.44     22.44     22.24     21.94     21.64     21.34     21.04     20.94
     20.94     20.84     20.74
     25.94     24.84     24.84     25.94     27.14     27.74     27.64     27.44     27.84     28.64
     29.44     29.74     30.04     30.84     32.04     33.34     34.74     36.04     36.24     34.64
     31.44     27.64     24.44     22.34     21.64     22.54     24.04     24.94     24.24     23.34
     23.44     24.64     25.44     24.84     23.24     21.84     21.64     22.34     23.04     23.04
     22.74     22.54     23.04     23.74     23.84     23.34     22.94     23.14     23.54     23.64
     23.54     23.44     23.54     23.44     23.04     22.64     22.64     22.74     22.74     22.54
     22.44     22.54     22.74     22.64     22.34     22.14     22.04     21.74     21.44     21.14
     21.04     20.84     20.84
     22.44     21.54     21.34     22.14     23.24     24.04     23.84     23.14     23.24     24.34
     25.34     25.44     24.94     25.04     26.74     29.44     32.44     34.54     34.64     32.24
     28.14     24.54     22.44     21.64     21.54     22.14     23.44     24.64     24.64     24.04
     23.84     24.54     25.34     25.04     23.84     22.74     22.54     23.04     23.74     23.94
     23.64     23.54     23.74     24.04     24.14     23.94     24.04     24.14     23.94     23.44
     23.14     23.34     23.54     23.24     22.44     21.94     21.94     22.34     22.54     22.74
     22.84     22.84     22.74     22.54     22.24     22.04     22.04     22.04     21.84     21.54
     21.34     21.14     21.04
     20.34     19.84     19.44     19.74     20.84     22.34     22.94     22.64     22.44     23.04
     24.04     24.34     24.14     24.54     26.24     28.44     30.44     31.74     31.54     29.14
     25.44     22.44     21.34     21.54     21.74     22.04     22.94     24.34     24.84     24.34
     23.54     23.54     23.94     24.24     24.04     23.64     23.44     23.44     23.64     23.94
     23.94     23.94     23.84     23.84     23.84     24.04     24.64     24.94     24.64     23.94
     23.64     23.84     24.04     23.64     22.84     22.54     22.54     22.84     22.94     23.04
     23.14     22.94     22.64     22.44     22.24     22.14     22.04     22.04     22.04     21.94
     21.74     21.64     21.34
     19.84     19.74     19.44     19.44     20.44     22.34     23.84     23.94     23.34     23.14
     23.64     24.44     25.74     27.54     29.14     29.34     28.24     27.04     26.14     24.64
     22.24     20.34     20.14     21.04     21.54     21.74     22.54     23.64     24.24     23.74
     22.84     22.44     22.74     23.24     23.64     23.84     23.64     23.34     23.44     23.64
     23.84     23.64     23.34     23.24     23.34     23.84     24.64     25.04     24.84     24.44
     24.34     24.54     24.64     24.24     23.84     23.54     23.54     23.34     23.34     23.34
     23.24     22.84     22.54     22.44     22.54     22.24     21.94     21.74     21.74     21.74
     21.74     21.64     21.44
     19.64     19.84     19.94     19.84     20.54     22.24     23.84     23.94     23.04     22.34
     22.74     24.24     26.74     29.74     31.14     29.24     25.24     21.94     20.84     20.64
     20.04     19.34     19.64     20.74     21.34     21.64     22.14     22.94     23.34     23.24
     22.84     22.84     22.84     23.04     23.34     23.74     23.74     23.64     23.74     24.14
     24.14     23.64     23.04     23.04     23.34     23.84     24.14     24.34     24.24     24.14
     24.24     24.54     24.74     24.54     24.34     24.14     23.84     23.54     23.54     23.64
     23.54     23.04     22.64     22.74     22.74     22.24     21.54     21.24     21.34     21.34
     21.14     21.14     21.24
     18.54     18.94     19.44     19.34     19.64     20.94     22.34     22.64     22.24     22.24
     23.24     24.94     27.54     30.14     30.84     27.94     22.84     19.04     18.34     19.44
     20.14     20.34     20.74     21.34     21.64     21.74     22.04     22.54     22.94     23.14
     23.54     23.94     23.94     23.74     23.74     24.04     24.14     24.14     24.44     24.84
     24.64     23.74     23.04     23.04     23.44     23.64     23.44     23.34     23.34     23.44
     23.64     23.94     24.24     24.44     24.44     24.24     23.84     23.64     23.84     24.24
     24.14     23.54     22.94     22.84     22.54     21.84     21.04     20.94     21.14     21.04
     20.74     20.64     21.14
