diamond 4 20年06月28日20时925百帕温度场
20 06 28  20  925 
2.500  -2.500  .0  180.0   90.0  .0
73  37
      2.14      2.14      2.14      2.14      2.14      2.14      2.14      2.14      2.14      2.14
      2.14      2.14      2.14      2.14      2.14      2.14      2.14      2.14      2.14      2.14
      2.14      2.14      2.14      2.14      2.14      2.14      2.14      2.14      2.14      2.14
      2.14      2.14      2.14      2.14      2.14      2.14      2.14      2.14      2.14      2.14
      2.14      2.14      2.14      2.14      2.14      2.14      2.14      2.14      2.14      2.14
      2.14      2.14      2.14      2.14      2.14      2.14      2.14      2.14      2.14      2.14
      2.14      2.14      2.14      2.14      2.14      2.14      2.14      2.14      2.14      2.14
      2.14      2.14      2.14
      2.04      1.84      1.64      1.54      1.34      1.24      1.04      0.94      0.84      0.74
      0.54      0.44      0.34      0.24      0.14      0.04      0.04     -0.06     -0.16     -0.26
     -0.26     -0.36     -0.46     -0.46     -0.56     -0.56     -0.56     -0.66     -0.66     -0.66
     -0.76     -0.76     -0.76     -0.76     -0.76     -0.76     -0.76     -0.76     -0.76     -0.76
     -0.76     -0.76     -0.76     -0.66     -0.66     -0.66     -0.56     -0.56     -0.56     -0.46
     -0.46     -0.36     -0.36     -0.26     -0.26     -0.16     -0.16     -0.06      0.04      0.14
      0.24      0.24      0.34      0.44      0.54      0.74      0.84      0.94      1.04      1.14
      1.34      1.44      1.64
      0.84      0.54      0.34      0.14     -0.06     -0.16     -0.36     -0.46     -0.56     -0.66
     -0.66     -0.76     -0.86     -0.86     -0.86     -0.96     -0.96     -1.06     -1.06     -1.16
     -1.16     -1.26     -1.26     -1.36     -1.36     -1.46     -1.46     -1.46     -1.56     -1.56
     -1.56     -1.56     -1.56     -1.56     -1.56     -1.56     -1.56     -1.56     -1.56     -1.46
     -1.46     -1.46     -1.36     -1.36     -1.36     -1.36     -1.26     -1.26     -1.26     -1.26
     -1.16     -1.16     -1.16     -1.16     -1.06     -1.06     -1.06     -0.96     -0.96     -0.86
     -0.76     -0.76     -0.66     -0.56     -0.36     -0.26     -0.16      0.04      0.24      0.44
      0.64      0.84      1.14
     -0.66     -0.86     -1.06     -1.06     -1.16     -1.16     -1.16     -1.06     -0.96     -0.86
     -0.76     -0.66     -0.56     -0.46     -0.36     -0.36     -0.26     -0.26     -0.26     -0.26
     -0.26     -0.36     -0.46     -0.56     -0.56     -0.66     -0.76     -0.86     -0.96     -0.96
     -1.06     -1.06     -1.06     -1.06     -0.96     -0.96     -0.86     -0.86     -0.76     -0.66
     -0.66     -0.56     -0.56     -0.56     -0.56     -0.56     -0.56     -0.56     -0.66     -0.66
     -0.76     -0.76     -0.86     -0.86     -0.96     -0.96     -0.96     -1.06     -1.06     -1.06
     -0.96     -0.96     -0.86     -0.76     -0.66     -0.56     -0.36     -0.16      0.04      0.34
      0.64      0.94      1.24
     -1.16     -1.26     -1.36     -1.46     -1.36     -1.36     -1.16     -1.06     -0.86     -0.66
     -0.46     -0.16      0.04      0.24      0.44      0.64      0.74      0.84      0.94      0.94
      0.94      0.84      0.84      0.74      0.64      0.54      0.44      0.34      0.24      0.24
      0.24      0.34      0.44      0.54      0.74      0.94      1.04      1.24      1.34      1.44
      1.54      1.54      1.44      1.34      1.14      1.04      0.84      0.54      0.34      0.14
     -0.06     -0.16     -0.36     -0.46     -0.56     -0.56     -0.66     -0.66     -0.66     -0.66
     -0.66     -0.56     -0.56     -0.46     -0.36     -0.26     -0.06      0.14      0.44      0.74
      1.04      1.44      1.84
     -0.16     -0.36     -0.46     -0.56     -0.66     -0.76     -0.76     -0.76     -0.76     -0.66
     -0.56     -0.46     -0.26     -0.06      0.14      0.34      0.64      0.84      1.14      1.34
      1.54      1.64      1.74      1.84      1.84      1.94      2.04      2.14      2.24      2.54
      2.74      3.14      3.54      4.04      4.44      4.94      5.34      5.74      5.94      6.14
      6.14      5.94      5.64      5.24      4.64      4.04      3.34      2.74      2.04      1.54
      1.04      0.74      0.44      0.34      0.34      0.34      0.44      0.44      0.54      0.54
      0.54      0.54      0.54      0.54      0.54      0.54      0.64      0.84      1.04      1.34
      1.64      2.04      2.44
      1.94      1.74      1.64      1.44      1.24      1.04      0.84      0.54      0.24     -0.06
     -0.26     -0.46     -0.56     -0.56     -0.46     -0.26      0.14      0.54      1.04      1.54
      1.94      2.44      2.74      3.04      3.34      3.64      4.04      4.44      4.94      5.54
      6.34      7.24      8.14      9.14     10.04     10.94     11.74     12.44     12.94     13.14
     13.14     12.84     12.34     11.54     10.54      9.34      8.14      6.84      5.64      4.54
      3.74      3.14      2.84      2.64      2.74      2.84      3.04      3.14      3.14      3.04
      2.84      2.54      2.14      1.74      1.44      1.24      1.14      1.14      1.34      1.54
      1.84      2.24      2.54
      4.84      5.04      5.14      5.14      5.14      4.94      4.64      4.14      3.54      2.74
      2.04      1.34      0.64      0.24      0.04      0.04      0.34      0.84      1.34      1.94
      2.54      3.04      3.44      3.74      4.04      4.44      5.04      5.74      6.74      7.84
      9.24     10.74     12.34     13.84     15.24     16.54     17.54     18.44     19.04     19.44
     19.64     19.44     18.94     18.14     17.04     15.64     14.04     12.44     10.84      9.44
      8.34      7.54      7.14      7.04      7.14      7.34      7.54      7.44      7.24      6.64
      5.84      4.94      3.84      2.84      2.04      1.44      1.04      0.94      1.04      1.24
      1.54      1.84      2.14
      8.94      9.54     10.04     10.34     10.54     10.44     10.04      9.34      8.44      7.24
      5.94      4.54      3.24      2.14      1.34      0.94      0.84      1.14      1.54      1.94
      2.34      2.64      2.74      2.84      2.94      3.34      3.94      5.04      6.64      8.54
     10.74     12.94     15.04     16.94     18.44     19.64     20.44     21.04     21.44     21.74
     22.04     22.04     21.94     21.54     20.94     19.94     18.74     17.44     16.04     14.74
     13.84     13.14     12.84     12.84     13.04     13.24     13.24     12.94     12.24     11.04
      9.44      7.64      5.74      4.04      2.64      1.54      0.94      0.74      0.74      0.84
      1.04      1.04      1.04
     13.14     13.84     14.44     14.84     15.04     14.94     14.54     13.74     12.64     11.14
      9.34      7.44      5.54      3.84      2.44      1.54      1.04      0.94      1.14      1.34
      1.54      1.54      1.44      1.34      1.34      1.74      2.64      4.14      6.34      8.94
     11.84     14.74     17.24     19.14     20.44     21.14     21.34     21.14     20.94     20.84
     20.84     20.94     21.14     21.34     21.34     21.24     20.84     20.34     19.74     19.24
     18.74     18.54     18.44     18.54     18.74     18.84     18.64     18.04     16.94     15.34
     13.14     10.74      8.24      5.94      4.04      2.54      1.64      1.04      0.84      0.64
      0.34      0.04     -0.46
     15.04     15.54     16.04     16.44     16.74     16.74     16.44     15.94     14.94     13.54
     11.74      9.74      7.74      5.84      4.14      2.94      2.14      1.64      1.54      1.64
      1.74      1.84      1.84      1.84      2.04      2.54      3.54      5.24      7.64     10.44
     13.54     16.54     19.04     20.94     22.04     22.44     22.34     21.84     21.24     20.74
     20.44     20.34     20.34     20.44     20.74     21.04     21.34     21.74     22.04     22.34
     22.44     22.54     22.54     22.34     22.04     21.74     21.14     20.44     19.24     17.74
     15.74     13.44     11.04      8.64      6.44      4.64      3.34      2.44      1.64      0.94
      0.14     -0.66     -1.56
     13.14     13.74     14.34     15.04     15.74     16.34     16.74     16.84     16.54     15.64
     14.34     12.64     10.94      9.24      7.74      6.44      5.44      4.64      4.14      3.84
      3.74      3.94      4.24      4.74      5.24      5.94      6.74      7.94      9.54     11.54
     13.84     16.24     18.44     20.24     21.74     22.74     23.34     23.64     23.64     23.44
     23.04     22.44     21.74     21.14     20.84     20.84     21.24     22.04     22.94     23.84
     24.44     24.44     23.84     22.84     21.54     20.24     19.04     18.04     17.24     16.54
     15.54     14.34     12.74     10.94      9.14      7.44      6.04      4.84      3.74      2.64
      1.64      0.54     -0.46
      9.84     10.44     11.34     12.64     14.14     15.84     17.24     18.24     18.44     18.04
     17.04     15.74     14.44     13.34     12.34     11.34     10.24      9.04      7.64      6.54
      5.84      5.84      6.34      7.24      8.14      8.94      9.44      9.74     10.04     10.54
     11.44     12.64     14.34     16.24     18.34     20.44     22.44     24.14     25.34     25.84
     25.64     24.74     23.44     21.94     20.84     20.24     20.34     21.04     22.14     23.24
     23.94     23.64     22.54     20.54     18.04     15.54     13.54     12.44     12.04     12.34
     12.74     13.04     12.94     12.34     11.44     10.34      9.34      8.34      7.44      6.54
      5.64      4.64      3.74
      8.04      8.44      9.44     11.14     13.44     15.94     18.14     19.64     20.04     19.54
     18.44     17.24     16.44     16.04     15.84     15.54     14.64     13.04     10.94      8.74
      7.14      6.54      6.94      7.94      9.24     10.14     10.44     10.24      9.64      9.14
      9.04      9.34     10.44     12.04     14.34     16.94     19.64     22.04     23.74     24.54
     24.44     23.54     22.34     20.94     19.74     19.04     18.84     19.24     20.04     20.84
     21.34     21.14     19.94     17.64     14.74     11.84      9.44      8.14      8.04      8.94
     10.34     11.74     12.64     13.14     13.14     12.94     12.74     12.44     12.14     11.64
     10.94     10.04      9.04
      7.94      7.94      8.84     10.64     13.34     16.14     18.64     20.04     20.24     19.54
     18.44     17.44     17.14     17.44     18.14     18.64     18.34     16.94     14.64     12.04
      9.84      8.64      8.54      9.44     10.54     11.44     11.84     11.84     11.34     10.94
     10.54     10.44     10.84     11.84     13.44     15.54     17.74     19.44     20.54     20.84
     20.54     20.14     19.74     19.54     19.44     19.34     19.04     18.74     18.54     18.54
     18.74     18.74     18.14     16.74     14.64     12.04      9.84      8.44      8.24      9.14
     10.54     11.94     13.04     13.74     14.14     14.44     14.84     15.14     15.24     14.94
     14.14     12.94     11.64
      7.84      7.94      9.04     11.14     13.94     16.74     18.94     19.94     20.04     19.44
     18.74     18.44     18.74     19.54     20.74     21.74     22.04     21.44     19.94     17.84
     15.84     14.44     13.94     14.14     14.64     15.14     15.34     15.54     15.64     15.54
     15.24     14.84     14.44     14.64     15.44     17.04     18.64     19.74     20.14     19.74
     19.14     19.04     19.64     20.94     22.24     22.84     22.34     21.14     19.54     18.24
     17.64     17.74     17.84     17.54     16.44     14.74     12.84     11.54     11.04     11.44
     12.14     12.94     13.34     13.54     13.64     14.04     14.54     15.04     15.24     14.74
     13.64     12.04     10.34
      8.04      8.94     10.74     13.34     16.24     18.74     20.34     20.84     20.64     20.34
     20.24     20.64     21.24     22.04     22.84     23.74     24.44     24.74     24.34     23.44
     22.24     21.34     20.84     20.44     20.14     19.64     19.24     19.14     19.14     19.04
     18.54     17.44     16.34     16.04     17.04     19.24     21.74     23.64     24.34     23.74
     22.84     22.54     23.24     24.84     26.44     27.34     26.84     25.04     22.64     20.34
     18.74     18.14     17.94     17.74     16.94     15.54     14.04     12.74     12.14     12.14
     12.44     12.64     12.44     12.14     11.84     11.84     12.24     12.84     13.04     12.54
     11.44      9.74      8.04
     10.84     12.34     14.44     17.14     19.84     21.94     22.84     22.54     21.94     21.54
     21.64     22.04     22.34     22.34     22.44     22.74     23.44     24.14     24.54     24.44
     24.14     24.04     24.04     23.84     23.34     22.34     21.24     20.44     19.84     19.14
     18.04     16.54     15.24     15.34     17.34     21.04     25.34     28.74     30.34     30.14
     28.84     27.64     27.14     27.54     28.34     28.94     28.74     27.54     25.54     23.24
     21.04     19.24     17.84     16.44     14.94     13.44     11.94     11.04     10.64     10.84
     11.14     11.34     11.14     10.74     10.34     10.14     10.34     10.84     11.24     11.24
     10.64      9.54      8.14
     16.34     17.04     18.24     20.04     22.24     23.94     24.44     23.94     22.84     22.14
     21.94     21.94     21.64     20.94     20.34     20.14     20.54     21.04     21.14     20.94
     20.84     21.24     22.14     22.94     23.14     22.54     21.24     19.94     18.74     17.74
     16.74     15.74     15.34     16.44     19.34     23.64     28.24     31.94     33.84     33.84
     32.44     30.54     28.74     27.54     26.94     26.94     27.24     27.44     26.94     25.44
     23.14     20.34     17.54     14.94     12.74     11.04     10.04      9.64      9.74     10.14
     10.74     11.34     11.74     11.84     11.54     11.14     10.74     10.74     11.14     11.74
     11.84     11.24     10.14
     21.24     20.44     19.94     20.34     21.74     23.34     24.14     24.04     23.24     22.64
     22.34     22.24     22.04     21.44     20.94     20.84     20.84     20.54     19.54     18.34
     17.64     18.04     19.34     20.94     21.84     21.74     20.84     19.54     18.34     17.74
     17.54     18.14     19.44     21.54     24.24     27.34     30.04     31.94     33.04     33.14
     32.64     31.24     29.24     26.94     25.04     24.24     24.64     25.64     26.34     25.74
     23.74     20.64     17.34     14.44     12.44     11.34     11.04     11.24     11.64     12.24
     12.94     13.84     14.84     15.54     15.44     14.54     13.24     12.34     12.14     12.44
     12.74     12.44     11.34
     23.74     22.14     20.54     20.04     20.74     22.04     23.14     23.44     23.34     23.24
     23.74     24.34     25.04     25.44     25.74     26.14     26.04     25.14     23.44     21.54
     20.34     20.24     20.84     21.54     21.84     21.74     21.24     20.44     19.64     19.34
     20.04     21.84     24.44     27.14     29.14     30.14     30.24     30.04     30.24     30.84
     31.64     31.64     30.24     27.64     24.84     23.14     22.84     23.64     24.34     23.94
     22.34     19.84     17.24     15.24     14.04     13.74     14.04     14.64     15.14     15.64
     16.14     17.14     18.44     19.44     19.54     18.34     16.24     14.34     13.14     12.74
     12.54     11.84     10.74
     26.14     25.14     23.94     23.14     23.04     23.24     23.24     23.04     22.84     23.14
     24.14     25.74     27.44     29.14     30.74     31.94     32.34     31.84     30.54     29.34
     28.64     28.14     27.34     25.94     24.64     23.94     23.94     23.84     23.24     22.54
     22.54     24.04     26.54     28.94     30.34     30.44     29.64     28.94     29.14     30.34
     31.84     32.34     31.04     28.24     24.94     22.64     21.84     21.94     22.14     21.74
     20.54     19.14     17.74     16.74     16.44     16.54     17.04     17.64     18.04     18.24
     18.54     19.14     20.24     21.24     21.44     20.44     18.44     16.24     14.64     13.64
     12.64     11.44     10.44
     31.24     31.24     30.84     30.04     28.84     27.14     25.14     23.34     22.04     21.74
     22.44     24.14     26.44     29.04     31.74     34.14     35.84     36.44     36.44     36.64
     37.14     37.14     35.64     32.84     30.34     29.54     30.24     30.74     29.94     27.94
     26.14     25.74     26.64     27.94     28.84     29.34     29.64     30.24     31.14     32.14
     32.74     32.04     29.74     26.54     23.54     21.74     21.34     21.64     21.74     21.44
     20.74     20.04     19.54     19.34     19.24     19.34     19.64     19.94     20.14     20.24
     20.14     20.24     20.54     21.14     21.34     20.84     19.74     18.34     17.14     16.04
     14.84     13.54     12.74
     37.04     37.34     37.34     36.44     34.34     31.14     27.64     24.64     22.44     21.24
     21.14     22.14     24.14     26.94     30.54     34.24     37.24     38.74     39.14     39.74
     41.04     42.14     41.54     39.44     37.44     37.34     38.64     39.34     37.94     34.74
     31.54     29.44     28.44     28.04     28.14     28.84     30.34     32.04     33.44     33.84
     33.04     30.74     27.44     24.04     21.94     21.64     22.54     23.54     23.94     23.64
     23.04     22.54     22.34     22.24     22.24     22.24     22.34     22.34     22.34     22.24
     22.04     21.64     21.24     21.04     21.14     21.04     20.84     20.44     19.94     19.24
     18.34     17.34     16.94
     39.74     39.44     39.34     38.54     36.14     32.84     29.64     27.04     24.94     23.44
     22.94     23.44     24.94     27.54     31.34     35.74     39.44     40.74     40.14     39.24
     39.94     41.64     42.94     42.84     42.44     42.94     43.94     44.04     42.14     39.14
     36.34     34.34     32.54     30.64     29.14     28.74     29.84     31.34     32.64     32.84
     31.84     29.64     26.64     23.94     22.84     23.54     25.24     26.54     26.74     26.14
     25.24     24.54     24.24     24.14     24.34     24.44     24.34     24.04     23.84     23.74
     23.54     23.14     22.44     21.94     21.74     21.74     21.84     21.84     21.74     21.34
     20.94     20.64     20.64
     38.54     37.94     37.84     37.24     35.34     33.04     31.14     29.64     28.34     27.14
     26.84     27.64     29.04     31.14     34.24     38.54     42.14     43.14     41.14     38.34
     37.54     38.94     40.94     41.94     41.94     41.84     41.74     41.04     39.44     37.84
     37.14     36.84     35.54     32.84     29.74     27.64     27.04     27.54     28.44     29.54
     30.14     29.64     28.04     26.24     25.54     26.14     27.34     28.04     27.74     26.74
     25.64     24.74     24.34     24.44     24.74     24.84     24.54     23.94     23.64     23.64
     23.74     23.64     23.24     22.74     22.44     22.34     22.24     22.14     22.04     21.94
     21.94     22.14     22.44
     36.74     36.34     36.44     36.04     34.84     33.54     32.54     31.74     30.64     29.84
     30.14     31.44     32.94     34.24     36.04     39.34     42.84     44.24     42.64     39.64
     37.74     37.74     38.34     37.84     36.34     34.94     33.84     33.14     32.64     32.94
     34.14     35.24     34.74     32.34     28.84     25.74     23.94     23.54     24.44     26.44
     28.74     29.94     29.64     28.34     27.14     26.94     27.24     27.24     26.64     25.74
     24.84     24.14     23.84     23.84     24.04     23.94     23.34     22.74     22.54     22.74
     23.04     23.04     22.84     22.64     22.44     22.24     22.14     21.94     21.74     21.74
     21.84     22.24     22.54
     37.04     36.74     36.74     36.34     35.44     34.64     34.04     33.34     32.34     31.64
     32.24     33.84     35.14     35.34     35.54     37.34     40.74     43.44     44.04     42.64
     40.84     39.04     36.64     33.24     29.74     27.34     26.54     26.84     27.54     28.84
     30.34     31.54     31.44     29.74     27.24     24.74     22.94     22.34     23.24     25.34
     27.94     29.54     29.44     28.24     26.94     26.14     25.74     25.54     25.24     24.84
     24.54     24.14     23.74     23.64     23.44     23.14     22.64     22.24     22.34     22.54
     22.54     22.34     22.14     22.04     22.14     22.04     21.84     21.74     21.64     21.64
     21.74     21.74     21.74
     38.04     37.44     36.94     36.34     35.64     35.04     34.84     34.54     34.14     34.14
     34.94     36.34     36.84     35.94     34.84     35.34     38.04     41.44     43.84     44.24
     42.84     39.54     34.74     29.44     25.14     23.24     23.54     24.84     26.14     26.94
     27.64     28.04     28.04     27.44     26.24     24.84     23.64     23.24     23.94     25.44
     27.24     28.14     28.04     27.24     26.14     25.24     24.64     24.44     24.44     24.64
     24.64     24.34     23.94     23.64     23.44     23.14     22.84     22.84     22.94     22.94
     22.54     22.04     21.84     22.04     22.14     22.04     21.84     21.74     21.74     21.64
     21.54     21.34     21.14
     36.94     36.04     35.34     34.74     34.14     33.54     33.54     34.14     35.14     36.24
     37.44     38.24     38.04     36.64     35.14     34.84     36.34     39.04     41.54     42.24
     40.54     36.34     30.84     25.84     22.94     22.44     23.44     24.74     25.54     25.74
     25.74     25.84     26.24     26.24     25.74     24.74     23.84     23.54     24.04     25.04
     25.84     26.44     26.64     26.44     25.84     24.84     23.94     23.44     23.44     23.84
     24.14     23.94     23.74     23.54     23.54     23.44     23.34     23.24     23.24     22.94
     22.44     22.04     22.24     22.44     22.54     22.24     22.04     21.84     21.74     21.54
     21.34     21.24     21.14
     33.24     32.34     32.04     31.94     31.34     30.44     30.04     30.94     32.84     34.94
     36.44     36.84     36.34     35.34     34.44     34.34     35.34     36.94     38.34     38.14
     35.34     30.74     25.94     22.84     22.04     22.64     23.54     24.04     24.04     24.04
     24.34     25.04     25.74     25.94     25.24     23.94     22.94     22.74     23.24     23.84
     24.24     24.84     25.44     25.64     25.14     23.94     22.74     22.04     22.14     22.64
     23.04     23.24     23.24     23.34     23.44     23.54     23.44     23.14     22.94     22.64
     22.44     22.64     22.94     23.04     22.74     22.24     22.14     22.04     21.84     21.44
     21.24     21.44     21.54
     28.54     28.04     28.24     28.54     28.24     27.24     26.34     26.64     28.24     30.24
     31.64     31.94     31.44     31.24     31.54     32.54     33.94     35.34     36.04     34.84
     31.14     26.24     22.44     21.14     21.84     22.84     23.14     23.04     22.94     23.24
     23.94     24.84     25.64     25.54     24.54     23.24     22.44     22.44     22.84     23.14
     23.24     23.64     24.14     24.34     23.74     22.74     21.84     21.44     21.64     22.14
     22.74     23.14     23.14     23.14     23.34     23.44     23.44     23.24     22.94     22.94
     23.14     23.54     23.64     23.24     22.44     22.04     22.14     22.34     22.14     21.54
     21.34     21.64     21.84
     24.64     24.24     24.44     24.94     25.24     24.94     24.44     24.34     24.94     26.24
     27.14     27.24     26.94     27.14     28.34     30.24     32.24     33.94     34.54     32.94
     28.84     24.24     21.44     21.14     22.14     22.74     22.84     22.84     23.14     23.64
     24.04     24.54     24.84     24.64     23.94     23.14     23.04     23.44     23.74     23.64
     23.34     23.14     23.24     23.24     23.04     22.74     22.64     22.74     22.84     23.04
     23.24     23.34     23.14     22.84     22.84     23.14     23.34     23.34     23.34     23.54
     23.94     24.04     23.74     23.04     22.24     21.94     22.24     22.44     22.14     21.64
     21.54     21.74     21.64
     22.24     21.74     21.54     21.84     22.84     23.94     24.64     24.64     24.74     25.24
     25.74     25.74     25.44     25.84     27.24     28.94     30.34     31.44     31.54     29.84
     26.24     22.74     21.14     21.54     22.24     22.44     22.54     23.04     23.74     23.84
     23.54     23.44     23.54     23.64     23.44     23.44     23.74     24.34     24.64     24.44
     23.94     23.44     23.34     23.54     23.84     24.24     24.64     24.74     24.34     23.84
     23.44     23.14     22.64     22.24     22.24     22.74     23.14     23.24     23.24     23.44
     23.64     23.54     23.14     22.54     22.14     22.04     22.14     22.04     21.74     21.54
     21.54     21.84     21.54
     21.04     20.64     20.34     20.44     21.64     23.54     24.94     25.14     24.94     25.24
     25.84     26.04     26.24     27.04     28.24     28.74     28.14     27.34     26.44     24.84
     22.44     20.64     20.54     21.54     22.04     21.84     21.94     22.74     23.44     23.24
     22.74     22.64     23.04     23.44     23.54     23.64     23.94     24.34     24.74     24.74
     24.44     24.04     24.04     24.44     24.94     25.44     25.54     25.24     24.54     23.74
     23.04     22.64     22.24     22.04     22.24     22.64     22.74     22.64     22.54     22.64
     22.74     22.54     22.34     22.24     22.24     22.14     21.84     21.44     21.34     21.34
     21.64     21.94     21.74
     20.24     20.34     20.44     20.44     21.24     22.74     23.84     23.84     23.44     23.94
     25.14     26.24     27.34     28.74     29.64     28.54     25.74     23.04     21.64     20.74
     19.84     19.44     20.34     21.64     22.04     21.54     21.54     22.24     22.84     22.74
     22.64     23.24     23.94     24.24     24.14     23.94     23.84     23.94     24.24     24.64
     24.64     24.24     24.04     24.34     24.74     24.74     24.34     23.84     23.54     23.14
     22.74     22.64     22.64     22.74     22.84     22.94     22.84     22.54     22.34     22.44
     22.44     22.24     22.04     22.14     22.24     22.04     21.64     21.34     21.54     21.64
     21.74     21.84     21.74
     19.14     19.74     20.24     20.14     20.54     21.64     22.44     22.24     21.94     22.74
     24.64     26.54     28.24     29.84     30.14     27.84     23.64     20.34     19.54     20.04
     20.24     20.34     21.04     22.04     22.14     21.74     21.74     22.24     22.64     22.94
     23.54     24.44     24.94     24.74     24.44     24.24     24.14     23.84     23.84     24.14
     24.24     23.84     23.34     23.24     23.24     22.84     22.44     22.44     22.74     22.84
     22.84     22.94     23.34     23.54     23.44     23.24     22.94     22.84     22.74     22.84
     22.74     22.44     22.14     22.14     22.14     21.94     21.64     21.84     22.24     22.24
     21.74     21.24     21.24
