diamond 4 20年06月28日8时1000百帕高度场
20 06 28  8  1000 
2.500 -2.500  .0  180.0   90.0  .0
73  37
      14.30      14.30      14.30      14.30      14.30      14.30      14.30      14.30      14.30      14.30
      14.30      14.30      14.30      14.30      14.30      14.30      14.30      14.30      14.30      14.30
      14.30      14.30      14.30      14.30      14.30      14.30      14.30      14.30      14.30      14.30
      14.30      14.30      14.30      14.30      14.30      14.30      14.30      14.30      14.30      14.30
      14.30      14.30      14.30      14.30      14.30      14.30      14.30      14.30      14.30      14.30
      14.30      14.30      14.30      14.30      14.30      14.30      14.30      14.30      14.30      14.30
      14.30      14.30      14.30      14.30      14.30      14.30      14.30      14.30      14.30      14.30
      14.30      14.30      14.30
      17.30      17.10      16.90      16.70      16.40      16.20      16.00      15.80      15.50      15.30
      15.10      14.80      14.60      14.30      14.10      13.80      13.60      13.30      13.10      12.80
      12.60      12.30      12.10      11.90      11.60      11.40      11.10      10.90      10.70      10.50
      10.30      10.00       9.80       9.70       9.50       9.30       9.10       9.00       8.80       8.70
       8.60       8.50       8.40       8.30       8.20       8.20       8.10       8.10       8.10       8.10
       8.20       8.20       8.30       8.40       8.50       8.60       8.70       8.90       9.00       9.20
       9.40       9.60       9.80      10.10      10.30      10.50      10.80      11.10      11.30      11.60
      11.80      12.10      12.40
      19.50      19.20      18.90      18.50      18.20      17.80      17.40      17.00      16.70      16.30
      15.90      15.50      15.10      14.80      14.40      14.10      13.70      13.40      13.00      12.70
      12.40      12.00      11.70      11.40      11.10      10.80      10.40      10.10       9.80       9.40
       9.10       8.70       8.40       8.00       7.70       7.30       7.00       6.60       6.30       6.00
       5.60       5.30       5.00       4.80       4.50       4.30       4.10       4.00       3.90       3.80
       3.80       3.80       3.90       4.00       4.20       4.40       4.70       5.00       5.40       5.80
       6.30       6.70       7.30       7.80       8.30       8.90       9.50      10.00      10.60      11.20
      11.70      12.30      12.80
      20.00      19.60      19.10      18.60      18.10      17.60      17.10      16.60      16.10      15.70
      15.20      14.80      14.40      14.10      13.80      13.50      13.20      13.00      12.80      12.60
      12.40      12.30      12.10      12.00      11.80      11.60      11.40      11.20      11.00      10.80
      10.50      10.20       9.90       9.60       9.30       8.90       8.50       8.10       7.70       7.30
       6.80       6.30       5.90       5.40       4.90       4.50       4.00       3.70       3.30       3.10
       2.90       2.70       2.70       2.80       3.00       3.20       3.60       4.10       4.70       5.30
       6.10       6.90       7.70       8.60       9.50      10.30      11.20      12.00      12.80      13.60
      14.30      14.90      15.40
      19.70      19.20      18.70      18.10      17.40      16.80      16.10      15.50      14.80      14.30
      13.70      13.30      12.90      12.50      12.30      12.10      11.90      11.80      11.80      11.70
      11.70      11.60      11.60      11.50      11.40      11.30      11.20      11.10      11.00      10.90
      10.80      10.70      10.60      10.60      10.50      10.40      10.20      10.10       9.90       9.70
       9.40       9.00       8.60       8.20       7.70       7.20       6.60       6.10       5.50       5.00
       4.60       4.30       4.10       4.00       4.20       4.40       4.90       5.60       6.40       7.30
       8.40       9.50      10.70      11.90      13.10      14.20      15.20      16.20      17.00      17.70
      18.20      18.60      18.90
      20.00      19.60      19.10      18.60      17.90      17.20      16.40      15.60      14.90      14.10
      13.50      12.90      12.40      12.00      11.60      11.40      11.10      10.90      10.70      10.50
      10.20       9.90       9.60       9.20       8.80       8.50       8.10       7.80       7.60       7.50
       7.40       7.50       7.60       7.90       8.20       8.50       8.90       9.30       9.60       9.90
      10.20      10.30      10.40      10.30      10.10       9.80       9.40       8.80       8.30       7.60
       7.00       6.50       6.10       5.90       5.90       6.20       6.70       7.50       8.50       9.80
      11.20      12.60      14.10      15.50      16.80      17.90      18.90      19.60      20.10      20.40
      20.50      20.50      20.30
      20.50      20.30      20.00      19.60      19.10      18.50      17.80      17.10      16.40      15.70
      15.00      14.30      13.70      13.10      12.60      12.10      11.50      10.90      10.30       9.50
       8.70       7.80       6.80       5.90       4.90       4.00       3.30       2.70       2.30       2.10
       2.20       2.40       2.80       3.40       4.10       4.90       5.80       6.70       7.60       8.40
       9.20       9.80      10.40      10.80      11.00      11.10      10.90      10.60      10.00       9.40
       8.70       7.90       7.30       6.90       6.70       6.90       7.40       8.30       9.60      11.00
      12.60      14.30      15.80      17.20      18.20      19.00      19.30      19.40      19.20      18.70
      18.10      17.50      16.80
      18.80      18.80      18.70      18.60      18.40      18.20      18.00      17.70      17.40      17.00
      16.60      16.00      15.50      14.80      14.10      13.20      12.30      11.20      10.10       8.80
       7.40       5.90       4.50       3.00       1.80       0.70      -0.20      -0.80      -1.10      -1.20
      -0.90      -0.40       0.40       1.30       2.30       3.40       4.50       5.60       6.60       7.60
       8.50       9.30      10.00      10.60      11.00      11.30      11.30      11.10      10.70      10.00
       9.20       8.30       7.50       6.90       6.50       6.50       7.00       7.90       9.20      10.80
      12.40      14.10      15.50      16.50      17.00      17.00      16.40      15.40      14.10      12.60
      11.20       9.90       9.00
      14.40      14.20      14.20      14.30      14.60      15.00      15.50      16.10      16.50      16.80
      16.90      16.80      16.40      15.80      15.00      13.90      12.70      11.30       9.70       8.10
       6.40       4.80       3.20       1.90       0.70      -0.20      -0.80      -1.10      -1.20      -1.00
      -0.50       0.20       1.10       2.20       3.40       4.50       5.70       6.80       7.80       8.60
       9.30       9.80      10.30      10.60      10.80      10.90      10.80      10.60      10.10       9.50
       8.70       7.90       7.00       6.40       5.90       5.90       6.30       7.10       8.40       9.90
      11.40      12.90      14.00      14.60      14.60      13.80      12.40      10.50       8.20       5.90
       3.80       2.00       0.90
       8.90       8.60       8.60       9.00       9.80      10.80      12.10      13.50      14.70      15.70
      16.30      16.60      16.50      16.00      15.20      14.10      12.80      11.20       9.50       7.80
       6.00       4.40       3.00       1.90       1.10       0.60       0.30       0.20       0.20       0.30
       0.50       0.90       1.60       2.60       3.70       5.10       6.40       7.70       8.90       9.80
      10.40      10.80      10.80      10.70      10.50      10.10       9.60       9.10       8.50       7.90
       7.30       6.80       6.30       5.90       5.80       5.80       6.20       6.90       7.90       9.00
      10.30      11.30      12.10      12.50      12.20      11.20       9.60       7.50       5.00       2.40
       0.10      -1.80      -2.90
       4.30       4.40       4.80       5.70       6.90       8.40      10.10      11.80      13.30      14.50
      15.30      15.60      15.60      15.20      14.60      13.70      12.50      11.10       9.40       7.60
       5.70       4.00       2.60       1.50       0.90       0.60       0.50       0.30       0.00      -0.50
      -0.90      -1.10      -0.90      -0.20       1.10       2.70       4.50       6.30       8.00       9.30
      10.20      10.60      10.60      10.30       9.70       9.00       8.10       7.30       6.60       6.10
       5.80       5.70       5.80       6.00       6.30       6.70       7.10       7.50       8.00       8.60
       9.10       9.60       9.90      10.10       9.80       9.20       8.00       6.40       4.50       2.40
       0.40      -1.20      -2.10
       0.60       1.80       3.20       4.80       6.40       8.10       9.60      11.00      12.10      12.80
      13.30      13.40      13.30      13.10      12.80      12.30      11.60      10.40       8.90       6.90
       4.60       2.50       0.70      -0.50      -1.10      -1.30      -1.30      -1.60      -2.20      -3.10
      -4.00      -4.70      -4.80      -4.10      -2.60      -0.60       1.60       3.70       5.60       7.00
       8.00       8.60       8.80       8.80       8.50       7.90       7.20       6.50       5.80       5.40
       5.30       5.60       6.10       6.70       7.40       7.90       8.30       8.50       8.60       8.50
       8.30       8.20       8.00       7.80       7.60       7.20       6.60       5.70       4.60       3.30
       2.00       1.00       0.50
      -2.70      -0.20       2.30       4.60       6.50       8.00       9.00       9.70      10.10      10.30
      10.40      10.40      10.30      10.30      10.40      10.30      10.00       9.30       7.80       5.60
       2.90       0.20      -2.10      -3.50      -4.00      -3.90      -3.60      -3.60      -4.20      -5.30
      -6.50      -7.20      -7.00      -5.90      -4.00      -1.70       0.60       2.40       3.60       4.30
       4.80       5.20       5.60       6.10       6.60       6.90       6.90       6.80       6.50       6.30
       6.30       6.50       6.90       7.50       8.20       8.70       9.10       9.30       9.20       8.90
       8.50       8.00       7.40       6.90       6.40       6.00       5.50       4.90       4.30       3.60
       3.00       2.50       2.50
      -4.40      -1.20       1.90       4.50       6.30       7.40       7.80       8.00       8.00       8.10
       8.40       8.60       8.80       9.10       9.20       9.40       9.20       8.60       7.20       4.90
       2.00      -1.00      -3.50      -4.90      -5.10      -4.60      -3.80      -3.60      -4.20      -5.40
      -6.60      -7.20      -6.70      -5.00      -2.60      -0.10       1.90       3.00       3.20       2.90
       2.40       2.30       2.60       3.40       4.60       5.80       6.70       7.30       7.50       7.40
       7.30       7.30       7.40       7.70       8.10       8.50       8.90       9.30       9.50       9.60
       9.50       9.10       8.50       7.70       7.00       6.30       5.70       5.20       4.70       4.40
       4.20       4.00       4.00
      -2.40       0.40       3.20       5.50       6.90       7.60       7.60       7.50       7.50       7.90
       8.60       9.40      10.00      10.30      10.30      10.20       9.90       9.20       7.90       5.80
       3.10       0.10      -2.20      -3.40      -3.30      -2.30      -1.30      -0.90      -1.60      -3.00
      -4.40      -5.00      -4.30      -2.50       0.00       2.40       4.00       4.70       4.40       3.50
       2.60       2.00       2.00       2.50       3.60       4.80       6.00       6.80       7.10       7.20
       7.00       6.90       6.90       7.00       7.30       7.70       8.20       8.90       9.60      10.20
      10.60      10.50      10.00       9.30       8.50       7.80       7.40       7.10       7.10       7.20
       7.20       7.10       6.60
       3.10       4.90       6.80       8.40       9.40       9.60       9.30       9.00       8.90       9.40
      10.30      11.40      12.10      12.30      12.00      11.60      11.10      10.50       9.50       7.90
       5.70       3.20       1.30       0.40       0.70       1.80       2.90       3.20       2.70       1.50
       0.40       0.00       0.50       1.90       3.60       5.10       6.00       6.20       6.00       5.40
       4.80       4.20       3.80       3.60       3.80       4.30       4.90       5.30       5.50       5.50
       5.40       5.50       5.70       6.00       6.40       6.90       7.60       8.50       9.50      10.40
      11.00      11.00      10.70      10.20       9.90       9.70       9.80      10.10      10.60      11.20
      11.70      11.60      10.40
       9.50      10.20      11.10      12.10      12.60      12.60      12.10      11.50      11.10      11.30
      12.00      12.80      13.20      13.20      12.70      12.10      11.70      11.40      11.10      10.20
       8.80       7.00       5.50       4.70       4.90       5.70       6.60       7.00       7.10       7.00
       7.00       7.20       7.70       8.10       8.20       8.00       7.50       7.00       6.70       6.50
       6.40       6.00       5.40       4.70       4.20       4.00       4.00       4.10       4.10       4.00
       3.90       4.10       4.60       5.20       5.80       6.30       7.00       7.90       9.00      10.00
      10.60      10.70      10.60      10.60      10.90      11.40      12.10      12.90      13.70      14.60
      15.30      15.50      14.40
      13.80      13.80      14.00      14.30      14.60      14.50      14.00      13.40      13.00      13.00
      13.20      13.50      13.50      13.10      12.50      12.00      12.00      12.20      12.50      12.40
      11.70      10.50       9.40       8.70       8.50       8.60       8.90       9.30      10.00      11.10
      12.30      13.10      13.30      12.60      11.10       9.40       7.80       6.60       5.80       5.40
       5.20       4.80       4.30       3.80       3.60       3.60       3.90       4.10       4.00       3.80
       3.60       3.70       4.20       4.70       5.10       5.30       5.70       6.40       7.50       8.50
       9.20       9.50       9.80      10.50      11.70      13.20      14.40      15.10      15.60      16.20
      17.00      17.60      17.40
      15.40      15.00      14.90      14.80      14.70      14.50      14.20      14.00      14.00      14.10
      14.20      14.10      13.80      13.20      12.60      12.20      12.40      13.00      13.70      14.20
      14.00      13.30      12.60      11.90      11.30      10.80      10.30      10.30      11.00      12.40
      13.70      14.10      13.20      11.30       9.20       7.50       6.30       5.50       4.60       3.70
       2.70       2.00       1.70       1.90       2.60       3.60       4.50       5.00       5.00       4.60
       4.20       4.10       4.30       4.40       4.20       3.80       3.70       4.10       5.00       6.00
       6.80       7.30       8.10       9.60      11.90      14.30      16.20      17.00      17.10      17.20
      17.80      18.70      19.50
      15.30      15.10      14.90      14.70      14.30      13.80      13.50      13.60      13.90      14.30
      14.40      14.10      13.60      12.90      12.30      11.90      11.90      12.60      13.60      14.50
      14.80      14.50      14.00      13.50      13.10      12.50      11.80      11.50      11.90      12.60
      12.90      11.70       9.20       6.40       4.60       4.40       5.30       6.20       6.00       4.70
       2.90       1.50       1.00       1.60       2.80       4.30       5.40       5.90       5.80       5.40
       5.00       4.70       4.50       4.10       3.40       2.60       2.10       2.20       2.80       3.60
       4.20       4.80       5.80       7.80      10.80      14.10      16.70      18.20      18.70      18.90
      19.30      20.20      21.20
      15.00      15.20      15.20      14.90      14.30      13.60      13.20      13.20      13.30      13.20
      12.80      12.20      11.60      11.10      10.40       9.70       9.30       9.70      10.90      12.40
      13.40      13.50      13.30      13.10      13.20      13.40      13.40      13.40      13.70      14.10
      13.60      11.70       8.70       5.90       5.00       6.20       8.70      10.60      10.80       9.20
       6.80       4.60       3.50       3.60       4.40       5.30       6.00       6.20       6.10       5.80
       5.50       5.00       4.40       3.70       2.70       1.90       1.50       1.70       2.30       3.00
       3.40       3.80       4.60       6.50       9.40      12.70      15.80      18.10      19.60      20.60
      21.40      22.00      22.40
      15.00      15.30      15.40      15.10      14.60      14.20      14.00      13.80      13.20      12.10
      10.70       9.50       8.80       8.30       7.60       6.30       5.10       4.90       6.30       8.50
      10.40      11.20      11.10      11.10      11.80      12.70      13.50      13.90      14.40      15.10
      15.70      15.60      14.80      14.00      14.00      15.10      16.50      17.00      16.10      13.90
      10.90       8.20       6.20       5.20       5.00       5.20       5.40       5.60       5.90       6.00
       5.80       5.00       3.80       2.50       1.70       1.40       1.70       2.60       3.60       4.50
       5.20       5.60       6.20       7.40       9.30      11.60      14.00      16.40      18.70      20.50
      21.80      22.30      22.20
      14.80      14.90      14.50      14.00      13.90      14.30      14.90      15.00      14.20      12.30
      10.00       8.20       7.30       6.90       6.00       4.20       2.10       1.10       2.10       4.70
       7.10       8.40       8.50       8.50       9.20      10.20      10.70      10.60      10.50      11.60
      14.00      17.50      21.00      23.80      25.20      25.00      23.20      20.40      17.50      14.70
      11.80       8.90       6.10       4.20       3.20       3.20       3.70       4.50       5.40       6.00
       5.80       4.50       2.80       1.40       0.90       1.40       2.70       4.20       5.90       7.30
       8.40       9.10       9.60      10.10      10.70      11.50      12.60      14.20      16.20      18.20
      19.70      20.30      20.30
      13.40      13.30      12.70      12.10      12.30      13.40      14.80      15.50      15.00      13.30
      11.00       9.10       7.90       7.30       6.40       4.60       2.20       0.40       0.40       2.00
       4.10       5.40       5.70       5.80       6.20       6.50       6.00       4.50       3.00       3.30
       6.40      12.10      19.00      24.90      27.90      26.90      22.90      18.00      14.20      11.80
       9.70       7.10       4.00       1.60       0.70       1.10       2.30       3.70       5.10       5.90
       5.70       4.40       2.70       1.70       1.90       3.10       4.80       6.60       8.40       9.90
      11.10      11.90      12.30      12.50      12.40      12.20      12.30      12.80      14.00      15.50
      16.80      17.50      17.90
      10.70      11.10      11.20      11.10      11.40      12.40      13.70      14.50      14.40      13.40
      11.90      10.40       9.10       8.10       7.30       6.10       4.30       2.20       0.90       0.60
       1.30       2.20       2.70       3.00       3.30       3.10       1.90      -0.40      -2.70      -3.70
      -1.90       2.70       9.20      15.60      19.30      19.10      15.80      11.90       9.50       8.70
       7.80       5.60       2.60       0.40       0.10       1.30       2.80       4.10       5.20       6.00
       6.00       5.20       4.40       4.30       5.20       6.70       8.20       9.50      10.70      11.90
      12.70      13.20      13.40      13.40      13.30      13.10      13.00      13.20      13.90      14.70
      15.60      16.20      16.60
       8.00       9.60      11.00      11.70      12.00      12.40      12.80      12.90      12.80      12.40
      11.80      10.90       9.50       8.00       7.00       6.60       5.90       4.40       2.20       0.20
      -0.90      -0.70       0.10       0.90       1.20       0.90       0.00      -1.50      -2.90      -3.80
      -3.80      -2.40       0.60       4.30       7.30       8.30       7.50       6.40       6.60       7.50
       7.50       5.70       3.10       1.70       2.30       3.80       5.10       5.70       6.10       6.70
       7.10       7.10       7.20       7.90       9.20      10.50      11.40      12.00      12.60      13.30
      13.80      13.90      13.90      13.90      13.90      14.00      14.10      14.50      15.10      15.70
      16.20      16.50      16.80
       7.00       9.20      11.40      12.70      13.10      12.90      12.50      12.00      11.50      11.30
      11.20      10.70       9.30       7.30       5.80       5.50       5.80       5.40       3.40       0.70
      -1.50      -2.00      -1.10       0.00       0.40       0.10      -0.20      -0.10       0.40       0.90
       0.60      -0.30      -0.90      -0.50       0.70       2.10       3.10       4.20       5.80       7.40
       7.60       6.10       4.30       3.80       5.00       6.70       7.50       7.40       7.40       7.90
       8.60       9.00       9.50      10.30      11.40      12.20      12.70      13.00      13.40      13.90
      14.30      14.50      14.60      14.60      14.60      14.60      14.70      15.20      15.70      16.30
      16.70      17.00      17.10
       7.50       9.20      11.10      12.20      12.20      11.90      11.70      11.40      10.90      10.50
      10.30      10.00       8.80       6.60       4.60       3.80       4.40       4.90       4.10       1.90
      -0.30      -1.30      -0.70       0.30       0.60       0.30       0.00       0.80       2.50       4.20
       4.90       4.10       2.40       1.20       1.20       2.00       3.10       4.30       5.60       6.80
       6.90       6.00       4.90       5.10       6.40       7.70       8.30       8.20       8.30       8.90
       9.60      10.10      10.50      10.90      11.50      12.00      12.30      12.70      13.20      13.50
      13.80      14.10      14.60      14.90      14.70      14.40      14.30      14.60      15.10      15.50
      15.90      16.20      16.40
       8.10       8.80       9.60       9.80       9.40       9.10       9.40       9.90       9.90       9.40
       8.70       8.10       7.20       5.70       3.80       2.70       2.90       3.80       4.10       3.10
       1.30       0.10       0.10       0.90       1.20       1.00       0.60       1.00       2.30       4.00
       5.20       5.50       4.90       4.10       3.80       4.10       4.50       4.80       5.30       5.90
       6.20       5.90       5.40       5.40       6.20       7.10       7.60       7.90       8.40       9.10
       9.80      10.30      10.60      10.80      11.10      11.50      12.00      12.50      12.80      12.60
      12.40      12.70      13.30      13.80      13.70      13.30      13.20      13.60      14.00      14.20
      14.30      14.60      15.00
       8.00       7.90       8.00       7.60       6.70       6.30       6.80       7.90       8.60       8.30
       7.10       5.90       5.20       4.60       3.70       2.80       2.50       3.00       3.50       3.10
       1.90       0.70       0.50       1.20       1.90       2.10       2.10       2.10       2.50       3.20
       3.90       4.40       4.60       4.50       4.60       5.00       5.20       5.30       5.40       5.80
       6.30       6.40       6.10       5.80       5.80       6.30       7.10       7.80       8.50       9.20
       9.70      10.20      10.70      11.00      11.20      11.50      12.00      12.50      12.40      11.80
      11.10      11.10      11.50      12.00      12.00      11.90      12.20      12.70      13.10      13.20
      13.10      13.30      13.70
       7.50       7.40       7.50       7.20       6.50       5.90       6.10       7.10       8.30       8.40
       7.20       5.40       4.40       4.50       4.90       4.70       3.90       3.20       2.90       2.50
       1.60       0.80       0.90       1.80       2.80       3.40       3.80       4.20       4.40       4.40
       4.20       3.90       3.60       3.50       3.80       4.70       5.60       6.00       6.10       6.20
       6.60       6.90       6.70       6.30       6.20       6.60       7.50       8.40       9.10       9.60
       9.90      10.40      10.80      11.00      11.00      11.10      11.50      11.90      11.70      11.10
      10.50      10.30      10.50      10.70      10.70      10.80      11.30      11.80      12.20      12.20
      12.20      12.30      12.60
       7.90       7.80       8.00       8.40       8.30       7.80       7.50       8.00       9.10       9.90
       9.10       7.20       5.70       5.90       7.20       7.80       6.70       4.80       3.20       2.30
       1.70       1.60       2.20       3.30       4.30       4.70       5.00       5.50       6.00       6.10
       5.50       4.60       3.70       3.20       3.60       4.80       6.20       7.00       6.90       6.60
       6.40       6.60       6.70       6.80       7.10       7.60       8.40       9.20       9.70      10.00
      10.20      10.50      10.50      10.30       9.90       9.90      10.10      10.30      10.30      10.10
      10.00      10.00      10.00       9.90       9.90      10.20      10.50      10.60      10.70      10.70
      10.90      11.20      11.40
       9.40       9.00       9.00       9.50       9.90       9.90       9.40       9.20       9.80      10.90
      11.00       9.40       7.80       7.80       9.50      10.70       9.70       7.20       5.00       3.80
       3.40       3.50       4.40       5.50       6.20       6.00       5.50       5.50       5.90       6.10
       5.90       5.20       4.60       4.20       4.70       5.90       7.20       7.70       7.40       6.70
       6.20       6.30       6.80       7.40       8.00       8.60       9.10       9.50       9.80      10.00
      10.20      10.20       9.80       9.20       8.80       8.80       9.00       9.10       9.00       9.00
       9.20       9.30       9.20       9.00       9.30       9.70       9.90       9.60       9.30       9.30
       9.70      10.10      10.20
      10.90      10.40       9.90       9.80      10.30      10.70      10.40       9.70       9.80      10.70
      11.20      10.30       8.80       8.80      10.60      12.20      11.60       9.40       7.30       6.30
       6.00       6.00       6.40       7.10       7.50       7.10       6.20       5.60       5.40       5.40
       5.40       5.50       5.70       5.90       6.40       7.20       7.80       7.80       7.40       7.00
       6.90       7.00       7.40       8.00       8.70       9.20       9.50       9.60       9.60       9.70
       9.80       9.70       9.30       8.70       8.50       8.70       9.00       8.90       8.60       8.50
       8.60       8.50       8.30       8.20       8.70       9.40       9.60       9.30       8.80       8.70
       8.90       9.10       9.10
      11.60      11.30      10.60       9.90      10.00      10.50      10.60      10.10       9.70      10.20
      10.70      10.20       9.00       8.90      10.60      12.30      12.10      10.30       8.70       8.10
       7.90       7.60       7.40       7.60       7.70       7.40       6.90       6.50       6.10       5.90
       5.90       6.20       6.70       7.20       7.60       7.80       7.70       7.40       7.30       7.60
       8.00       8.30       8.30       8.50       9.00       9.70      10.10      10.10       9.90       9.70
       9.60       9.60       9.30       8.90       8.80       9.10       9.50       9.30       8.80       8.50
       8.40       8.30       8.10       8.10       8.50       9.10       9.40       9.20       8.80       8.60
       8.40       8.30       8.10
      11.50      11.50      11.10      10.30       9.90      10.30      10.80      10.70      10.30      10.40
      10.70      10.40       9.50       9.40      10.80      12.00      11.70      10.00       8.60       8.30
       8.40       8.20       7.80       7.50       7.20       6.90       6.70       6.90       7.00       7.00
       7.00       7.20       7.50       7.70       7.80       7.90       7.60       7.30       7.30       8.00
       8.70       9.00       8.70       8.60       9.20      10.10      10.90      10.90      10.40       9.90
       9.60       9.60       9.50       9.20       9.00       9.10       9.30       9.20       8.80       8.50
       8.50       8.60       8.60       8.60       8.70       8.80       8.80       8.60       8.50       8.20
       7.90       7.60       7.40
      11.40      11.50      11.40      10.90      10.20      10.30      10.70      10.80      10.50      10.50
      10.80      10.80      10.60      10.70      11.60      12.10      11.20       9.50       8.20       8.00
       8.20       8.20       8.10       7.90       7.20       6.30       5.90       6.10       6.80       7.20
       7.50       7.60       7.70       7.60       7.60       7.80       7.80       7.60       7.60       8.10
       8.80       9.00       8.70       8.70       9.30      10.40      11.20      11.20      10.60      10.00
       9.80       9.80       9.60       9.30       8.90       8.90       9.00       9.00       8.80       8.60
       8.60       8.80       9.00       9.10       8.90       8.40       8.00       7.80       7.80       7.70
       7.50       7.40       7.30
