diamond 4 20年06月29日8时500百帕温度场
20 06 29  8  500 
2.500  -2.500  .0  180.0   90.0  .0
73  37
    -21.86    -21.86    -21.86    -21.86    -21.86    -21.86    -21.86    -21.86    -21.86    -21.86
    -21.86    -21.86    -21.86    -21.86    -21.86    -21.86    -21.86    -21.86    -21.86    -21.86
    -21.86    -21.86    -21.86    -21.86    -21.86    -21.86    -21.86    -21.86    -21.86    -21.86
    -21.86    -21.86    -21.86    -21.86    -21.86    -21.86    -21.86    -21.86    -21.86    -21.86
    -21.86    -21.86    -21.86    -21.86    -21.86    -21.86    -21.86    -21.86    -21.86    -21.86
    -21.86    -21.86    -21.86    -21.86    -21.86    -21.86    -21.86    -21.86    -21.86    -21.86
    -21.86    -21.86    -21.86    -21.86    -21.86    -21.86    -21.86    -21.86    -21.86    -21.86
    -21.86    -21.86    -21.86
    -21.86    -21.86    -21.96    -21.96    -22.06    -22.16    -22.16    -22.26    -22.26    -22.36
    -22.36    -22.46    -22.56    -22.56    -22.66    -22.66    -22.76    -22.86    -22.86    -22.96
    -22.96    -23.06    -23.06    -23.16    -23.16    -23.16    -23.26    -23.26    -23.26    -23.36
    -23.36    -23.36    -23.36    -23.46    -23.46    -23.46    -23.46    -23.46    -23.46    -23.36
    -23.36    -23.36    -23.36    -23.36    -23.26    -23.26    -23.16    -23.16    -23.06    -23.06
    -22.96    -22.96    -22.86    -22.76    -22.76    -22.66    -22.56    -22.56    -22.46    -22.36
    -22.36    -22.26    -22.16    -22.16    -22.06    -21.96    -21.96    -21.86    -21.76    -21.76
    -21.66    -21.66    -21.56
    -22.66    -22.76    -22.86    -22.96    -23.16    -23.26    -23.36    -23.46    -23.56    -23.66
    -23.76    -23.86    -23.96    -23.96    -24.06    -24.16    -24.16    -24.26    -24.36    -24.36
    -24.46    -24.46    -24.56    -24.56    -24.66    -24.66    -24.76    -24.86    -24.86    -24.86
    -24.96    -24.96    -24.96    -25.06    -25.06    -25.06    -25.06    -25.06    -25.06    -24.96
    -24.96    -24.86    -24.86    -24.76    -24.66    -24.56    -24.46    -24.36    -24.26    -24.16
    -24.06    -23.86    -23.76    -23.66    -23.46    -23.36    -23.16    -22.96    -22.86    -22.66
    -22.56    -22.36    -22.26    -22.06    -21.96    -21.86    -21.66    -21.56    -21.46    -21.36
    -21.26    -21.16    -21.06
    -24.66    -24.96    -25.16    -25.36    -25.56    -25.76    -25.86    -25.96    -26.06    -26.16
    -26.16    -26.16    -26.16    -26.06    -26.06    -25.96    -25.86    -25.76    -25.66    -25.56
    -25.46    -25.36    -25.36    -25.26    -25.16    -25.16    -25.06    -25.06    -24.96    -24.96
    -24.96    -24.96    -24.86    -24.86    -24.86    -24.86    -24.86    -24.76    -24.76    -24.76
    -24.66    -24.66    -24.56    -24.56    -24.46    -24.46    -24.36    -24.26    -24.26    -24.16
    -24.06    -23.96    -23.86    -23.76    -23.66    -23.56    -23.46    -23.36    -23.26    -23.06
    -22.96    -22.76    -22.66    -22.46    -22.36    -22.16    -22.06    -21.96    -21.86    -21.66
    -21.56    -21.46    -21.46
    -26.46    -26.86    -27.16    -27.56    -27.76    -28.06    -28.16    -28.26    -28.36    -28.36
    -28.26    -28.06    -27.86    -27.66    -27.36    -27.06    -26.66    -26.36    -25.96    -25.66
    -25.26    -24.96    -24.66    -24.36    -23.96    -23.76    -23.46    -23.16    -22.96    -22.76
    -22.56    -22.36    -22.16    -22.06    -21.96    -21.76    -21.76    -21.66    -21.56    -21.56
    -21.46    -21.46    -21.46    -21.46    -21.56    -21.66    -21.66    -21.86    -21.96    -22.16
    -22.26    -22.46    -22.66    -22.86    -23.06    -23.26    -23.36    -23.46    -23.56    -23.56
    -23.56    -23.56    -23.46    -23.36    -23.26    -23.16    -22.96    -22.86    -22.76    -22.66
    -22.56    -22.46    -22.46
    -26.16    -26.56    -27.06    -27.46    -27.76    -28.06    -28.26    -28.36    -28.46    -28.36
    -28.16    -27.96    -27.66    -27.36    -26.96    -26.56    -26.06    -25.66    -25.16    -24.76
    -24.26    -23.76    -23.26    -22.66    -22.16    -21.56    -20.96    -20.46    -19.86    -19.36
    -18.86    -18.46    -18.06    -17.76    -17.56    -17.36    -17.16    -17.06    -16.96    -16.86
    -16.86    -16.86    -16.86    -16.96    -17.06    -17.26    -17.46    -17.76    -18.06    -18.56
    -19.06    -19.56    -20.16    -20.76    -21.36    -21.96    -22.46    -22.86    -23.26    -23.56
    -23.86    -23.96    -23.96    -23.96    -23.86    -23.76    -23.66    -23.46    -23.36    -23.16
    -23.06    -22.96    -22.86
    -23.46    -23.86    -24.26    -24.66    -25.06    -25.46    -25.76    -25.96    -26.06    -26.06
    -26.06    -25.96    -25.76    -25.56    -25.36    -25.16    -24.96    -24.76    -24.46    -24.16
    -23.76    -23.26    -22.66    -21.96    -21.16    -20.26    -19.36    -18.46    -17.56    -16.76
    -15.96    -15.26    -14.76    -14.36    -14.06    -13.86    -13.76    -13.76    -13.76    -13.76
    -13.76    -13.76    -13.76    -13.76    -13.76    -13.86    -13.96    -14.16    -14.56    -15.06
    -15.66    -16.36    -17.16    -17.96    -18.86    -19.76    -20.66    -21.46    -22.06    -22.66
    -23.16    -23.46    -23.66    -23.76    -23.76    -23.76    -23.66    -23.56    -23.36    -23.16
    -23.06    -22.86    -22.76
    -19.76    -19.96    -20.26    -20.66    -21.06    -21.46    -21.86    -22.26    -22.56    -22.86
    -23.16    -23.36    -23.56    -23.76    -23.96    -24.16    -24.26    -24.46    -24.46    -24.46
    -24.16    -23.76    -23.16    -22.36    -21.36    -20.26    -19.06    -17.86    -16.66    -15.56
    -14.66    -13.86    -13.36    -12.96    -12.86    -12.76    -12.86    -13.06    -13.26    -13.46
    -13.56    -13.56    -13.56    -13.46    -13.26    -13.06    -12.86    -12.76    -12.86    -13.06
    -13.46    -13.96    -14.66    -15.56    -16.46    -17.46    -18.36    -19.26    -20.16    -20.86
    -21.46    -22.06    -22.46    -22.86    -23.16    -23.46    -23.76    -23.96    -24.06    -24.16
    -24.06    -23.96    -23.76
    -16.66    -16.76    -16.96    -17.16    -17.46    -17.86    -18.26    -18.76    -19.26    -19.86
    -20.46    -21.16    -21.76    -22.46    -23.06    -23.66    -24.16    -24.56    -24.76    -24.86
    -24.76    -24.26    -23.56    -22.66    -21.56    -20.26    -18.96    -17.66    -16.56    -15.46
    -14.66    -14.06    -13.56    -13.26    -13.16    -13.26    -13.46    -13.86    -14.16    -14.46
    -14.76    -14.86    -14.86    -14.66    -14.36    -13.96    -13.56    -13.16    -12.86    -12.76
    -12.76    -13.06    -13.46    -14.06    -14.76    -15.56    -16.36    -17.26    -17.96    -18.76
    -19.46    -20.06    -20.76    -21.56    -22.36    -23.16    -24.06    -24.96    -25.86    -26.56
    -27.06    -27.16    -27.06
    -15.66    -15.46    -15.36    -15.26    -15.16    -15.26    -15.46    -15.86    -16.36    -17.16
    -18.16    -19.26    -20.26    -21.36    -22.26    -23.16    -23.86    -24.36    -24.66    -24.76
    -24.56    -24.06    -23.26    -22.16    -20.96    -19.76    -18.56    -17.56    -16.66    -15.96
    -15.46    -15.06    -14.76    -14.46    -14.26    -14.06    -14.06    -14.26    -14.56    -14.86
    -15.16    -15.36    -15.46    -15.46    -15.16    -14.86    -14.36    -13.96    -13.56    -13.26
    -13.16    -13.16    -13.26    -13.56    -14.06    -14.56    -15.06    -15.66    -16.26    -16.86
    -17.46    -18.16    -18.96    -19.86    -20.96    -22.26    -23.86    -25.56    -27.16    -28.76
    -29.96    -30.76    -30.86
    -16.86    -16.46    -15.96    -15.36    -14.76    -14.26    -13.86    -13.86    -14.26    -14.96
    -16.06    -17.36    -18.76    -20.06    -21.26    -22.26    -23.06    -23.76    -24.16    -24.46
    -24.36    -23.86    -23.16    -22.06    -20.86    -19.66    -18.56    -17.76    -17.26    -17.06
    -16.86    -16.66    -16.26    -15.86    -15.26    -14.66    -14.26    -13.96    -13.96    -14.06
    -14.36    -14.66    -14.86    -14.96    -14.96    -14.86    -14.66    -14.36    -14.06    -13.86
    -13.56    -13.46    -13.46    -13.56    -13.76    -14.06    -14.36    -14.76    -15.16    -15.56
    -16.06    -16.56    -17.16    -18.06    -19.16    -20.56    -22.26    -24.36    -26.56    -28.66
    -30.46    -31.76    -32.26
    -19.26    -18.86    -18.16    -17.26    -16.16    -15.06    -14.06    -13.36    -13.16    -13.56
    -14.46    -15.76    -17.16    -18.46    -19.76    -20.86    -21.86    -22.86    -23.76    -24.56
    -24.96    -24.96    -24.46    -23.56    -22.36    -21.06    -19.86    -19.06    -18.66    -18.46
    -18.36    -18.16    -17.76    -17.06    -16.16    -15.16    -14.26    -13.66    -13.26    -13.26
    -13.46    -13.76    -14.06    -14.26    -14.46    -14.56    -14.66    -14.66    -14.56    -14.36
    -14.06    -13.86    -13.66    -13.66    -13.76    -14.06    -14.36    -14.66    -14.96    -15.16
    -15.36    -15.66    -16.06    -16.56    -17.46    -18.56    -20.06    -21.96    -24.06    -26.16
    -28.16    -29.56    -30.26
    -21.06    -20.76    -20.26    -19.46    -18.36    -16.86    -15.36    -13.96    -13.06    -12.96
    -13.36    -14.36    -15.56    -16.76    -17.86    -18.96    -20.16    -21.46    -22.86    -24.36
    -25.56    -26.26    -26.26    -25.76    -24.66    -23.36    -22.06    -20.96    -20.16    -19.76
    -19.46    -19.16    -18.56    -17.76    -16.66    -15.46    -14.36    -13.56    -13.06    -12.96
    -13.06    -13.36    -13.56    -13.86    -14.26    -14.56    -14.86    -14.96    -14.96    -14.76
    -14.46    -14.16    -14.06    -14.16    -14.46    -14.96    -15.36    -15.76    -15.86    -15.76
    -15.56    -15.46    -15.46    -15.76    -16.26    -17.06    -18.16    -19.56    -21.16    -22.86
    -24.46    -25.66    -26.26
    -21.16    -21.26    -21.16    -20.56    -19.56    -17.86    -15.96    -14.16    -12.76    -12.26
    -12.36    -13.06    -14.06    -14.96    -15.76    -16.56    -17.66    -18.96    -20.66    -22.36
    -23.96    -25.26    -25.96    -26.06    -25.46    -24.56    -23.26    -22.06    -20.96    -20.26
    -19.66    -19.26    -18.66    -17.76    -16.66    -15.36    -14.16    -13.26    -12.66    -12.56
    -12.66    -12.86    -13.16    -13.46    -13.86    -14.26    -14.76    -15.06    -15.06    -14.96
    -14.66    -14.46    -14.56    -14.96    -15.56    -16.46    -17.16    -17.56    -17.56    -17.06
    -16.46    -15.76    -15.36    -15.16    -15.46    -15.96    -16.76    -17.76    -18.96    -20.06
    -21.06    -21.76    -22.06
    -20.26    -20.56    -20.56    -19.96    -18.76    -16.96    -14.76    -12.86    -11.56    -11.06
    -11.36    -12.06    -12.76    -13.46    -13.86    -14.36    -15.16    -16.26    -17.56    -18.96
    -20.26    -21.46    -22.46    -23.06    -23.36    -23.16    -22.46    -21.46    -20.36    -19.56
    -19.06    -18.66    -18.26    -17.46    -16.26    -14.76    -13.36    -12.36    -11.76    -11.56
    -11.76    -12.06    -12.36    -12.66    -13.16    -13.56    -13.96    -14.26    -14.46    -14.46
    -14.36    -14.46    -14.76    -15.46    -16.36    -17.46    -18.36    -18.86    -18.76    -18.06
    -17.06    -16.06    -15.16    -14.66    -14.66    -14.96    -15.66    -16.36    -17.26    -17.96
    -18.46    -18.66    -18.66
    -19.16    -19.46    -19.06    -18.06    -16.46    -14.46    -12.46    -10.96    -10.06    -10.06
    -10.66    -11.36    -11.96    -12.26    -12.46    -12.86    -13.46    -14.36    -15.26    -16.06
    -16.56    -17.06    -17.76    -18.66    -19.56    -20.06    -19.96    -19.36    -18.56    -18.06
    -17.86    -17.96    -17.86    -17.16    -15.76    -13.96    -12.36    -11.16    -10.76    -10.86
    -11.16    -11.56    -11.96    -12.16    -12.36    -12.56    -12.76    -12.86    -13.06    -13.16
    -13.46    -13.96    -14.46    -15.26    -16.06    -16.86    -17.66    -18.16    -18.16    -17.76
    -16.96    -15.96    -14.96    -14.26    -13.86    -13.96    -14.46    -15.06    -15.76    -16.26
    -16.56    -16.66    -16.56
    -17.06    -17.36    -16.76    -15.46    -13.76    -11.96    -10.56     -9.76     -9.56    -10.06
    -10.56    -11.06    -11.16    -11.06    -11.26    -11.76    -12.76    -13.86    -14.66    -14.96
    -14.76    -14.56    -14.76    -15.46    -16.36    -17.16    -17.26    -16.86    -16.46    -16.36
    -16.86    -17.46    -17.66    -16.96    -15.26    -13.06    -11.36    -10.46    -10.56    -11.16
    -11.86    -12.16    -12.26    -12.06    -11.96    -11.76    -11.66    -11.46    -11.46    -11.66
    -12.36    -13.16    -13.86    -14.46    -14.76    -14.96    -15.36    -15.76    -16.16    -16.16
    -15.86    -15.06    -14.16    -13.36    -12.96    -12.86    -13.16    -13.76    -14.36    -14.86
    -15.26    -15.56    -15.86
    -13.36    -13.86    -13.46    -12.46    -11.16    -10.16     -9.66     -9.86    -10.26    -10.86
    -11.06    -10.86    -10.46    -10.06    -10.26    -11.06    -12.36    -13.76    -14.66    -14.96
    -14.66    -14.16    -14.16    -14.56    -15.16    -15.56    -15.46    -14.96    -14.66    -15.16
    -16.26    -17.36    -17.66    -16.66    -14.46    -12.06    -10.36    -10.16    -10.96    -12.16
    -12.96    -13.06    -12.56    -12.06    -11.66    -11.46    -11.16    -10.76    -10.46    -10.56
    -11.16    -12.16    -13.06    -13.46    -13.46    -13.36    -13.46    -13.76    -14.16    -14.36
    -14.06    -13.26    -12.26    -11.46    -10.96    -10.96    -11.46    -12.06    -12.66    -13.26
    -13.96    -14.76    -15.86
     -9.06     -9.86     -9.86     -9.46     -8.96     -8.86     -9.46    -10.36    -11.36    -11.76
    -11.56    -10.86    -10.06     -9.66     -9.86    -10.76    -12.06    -13.26    -14.16    -14.66
    -14.76    -14.66    -14.76    -14.96    -15.16    -15.06    -14.46    -13.66    -13.46    -14.16
    -15.66    -16.96    -17.26    -15.86    -13.26    -10.66     -9.26     -9.46    -10.86    -12.46
    -13.26    -12.86    -11.96    -11.26    -11.06    -11.26    -11.36    -10.96    -10.26     -9.86
    -10.16    -10.96    -11.96    -12.46    -12.66    -12.66    -12.96    -13.36    -13.66    -13.26
    -12.16    -10.66     -9.26     -8.26     -7.96     -8.46     -9.26    -10.26    -10.96    -11.56
    -12.36    -13.56    -15.16
     -6.66     -7.56     -7.76     -7.46     -7.36     -7.86     -8.96    -10.46    -11.66    -12.06
    -11.66    -10.66     -9.86     -9.56     -9.96    -10.66    -11.36    -12.06    -12.76    -13.46
    -14.16    -14.76    -15.06    -15.16    -14.96    -14.26    -13.36    -12.46    -12.26    -12.96
    -14.36    -15.66    -15.86    -14.46    -11.96     -9.46     -7.96     -8.16     -9.56    -11.06
    -11.76    -11.26    -10.26     -9.56     -9.86    -10.76    -11.46    -11.26    -10.36     -9.36
     -9.16     -9.56    -10.36    -11.06    -11.66    -12.26    -13.16    -13.86    -13.76    -12.56
    -10.46     -8.16     -6.36     -5.36     -5.46     -6.26     -7.46     -8.76     -9.56    -10.16
    -10.76    -11.76    -13.46
     -7.06     -7.66     -7.66     -7.26     -6.96     -7.26     -8.36     -9.86    -11.06    -11.36
    -10.66     -9.56     -8.76     -8.56     -8.86     -9.26     -9.46     -9.66    -10.16    -11.16
    -12.46    -13.56    -14.06    -13.96    -13.46    -12.66    -11.76    -11.06    -10.76    -11.26
    -12.26    -13.36    -13.76    -12.96    -11.16     -8.86     -7.16     -6.56     -7.06     -8.06
     -8.76     -8.66     -7.96     -7.56     -8.06     -9.16    -10.06    -10.06     -9.26     -8.26
     -7.76     -7.96     -8.56     -9.16     -9.86    -10.96    -12.26    -13.16    -12.86    -11.16
     -8.66     -6.36     -4.86     -4.36     -4.66     -5.46     -6.46     -7.66     -8.56     -9.06
     -9.56    -10.26    -11.26
     -8.96     -9.16     -8.86     -8.26     -7.76     -7.56     -8.06     -8.96     -9.56     -9.46
     -8.46     -7.06     -5.86     -5.46     -5.56     -5.66     -5.66     -5.66     -6.26     -7.56
     -9.26    -10.56    -11.16    -11.06    -10.76    -10.26     -9.86     -9.56     -9.36     -9.46
    -10.06    -10.86    -11.56    -11.56    -10.76     -9.06     -6.96     -5.16     -4.46     -4.76
     -5.46     -5.86     -5.66     -5.36     -5.56     -6.16     -6.86     -6.96     -6.56     -6.06
     -5.96     -6.36     -6.76     -7.16     -7.56     -8.56     -9.86    -10.66    -10.36     -8.76
     -6.76     -5.26     -4.76     -4.86     -5.26     -5.46     -5.76     -6.36     -7.16     -7.96
     -8.66     -9.16     -9.56
    -10.36    -10.36    -10.16     -9.66     -9.06     -8.56     -8.06     -7.86     -7.56     -6.76
     -5.36     -3.56     -2.16     -1.56     -1.46     -1.46     -1.46     -1.56     -2.26     -3.56
     -4.96     -6.16     -6.86     -7.26     -7.56     -7.86     -7.96     -7.96     -7.86     -7.86
     -8.06     -8.56     -9.26     -9.86     -9.86     -8.86     -6.76     -4.36     -2.56     -2.16
     -2.76     -3.46     -3.56     -3.26     -2.96     -3.06     -3.26     -3.46     -3.46     -3.66
     -4.26     -4.96     -5.36     -5.46     -5.56     -6.06     -7.06     -7.76     -7.46     -6.36
     -5.06     -4.56     -4.86     -5.56     -5.66     -5.26     -4.66     -4.66     -5.26     -6.36
     -7.46     -8.26     -8.56
    -10.86    -10.66    -10.56    -10.36     -9.96     -8.96     -7.76     -6.46     -5.26     -3.86
     -2.26     -0.76      0.34      0.74      0.74      0.44      0.24     -0.06     -0.46     -1.06
     -1.56     -2.26     -3.06     -4.06     -5.06     -5.86     -6.06     -5.96     -5.86     -5.96
     -6.26     -6.56     -6.96     -7.36     -7.56     -7.06     -5.66     -3.56     -1.76     -1.06
     -1.36     -1.96     -2.06     -1.66     -1.36     -1.26     -1.36     -1.66     -1.96     -2.56
     -3.36     -4.26     -4.56     -4.46     -4.26     -4.56     -5.26     -5.86     -6.06     -5.46
     -4.76     -4.56     -4.86     -5.16     -5.06     -4.36     -3.66     -3.36     -3.76     -4.86
     -6.16     -7.26     -7.76
    -10.66    -10.36    -10.26    -10.06     -9.36     -8.06     -6.36     -4.66     -3.06     -1.56
     -0.26      0.54      0.84      0.54     -0.16     -0.96     -1.66     -1.96     -1.76     -1.16
     -0.46     -0.26     -0.96     -2.46     -3.96     -4.56     -4.26     -3.56     -3.36     -3.76
     -4.36     -4.66     -4.56     -4.36     -4.36     -4.16     -3.66     -2.76     -1.86     -1.36
     -1.26     -1.36     -1.26     -0.96     -0.96     -1.26     -1.56     -1.86     -2.36     -3.06
     -3.86     -4.46     -4.66     -4.36     -4.06     -4.06     -4.66     -5.56     -6.36     -6.56
     -6.26     -5.56     -4.96     -4.46     -4.06     -3.66     -3.36     -3.36     -3.76     -4.56
     -5.46     -6.36     -6.96
     -9.76     -9.66     -9.46     -8.96     -7.76     -6.06     -4.36     -2.86     -1.46     -0.26
      0.54      0.74      0.14     -0.86     -2.26     -3.66     -4.86     -5.26     -4.46     -2.66
     -0.86      0.04     -0.56     -2.06     -3.36     -3.46     -2.56     -1.46     -1.16     -1.86
     -2.96     -3.46     -3.26     -2.56     -1.96     -1.76     -1.86     -1.96     -2.06     -1.96
     -1.76     -1.36     -0.96     -0.86     -1.36     -1.96     -2.46     -2.76     -3.16     -3.86
     -4.66     -5.06     -5.06     -4.66     -4.36     -4.26     -4.76     -5.96     -7.46     -8.56
     -8.56     -7.36     -5.56     -4.16     -3.56     -3.66     -3.96     -4.46     -4.86     -5.26
     -5.66     -6.16     -6.56
     -8.46     -8.56     -8.66     -7.96     -6.36     -4.36     -2.76     -1.76     -0.96     -0.16
      0.24     -0.06     -1.06     -2.36     -3.96     -5.76     -6.96     -7.16     -5.76     -3.36
     -1.16     -0.06     -0.56     -1.76     -2.66     -2.46     -1.36     -0.46     -0.56     -1.46
     -2.66     -3.46     -3.36     -2.66     -1.86     -1.36     -1.36     -1.76     -2.06     -2.26
     -1.96     -1.46     -0.96     -0.96     -1.66     -2.36     -2.66     -2.66     -2.96     -3.76
     -4.66     -5.06     -4.96     -4.66     -4.56     -4.56     -4.96     -6.26     -8.16     -9.86
     -9.96     -8.46     -6.16     -4.36     -3.76     -3.96     -4.56     -5.16     -5.66     -6.06
     -6.36     -6.56     -6.66
     -7.16     -7.36     -7.96     -7.66     -6.16     -4.16     -2.76     -1.96     -1.46     -1.26
     -1.36     -2.06     -3.06     -4.16     -5.46     -6.76     -7.66     -7.26     -5.56     -3.16
     -1.26     -0.36     -0.56     -1.26     -1.66     -1.46     -1.06     -0.96     -1.36     -2.26
     -3.16     -3.86     -3.96     -3.66     -3.06     -2.56     -2.16     -2.06     -2.16     -2.26
     -2.06     -1.66     -1.26     -1.36     -1.96     -2.56     -2.66     -2.36     -2.46     -3.16
     -3.96     -4.36     -4.36     -4.36     -4.56     -4.66     -5.06     -6.16     -8.06     -9.56
     -9.66     -8.06     -5.86     -4.36     -3.96     -4.36     -4.76     -5.26     -5.76     -6.36
     -6.76     -6.96     -6.96
     -6.16     -6.16     -7.16     -7.76     -6.96     -5.46     -4.16     -3.26     -2.86     -3.06
     -3.96     -5.06     -5.86     -6.36     -6.86     -7.66     -7.86     -7.06     -5.26     -3.56
     -2.36     -1.56     -1.16     -0.76     -0.76     -0.86     -1.36     -1.86     -2.56     -3.06
     -3.46     -3.76     -4.06     -4.26     -4.26     -3.86     -3.36     -2.76     -2.46     -2.46
     -2.46     -2.36     -2.06     -2.06     -2.56     -3.16     -3.26     -2.86     -2.66     -3.16
     -3.76     -4.06     -4.06     -4.16     -4.56     -4.86     -5.16     -5.96     -7.26     -8.26
     -7.86     -6.36     -4.76     -4.06     -4.16     -4.56     -4.96     -5.26     -5.76     -6.46
     -6.96     -7.16     -6.96
     -5.56     -5.06     -6.16     -7.26     -7.46     -6.86     -5.86     -4.96     -4.56     -4.96
     -6.26     -7.56     -8.06     -7.76     -7.76     -7.96     -7.96     -7.06     -5.86     -5.06
     -4.46     -3.56     -1.96     -0.56     -0.16     -0.66     -1.56     -2.46     -2.96     -3.06
     -3.06     -3.16     -3.56     -4.16     -4.56     -4.56     -4.16     -3.46     -2.96     -2.86
     -3.16     -3.36     -3.06     -2.86     -3.16     -3.76     -4.06     -3.76     -3.56     -3.86
     -4.46     -4.66     -4.46     -4.56     -4.76     -4.96     -5.06     -5.56     -6.36     -6.66
     -6.06     -4.66     -3.66     -3.56     -4.06     -4.66     -5.16     -5.66     -6.16     -6.56
     -6.76     -6.76     -6.56
     -5.16     -4.46     -5.16     -6.36     -7.16     -7.26     -6.96     -6.26     -5.86     -6.26
     -7.46     -8.46     -8.36     -7.76     -7.36     -7.46     -7.36     -6.76     -6.26     -6.36
     -6.16     -4.66     -2.26     -0.36     -0.06     -0.86     -1.96     -2.56     -2.76     -2.76
     -2.66     -2.76     -3.26     -3.96     -4.56     -4.86     -4.56     -3.96     -3.36     -3.36
     -3.86     -4.16     -3.86     -3.36     -3.36     -3.86     -4.26     -4.16     -4.06     -4.46
     -5.06     -5.16     -4.96     -4.86     -4.86     -4.86     -4.86     -5.06     -5.56     -5.56
     -4.86     -3.86     -3.26     -3.36     -3.76     -4.26     -4.96     -5.76     -6.36     -6.46
     -6.26     -5.96     -5.76
     -4.96     -4.36     -4.76     -5.66     -6.46     -7.06     -7.26     -7.06     -6.76     -6.86
     -7.46     -7.86     -7.46     -6.86     -6.56     -6.56     -6.26     -5.66     -5.66     -6.16
     -6.16     -4.66     -2.36     -0.86     -1.06     -2.06     -2.76     -2.96     -2.96     -3.06
     -3.06     -3.16     -3.36     -3.96     -4.56     -4.86     -4.66     -4.06     -3.66     -3.76
     -4.36     -4.86     -4.46     -3.76     -3.56     -3.96     -4.26     -4.16     -4.06     -4.46
     -4.96     -5.06     -4.76     -4.56     -4.56     -4.56     -4.46     -4.76     -5.06     -4.96
     -4.26     -3.56     -3.36     -3.46     -3.46     -3.76     -4.46     -5.46     -6.06     -6.06
     -5.56     -5.26     -5.16
     -4.66     -4.56     -4.86     -5.46     -5.96     -6.56     -6.96     -7.16     -7.16     -7.16
     -7.16     -7.06     -6.66     -6.36     -6.36     -6.26     -5.56     -4.76     -4.56     -5.16
     -5.46     -4.56     -3.26     -2.96     -3.66     -4.36     -4.26     -3.96     -3.96     -4.26
     -4.26     -3.96     -3.76     -3.96     -4.36     -4.66     -4.46     -4.16     -3.86     -4.06
     -4.76     -5.26     -5.16     -4.56     -4.46     -4.66     -4.86     -4.56     -4.46     -4.66
     -4.86     -4.66     -4.36     -4.26     -4.36     -4.46     -4.56     -4.76     -4.86     -4.66
     -3.96     -3.56     -3.66     -3.76     -3.66     -3.56     -4.06     -5.06     -5.66     -5.76
     -5.46     -5.16     -5.06
     -4.06     -4.26     -4.76     -5.16     -5.46     -5.76     -6.16     -6.66     -6.96     -7.06
     -6.96     -6.66     -6.26     -6.26     -6.36     -6.16     -5.36     -4.46     -4.26     -4.76
     -5.26     -5.36     -5.36     -5.96     -6.76     -6.66     -5.86     -5.16     -5.26     -5.76
     -5.76     -5.06     -4.36     -4.06     -4.16     -4.26     -4.36     -4.26     -4.16     -4.46
     -5.16     -5.66     -5.76     -5.56     -5.56     -5.76     -5.76     -5.46     -5.26     -5.36
     -5.36     -4.96     -4.66     -4.66     -4.86     -4.86     -4.86     -5.06     -5.06     -4.56
     -3.96     -3.76     -4.16     -4.46     -4.26     -4.06     -4.36     -5.06     -5.66     -5.86
     -5.86     -5.66     -5.26
     -3.56     -3.76     -4.26     -4.76     -4.96     -5.06     -5.36     -5.96     -6.46     -6.86
     -6.86     -6.46     -5.96     -5.76     -5.66     -5.56     -5.16     -4.66     -4.56     -4.96
     -5.56     -6.06     -6.86     -7.66     -8.06     -7.46     -6.36     -5.66     -5.96     -6.66
     -6.76     -6.26     -5.46     -4.76     -4.46     -4.36     -4.66     -4.86     -4.96     -5.06
     -5.46     -5.86     -6.06     -6.06     -5.96     -6.06     -5.96     -5.76     -5.76     -5.86
     -5.76     -5.56     -5.46     -5.66     -5.66     -5.46     -5.16     -5.26     -5.16     -4.76
     -4.26     -4.26     -4.66     -4.96     -4.76     -4.66     -4.86     -5.36     -5.76     -5.96
     -6.06     -5.96     -5.36
     -3.66     -3.86     -4.16     -4.56     -4.86     -5.06     -5.36     -5.66     -6.06     -6.36
     -6.46     -6.16     -5.46     -4.86     -4.66     -4.86     -5.06     -4.96     -4.86     -4.86
     -5.26     -5.86     -6.56     -7.06     -7.06     -6.36     -5.56     -5.26     -5.76     -6.46
     -6.86     -6.76     -6.46     -5.86     -5.26     -5.16     -5.46     -5.86     -5.86     -5.66
     -5.76     -5.96     -6.16     -6.06     -5.76     -5.46     -5.26     -5.26     -5.46     -5.66
     -5.56     -5.46     -5.56     -5.86     -5.76     -5.36     -5.06     -5.16     -5.26     -5.06
     -4.76     -4.76     -4.96     -4.86     -4.56     -4.56     -4.96     -5.36     -5.46     -5.46
     -5.56     -5.56     -5.16
     -4.26     -4.46     -4.56     -4.76     -5.16     -5.66     -5.96     -5.86     -5.86     -5.96
     -5.96     -5.56     -4.76     -4.16     -4.26     -4.86     -5.36     -5.36     -4.96     -4.66
     -4.66     -5.06     -5.36     -5.36     -5.06     -4.56     -4.46     -4.56     -4.96     -5.36
     -5.86     -6.36     -6.56     -6.26     -5.76     -5.66     -6.16     -6.56     -6.46     -6.16
     -5.96     -6.06     -6.06     -5.76     -5.36     -4.96     -4.76     -4.96     -5.26     -5.46
     -5.16     -4.96     -5.06     -5.26     -5.16     -4.86     -4.86     -5.06     -5.26     -5.16
     -5.16     -5.16     -5.06     -4.46     -4.06     -4.16     -4.66     -4.96     -4.76     -4.56
     -4.66     -4.76     -4.66
