diamond 4 20年06月28日20时925百帕相对湿度
20 06 28  20  925 
2.500 -2.500  .0  180.0   90.0  .0
73  37
      58.00      58.00      58.00      58.00      58.00      58.00      58.00      58.00      58.00      58.00
      58.00      58.00      58.00      58.00      58.00      58.00      58.00      58.00      58.00      58.00
      58.00      58.00      58.00      58.00      58.00      58.00      58.00      58.00      58.00      58.00
      58.00      58.00      58.00      58.00      58.00      58.00      58.00      58.00      58.00      58.00
      58.00      58.00      58.00      58.00      58.00      58.00      58.00      58.00      58.00      58.00
      58.00      58.00      58.00      58.00      58.00      58.00      58.00      58.00      58.00      58.00
      58.00      58.00      58.00      58.00      58.00      58.00      58.00      58.00      58.00      58.00
      58.00      58.00      58.00
      48.00      48.00      49.00      49.00      50.00      51.00      51.00      52.00      53.00      54.00
      55.00      56.00      57.00      59.00      60.00      61.00      63.00      64.00      65.00      67.00
      68.00      70.00      71.00      72.00      74.00      75.00      77.00      78.00      80.00      81.00
      83.00      84.00      86.00      87.00      89.00      90.00      91.00      92.00      93.00      94.00
      95.00      95.00      96.00      96.00      96.00      96.00      96.00      96.00      96.00      96.00
      95.00      95.00      94.00      94.00      93.00      92.00      91.00      90.00      89.00      88.00
      87.00      85.00      84.00      83.00      81.00      80.00      78.00      76.00      75.00      73.00
      71.00      69.00      68.00
      50.00      51.00      53.00      54.00      56.00      57.00      59.00      61.00      62.00      64.00
      65.00      66.00      68.00      70.00      71.00      73.00      75.00      76.00      78.00      80.00
      82.00      84.00      86.00      88.00      90.00      91.00      93.00      94.00      96.00      97.00
      98.00      98.00      99.00      99.00     100.00     100.00     100.00     100.00     100.00     100.00
     100.00     100.00     100.00     100.00     100.00     100.00     100.00     100.00     100.00     100.00
     100.00      99.00      99.00      98.00      98.00      98.00      97.00      97.00      97.00      97.00
      97.00      96.00      96.00      95.00      94.00      93.00      91.00      89.00      86.00      83.00
      80.00      77.00      75.00
      59.00      62.00      66.00      70.00      74.00      77.00      81.00      83.00      86.00      87.00
      89.00      89.00      89.00      89.00      88.00      87.00      87.00      86.00      86.00      85.00
      85.00      85.00      85.00      85.00      85.00      84.00      84.00      83.00      81.00      80.00
      78.00      76.00      75.00      73.00      72.00      71.00      71.00      71.00      72.00      72.00
      74.00      75.00      77.00      78.00      79.00      80.00      81.00      81.00      81.00      81.00
      81.00      81.00      81.00      82.00      83.00      84.00      86.00      88.00      90.00      92.00
      94.00      95.00      96.00      96.00      95.00      93.00      91.00      88.00      85.00      81.00
      77.00      73.00      69.00
      62.00      62.00      63.00      66.00      71.00      76.00      82.00      87.00      92.00      95.00
      97.00      98.00      97.00      95.00      93.00      89.00      86.00      82.00      78.00      75.00
      73.00      72.00      71.00      71.00      71.00      72.00      72.00      72.00      72.00      71.00
      70.00      68.00      66.00      64.00      62.00      59.00      58.00      56.00      55.00      53.00
      53.00      52.00      53.00      53.00      54.00      55.00      57.00      58.00      60.00      62.00
      64.00      67.00      70.00      74.00      78.00      83.00      87.00      91.00      94.00      96.00
      96.00      96.00      93.00      90.00      85.00      80.00      75.00      70.00      65.00      60.00
      56.00      52.00      48.00
      64.00      61.00      61.00      63.00      65.00      69.00      72.00      76.00      81.00      86.00
      90.00      94.00      97.00      97.00      95.00      91.00      86.00      79.00      73.00      66.00
      61.00      59.00      60.00      63.00      67.00      71.00      76.00      81.00      84.00      87.00
      89.00      89.00      89.00      88.00      86.00      83.00      79.00      75.00      70.00      64.00
      60.00      55.00      52.00      50.00      49.00      48.00      48.00      47.00      48.00      48.00
      51.00      56.00      63.00      72.00      80.00      88.00      94.00      98.00      98.00      96.00
      90.00      84.00      76.00      68.00      60.00      54.00      50.00      47.00      46.00      46.00
      47.00      48.00      49.00
      66.00      65.00      64.00      64.00      63.00      64.00      66.00      70.00      74.00      79.00
      84.00      89.00      93.00      93.00      91.00      85.00      76.00      66.00      56.00      50.00
      48.00      50.00      54.00      60.00      68.00      75.00      81.00      86.00      88.00      89.00
      88.00      86.00      83.00      79.00      75.00      71.00      68.00      64.00      61.00      58.00
      57.00      56.00      56.00      57.00      58.00      59.00      60.00      61.00      59.00      55.00
      54.00      56.00      61.00      68.00      75.00      81.00      83.00      83.00      80.00      75.00
      67.00      58.00      49.00      40.00      35.00      32.00      32.00      34.00      38.00      43.00
      48.00      53.00      57.00
      56.00      55.00      54.00      54.00      54.00      55.00      58.00      62.00      66.00      71.00
      75.00      80.00      86.00      91.00      92.00      88.00      79.00      68.00      59.00      53.00
      52.00      55.00      61.00      69.00      76.00      82.00      84.00      83.00      79.00      75.00
      71.00      67.00      64.00      59.00      55.00      50.00      45.00      41.00      38.00      37.00
      37.00      38.00      41.00      44.00      48.00      52.00      55.00      58.00      60.00      62.00
      63.00      65.00      67.00      69.00      69.00      66.00      64.00      63.00      63.00      64.00
      64.00      62.00      62.00      62.00      64.00      66.00      68.00      69.00      71.00      73.00
      76.00      79.00      81.00
      63.00      67.00      69.00      71.00      75.00      79.00      79.00      76.00      73.00      71.00
      73.00      78.00      86.00      94.00      99.00      98.00      89.00      75.00      62.00      55.00
      54.00      60.00      71.00      83.00      90.00      90.00      82.00      70.00      59.00      52.00
      50.00      52.00      52.00      51.00      48.00      45.00      45.00      50.00      61.00      52.00
      29.00      29.00      33.00      38.00      44.00      49.00      52.00      53.00      54.00      55.00
      52.00      59.00      64.00      65.00      59.00      55.00      52.00      52.00      53.00      56.00
      58.00      61.00      67.00      75.00      83.00      88.00      91.00      93.00      94.00      95.00
      97.00      99.00      99.00
      67.00      73.00      78.00      80.00      83.00      81.00      77.00      69.00      63.00      61.00
      63.00      67.00      74.00      83.00      92.00      97.00      95.00      85.00      74.00      68.00
      69.00      77.00      87.00      95.00      95.00      89.00      79.00      69.00      61.00      59.00
      62.00      64.00      63.00      60.00      56.00      56.00      67.00      82.00      81.00      80.00
      71.00      50.00      45.00      51.00      62.00      62.00      52.00      47.00      44.00      40.00
      46.00      75.00      71.00      69.00      67.00      67.00      68.00      67.00      60.00      54.00
      56.00      55.00      56.00      59.00      63.00      67.00      71.00      75.00      80.00      83.00
      85.00      85.00      84.00
      70.00      76.00      77.00      74.00      72.00      78.00      78.00      71.00      67.00      64.00
      65.00      65.00      66.00      70.00      76.00      84.00      90.00      91.00      91.00      91.00
      92.00      94.00      94.00      88.00      80.00      78.00      74.00      69.00      77.00      86.00
      90.00      87.00      80.00      73.00      66.00      60.00      55.00      55.00      51.00      51.00
      54.00      56.00      57.00      66.00      71.00      64.00      49.00      40.00      35.00      28.00
      31.00      72.00      77.00      75.00      72.00      70.00      68.00      67.00      67.00      66.00
      52.00      48.00      47.00      49.00      54.00      60.00      64.00      72.00      81.00      89.00
      93.00      91.00      89.00
      94.00      91.00      85.00      82.00      88.00      90.00      86.00      63.00      48.00      47.00
      50.00      54.00      58.00      61.00      63.00      67.00      71.00      74.00      75.00      76.00
      79.00      84.00      88.00      83.00      74.00      65.00      63.00      74.00      91.00     100.00
      99.00      85.00      70.00      60.00      55.00      53.00      50.00      45.00      38.00      35.00
      38.00      47.00      57.00      64.00      68.00      64.00      55.00      47.00      44.00      37.00
      30.00      28.00      29.00      34.00      51.00      77.00      72.00      71.00      74.00      75.00
      72.00      68.00      64.00      60.00      55.00      56.00      55.00      58.00      63.00      72.00
      75.00      75.00      81.00
      92.00      87.00      90.00      96.00      95.00      88.00      74.00      52.00      45.00      45.00
      50.00      59.00      64.00      62.00      56.00      55.00      59.00      66.00      70.00      72.00
      75.00      81.00      87.00      81.00      72.00      66.00      66.00      71.00      80.00      94.00
      99.00      86.00      67.00      54.00      47.00      46.00      49.00      48.00      43.00      36.00
      32.00      36.00      46.00      54.00      57.00      60.00      64.00      58.00      54.00      54.00
      54.00      55.00      54.00      54.00      64.00      74.00      73.00      79.00      76.00      57.00
      48.00      47.00      47.00      46.00      50.00      57.00      63.00      66.00      70.00      71.00
      69.00      66.00      71.00
      90.00      82.00      74.00      75.00      78.00      75.00      65.00      56.00      53.00      57.00
      62.00      68.00      66.00      59.00      52.00      48.00      51.00      55.00      58.00      62.00
      70.00      78.00      83.00      89.00      92.00      85.00      72.00      57.00      54.00      69.00
      93.00     100.00      83.00      56.00      46.00      47.00      53.00      59.00      60.00      56.00
      52.00      45.00      49.00      74.00      86.00      87.00      83.00      80.00      78.00      76.00
      72.00      69.00      68.00      70.00      74.00      76.00      82.00      76.00      82.00      87.00
      83.00      76.00      66.00      56.00      57.00      54.00      53.00      54.00      56.00      56.00
      56.00      57.00      63.00
      98.00      94.00      88.00      84.00      83.00      78.00      69.00      62.00      61.00      69.00
      78.00      83.00      79.00      70.00      59.00      54.00      54.00      54.00      52.00      55.00
      63.00      69.00      72.00      84.00     100.00     100.00      86.00      60.00      47.00      54.00
      73.00      86.00      71.00      51.00      48.00      54.00      59.00      70.00      87.00      93.00
      87.00      67.00      64.00      95.00     100.00      97.00      88.00      83.00      81.00      80.00
      76.00      69.00      64.00      67.00      76.00      83.00      95.00      99.00      94.00      87.00
      85.00      81.00      62.00      43.00      44.00      38.00      38.00      39.00      40.00      43.00
      45.00      47.00      53.00
      85.00      87.00      89.00      88.00      82.00      74.00      65.00      60.00      59.00      65.00
      73.00      78.00      74.00      63.00      53.00      52.00      55.00      59.00      62.00      62.00
      63.00      63.00      60.00      61.00      72.00      76.00      67.00      55.00      49.00      52.00
      55.00      54.00      56.00      59.00      63.00      75.00      75.00      71.00      74.00      82.00
      89.00      92.00      87.00      88.00      83.00      72.00      63.00      61.00      66.00      79.00
      74.00      62.00      65.00      69.00      74.00      78.00      81.00      83.00      71.00      55.00
      50.00      52.00      47.00      39.00      36.00      37.00      40.00      41.00      42.00      44.00
      46.00      49.00      59.00
      81.00      89.00      93.00      88.00      86.00      80.00      71.00      66.00      66.00      73.00
      77.00      70.00      63.00      53.00      44.00      42.00      44.00      44.00      43.00      41.00
      40.00      41.00      44.00      48.00      50.00      49.00      46.00      44.00      41.00      39.00
      33.00      27.00      24.00      29.00      49.00      79.00      95.00      83.00      71.00      71.00
      76.00      83.00      81.00      71.00      54.00      40.00      33.00      31.00      38.00      61.00
      82.00      80.00      81.00      72.00      68.00      73.00      73.00      69.00      57.00      36.00
      27.00      31.00      37.00      38.00      37.00      37.00      41.00      46.00      51.00      54.00
      52.00      54.00      61.00
      89.00      90.00      90.00      96.00      95.00      80.00      66.00      71.00      70.00      79.00
      68.00      58.00      53.00      44.00      37.00      34.00      31.00      26.00      24.00      26.00
      30.00      34.00      35.00      33.00      33.00      33.00      32.00      27.00      21.00      20.00
      24.00      24.00      20.00      23.00      38.00      58.00      65.00      56.00      45.00      35.00
      33.00      39.00      43.00      39.00      32.00      29.00      26.00      22.00      24.00      37.00
      57.00      77.00      87.00      79.00      79.00      84.00      85.00      90.00      76.00      55.00
      51.00      58.00      69.00      73.00      66.00      55.00      49.00      51.00      56.00      57.00
      53.00      49.00      47.00
      99.00      82.00      71.00      77.00      77.00      60.00      51.00      56.00      66.00      66.00
      54.00      51.00      46.00      38.00      38.00      40.00      39.00      34.00      32.00      31.00
      31.00      30.00      30.00      29.00      31.00      34.00      35.00      29.00      20.00      21.00
      35.00      53.00      62.00      73.00      82.00      60.00      33.00      22.00      18.00      18.00
      20.00      24.00      23.00      22.00      24.00      27.00      27.00      22.00      20.00      27.00
      41.00      62.00      86.00      95.00      95.00      96.00     100.00     100.00     100.00      91.00
      92.00      99.00     100.00     100.00     100.00      96.00      69.00      51.00      49.00      56.00
      60.00      58.00      54.00
      76.00      66.00      55.00      49.00      47.00      47.00      43.00      46.00      56.00      54.00
      48.00      47.00      46.00      53.00      60.00      62.00      82.00      80.00      53.00      34.00
      26.00      16.00      19.00      30.00      33.00      20.00      15.00      21.00      24.00      36.00
      71.00      99.00      88.00      85.00      76.00      41.00      17.00      12.00      16.00      26.00
      33.00      32.00      25.00      29.00      47.00      66.00      65.00      50.00      38.00      38.00
      49.00      83.00      91.00      93.00      99.00      98.00      95.00      99.00     100.00      96.00
      94.00      86.00      75.00      78.00      99.00     100.00      93.00      58.00      40.00      47.00
      59.00      66.00      67.00
      66.00      46.00      43.00      46.00      47.00      41.00      37.00      44.00      53.00      47.00
      43.00      38.00      29.00      35.00      48.00      59.00      76.00      82.00      64.00      52.00
      43.00      18.00      12.00      20.00      29.00      13.00       3.00      12.00      37.00      67.00
      80.00      54.00      33.00      31.00      34.00      29.00      24.00      28.00      33.00      34.00
      31.00      22.00      18.00      36.00      80.00     100.00      82.00      53.00      52.00      48.00
      69.00      91.00      79.00      83.00     100.00     100.00      93.00      93.00      99.00     100.00
     100.00      88.00      62.00      55.00      77.00     100.00     100.00      68.00      38.00      26.00
      27.00      33.00      39.00
      40.00      36.00      48.00      55.00      46.00      36.00      33.00      38.00      49.00      50.00
      46.00      37.00      21.00      24.00      30.00      29.00      30.00      31.00      31.00      41.00
      50.00      26.00      12.00      10.00      21.00      22.00      17.00      24.00      48.00      61.00
      62.00      45.00      34.00      42.00      55.00      46.00      43.00      63.00      68.00      45.00
      22.00      18.00      27.00      56.00      90.00      76.00      52.00      53.00      46.00      40.00
      53.00      74.00      79.00      82.00      83.00      90.00      85.00      84.00      96.00     100.00
      99.00      96.00      76.00      62.00      73.00      97.00     100.00      85.00      64.00      48.00
      29.00      15.00      15.00
      22.00      18.00      17.00      22.00      25.00      24.00      25.00      36.00      50.00      55.00
      52.00      41.00      28.00      29.00      35.00      25.00      18.00      18.00      12.00      14.00
      20.00      19.00      15.00      12.00      12.00      12.00      10.00      14.00      21.00      29.00
      51.00      68.00      57.00      71.00      86.00      61.00      49.00      68.00      80.00      70.00
      50.00      50.00      71.00      97.00     100.00      91.00      89.00      90.00      82.00      64.00
      61.00      72.00      72.00      61.00      57.00      76.00      84.00      94.00      94.00      79.00
      72.00      77.00      78.00      74.00      78.00      91.00      97.00      95.00      96.00      93.00
      78.00      61.00      56.00
       7.00       7.00      11.00      12.00      12.00      16.00      21.00      31.00      49.00      55.00
      55.00      48.00      35.00      33.00      36.00      18.00      13.00      14.00      10.00       9.00
      12.00      13.00      13.00      11.00      10.00      11.00       9.00      10.00      15.00      21.00
      26.00      54.00      73.00      64.00      59.00      61.00      73.00      86.00      96.00      91.00
      85.00      98.00     100.00     100.00     100.00     100.00     100.00     100.00      87.00      72.00
      67.00      66.00      60.00      56.00      63.00      78.00      90.00      87.00      71.00      57.00
      57.00      67.00      75.00      80.00      82.00      84.00      87.00      90.00      97.00     100.00
     100.00     100.00      95.00
       8.00       9.00      11.00      12.00      11.00      13.00      20.00      29.00      37.00      38.00
      40.00      43.00      39.00      33.00      25.00      15.00      14.00      11.00       7.00      10.00
      11.00       8.00       7.00       9.00      10.00       9.00       7.00      12.00      21.00      27.00
      22.00      26.00      49.00      79.00      78.00      65.00      82.00      99.00     100.00      95.00
      95.00     100.00     100.00      93.00      96.00      90.00      85.00      79.00      65.00      56.00
      64.00      75.00      72.00      71.00      78.00      79.00      67.00      55.00      48.00      49.00
      55.00      60.00      66.00      73.00      77.00      77.00      78.00      81.00      86.00      89.00
      90.00      88.00      80.00
       9.00      10.00      10.00      12.00      14.00      14.00      16.00      21.00      28.00      31.00
      30.00      29.00      26.00      20.00      16.00      12.00      10.00       8.00       6.00       9.00
      13.00      11.00      10.00      13.00      12.00       7.00       5.00      11.00      27.00      31.00
      27.00      26.00      29.00      41.00      84.00     100.00     100.00     100.00     100.00      99.00
      94.00      89.00      89.00      89.00      88.00      76.00      74.00      79.00      66.00      49.00
      58.00      68.00      68.00      65.00      63.00      58.00      50.00      50.00      52.00      52.00
      53.00      56.00      60.00      64.00      66.00      66.00      65.00      65.00      67.00      69.00
      67.00      61.00      55.00
       7.00       9.00       9.00      11.00      11.00      11.00      17.00      22.00      25.00      28.00
      22.00      20.00      20.00      16.00      17.00      16.00       9.00       7.00       8.00       6.00
      10.00      16.00      18.00      23.00      30.00      33.00      39.00      41.00      43.00      36.00
      34.00      33.00      32.00      44.00      64.00      73.00      90.00     100.00      95.00      92.00
      92.00      83.00      82.00      84.00      77.00      76.00      77.00      70.00      60.00      54.00
      61.00      60.00      54.00      52.00      50.00      54.00      62.00      66.00      60.00      52.00
      52.00      55.00      59.00      61.00      61.00      61.00      60.00      58.00      59.00      59.00
      58.00      57.00      53.00
       9.00       9.00      10.00      10.00      10.00      11.00      12.00      14.00      16.00      19.00
      12.00      13.00      18.00      13.00      17.00      19.00      11.00       4.00       5.00       4.00
       8.00      17.00      20.00      28.00      46.00      42.00      42.00      56.00      58.00      42.00
      44.00      62.00      62.00      53.00      72.00      84.00      86.00      98.00      90.00      81.00
      85.00      86.00      86.00      71.00      69.00      73.00      61.00      58.00      61.00      66.00
      67.00      63.00      61.00      67.00      70.00      74.00      75.00      68.00      57.00      51.00
      50.00      53.00      57.00      60.00      63.00      65.00      62.00      61.00      62.00      62.00
      62.00      60.00      58.00
       6.00       8.00      11.00      12.00      14.00      16.00      13.00      11.00      13.00      15.00
      11.00      11.00      14.00      11.00      12.00      23.00      16.00       8.00       5.00       8.00
      11.00      19.00      34.00      55.00      75.00      79.00      71.00      64.00      62.00      61.00
      64.00      80.00      77.00      64.00      70.00      77.00      84.00      87.00      84.00      87.00
      88.00      90.00      61.00      63.00      62.00      66.00      65.00      75.00      79.00      64.00
      57.00      62.00      70.00      81.00      79.00      77.00      70.00      64.00      64.00      61.00
      59.00      63.00      67.00      66.00      68.00      71.00      69.00      66.00      66.00      69.00
      70.00      63.00      64.00
      10.00       9.00      10.00      13.00      21.00      30.00      30.00      23.00      15.00      10.00
       9.00       9.00      11.00      16.00      18.00      22.00      15.00      21.00       7.00      10.00
      13.00      27.00      62.00      78.00      81.00      89.00      90.00      82.00      71.00      70.00
      87.00      84.00      73.00      67.00      67.00      73.00      82.00      80.00      77.00      77.00
      81.00      70.00      65.00      65.00      65.00      69.00      78.00      85.00      86.00      77.00
      60.00      60.00      64.00      65.00      62.00      60.00      59.00      62.00      69.00      70.00
      72.00      76.00      72.00      64.00      65.00      71.00      72.00      70.00      69.00      71.00
      69.00      61.00      69.00
      29.00      26.00      23.00      26.00      34.00      48.00      54.00      44.00      29.00      20.00
      18.00      15.00      16.00      33.00      34.00      22.00      26.00      22.00      17.00      29.00
      35.00      49.00      60.00      81.00      79.00      77.00      78.00      84.00      79.00      73.00
      87.00      80.00      64.00      68.00      71.00      79.00      79.00      77.00      80.00      74.00
      72.00      68.00      75.00      76.00      66.00      74.00      89.00      88.00      90.00      94.00
      67.00      63.00      66.00      63.00      61.00      60.00      62.00      66.00      70.00      69.00
      67.00      66.00      63.00      63.00      66.00      69.00      70.00      69.00      69.00      67.00
      66.00      66.00      68.00
      53.00      54.00      53.00      55.00      54.00      60.00      67.00      64.00      60.00      56.00
      49.00      44.00      38.00      50.00      53.00      43.00      26.00      31.00      32.00      29.00
      30.00      45.00      61.00      82.00      79.00      81.00      75.00      81.00      80.00      78.00
      91.00      88.00      80.00      73.00      76.00      77.00      75.00      81.00      85.00      81.00
      86.00      80.00      82.00      83.00      73.00      80.00      97.00      95.00      84.00      81.00
      71.00      68.00      71.00      71.00      70.00      68.00      67.00      69.00      76.00      75.00
      65.00      61.00      60.00      61.00      67.00      74.00      73.00      66.00      65.00      64.00
      69.00      75.00      69.00
      65.00      72.00      82.00      89.00      85.00      74.00      69.00      68.00      82.00      77.00
      76.00      73.00      65.00      63.00      78.00      86.00      41.00      26.00      24.00      20.00
      32.00      67.00      86.00      85.00      80.00      82.00      78.00      74.00      77.00      73.00
      74.00      78.00      79.00      81.00      83.00      82.00      84.00      81.00      80.00      83.00
      85.00      87.00      89.00      81.00      79.00      77.00      78.00      74.00      70.00      69.00
      67.00      66.00      70.00      73.00      72.00      72.00      72.00      72.00      83.00      79.00
      69.00      70.00      68.00      66.00      68.00      74.00      74.00      67.00      69.00      68.00
      70.00      73.00      67.00
      77.00      78.00      75.00      80.00      87.00      91.00      81.00      78.00      80.00      81.00
      78.00      74.00      71.00      79.00      71.00      62.00      42.00      31.00      29.00      35.00
      67.00      82.00      79.00      74.00      76.00      78.00      70.00      63.00      66.00      77.00
      79.00      76.00      79.00      76.00      74.00      84.00      85.00      64.00      61.00      80.00
      77.00      75.00      80.00      71.00      72.00      63.00      60.00      62.00      63.00      62.00
      70.00      69.00      72.00      77.00      75.00      74.00      72.00      74.00      88.00      89.00
      82.00      84.00      80.00      80.00      78.00      76.00      76.00      78.00      82.00      74.00
      73.00      75.00      69.00
      81.00      79.00      77.00      82.00      94.00      96.00      89.00      82.00      82.00      84.00
      81.00      74.00      84.00      72.00      50.00      43.00      45.00      45.00      53.00      71.00
      85.00      80.00      77.00      70.00      69.00      72.00      72.00      73.00      67.00      77.00
      84.00      85.00      85.00      77.00      72.00      74.00      69.00      51.00      54.00      71.00
      75.00      74.00      72.00      66.00      58.00      52.00      69.00      69.00      63.00      66.00
      73.00      78.00      83.00      84.00      84.00      84.00      79.00      78.00      88.00      88.00
      87.00      92.00      82.00      77.00      79.00      84.00      82.00      81.00      85.00      78.00
      75.00      75.00      70.00
      78.00      79.00      80.00      83.00      87.00      94.00      81.00      84.00      84.00      86.00
      88.00      82.00      69.00      53.00      38.00      40.00      57.00      70.00      80.00      85.00
      84.00      85.00      87.00      79.00      76.00      80.00      88.00      87.00      76.00      72.00
      65.00      65.00      66.00      64.00      67.00      62.00      55.00      50.00      54.00      64.00
      69.00      68.00      65.00      71.00      63.00      66.00      85.00      64.00      63.00      73.00
      75.00      79.00      82.00      83.00      87.00      90.00      88.00      88.00      91.00      86.00
      88.00      92.00      89.00      82.00      82.00      91.00      83.00      72.00      75.00      76.00
      73.00      71.00      70.00
      67.00      70.00      73.00      79.00      77.00      82.00      88.00      77.00      77.00      80.00
      82.00      65.00      49.00      47.00      39.00      35.00      65.00      94.00      99.00      82.00
      80.00      89.00      91.00      86.00      85.00      86.00      88.00      89.00      85.00      72.00
      56.00      58.00      56.00      54.00      61.00      60.00      59.00      59.00      64.00      66.00
      64.00      64.00      65.00      76.00      75.00      78.00      79.00      62.00      72.00      86.00
      82.00      80.00      78.00      78.00      80.00      78.00      78.00      81.00      90.00      88.00
      91.00      91.00      94.00      91.00      90.00      94.00      87.00      76.00      74.00      76.00
      74.00      77.00      77.00
