diamond 4 20年06月28日8时925百帕相对湿度
20 06 28  8  925 
2.500 -2.500  .0  180.0   90.0  .0
73  37
      58.00      58.00      58.00      58.00      58.00      58.00      58.00      58.00      58.00      58.00
      58.00      58.00      58.00      58.00      58.00      58.00      58.00      58.00      58.00      58.00
      58.00      58.00      58.00      58.00      58.00      58.00      58.00      58.00      58.00      58.00
      58.00      58.00      58.00      58.00      58.00      58.00      58.00      58.00      58.00      58.00
      58.00      58.00      58.00      58.00      58.00      58.00      58.00      58.00      58.00      58.00
      58.00      58.00      58.00      58.00      58.00      58.00      58.00      58.00      58.00      58.00
      58.00      58.00      58.00      58.00      58.00      58.00      58.00      58.00      58.00      58.00
      58.00      58.00      58.00
      63.00      64.00      64.00      64.00      65.00      65.00      65.00      66.00      66.00      67.00
      67.00      68.00      68.00      69.00      70.00      70.00      71.00      72.00      72.00      73.00
      74.00      74.00      75.00      76.00      76.00      77.00      78.00      79.00      80.00      81.00
      82.00      83.00      84.00      84.00      85.00      86.00      86.00      87.00      88.00      88.00
      88.00      89.00      89.00      89.00      89.00      89.00      89.00      89.00      88.00      88.00
      87.00      87.00      86.00      85.00      84.00      83.00      82.00      80.00      79.00      78.00
      76.00      75.00      73.00      72.00      70.00      68.00      67.00      65.00      64.00      62.00
      60.00      59.00      57.00
      74.00      75.00      77.00      79.00      80.00      82.00      83.00      84.00      85.00      86.00
      87.00      88.00      88.00      89.00      90.00      90.00      91.00      91.00      92.00      92.00
      93.00      93.00      94.00      94.00      94.00      95.00      95.00      95.00      96.00      96.00
      96.00      96.00      97.00      97.00      97.00      98.00      98.00      99.00      99.00     100.00
     100.00     100.00     100.00     100.00     100.00     100.00     100.00     100.00     100.00     100.00
     100.00      99.00      99.00      99.00      99.00      99.00      99.00      99.00     100.00     100.00
     100.00      99.00      97.00      94.00      92.00      88.00      84.00      80.00      76.00      72.00
      69.00      65.00      62.00
      70.00      72.00      74.00      76.00      79.00      81.00      83.00      85.00      87.00      88.00
      89.00      90.00      91.00      91.00      92.00      92.00      93.00      94.00      95.00      96.00
      96.00      97.00      98.00      98.00      97.00      97.00      96.00      94.00      92.00      90.00
      88.00      86.00      84.00      82.00      81.00      80.00      79.00      79.00      80.00      81.00
      82.00      84.00      86.00      87.00      89.00      89.00      90.00      90.00      90.00      90.00
      91.00      91.00      92.00      93.00      95.00      97.00      99.00      99.00      99.00     100.00
     100.00     100.00     100.00      97.00      93.00      88.00      83.00      78.00      72.00      67.00
      62.00      57.00      53.00
      70.00      68.00      69.00      69.00      70.00      73.00      75.00      78.00      80.00      82.00
      83.00      83.00      83.00      83.00      84.00      84.00      84.00      84.00      83.00      83.00
      82.00      81.00      80.00      79.00      78.00      77.00      76.00      75.00      74.00      73.00
      71.00      70.00      68.00      67.00      65.00      64.00      64.00      64.00      65.00      67.00
      70.00      73.00      76.00      79.00      82.00      84.00      86.00      87.00      88.00      88.00
      89.00      90.00      90.00      91.00      92.00      93.00      94.00      96.00      97.00      99.00
      99.00      98.00      95.00      91.00      86.00      81.00      75.00      69.00      64.00      59.00
      55.00      51.00      48.00
      69.00      68.00      67.00      68.00      71.00      74.00      77.00      81.00      84.00      88.00
      91.00      94.00      96.00      97.00      97.00      95.00      92.00      88.00      82.00      75.00
      67.00      60.00      55.00      52.00      51.00      52.00      54.00      57.00      61.00      66.00
      71.00      75.00      77.00      78.00      76.00      74.00      71.00      67.00      64.00      62.00
      60.00      60.00      59.00      60.00      60.00      61.00      62.00      64.00      67.00      71.00
      77.00      84.00      91.00      96.00      99.00     100.00     100.00     100.00     100.00     100.00
     100.00      98.00      93.00      86.00      79.00      73.00      68.00      64.00      62.00      60.00
      58.00      57.00      55.00
      63.00      64.00      65.00      67.00      69.00      71.00      73.00      76.00      79.00      83.00
      86.00      89.00      91.00      93.00      92.00      88.00      82.00      74.00      65.00      58.00
      53.00      50.00      50.00      53.00      57.00      62.00      69.00      75.00      81.00      87.00
      92.00      95.00      97.00      96.00      93.00      89.00      84.00      78.00      73.00      70.00
      67.00      65.00      64.00      62.00      59.00      56.00      54.00      52.00      52.00      54.00
      59.00      64.00      69.00      73.00      76.00      78.00      80.00      81.00      82.00      82.00
      79.00      75.00      70.00      64.00      59.00      55.00      52.00      49.00      47.00      46.00
      46.00      47.00      47.00
      49.00      52.00      55.00      57.00      59.00      62.00      64.00      67.00      71.00      74.00
      78.00      81.00      84.00      85.00      83.00      80.00      74.00      69.00      63.00      60.00
      59.00      61.00      67.00      75.00      84.00      91.00      95.00      96.00      94.00      91.00
      88.00      86.00      84.00      82.00      79.00      75.00      69.00      64.00      60.00      58.00
      56.00      57.00      58.00      61.00      64.00      65.00      65.00      65.00      63.00      60.00
      57.00      54.00      51.00      49.00      46.00      43.00      43.00      45.00      47.00      48.00
      51.00      53.00      59.00      66.00      73.00      78.00      79.00      78.00      77.00      76.00
      77.00      78.00      78.00
      49.00      50.00      51.00      52.00      53.00      56.00      59.00      64.00      71.00      79.00
      87.00      93.00      96.00      96.00      93.00      88.00      83.00      78.00      75.00      74.00
      74.00      76.00      83.00      92.00     100.00     100.00     100.00      95.00      86.00      77.00
      70.00      66.00      64.00      62.00      61.00      59.00      59.00      59.00      64.00      60.00
      45.00      44.00      47.00      53.00      62.00      68.00      70.00      68.00      66.00      63.00
      61.00      62.00      56.00      49.00      41.00      36.00      36.00      37.00      40.00      44.00
      46.00      50.00      58.00      71.00      83.00      91.00      95.00      96.00      96.00      97.00
      99.00      99.00      98.00
      52.00      48.00      47.00      47.00      51.00      61.00      65.00      66.00      65.00      68.00
      77.00      85.00      92.00      96.00      95.00      91.00      86.00      82.00      79.00      77.00
      77.00      82.00      89.00      95.00      97.00      94.00      88.00      82.00      76.00      70.00
      66.00      62.00      58.00      54.00      53.00      53.00      55.00      75.00      84.00      89.00
      74.00      50.00      48.00      55.00      65.00      70.00      68.00      61.00      56.00      52.00
      48.00      73.00      77.00      73.00      71.00      72.00      77.00      79.00      73.00      61.00
      55.00      55.00      56.00      62.00      70.00      72.00      73.00      77.00      82.00      88.00
      93.00      96.00      97.00
      50.00      43.00      40.00      45.00      66.00      82.00      92.00      88.00      74.00      67.00
      66.00      69.00      74.00      81.00      88.00      93.00      96.00      97.00      97.00      95.00
      94.00      92.00      91.00      89.00      83.00      76.00      70.00      63.00      59.00      60.00
      61.00      58.00      52.00      45.00      40.00      39.00      39.00      41.00      62.00      64.00
      57.00      53.00      55.00      64.00      74.00      67.00      57.00      51.00      44.00      37.00
      33.00      71.00      81.00      79.00      77.00      77.00      80.00      86.00      89.00      86.00
      70.00      64.00      61.00      59.00      59.00      60.00      64.00      73.00      80.00      87.00
      92.00      94.00      95.00
      69.00      61.00      62.00      70.00      87.00      96.00      87.00      72.00      59.00      50.00
      46.00      47.00      55.00      67.00      78.00      86.00      90.00      94.00      99.00     100.00
     100.00      97.00      91.00      84.00      75.00      69.00      62.00      58.00      65.00      78.00
      82.00      77.00      65.00      53.00      44.00      39.00      37.00      39.00      43.00      53.00
      57.00      59.00      60.00      61.00      64.00      62.00      53.00      57.00      54.00      45.00
      37.00      36.00      39.00      47.00      74.00      86.00      86.00      91.00      96.00      93.00
      86.00      81.00      79.00      61.00      60.00      64.00      65.00      64.00      66.00      69.00
      65.00      63.00      68.00
     100.00      99.00      92.00      85.00      89.00      77.00      65.00      53.00      46.00      43.00
      42.00      45.00      52.00      58.00      65.00      69.00      71.00      74.00      85.00      96.00
     100.00     100.00      95.00      88.00      75.00      64.00      55.00      56.00      70.00      91.00
      98.00      90.00      74.00      60.00      57.00      58.00      58.00      55.00      53.00      53.00
      65.00      67.00      55.00      53.00      51.00      54.00      69.00      69.00      62.00      59.00
      59.00      59.00      61.00      68.00      79.00      84.00      84.00      88.00      69.00      58.00
      48.00      43.00      43.00      45.00      48.00      54.00      60.00      64.00      65.00      63.00
      61.00      60.00      62.00
      95.00      95.00      96.00      95.00      85.00      73.00      62.00      56.00      55.00      55.00
      55.00      54.00      51.00      48.00      47.00      51.00      57.00      61.00      69.00      81.00
      90.00      98.00     100.00     100.00      95.00      73.00      54.00      48.00      63.00      85.00
      92.00      82.00      68.00      57.00      50.00      55.00      65.00      69.00      65.00      58.00
      53.00      51.00      66.00      83.00      79.00      75.00      85.00      94.00      95.00      95.00
      97.00      98.00      97.00      95.00      94.00      91.00      93.00      87.00      81.00      78.00
      75.00      69.00      59.00      52.00      53.00      49.00      46.00      45.00      44.00      45.00
      47.00      52.00      59.00
      87.00      84.00      85.00      85.00      77.00      67.00      62.00      64.00      69.00      75.00
      76.00      69.00      58.00      48.00      44.00      48.00      52.00      57.00      64.00      72.00
      81.00      92.00     100.00     100.00     100.00      76.00      50.00      37.00      56.00      94.00
     100.00      96.00      74.00      64.00      58.00      60.00      75.00      89.00      95.00     100.00
     100.00      84.00      72.00     100.00     100.00     100.00     100.00      98.00      95.00      95.00
      97.00      96.00      94.00      92.00      92.00      98.00      98.00     100.00      96.00      91.00
      86.00      71.00      47.00      36.00      38.00      34.00      32.00      34.00      37.00      41.00
      47.00      55.00      65.00
      90.00      85.00      85.00      82.00      74.00      67.00      64.00      65.00      69.00      72.00
      74.00      69.00      59.00      50.00      47.00      49.00      54.00      58.00      63.00      66.00
      69.00      78.00      85.00      88.00      77.00      57.00      40.00      34.00      54.00      90.00
     100.00     100.00      98.00      75.00      78.00      90.00      83.00      77.00      77.00      80.00
      89.00     100.00      99.00     100.00     100.00      96.00      90.00      91.00      99.00     100.00
      84.00      69.00      65.00      90.00      87.00      80.00      79.00      77.00      75.00      71.00
      66.00      52.00      38.00      33.00      35.00      33.00      35.00      39.00      45.00      53.00
      62.00      74.00      87.00
      85.00      85.00      84.00      76.00      71.00      72.00      73.00      71.00      70.00      71.00
      67.00      57.00      52.00      50.00      50.00      51.00      50.00      48.00      46.00      45.00
      44.00      46.00      53.00      57.00      54.00      46.00      43.00      48.00      67.00      88.00
      84.00      65.00      53.00      55.00      74.00      87.00      84.00      84.00      84.00      87.00
      95.00     100.00     100.00     100.00      91.00      69.00      52.00      49.00      60.00      82.00
      88.00      84.00      77.00      80.00      82.00      79.00      75.00      70.00      56.00      48.00
      43.00      38.00      34.00      37.00      42.00      43.00      43.00      47.00      53.00      59.00
      68.00      82.00      85.00
      84.00      86.00      81.00      81.00      83.00      88.00      84.00      64.00      63.00      65.00
      66.00      50.00      46.00      44.00      42.00      40.00      36.00      33.00      33.00      34.00
      34.00      35.00      38.00      38.00      34.00      35.00      37.00      37.00      39.00      49.00
      61.00      61.00      48.00      49.00      68.00      85.00      84.00      67.00      55.00      52.00
      54.00      53.00      52.00      56.00      57.00      47.00      36.00      32.00      40.00      45.00
      55.00      75.00      86.00      87.00      86.00      86.00      88.00      84.00      66.00      51.00
      43.00      38.00      33.00      33.00      37.00      42.00      49.00      55.00      53.00      49.00
      51.00      56.00      55.00
      85.00      79.00      74.00      79.00      86.00      60.00      49.00      51.00      53.00      60.00
      55.00      48.00      45.00      38.00      37.00      42.00      40.00      37.00      39.00      39.00
      40.00      42.00      42.00      39.00      36.00      40.00      43.00      37.00      27.00      34.00
      54.00      90.00      88.00      86.00      89.00      82.00      65.00      53.00      50.00      52.00
      45.00      31.00      24.00      28.00      34.00      33.00      32.00      35.00      43.00      33.00
      52.00      84.00      99.00      95.00      92.00      92.00      95.00      98.00      96.00      89.00
      82.00      75.00      68.00      55.00      40.00      37.00      47.00      56.00      55.00      52.00
      52.00      50.00      48.00
      69.00      65.00      52.00      46.00      45.00      43.00      41.00      42.00      66.00      82.00
      60.00      46.00      40.00      44.00      52.00      63.00      79.00      98.00      94.00      34.00
      26.00      25.00      33.00      43.00      41.00      26.00      21.00      30.00      45.00      64.00
      91.00      98.00      81.00      84.00      93.00      74.00      52.00      50.00      66.00      83.00
      70.00      47.00      42.00      52.00      51.00      44.00      50.00      65.00      55.00      41.00
      72.00     100.00     100.00      96.00      97.00      97.00      95.00      97.00     100.00     100.00
     100.00     100.00     100.00      97.00      78.00      57.00      49.00      50.00      55.00      66.00
      73.00      72.00      69.00
      55.00      49.00      46.00      49.00      48.00      40.00      36.00      45.00      64.00      65.00
      55.00      44.00      70.00      89.00      95.00      91.00      85.00      86.00      83.00      74.00
      33.00      21.00      19.00      35.00      38.00      17.00       5.00      31.00      70.00      95.00
     100.00      84.00      53.00      49.00      55.00      64.00      61.00      62.00      58.00      55.00
      50.00      45.00      58.00      80.00      76.00      66.00      79.00      75.00      49.00      48.00
      73.00      99.00      82.00      79.00      79.00      82.00      86.00      80.00      71.00      66.00
      69.00      76.00      85.00      94.00      96.00      87.00      68.00      49.00      42.00      45.00
      50.00      53.00      51.00
      43.00      44.00      54.00      47.00      40.00      32.00      31.00      41.00      58.00      60.00
      46.00      36.00      50.00      59.00      65.00      63.00      66.00      66.00      62.00      67.00
      71.00      29.00      30.00      39.00      53.00      38.00      33.00      55.00      82.00      60.00
      45.00      64.00      58.00      62.00      65.00      43.00      61.00     100.00      74.00      39.00
      40.00      52.00      70.00      86.00      81.00      74.00      66.00      51.00      47.00      53.00
      67.00      67.00      64.00      65.00      71.00      92.00      98.00      83.00      64.00      54.00
      56.00      60.00      69.00      82.00      93.00      98.00      94.00      77.00      55.00      38.00
      27.00      22.00      23.00
      44.00      40.00      35.00      24.00      23.00      23.00      25.00      37.00      53.00      66.00
      61.00      43.00      30.00      29.00      34.00      43.00      32.00      18.00      24.00      36.00
      58.00      39.00      26.00      34.00      49.00      51.00      48.00      62.00      73.00      49.00
      11.00       0.00       0.00      80.00      86.00      13.00      42.00      99.00      93.00      89.00
      92.00      89.00      96.00     100.00     100.00      99.00      82.00      73.00      62.00      59.00
      61.00      60.00      65.00      81.00      98.00     100.00     100.00      93.00      78.00      70.00
      69.00      70.00      73.00      81.00      87.00      93.00      98.00      94.00      82.00      67.00
      54.00      50.00      56.00
      16.00      11.00      11.00      12.00      14.00      20.00      24.00      32.00      48.00      63.00
      66.00      53.00      33.00      27.00      32.00      46.00      27.00      13.00      10.00      26.00
      51.00      31.00      25.00      33.00      37.00      38.00      35.00      38.00      48.00      23.00
      40.00      40.00      23.00      31.00      73.00     100.00     100.00      96.00      87.00      92.00
      95.00      97.00     100.00     100.00     100.00     100.00     100.00     100.00      97.00      83.00
      74.00      74.00      85.00      99.00     100.00      91.00      73.00      67.00      70.00      71.00
      72.00      73.00      75.00      79.00      82.00      87.00      93.00      96.00      95.00      86.00
      76.00      74.00      81.00
       6.00       7.00      10.00      11.00      12.00      19.00      26.00      36.00      44.00      48.00
      48.00      47.00      39.00      38.00      57.00      41.00      27.00      12.00       7.00      11.00
      23.00      24.00      18.00      25.00      20.00      15.00      15.00      25.00      40.00      33.00
      28.00      39.00      50.00      43.00      22.00      44.00      80.00      96.00     100.00     100.00
      98.00     100.00      99.00     100.00      96.00      86.00      85.00      81.00      74.00      76.00
      81.00      89.00      95.00      93.00      81.00      63.00      51.00      52.00      57.00      58.00
      59.00      62.00      67.00      71.00      73.00      74.00      76.00      82.00      88.00      86.00
      76.00      71.00      74.00
       6.00      10.00      15.00      15.00      14.00      15.00      20.00      27.00      34.00      37.00
      36.00      36.00      32.00      31.00      22.00      24.00      18.00      13.00       7.00      10.00
      15.00      21.00      25.00      33.00      44.00      43.00      38.00      47.00      61.00      60.00
      41.00      34.00      37.00      56.00      81.00      98.00      97.00      99.00     100.00     100.00
      96.00     100.00      98.00      92.00      86.00      83.00      78.00      78.00      62.00      53.00
      64.00      72.00      71.00      66.00      62.00      59.00      56.00      56.00      54.00      52.00
      53.00      56.00      59.00      60.00      61.00      62.00      63.00      63.00      67.00      68.00
      67.00      65.00      61.00
       6.00       8.00      14.00      18.00      20.00      20.00      23.00      25.00      29.00      32.00
      30.00      29.00      26.00      20.00      15.00      12.00      17.00      14.00      11.00       9.00
      10.00      10.00      13.00      26.00      39.00      56.00      73.00      67.00      56.00      75.00
      65.00      55.00      47.00      49.00      57.00      70.00      89.00      97.00      92.00      96.00
      96.00      91.00      89.00      88.00      87.00      83.00      81.00      74.00      61.00      60.00
      66.00      66.00      63.00      61.00      62.00      62.00      60.00      57.00      53.00      52.00
      54.00      56.00      56.00      56.00      57.00      60.00      59.00      57.00      56.00      57.00
      59.00      58.00      52.00
       7.00       8.00      13.00      16.00      16.00      17.00      23.00      26.00      29.00      29.00
      31.00      20.00      19.00      15.00      13.00      11.00      18.00       9.00      11.00       8.00
      12.00      24.00      35.00      54.00      55.00      47.00      59.00      76.00      81.00      69.00
      77.00      85.00      88.00      77.00      89.00      64.00      79.00      91.00      91.00      89.00
      94.00      93.00      90.00      80.00      76.00      81.00      72.00      68.00      77.00      76.00
      77.00      72.00      68.00      68.00      64.00      61.00      59.00      58.00      57.00      56.00
      56.00      58.00      57.00      58.00      61.00      60.00      55.00      55.00      57.00      56.00
      55.00      55.00      54.00
       7.00      10.00      12.00      13.00      15.00      14.00      16.00      20.00      23.00      19.00
      18.00      15.00      15.00      15.00      20.00      10.00      16.00      17.00       7.00       8.00
      17.00      33.00      48.00      65.00      81.00      95.00      94.00      78.00      68.00      73.00
      86.00      85.00      84.00      82.00      76.00      75.00      79.00      91.00      91.00      91.00
      95.00      96.00      75.00      65.00      63.00      73.00      71.00      70.00      72.00      63.00
      64.00      61.00      63.00      65.00      58.00      56.00      55.00      53.00      58.00      59.00
      58.00      60.00      62.00      62.00      64.00      66.00      67.00      68.00      68.00      64.00
      61.00      61.00      63.00
       8.00       7.00       6.00       7.00      16.00      24.00      24.00      19.00      15.00      14.00
      13.00       9.00       9.00      14.00      15.00      17.00      12.00      47.00      14.00      17.00
      39.00      62.00      58.00      72.00      93.00     100.00     100.00      93.00      79.00      81.00
      95.00      93.00      82.00      76.00      71.00      78.00      82.00      80.00      83.00      77.00
      76.00      71.00      73.00      68.00      66.00      63.00      74.00      79.00      78.00      65.00
      56.00      52.00      56.00      59.00      58.00      60.00      59.00      54.00      54.00      57.00
      56.00      59.00      63.00      61.00      66.00      81.00      86.00      78.00      70.00      68.00
      66.00      63.00      63.00
      19.00      16.00      15.00      21.00      35.00      43.00      46.00      40.00      33.00      36.00
      31.00      24.00      23.00      23.00      29.00      32.00      45.00      53.00      40.00      48.00
      42.00      42.00      50.00      82.00      97.00     100.00     100.00     100.00      91.00      87.00
     100.00      92.00      80.00      80.00      79.00      81.00      81.00      83.00      81.00      69.00
      60.00      63.00      72.00      74.00      78.00      69.00      67.00      71.00      73.00      67.00
      61.00      59.00      61.00      63.00      69.00      67.00      66.00      63.00      57.00      61.00
      59.00      59.00      66.00      63.00      65.00      78.00      80.00      71.00      64.00      66.00
      70.00      68.00      65.00
      46.00      43.00      44.00      59.00      63.00      54.00      62.00      71.00      70.00      94.00
      87.00      71.00      68.00      43.00      76.00      54.00      41.00      32.00      33.00      28.00
      29.00      42.00      60.00      82.00      87.00      99.00      94.00      91.00      93.00      96.00
     100.00     100.00      81.00      81.00      81.00      77.00      78.00      80.00      71.00      70.00
      70.00      69.00      80.00      83.00      83.00      74.00      70.00      65.00      69.00      76.00
      75.00      71.00      68.00      71.00      75.00      64.00      60.00      63.00      64.00      72.00
      67.00      62.00      69.00      64.00      58.00      65.00      71.00      70.00      69.00      71.00
      73.00      71.00      65.00
      67.00      64.00      66.00      80.00      72.00      56.00      66.00      72.00      78.00      84.00
      88.00      79.00      72.00      74.00      99.00     100.00      74.00      50.00      37.00      34.00
      45.00      65.00      85.00      93.00      88.00      86.00      87.00      87.00      90.00      90.00
      91.00      90.00      86.00      83.00      85.00      85.00      86.00      79.00      72.00      77.00
      74.00      70.00      80.00      77.00      76.00      76.00      74.00      71.00      70.00      80.00
      83.00      74.00      72.00      73.00      77.00      72.00      69.00      72.00      73.00      71.00
      66.00      68.00      78.00      75.00      63.00      66.00      78.00      78.00      75.00      74.00
      68.00      63.00      59.00
      86.00      80.00      75.00      71.00      68.00      97.00      97.00      77.00      80.00      80.00
      81.00      76.00      59.00      67.00      82.00      94.00      92.00      68.00      59.00      66.00
      80.00      83.00      93.00      98.00      93.00      85.00      89.00      88.00      76.00      75.00
      83.00      86.00      88.00      87.00      83.00      89.00      85.00      71.00      71.00      79.00
      73.00      70.00      71.00      70.00      76.00      71.00      68.00      73.00      71.00      71.00
      69.00      71.00      71.00      71.00      74.00      77.00      78.00      81.00      82.00      74.00
      69.00      72.00      80.00      82.00      71.00      71.00      80.00      81.00      79.00      77.00
      75.00      76.00      73.00
     100.00      95.00      91.00      92.00      93.00      97.00      93.00      85.00      80.00      87.00
      90.00      97.00      93.00      67.00      72.00      82.00      82.00      72.00      78.00      77.00
      70.00      83.00      90.00      96.00      99.00      86.00      80.00      82.00      65.00      59.00
      75.00      86.00      91.00      88.00      80.00      77.00      68.00      56.00      58.00      72.00
      70.00      68.00      73.00      77.00      70.00      62.00      61.00      65.00      73.00      75.00
      78.00      80.00      79.00      78.00      74.00      72.00      79.00      81.00      79.00      75.00
      75.00      75.00      78.00      74.00      65.00      66.00      72.00      78.00      75.00      70.00
      78.00      85.00      83.00
      82.00      77.00      82.00      93.00      96.00      91.00      80.00      74.00      69.00      75.00
      84.00      94.00      89.00      69.00      70.00      87.00      88.00      77.00      79.00      79.00
      78.00      90.00      98.00      98.00      99.00      86.00      70.00      79.00      77.00      62.00
      57.00      67.00      72.00      74.00      71.00      64.00      58.00      54.00      51.00      58.00
      64.00      67.00      76.00      80.00      62.00      59.00      96.00      71.00      79.00      83.00
      82.00      80.00      83.00      89.00      80.00      76.00      85.00      85.00      79.00      75.00
      71.00      77.00      85.00      74.00      61.00      63.00      70.00      75.00      65.00      59.00
      74.00      75.00      73.00
      70.00      69.00      73.00      81.00      89.00      90.00      84.00      67.00      60.00      73.00
      78.00      81.00      73.00      65.00      73.00      89.00      82.00      87.00      93.00      92.00
      96.00      98.00     100.00      99.00      98.00      92.00      84.00      84.00      80.00      60.00
      51.00      61.00      66.00      73.00      78.00      69.00      65.00      57.00      56.00      61.00
      64.00      65.00      74.00      74.00      65.00      78.00      81.00      76.00      80.00      90.00
      84.00      80.00      81.00      90.00      87.00      82.00      83.00      76.00      72.00      74.00
      73.00      76.00      77.00      81.00      73.00      70.00      75.00      73.00      62.00      62.00
      78.00      79.00      76.00
