diamond 4 20年06月24日8时925百帕相对湿度
20 06 24  8  925 
2.500 -2.500  .0  180.0   90.0  .0
73  37
      50.00      50.00      50.00      50.00      50.00      50.00      50.00      50.00      50.00      50.00
      50.00      50.00      50.00      50.00      50.00      50.00      50.00      50.00      50.00      50.00
      50.00      50.00      50.00      50.00      50.00      50.00      50.00      50.00      50.00      50.00
      50.00      50.00      50.00      50.00      50.00      50.00      50.00      50.00      50.00      50.00
      50.00      50.00      50.00      50.00      50.00      50.00      50.00      50.00      50.00      50.00
      50.00      50.00      50.00      50.00      50.00      50.00      50.00      50.00      50.00      50.00
      50.00      50.00      50.00      50.00      50.00      50.00      50.00      50.00      50.00      50.00
      50.00      50.00      50.00
      42.00      41.00      41.00      41.00      40.00      40.00      40.00      39.00      39.00      38.00
      38.00      37.00      37.00      36.00      36.00      36.00      35.00      35.00      35.00      35.00
      35.00      35.00      35.00      35.00      35.00      36.00      36.00      37.00      38.00      38.00
      39.00      40.00      40.00      41.00      42.00      43.00      44.00      44.00      45.00      46.00
      47.00      48.00      48.00      49.00      50.00      50.00      51.00      52.00      52.00      53.00
      53.00      54.00      54.00      55.00      55.00      56.00      56.00      57.00      57.00      58.00
      59.00      59.00      60.00      61.00      61.00      62.00      63.00      63.00      64.00      65.00
      65.00      66.00      66.00
      49.00      48.00      46.00      44.00      42.00      40.00      38.00      36.00      34.00      33.00
      32.00      31.00      31.00      31.00      31.00      31.00      32.00      32.00      33.00      34.00
      35.00      36.00      36.00      37.00      37.00      38.00      38.00      38.00      38.00      39.00
      39.00      39.00      39.00      39.00      39.00      40.00      40.00      40.00      41.00      41.00
      42.00      42.00      43.00      44.00      44.00      45.00      45.00      46.00      47.00      47.00
      48.00      48.00      49.00      50.00      50.00      51.00      53.00      54.00      55.00      57.00
      59.00      61.00      63.00      65.00      67.00      69.00      72.00      74.00      76.00      78.00
      80.00      82.00      84.00
      70.00      66.00      61.00      56.00      50.00      45.00      40.00      36.00      32.00      30.00
      29.00      29.00      30.00      33.00      36.00      40.00      43.00      47.00      51.00      54.00
      56.00      58.00      60.00      60.00      60.00      60.00      59.00      58.00      56.00      54.00
      53.00      51.00      50.00      49.00      48.00      48.00      48.00      47.00      47.00      47.00
      47.00      46.00      46.00      45.00      44.00      44.00      43.00      43.00      42.00      42.00
      42.00      43.00      43.00      44.00      45.00      46.00      47.00      49.00      51.00      53.00
      56.00      59.00      63.00      68.00      73.00      77.00      82.00      86.00      89.00      92.00
      94.00      97.00      99.00
      83.00      78.00      72.00      66.00      58.00      51.00      43.00      37.00      32.00      30.00
      29.00      31.00      36.00      41.00      47.00      53.00      58.00      62.00      65.00      68.00
      70.00      71.00      72.00      73.00      73.00      74.00      74.00      73.00      73.00      72.00
      72.00      71.00      70.00      70.00      69.00      69.00      69.00      68.00      68.00      68.00
      67.00      67.00      66.00      65.00      63.00      62.00      61.00      59.00      58.00      57.00
      56.00      55.00      53.00      52.00      51.00      50.00      49.00      49.00      49.00      50.00
      51.00      53.00      57.00      62.00      69.00      76.00      83.00      89.00      92.00      95.00
      97.00      97.00      97.00
      91.00      87.00      82.00      75.00      66.00      57.00      48.00      41.00      36.00      35.00
      38.00      45.00      54.00      63.00      71.00      77.00      81.00      83.00      84.00      84.00
      83.00      84.00      84.00      85.00      87.00      89.00      91.00      94.00      95.00      97.00
      97.00      96.00      93.00      89.00      85.00      80.00      75.00      71.00      67.00      64.00
      62.00      60.00      59.00      57.00      56.00      55.00      54.00      54.00      55.00      56.00
      58.00      59.00      60.00      59.00      57.00      55.00      51.00      48.00      47.00      47.00
      49.00      52.00      55.00      59.00      64.00      70.00      78.00      86.00      91.00      94.00
      97.00      99.00     100.00
      99.00      97.00      91.00      82.00      71.00      60.00      47.00      35.00      26.00      21.00
      24.00      34.00      49.00      66.00      81.00      92.00      98.00     100.00     100.00     100.00
     100.00     100.00     100.00      99.00      98.00      98.00      98.00      99.00     100.00     100.00
     100.00     100.00     100.00      98.00      89.00      79.00      70.00      63.00      58.00      54.00
      53.00      53.00      53.00      53.00      53.00      51.00      50.00      47.00      47.00      48.00
      50.00      52.00      54.00      54.00      53.00      51.00      48.00      46.00      44.00      44.00
      45.00      46.00      48.00      50.00      52.00      54.00      59.00      66.00      74.00      82.00
      89.00      93.00      96.00
      99.00     100.00      98.00      92.00      83.00      70.00      56.00      42.00      31.00      24.00
      22.00      24.00      33.00      48.00      68.00      85.00      97.00     100.00     100.00     100.00
     100.00     100.00      99.00      95.00      91.00      85.00      81.00      78.00      76.00      76.00
      78.00      80.00      82.00      84.00      82.00      77.00      71.00      66.00      64.00      62.00
      60.00      58.00      57.00      54.00      52.00      49.00      46.00      44.00      43.00      44.00
      44.00      44.00      44.00      44.00      43.00      42.00      41.00      40.00      38.00      35.00
      34.00      32.00      32.00      32.00      33.00      34.00      37.00      41.00      48.00      56.00
      64.00      71.00      76.00
      79.00      84.00      93.00     100.00     100.00      92.00      76.00      62.00      54.00      50.00
      48.00      47.00      47.00      48.00      53.00      64.00      79.00      92.00      99.00     100.00
      99.00      95.00      90.00      85.00      79.00      72.00      67.00      63.00      61.00      60.00
      60.00      62.00      66.00      71.00      72.00      66.00      60.00      68.00      81.00      86.00
      82.00      72.00      62.00      55.00      49.00      44.00      42.00      40.00      39.00      37.00
      35.00      33.00      33.00      33.00      34.00      36.00      36.00      35.00      33.00      31.00
      28.00      26.00      24.00      22.00      22.00      23.00      25.00      29.00      35.00      44.00
      55.00      66.00      73.00
      38.00      48.00      64.00      82.00      94.00      95.00      82.00      68.00      57.00      52.00
      52.00      52.00      52.00      50.00      50.00      55.00      65.00      78.00      88.00      92.00
      93.00      92.00      90.00      85.00      79.00      72.00      67.00      63.00      61.00      61.00
      62.00      65.00      69.00      73.00      73.00      65.00      57.00      86.00      97.00      96.00
      93.00      68.00      55.00      49.00      43.00      39.00      39.00      37.00      34.00      31.00
      31.00      61.00      80.00      78.00      75.00      75.00      70.00      52.00      41.00      32.00
      30.00      26.00      21.00      15.00      12.00      16.00      26.00      40.00      54.00      66.00
      74.00      76.00      72.00
      41.00      52.00      64.00      74.00      84.00      89.00      83.00      70.00      62.00      59.00
      60.00      59.00      55.00      52.00      51.00      55.00      66.00      80.00      89.00      91.00
      93.00      96.00      96.00      88.00      77.00      69.00      67.00      68.00      69.00      68.00
      66.00      67.00      71.00      74.00      75.00      73.00      71.00      62.00      66.00      74.00
      73.00      64.00      60.00      64.00      70.00      62.00      49.00      43.00      39.00      31.00
      36.00      71.00      82.00      87.00      89.00      90.00      90.00      90.00      88.00      80.00
      41.00      30.00      24.00      32.00      46.00      66.00      68.00      74.00      79.00      74.00
      69.00      64.00      59.00
      73.00      77.00      70.00      83.00      86.00      81.00      71.00      61.00      55.00      53.00
      50.00      47.00      47.00      50.00      55.00      61.00      70.00      82.00      89.00      89.00
      89.00      88.00      85.00      79.00      75.00      75.00      77.00      79.00      75.00      68.00
      64.00      63.00      66.00      68.00      67.00      65.00      64.00      64.00      66.00      69.00
      71.00      65.00      61.00      65.00      78.00      84.00      82.00      66.00      54.00      43.00
      39.00      45.00      57.00      69.00      81.00      81.00      80.00      83.00      87.00      86.00
      82.00      80.00      73.00      45.00      37.00      50.00      70.00      86.00      93.00      96.00
      88.00      76.00      66.00
      87.00      84.00      80.00      90.00      82.00      70.00      59.00      57.00      57.00      52.00
      48.00      48.00      49.00      50.00      50.00      51.00      55.00      60.00      64.00      66.00
      69.00      71.00      69.00      70.00      74.00      77.00      78.00      75.00      68.00      65.00
      68.00      68.00      67.00      66.00      62.00      53.00      48.00      52.00      59.00      64.00
      67.00      65.00      53.00      57.00      69.00      84.00      92.00      91.00      73.00      56.00
      48.00      47.00      55.00      69.00      76.00      73.00      67.00      69.00      61.00      57.00
      57.00      52.00      36.00      31.00      34.00      38.00      46.00      58.00      70.00      78.00
      80.00      76.00      68.00
      81.00      83.00      79.00      70.00      62.00      59.00      61.00      65.00      64.00      56.00
      50.00      49.00      49.00      47.00      44.00      46.00      50.00      53.00      56.00      57.00
      60.00      63.00      64.00      65.00      68.00      69.00      68.00      65.00      63.00      63.00
      63.00      63.00      64.00      62.00      60.00      54.00      48.00      48.00      51.00      53.00
      54.00      53.00      61.00      74.00      76.00      80.00      81.00      82.00      81.00      82.00
      84.00      84.00      83.00      81.00      80.00      83.00      72.00      57.00      52.00      48.00
      46.00      45.00      45.00      40.00      34.00      35.00      42.00      47.00      51.00      55.00
      59.00      60.00      60.00
      61.00      55.00      57.00      64.00      71.00      73.00      75.00      75.00      71.00      62.00
      52.00      49.00      51.00      55.00      60.00      67.00      74.00      77.00      72.00      69.00
      68.00      66.00      60.00      55.00      49.00      48.00      48.00      50.00      57.00      63.00
      59.00      54.00      52.00      57.00      62.00      60.00      56.00      76.00      92.00      96.00
      99.00      72.00      62.00      87.00      91.00      97.00      95.00      87.00      82.00      85.00
      84.00      82.00      83.00      84.00      92.00      88.00      86.00      74.00      62.00      55.00
      51.00      47.00      45.00      42.00      44.00      40.00      47.00      49.00      47.00      46.00
      48.00      53.00      61.00
      47.00      40.00      42.00      49.00      58.00      65.00      73.00      83.00      90.00      86.00
      78.00      72.00      73.00      78.00      83.00      84.00      78.00      65.00      56.00      56.00
      59.00      60.00      54.00      43.00      35.00      33.00      36.00      47.00      67.00      73.00
      56.00      47.00      53.00      65.00      71.00      87.00      93.00      94.00      88.00      83.00
      86.00      92.00      90.00      93.00      96.00      96.00      87.00      74.00      69.00      75.00
      72.00      74.00      75.00      83.00      85.00      74.00      77.00      79.00      77.00      72.00
      67.00      58.00      48.00      44.00      47.00      51.00      54.00      54.00      58.00      65.00
      67.00      67.00      68.00
      48.00      48.00      51.00      55.00      55.00      55.00      61.00      75.00      91.00      99.00
      99.00      92.00      82.00      76.00      70.00      63.00      53.00      43.00      34.00      29.00
      31.00      37.00      37.00      32.00      27.00      30.00      42.00      67.00      86.00      69.00
      54.00      49.00      37.00      86.00      95.00      82.00      75.00      90.00      92.00      90.00
      92.00     100.00     100.00     100.00      88.00      75.00      68.00      64.00      61.00      70.00
      98.00     100.00     100.00      99.00      97.00      92.00      86.00      86.00      87.00      87.00
      84.00      75.00      63.00      54.00      53.00      55.00      55.00      57.00      67.00      77.00
      79.00      73.00      66.00
      51.00      54.00      57.00      78.00      74.00      70.00      67.00      64.00      75.00      79.00
      84.00      77.00      61.00      53.00      49.00      46.00      45.00      42.00      36.00      27.00
      23.00      26.00      28.00      24.00      22.00      30.00      42.00      58.00      60.00      44.00
      27.00      28.00      49.00      65.00      76.00      69.00      68.00      83.00      91.00      93.00
     100.00     100.00     100.00      76.00      50.00      45.00      59.00      83.00     100.00     100.00
     100.00      99.00      97.00      99.00     100.00     100.00      96.00      85.00      77.00      76.00
      76.00      71.00      62.00      52.00      47.00      51.00      57.00      62.00      64.00      68.00
      75.00      80.00      78.00
      53.00      51.00      52.00      65.00      65.00      57.00      56.00      70.00      89.00      87.00
      83.00      56.00      47.00      43.00      42.00      41.00      44.00      46.00      40.00      33.00
      26.00      25.00      26.00      25.00      26.00      33.00      36.00      27.00      26.00      25.00
      27.00      34.00      45.00      63.00      73.00      68.00      66.00      67.00      62.00      62.00
      74.00      80.00      64.00      37.00      22.00      24.00      40.00      67.00      85.00      89.00
      89.00      80.00      81.00      81.00      83.00      88.00      82.00      72.00      70.00      76.00
      81.00      80.00      74.00      59.00      41.00      35.00      40.00      48.00      53.00      65.00
      84.00      97.00      96.00
      68.00      57.00      47.00      42.00      41.00      42.00      50.00      72.00      93.00     100.00
      81.00      65.00      61.00      62.00      55.00      46.00      63.00     100.00      88.00      40.00
      22.00      19.00      22.00      25.00      23.00      18.00      22.00      24.00      36.00      43.00
      49.00      44.00      40.00      49.00      59.00      55.00      49.00      46.00      41.00      41.00
      43.00      37.00      26.00      19.00      19.00      29.00      45.00      59.00      73.00      91.00
      92.00      84.00      87.00      74.00      65.00      67.00      69.00      72.00      80.00      90.00
     100.00     100.00     100.00      97.00      75.00      50.00      37.00      36.00      41.00      55.00
      74.00      93.00      98.00
      59.00      46.00      37.00      34.00      35.00      41.00      53.00      68.00      79.00      76.00
      75.00      76.00      92.00     100.00     100.00      88.00      66.00      70.00      82.00      56.00
      19.00      15.00      18.00      24.00      22.00      10.00       8.00      25.00      50.00      72.00
      96.00      78.00      45.00      40.00      44.00      51.00      62.00      66.00      48.00      37.00
      35.00      32.00      30.00      29.00      33.00      52.00      78.00      98.00      99.00     100.00
     100.00     100.00      89.00      61.00      60.00      68.00      75.00      82.00      85.00      90.00
      99.00     100.00      95.00      94.00     100.00      95.00      62.00      43.00      50.00      58.00
      65.00      82.00      99.00
      34.00      33.00      31.00      33.00      38.00      44.00      54.00      67.00      74.00      71.00
      68.00      64.00      98.00      95.00     100.00      82.00      52.00      54.00      74.00      58.00
      37.00      18.00      20.00      19.00      22.00      16.00      14.00      33.00      62.00      73.00
      75.00      64.00      43.00      46.00      50.00      27.00      45.00      93.00      70.00      54.00
      57.00      59.00      61.00      57.00      53.00      66.00      87.00      96.00      97.00      96.00
      97.00      77.00      53.00      47.00      63.00      75.00      91.00      97.00      91.00      85.00
      87.00      82.00      66.00      62.00      76.00      91.00      77.00      66.00      72.00      77.00
      75.00      80.00      89.00
      44.00      37.00      34.00      37.00      45.00      50.00      56.00      64.00      68.00      65.00
      58.00      59.00      69.00      71.00      69.00      77.00      34.00      21.00      56.00      49.00
      31.00      26.00      22.00      16.00      22.00      29.00      36.00      64.00      84.00      83.00
      74.00      40.00      24.00      58.00      59.00       0.00       0.00      68.00      78.00      89.00
      92.00      87.00      91.00      84.00      76.00      72.00      73.00      89.00      91.00      91.00
      95.00      71.00      48.00      49.00      67.00      87.00      95.00      92.00      83.00      76.00
      72.00      65.00      52.00      50.00      65.00      80.00      76.00      74.00      78.00      75.00
      72.00      81.00      89.00
      18.00      19.00      22.00      32.00      42.00      57.00      66.00      64.00      61.00      64.00
      65.00      62.00      69.00      64.00      75.00      83.00      40.00      15.00      14.00      37.00
      40.00      24.00      24.00      24.00      22.00      24.00      30.00      47.00      54.00      39.00
      62.00      69.00       0.00       0.00      60.00     100.00     100.00      96.00      77.00      86.00
      91.00      84.00      86.00      86.00      87.00      66.00      68.00      78.00      81.00      87.00
      94.00      78.00      63.00      72.00      86.00      91.00      84.00      73.00      67.00      64.00
      60.00      54.00      51.00      56.00      69.00      72.00      63.00      63.00      77.00      79.00
      79.00      91.00      94.00
      11.00      13.00      17.00      21.00      25.00      41.00      49.00      47.00      43.00      45.00
      47.00      50.00      52.00      47.00      57.00      49.00      30.00      13.00      10.00      12.00
      18.00      23.00      15.00      17.00      11.00      15.00      24.00      33.00      38.00      25.00
      31.00      63.00      72.00      40.00      37.00      65.00      83.00      91.00      91.00      90.00
      90.00      92.00      97.00      96.00      98.00      92.00      93.00      94.00      83.00      77.00
      78.00      79.00      83.00      91.00      93.00      87.00      76.00      65.00      60.00      60.00
      58.00      54.00      53.00      60.00      68.00      64.00      54.00      58.00      75.00      84.00
      87.00      85.00      79.00
      11.00      13.00      15.00      17.00      17.00      18.00      20.00      21.00      23.00      26.00
      27.00      27.00      27.00      25.00      21.00      22.00      15.00      19.00      12.00      11.00
      14.00      18.00      34.00      38.00      40.00      52.00      63.00      59.00      41.00      33.00
      36.00      62.00      82.00      98.00      97.00      90.00      90.00      96.00      96.00      98.00
     100.00     100.00     100.00     100.00      99.00      97.00      92.00      89.00      76.00      62.00
      64.00      77.00      85.00      88.00      88.00      81.00      68.00      62.00      60.00      62.00
      63.00      60.00      59.00      64.00      69.00      68.00      64.00      65.00      68.00      71.00
      73.00      68.00      64.00
       9.00      10.00      12.00      15.00      16.00      15.00      15.00      17.00      17.00      16.00
      19.00      19.00      17.00      15.00      13.00       9.00      14.00      19.00      16.00       9.00
      17.00      15.00      22.00      36.00      45.00      52.00      63.00      60.00      53.00      47.00
      51.00      56.00      71.00      85.00      89.00      84.00      85.00      88.00      90.00      97.00
      98.00      98.00     100.00     100.00      91.00      84.00      77.00      71.00      65.00      56.00
      61.00      75.00      77.00      72.00      71.00      63.00      57.00      60.00      63.00      63.00
      62.00      58.00      62.00      67.00      65.00      65.00      69.00      73.00      70.00      62.00
      57.00      55.00      57.00
       7.00       7.00       8.00      11.00      14.00      14.00      18.00      18.00      16.00      17.00
      18.00      20.00      16.00      14.00      14.00      11.00      19.00       8.00      16.00      12.00
      13.00      14.00      22.00      51.00      48.00      38.00      46.00      60.00      68.00      68.00
      66.00      61.00      65.00      85.00      92.00      84.00      84.00      90.00      92.00      93.00
      94.00      94.00      94.00      75.00      77.00      83.00      69.00      66.00      73.00      67.00
      67.00      73.00      66.00      56.00      54.00      55.00      58.00      63.00      62.00      64.00
      61.00      58.00      67.00      65.00      57.00      60.00      69.00      83.00      86.00      70.00
      65.00      66.00      69.00
       7.00       6.00       6.00       7.00      10.00      11.00      12.00      19.00      20.00      18.00
      16.00      14.00      13.00      15.00      24.00      17.00      18.00      22.00      12.00      10.00
       7.00       7.00      15.00      31.00      48.00      64.00      69.00      65.00      70.00      81.00
      83.00      61.00      59.00      69.00      81.00      82.00      80.00      83.00      86.00      91.00
      93.00      93.00      76.00      58.00      64.00      75.00      66.00      70.00      75.00      70.00
      70.00      67.00      59.00      53.00      54.00      60.00      65.00      66.00      60.00      64.00
      66.00      62.00      67.00      63.00      60.00      67.00      75.00      89.00      91.00      81.00
      83.00      82.00      80.00
      14.00      10.00       8.00       7.00      11.00      10.00      11.00      11.00      10.00      12.00
      11.00       9.00       9.00      12.00      14.00      19.00      14.00      57.00      14.00       5.00
      10.00      26.00      28.00      34.00      45.00      74.00      86.00      83.00      85.00      92.00
      91.00      76.00      65.00      66.00      68.00      75.00      80.00      70.00      64.00      67.00
      73.00      74.00      68.00      58.00      66.00      67.00      67.00      68.00      68.00      67.00
      64.00      54.00      51.00      58.00      66.00      64.00      64.00      67.00      63.00      65.00
      69.00      65.00      64.00      63.00      68.00      80.00      89.00      97.00      91.00      87.00
      83.00      67.00      65.00
      29.00      27.00      27.00      27.00      24.00      19.00      17.00      15.00      13.00      14.00
      21.00      26.00      31.00      25.00      19.00      16.00      36.00      51.00      29.00      33.00
      20.00      35.00      44.00      55.00      62.00      84.00      91.00      98.00      96.00      92.00
      94.00      87.00      63.00      62.00      61.00      70.00      80.00      73.00      65.00      69.00
      69.00      70.00      73.00      74.00      68.00      72.00      68.00      64.00      60.00      55.00
      48.00      47.00      56.00      65.00      69.00      63.00      65.00      75.00      75.00      74.00
      75.00      74.00      80.00      81.00      73.00      75.00      90.00      99.00      93.00      90.00
      85.00      75.00      74.00
      48.00      49.00      52.00      56.00      48.00      41.00      39.00      38.00      50.00      59.00
      69.00      75.00      78.00      49.00      60.00      34.00      30.00      26.00      24.00      25.00
      31.00      47.00      52.00      61.00      62.00      87.00      87.00      91.00      86.00      80.00
      88.00      93.00      63.00      67.00      70.00      77.00      87.00      83.00      71.00      72.00
      68.00      68.00      74.00      72.00      70.00      83.00      78.00      65.00      60.00      55.00
      56.00      64.00      67.00      66.00      66.00      68.00      71.00      77.00      81.00      83.00
      85.00      89.00      95.00      89.00      73.00      68.00      79.00      86.00      91.00      93.00
      92.00      94.00      91.00
      56.00      58.00      58.00      74.00      70.00      59.00      58.00      55.00      68.00      89.00
      95.00      73.00      69.00      73.00     100.00      82.00      58.00      49.00      47.00      55.00
      62.00      72.00      71.00      82.00      87.00      90.00      86.00      88.00      86.00      77.00
      74.00      68.00      65.00      71.00      80.00      84.00      91.00      89.00      76.00      72.00
      66.00      67.00      72.00      72.00      77.00      85.00      76.00      68.00      69.00      75.00
      85.00      81.00      72.00      71.00      74.00      78.00      75.00      74.00      79.00      78.00
      82.00      90.00      86.00      78.00      73.00      74.00      77.00      78.00      88.00      95.00
      95.00      97.00      89.00
      65.00      67.00      61.00      59.00      68.00      94.00      88.00      71.00      71.00      86.00
      95.00      77.00      60.00      67.00      99.00     100.00     100.00      85.00      75.00      81.00
      92.00      86.00      79.00      83.00      86.00      84.00      82.00      84.00      84.00      78.00
      69.00      67.00      68.00      71.00      77.00      84.00      90.00      88.00      84.00      77.00
      70.00      74.00      73.00      70.00      79.00      77.00      72.00      73.00      73.00      82.00
      85.00      80.00      71.00      75.00      76.00      73.00      66.00      67.00      78.00      78.00
      85.00      87.00      76.00      72.00      76.00      76.00      74.00      72.00      77.00      87.00
      91.00      91.00      89.00
      84.00      85.00      83.00      80.00      84.00      97.00      97.00      82.00      86.00      82.00
      93.00      96.00      98.00      77.00      88.00      97.00     100.00      93.00      94.00      92.00
      87.00      88.00      82.00      73.00      71.00      69.00      65.00      72.00      74.00      69.00
      69.00      76.00      80.00      81.00      84.00      86.00      87.00      85.00      85.00      85.00
      73.00      74.00      70.00      66.00      74.00      78.00      81.00      82.00      71.00      67.00
      73.00      73.00      70.00      71.00      70.00      67.00      60.00      63.00      66.00      69.00
      77.00      77.00      72.00      72.00      78.00      77.00      71.00      68.00      69.00      81.00
      86.00      79.00      88.00
      82.00      85.00      87.00      88.00      82.00      88.00      80.00      84.00      83.00      74.00
      73.00      97.00      89.00      70.00      75.00      88.00      99.00      88.00      87.00      86.00
      89.00      89.00      86.00      85.00      83.00      76.00      72.00      82.00      78.00      63.00
      61.00      74.00      77.00      75.00      70.00      64.00      72.00      76.00      74.00      79.00
      75.00      78.00      69.00      68.00      76.00      85.00      93.00      86.00      77.00      70.00
      70.00      75.00      75.00      69.00      66.00      66.00      67.00      73.00      72.00      65.00
      66.00      71.00      71.00      66.00      67.00      72.00      71.00      75.00      77.00      84.00
      84.00      77.00      84.00
      76.00      78.00      79.00      81.00      79.00      82.00      81.00      76.00      78.00      77.00
      71.00      95.00      75.00      69.00      80.00      92.00      84.00      81.00      96.00      97.00
      98.00      92.00      90.00      91.00      84.00      81.00      87.00      90.00      69.00      60.00
      68.00      73.00      65.00      56.00      49.00      48.00      65.00      70.00      57.00      60.00
      72.00      78.00      75.00      76.00      83.00      92.00      92.00      89.00      91.00      87.00
      82.00      92.00      90.00      81.00      76.00      70.00      63.00      61.00      66.00      68.00
      68.00      72.00      67.00      58.00      57.00      64.00      72.00      82.00      88.00      90.00
      83.00      74.00      72.00
