diamond 4 20年06月25日20时925百帕相对湿度
20 06 25  20  925 
2.500 -2.500  .0  180.0   90.0  .0
73  37
      47.00      47.00      47.00      47.00      47.00      47.00      47.00      47.00      47.00      47.00
      47.00      47.00      47.00      47.00      47.00      47.00      47.00      47.00      47.00      47.00
      47.00      47.00      47.00      47.00      47.00      47.00      47.00      47.00      47.00      47.00
      47.00      47.00      47.00      47.00      47.00      47.00      47.00      47.00      47.00      47.00
      47.00      47.00      47.00      47.00      47.00      47.00      47.00      47.00      47.00      47.00
      47.00      47.00      47.00      47.00      47.00      47.00      47.00      47.00      47.00      47.00
      47.00      47.00      47.00      47.00      47.00      47.00      47.00      47.00      47.00      47.00
      47.00      47.00      47.00
      54.00      54.00      55.00      55.00      55.00      55.00      56.00      56.00      56.00      56.00
      56.00      56.00      55.00      55.00      55.00      55.00      55.00      55.00      54.00      54.00
      54.00      54.00      54.00      54.00      53.00      53.00      53.00      53.00      53.00      53.00
      53.00      53.00      53.00      53.00      53.00      53.00      53.00      54.00      54.00      54.00
      55.00      55.00      55.00      56.00      56.00      57.00      57.00      58.00      58.00      58.00
      59.00      59.00      60.00      60.00      61.00      61.00      62.00      62.00      62.00      63.00
      63.00      64.00      64.00      65.00      65.00      66.00      66.00      67.00      67.00      67.00
      68.00      68.00      69.00
      90.00      91.00      91.00      92.00      92.00      92.00      92.00      91.00      91.00      90.00
      89.00      89.00      88.00      87.00      86.00      85.00      83.00      82.00      81.00      79.00
      78.00      76.00      75.00      73.00      71.00      69.00      68.00      66.00      64.00      63.00
      61.00      60.00      59.00      57.00      57.00      56.00      55.00      55.00      55.00      54.00
      54.00      55.00      55.00      55.00      55.00      56.00      57.00      57.00      58.00      59.00
      60.00      61.00      62.00      63.00      65.00      66.00      67.00      68.00      70.00      71.00
      71.00      72.00      73.00      74.00      74.00      75.00      75.00      76.00      76.00      76.00
      77.00      77.00      77.00
      97.00      97.00      97.00      96.00      95.00      93.00      91.00      89.00      86.00      84.00
      81.00      77.00      74.00      71.00      68.00      66.00      64.00      63.00      63.00      63.00
      64.00      66.00      67.00      68.00      69.00      69.00      68.00      67.00      66.00      63.00
      61.00      59.00      56.00      54.00      52.00      50.00      48.00      47.00      45.00      44.00
      43.00      42.00      41.00      40.00      39.00      39.00      39.00      39.00      40.00      41.00
      43.00      45.00      48.00      52.00      56.00      60.00      65.00      69.00      74.00      78.00
      81.00      83.00      85.00      85.00      86.00      85.00      85.00      85.00      85.00      85.00
      85.00      86.00      86.00
      83.00      84.00      86.00      86.00      86.00      85.00      84.00      81.00      77.00      72.00
      66.00      59.00      52.00      45.00      39.00      36.00      34.00      35.00      38.00      44.00
      50.00      58.00      65.00      72.00      76.00      79.00      80.00      79.00      77.00      74.00
      71.00      68.00      66.00      64.00      63.00      63.00      63.00      63.00      63.00      63.00
      62.00      61.00      59.00      57.00      54.00      51.00      48.00      45.00      42.00      40.00
      38.00      37.00      38.00      40.00      43.00      48.00      54.00      61.00      69.00      76.00
      83.00      89.00      93.00      95.00      96.00      95.00      94.00      92.00      91.00      91.00
      91.00      92.00      93.00
      66.00      70.00      74.00      79.00      83.00      85.00      85.00      84.00      81.00      76.00
      70.00      64.00      57.00      51.00      47.00      45.00      44.00      46.00      49.00      54.00
      61.00      69.00      75.00      80.00      81.00      79.00      76.00      71.00      65.00      61.00
      59.00      60.00      63.00      69.00      74.00      79.00      83.00      86.00      87.00      88.00
      87.00      86.00      85.00      84.00      82.00      80.00      78.00      75.00      70.00      65.00
      59.00      53.00      46.00      39.00      32.00      28.00      27.00      29.00      34.00      41.00
      50.00      59.00      68.00      76.00      83.00      89.00      92.00      94.00      95.00      96.00
      96.00      97.00      98.00
      83.00      86.00      88.00      90.00      90.00      88.00      85.00      81.00      78.00      75.00
      73.00      72.00      70.00      69.00      68.00      67.00      66.00      65.00      65.00      67.00
      70.00      74.00      78.00      79.00      77.00      73.00      67.00      60.00      54.00      50.00
      50.00      53.00      60.00      69.00      78.00      86.00      92.00      95.00      95.00      92.00
      89.00      86.00      84.00      81.00      79.00      76.00      73.00      71.00      70.00      68.00
      66.00      64.00      62.00      59.00      54.00      50.00      47.00      44.00      44.00      45.00
      46.00      49.00      52.00      56.00      60.00      64.00      69.00      73.00      77.00      80.00
      82.00      84.00      87.00
     100.00     100.00     100.00     100.00     100.00     100.00     100.00      98.00      96.00      93.00
      91.00      88.00      86.00      85.00      83.00      80.00      76.00      72.00      69.00      68.00
      69.00      74.00      80.00      86.00      89.00      88.00      83.00      73.00      62.00      52.00
      46.00      43.00      44.00      48.00      54.00      60.00      65.00      67.00      67.00      63.00
      58.00      54.00      51.00      49.00      47.00      46.00      44.00      44.00      45.00      46.00
      48.00      49.00      50.00      51.00      52.00      53.00      55.00      56.00      56.00      54.00
      50.00      47.00      46.00      46.00      49.00      54.00      60.00      67.00      72.00      76.00
      79.00      81.00      83.00
      97.00      86.00      78.00      74.00      76.00      83.00      92.00      97.00      99.00      94.00
      87.00      81.00      77.00      73.00      70.00      67.00      64.00      64.00      66.00      70.00
      73.00      78.00      85.00      92.00      95.00      92.00      83.00      70.00      56.00      43.00
      35.00      30.00      29.00      30.00      34.00      39.00      47.00      55.00      66.00      66.00
      50.00      34.00      32.00      32.00      34.00      35.00      35.00      35.00      34.00      34.00
      33.00      31.00      30.00      31.00      32.00      31.00      32.00      33.00      33.00      32.00
      31.00      30.00      29.00      29.00      30.00      34.00      40.00      46.00      54.00      62.00
      70.00      75.00      82.00
      83.00      71.00      61.00      55.00      58.00      74.00      90.00      97.00      93.00      83.00
      74.00      69.00      65.00      61.00      57.00      56.00      55.00      58.00      65.00      72.00
      77.00      83.00      90.00      95.00      93.00      85.00      75.00      64.00      55.00      49.00
      46.00      45.00      46.00      47.00      47.00      48.00      50.00      72.00      77.00      80.00
      74.00      51.00      41.00      43.00      48.00      46.00      45.00      45.00      43.00      39.00
      43.00      68.00      75.00      76.00      78.00      80.00      82.00      67.00      38.00      28.00
      27.00      26.00      22.00      17.00      17.00      20.00      24.00      27.00      35.00      47.00
      60.00      69.00      71.00
      77.00      74.00      70.00      67.00      69.00      81.00      84.00      80.00      70.00      61.00
      63.00      67.00      68.00      64.00      59.00      55.00      55.00      59.00      66.00      76.00
      85.00      93.00      96.00      92.00      83.00      76.00      69.00      58.00      54.00      56.00
      59.00      63.00      65.00      62.00      56.00      51.00      53.00      66.00      68.00      68.00
      59.00      61.00      62.00      63.00      65.00      61.00      61.00      59.00      56.00      50.00
      57.00      72.00      73.00      75.00      79.00      83.00      84.00      84.00      83.00      81.00
      39.00      27.00      29.00      37.00      51.00      53.00      45.00      29.00      41.00      53.00
      62.00      70.00      76.00
      64.00      61.00      55.00      74.00      82.00      75.00      72.00      58.00      48.00      47.00
      53.00      61.00      66.00      69.00      70.00      67.00      61.00      56.00      54.00      61.00
      75.00      89.00      91.00      83.00      74.00      67.00      61.00      59.00      63.00      67.00
      70.00      73.00      73.00      67.00      57.00      49.00      48.00      63.00      77.00      71.00
      60.00      55.00      55.00      62.00      69.00      71.00      68.00      63.00      61.00      55.00
      51.00      51.00      52.00      57.00      67.00      87.00      88.00      89.00      92.00      92.00
      88.00      81.00      74.00      48.00      39.00      43.00      48.00      53.00      61.00      69.00
      74.00      84.00      89.00
      60.00      61.00      72.00      79.00      69.00      67.00      63.00      50.00      40.00      43.00
      48.00      53.00      60.00      66.00      73.00      77.00      70.00      56.00      45.00      44.00
      53.00      65.00      72.00      72.00      74.00      78.00      81.00      85.00      86.00      82.00
      73.00      65.00      61.00      57.00      51.00      45.00      48.00      57.00      64.00      62.00
      51.00      43.00      43.00      52.00      63.00      71.00      76.00      75.00      69.00      65.00
      62.00      56.00      54.00      60.00      68.00      88.00      90.00      94.00      84.00      45.00
      36.00      37.00      38.00      39.00      40.00      48.00      61.00      70.00      73.00      77.00
      84.00      92.00      96.00
      59.00      71.00      81.00      81.00      75.00      68.00      60.00      53.00      49.00      48.00
      48.00      49.00      50.00      50.00      55.00      61.00      66.00      60.00      50.00      46.00
      50.00      57.00      62.00      65.00      67.00      73.00      78.00      78.00      74.00      64.00
      54.00      47.00      43.00      45.00      50.00      56.00      61.00      63.00      65.00      62.00
      57.00      50.00      45.00      50.00      68.00      87.00      90.00      86.00      86.00      91.00
      93.00      91.00      87.00      87.00      91.00      90.00      95.00      97.00      89.00      76.00
      63.00      54.00      48.00      46.00      59.00      59.00      58.00      66.00      79.00      89.00
      96.00     100.00     100.00
      50.00      60.00      70.00      74.00      72.00      67.00      64.00      64.00      63.00      61.00
      57.00      52.00      47.00      44.00      47.00      53.00      56.00      49.00      42.00      41.00
      44.00      45.00      44.00      45.00      48.00      52.00      55.00      53.00      48.00      40.00
      35.00      33.00      34.00      41.00      54.00      72.00      81.00      74.00      77.00      81.00
      76.00      61.00      58.00      66.00      86.00     100.00      94.00      83.00      77.00      75.00
      73.00      71.00      73.00      81.00      90.00      92.00     100.00      99.00      83.00      67.00
      59.00      50.00      42.00      41.00      48.00      38.00      43.00      59.00      75.00      80.00
      81.00      84.00      90.00
      48.00      56.00      64.00      70.00      77.00      82.00      83.00      84.00      83.00      78.00
      69.00      58.00      51.00      44.00      41.00      42.00      41.00      37.00      37.00      43.00
      49.00      52.00      57.00      62.00      59.00      54.00      50.00      44.00      36.00      30.00
      32.00      42.00      52.00      50.00      74.00      98.00     100.00     100.00      97.00      89.00
      75.00      65.00      63.00      68.00      76.00      74.00      60.00      48.00      42.00      45.00
      50.00      69.00      79.00      87.00      95.00      97.00      98.00      89.00      70.00      52.00
      41.00      34.00      32.00      34.00      33.00      38.00      48.00      57.00      65.00      69.00
      66.00      66.00      76.00
      47.00      54.00      61.00      67.00      76.00      85.00      83.00      80.00      81.00      85.00
      83.00      72.00      60.00      45.00      37.00      40.00      46.00      47.00      49.00      52.00
      53.00      54.00      59.00      61.00      52.00      41.00      34.00      30.00      25.00      22.00
      24.00      34.00      52.00      73.00      90.00      89.00      93.00      97.00      84.00      69.00
      65.00      76.00      87.00      87.00      75.00      53.00      34.00      24.00      25.00      43.00
      67.00      90.00     100.00     100.00     100.00     100.00     100.00      97.00      81.00      59.00
      46.00      41.00      41.00      43.00      49.00      56.00      59.00      63.00      69.00      71.00
      71.00      67.00      65.00
      58.00      57.00      51.00      53.00      84.00     100.00      72.00      66.00      70.00      78.00
      93.00      79.00      70.00      51.00      40.00      45.00      51.00      48.00      43.00      39.00
      35.00      30.00      25.00      21.00      19.00      19.00      17.00      12.00      11.00      16.00
      24.00      28.00      34.00      53.00      78.00      81.00      83.00      87.00      66.00      36.00
      32.00      53.00      74.00      78.00      65.00      49.00      41.00      45.00      61.00      75.00
      87.00      91.00     100.00     100.00     100.00     100.00     100.00     100.00      83.00      66.00
      59.00      58.00      57.00      56.00      61.00      69.00      77.00      83.00      85.00      84.00
      80.00      68.00      59.00
      70.00      63.00      54.00      61.00      87.00      78.00      66.00      64.00      67.00      78.00
      91.00      70.00      67.00      54.00      48.00      54.00      57.00      53.00      51.00      47.00
      39.00      28.00      17.00      12.00      13.00      19.00      19.00      14.00      11.00      16.00
      26.00      28.00      34.00      63.00      85.00      67.00      56.00      63.00      57.00      30.00
      17.00      22.00      33.00      43.00      39.00      31.00      38.00      72.00     100.00      98.00
      85.00      78.00      96.00     100.00     100.00     100.00     100.00      92.00      75.00      68.00
      73.00      74.00      63.00      52.00      55.00      66.00      71.00      72.00      71.00      72.00
      72.00      64.00      56.00
      57.00      53.00      47.00      44.00      48.00      51.00      50.00      53.00      65.00      81.00
      79.00      64.00      69.00      75.00      71.00      67.00      94.00     100.00      80.00      52.00
      49.00      28.00      15.00      14.00      14.00      11.00      11.00      15.00      14.00      16.00
      21.00      20.00      21.00      40.00      49.00      29.00      18.00      18.00      21.00      18.00
      14.00      12.00      19.00      35.00      34.00      25.00      41.00      92.00      95.00      81.00
      73.00      94.00     100.00     100.00     100.00     100.00     100.00     100.00      85.00      74.00
      74.00      71.00      56.00      39.00      35.00      41.00      45.00      47.00      59.00      76.00
      82.00      78.00      72.00
      54.00      34.00      35.00      35.00      39.00      43.00      46.00      52.00      70.00      85.00
      73.00      65.00      56.00      62.00      70.00      60.00      65.00      74.00      47.00      36.00
      38.00      21.00      11.00      12.00      15.00       9.00       6.00      12.00      27.00      40.00
      40.00      27.00      22.00      32.00      39.00      35.00      30.00      24.00      18.00      18.00
      19.00      14.00      11.00      13.00      14.00      27.00      71.00      94.00      83.00      87.00
      96.00     100.00     100.00     100.00     100.00      99.00     100.00     100.00     100.00      86.00
      70.00      65.00      59.00      49.00      43.00      47.00      53.00      65.00      85.00      98.00
      99.00      96.00      94.00
      30.00      25.00      24.00      25.00      31.00      36.00      39.00      47.00      56.00      61.00
      61.00      47.00      26.00      28.00      29.00      22.00      23.00      25.00      17.00      21.00
      44.00      19.00      12.00       7.00      12.00      12.00      11.00      18.00      40.00      77.00
      92.00      64.00      55.00      73.00      88.00      88.00      92.00      81.00      70.00      78.00
      80.00      56.00      33.00      16.00      13.00      32.00      49.00      68.00      73.00      83.00
      98.00     100.00      98.00      99.00      98.00      97.00      95.00     100.00     100.00      94.00
      81.00      76.00      79.00      83.00      84.00      90.00      97.00     100.00     100.00     100.00
     100.00     100.00      98.00
      19.00      16.00      12.00      16.00      23.00      29.00      35.00      47.00      57.00      61.00
      58.00      46.00      38.00      41.00      44.00      26.00      17.00      16.00      10.00       9.00
      13.00      13.00       9.00       7.00       7.00       8.00      13.00      26.00      42.00      59.00
      85.00      99.00      96.00      98.00      88.00      77.00      73.00      72.00      89.00     100.00
     100.00     100.00      88.00      51.00      45.00      55.00      57.00      59.00      62.00      70.00
      86.00      96.00      96.00      93.00      92.00      92.00      93.00      82.00      77.00      75.00
      75.00      79.00      90.00      98.00      99.00     100.00     100.00     100.00      99.00      97.00
      94.00      94.00      89.00
       9.00       9.00      13.00      15.00      17.00      29.00      43.00      49.00      55.00      56.00
      61.00      54.00      49.00      55.00      54.00      22.00      13.00      14.00      12.00       9.00
       7.00       7.00      10.00      10.00       8.00      10.00      15.00      23.00      28.00      36.00
      41.00      88.00     100.00      63.00      52.00      69.00      77.00      72.00      85.00      91.00
      90.00     100.00      87.00      59.00      70.00      77.00      61.00      70.00      77.00      74.00
      81.00      86.00      84.00      79.00      74.00      75.00      74.00      68.00      60.00      58.00
      63.00      72.00      80.00      86.00      92.00      92.00      86.00      82.00      81.00      78.00
      75.00      76.00      78.00
      10.00      11.00      14.00      15.00      15.00      20.00      32.00      37.00      35.00      35.00
      40.00      51.00      57.00      56.00      32.00      14.00      13.00      12.00       9.00      12.00
      10.00       6.00       6.00       7.00       6.00       8.00       8.00      12.00      19.00      28.00
      30.00      40.00      78.00     100.00      84.00      80.00      91.00      92.00      95.00      91.00
      87.00      92.00      76.00      65.00      80.00      67.00      67.00      91.00      96.00      83.00
      82.00      80.00      73.00      69.00      67.00      67.00      66.00      64.00      57.00      53.00
      58.00      62.00      63.00      64.00      67.00      66.00      63.00      64.00      67.00      69.00
      70.00      74.00      78.00
      10.00      10.00      10.00      13.00      16.00      16.00      16.00      17.00      20.00      23.00
      26.00      31.00      32.00      29.00      22.00      10.00       7.00       8.00       6.00      10.00
      12.00      10.00       9.00      12.00      11.00       8.00       6.00      10.00      21.00      24.00
      23.00      30.00      45.00      77.00     100.00     100.00     100.00     100.00      98.00      96.00
      90.00      82.00      77.00      78.00      85.00      86.00      92.00      97.00      83.00      66.00
      73.00      74.00      69.00      65.00      62.00      59.00      59.00      60.00      60.00      58.00
      57.00      56.00      55.00      55.00      56.00      58.00      59.00      60.00      66.00      73.00
      80.00      80.00      78.00
       9.00       9.00      10.00      11.00       9.00       8.00      12.00      14.00      17.00      18.00
      19.00      23.00      21.00      21.00      26.00      20.00       8.00       8.00      10.00       7.00
      13.00      15.00      19.00      31.00      40.00      40.00      40.00      37.00      36.00      34.00
      33.00      33.00      40.00      57.00      69.00      77.00      89.00      96.00      94.00      99.00
      94.00      84.00      84.00      91.00     100.00     100.00     100.00      87.00      65.00      57.00
      68.00      71.00      68.00      64.00      60.00      59.00      57.00      57.00      59.00      58.00
      56.00      57.00      61.00      64.00      65.00      71.00      74.00      74.00      74.00      74.00
      73.00      71.00      69.00
       7.00       6.00       7.00      10.00       9.00       9.00      11.00      13.00      13.00      15.00
      14.00      17.00      17.00      14.00      26.00      21.00      10.00       3.00       6.00       7.00
      10.00      16.00      20.00      34.00      52.00      37.00      43.00      56.00      56.00      46.00
      41.00      41.00      39.00      40.00      62.00      75.00      76.00      91.00      92.00      88.00
      89.00      92.00      92.00      79.00      77.00      89.00      85.00      74.00      68.00      66.00
      68.00      67.00      63.00      62.00      64.00      65.00      61.00      59.00      59.00      57.00
      57.00      59.00      62.00      64.00      67.00      75.00      79.00      83.00      84.00      73.00
      66.00      66.00      63.00
       7.00       6.00       8.00       8.00      10.00      12.00      11.00      10.00      10.00      11.00
      11.00      12.00      12.00       9.00      12.00      25.00      20.00       9.00       4.00       9.00
       9.00      14.00      25.00      43.00      58.00      63.00      62.00      62.00      67.00      66.00
      50.00      43.00      53.00      65.00      74.00      67.00      70.00      84.00      88.00      87.00
      88.00      95.00      71.00      60.00      56.00      66.00      74.00      71.00      64.00      52.00
      55.00      59.00      57.00      61.00      65.00      66.00      64.00      70.00      78.00      77.00
      75.00      65.00      56.00      61.00      71.00      76.00      76.00      81.00      83.00      72.00
      69.00      69.00      60.00
      16.00      15.00      14.00       9.00       6.00       7.00       9.00      12.00      11.00       9.00
      11.00      13.00      12.00      10.00       8.00      20.00      18.00      29.00       4.00       5.00
       6.00      18.00      41.00      58.00      70.00      80.00      76.00      71.00      69.00      67.00
      81.00      56.00      70.00      80.00      65.00      60.00      66.00      69.00      71.00      77.00
      81.00      77.00      68.00      59.00      59.00      67.00      71.00      60.00      67.00      75.00
      67.00      65.00      62.00      60.00      61.00      61.00      60.00      65.00      76.00      79.00
      81.00      71.00      58.00      64.00      75.00      78.00      76.00      72.00      69.00      69.00
      74.00      73.00      66.00
      34.00      35.00      34.00      27.00      17.00      16.00      20.00      24.00      27.00      25.00
      22.00      21.00      20.00      27.00      21.00      14.00      28.00      24.00      12.00      20.00
      27.00      40.00      58.00      73.00      79.00      83.00      79.00      80.00      75.00      70.00
      83.00      69.00      74.00      64.00      62.00      68.00      74.00      76.00      74.00      74.00
      71.00      71.00      77.00      72.00      67.00      81.00      80.00      58.00      76.00      91.00
      75.00      72.00      71.00      66.00      66.00      66.00      62.00      61.00      66.00      69.00
      68.00      65.00      69.00      73.00      71.00      73.00      75.00      69.00      65.00      71.00
      77.00      78.00      76.00
      52.00      53.00      57.00      51.00      41.00      43.00      48.00      44.00      50.00      57.00
      49.00      46.00      44.00      55.00      54.00      38.00      20.00      27.00      29.00      35.00
      37.00      51.00      69.00      78.00      76.00      78.00      76.00      77.00      74.00      75.00
      85.00      89.00      69.00      70.00      75.00      81.00      84.00      85.00      77.00      76.00
      83.00      78.00      80.00      86.00      75.00      91.00      88.00      73.00      85.00      88.00
      71.00      71.00      73.00      73.00      71.00      69.00      70.00      70.00      72.00      77.00
      72.00      66.00      70.00      70.00      66.00      72.00      77.00      69.00      68.00      76.00
      79.00      78.00      77.00
      57.00      61.00      71.00      75.00      72.00      68.00      71.00      70.00      72.00      83.00
      88.00      81.00      78.00      73.00      98.00      94.00      41.00      29.00      29.00      24.00
      33.00      60.00      77.00      81.00      73.00      69.00      70.00      74.00      75.00      70.00
      68.00      68.00      67.00      70.00      86.00      85.00      86.00      78.00      66.00      68.00
      69.00      71.00      78.00      79.00      85.00      92.00      80.00      78.00      93.00      89.00
      79.00      74.00      74.00      77.00      74.00      72.00      78.00      75.00      72.00      70.00
      69.00      71.00      73.00      70.00      70.00      77.00      76.00      70.00      69.00      73.00
      72.00      72.00      73.00
      63.00      67.00      72.00      70.00      90.00      88.00      83.00      78.00      77.00      96.00
      90.00      82.00      81.00      84.00      85.00      73.00      49.00      37.00      32.00      32.00
      55.00      75.00      80.00      82.00      76.00      68.00      65.00      71.00      71.00      69.00
      63.00      61.00      65.00      72.00      78.00      85.00      83.00      63.00      62.00      75.00
      72.00      77.00      78.00      77.00      84.00      81.00      74.00      79.00      90.00      87.00
      78.00      73.00      75.00      79.00      78.00      79.00      80.00      83.00      85.00      83.00
      80.00      74.00      72.00      72.00      70.00      70.00      70.00      73.00      70.00      68.00
      72.00      81.00      87.00
      79.00      77.00      78.00      78.00      92.00      91.00      87.00      82.00      82.00      84.00
      87.00      87.00      84.00      69.00      56.00      55.00      55.00      44.00      45.00      59.00
      78.00      85.00      77.00      76.00      76.00      72.00      68.00      72.00      66.00      67.00
      70.00      72.00      77.00      84.00      83.00      80.00      77.00      58.00      56.00      68.00
      78.00      78.00      73.00      68.00      67.00      70.00      80.00      77.00      79.00      79.00
      79.00      79.00      77.00      77.00      81.00      84.00      82.00      84.00      87.00      88.00
      87.00      77.00      70.00      71.00      69.00      64.00      64.00      69.00      61.00      61.00
      74.00      88.00      96.00
      91.00      92.00      93.00      92.00      77.00      92.00      87.00      81.00      77.00      86.00
      89.00      84.00      62.00      47.00      42.00      50.00      61.00      59.00      67.00      84.00
      96.00      90.00      79.00      79.00      82.00      77.00      73.00      75.00      71.00      68.00
      69.00      75.00      74.00      73.00      66.00      64.00      72.00      64.00      52.00      54.00
      70.00      70.00      74.00      69.00      63.00      74.00      90.00      75.00      75.00      80.00
      82.00      82.00      78.00      80.00      87.00      86.00      85.00      89.00      84.00      82.00
      89.00      87.00      86.00      89.00      87.00      79.00      72.00      67.00      55.00      57.00
      66.00      70.00      76.00
      94.00      92.00      88.00      92.00      87.00      87.00      88.00      72.00      63.00      75.00
      76.00      54.00      43.00      50.00      49.00      47.00      69.00      80.00      92.00      96.00
      94.00      89.00      82.00      86.00      84.00      72.00      77.00      83.00      70.00      64.00
      69.00      77.00      65.00      54.00      49.00      54.00      72.00      72.00      58.00      50.00
      57.00      63.00      70.00      72.00      66.00      78.00      76.00      70.00      77.00      89.00
      83.00      81.00      79.00      84.00      86.00      78.00      76.00      79.00      87.00      87.00
      85.00      81.00      81.00      82.00      88.00      91.00      87.00      77.00      65.00      65.00
      67.00      65.00      65.00
