diamond 4 20年06月29日8时925百帕相对湿度
20 06 29  8  925 
2.500 -2.500  .0  180.0   90.0  .0
73  37
      62.00      62.00      62.00      62.00      62.00      62.00      62.00      62.00      62.00      62.00
      62.00      62.00      62.00      62.00      62.00      62.00      62.00      62.00      62.00      62.00
      62.00      62.00      62.00      62.00      62.00      62.00      62.00      62.00      62.00      62.00
      62.00      62.00      62.00      62.00      62.00      62.00      62.00      62.00      62.00      62.00
      62.00      62.00      62.00      62.00      62.00      62.00      62.00      62.00      62.00      62.00
      62.00      62.00      62.00      62.00      62.00      62.00      62.00      62.00      62.00      62.00
      62.00      62.00      62.00      62.00      62.00      62.00      62.00      62.00      62.00      62.00
      62.00      62.00      62.00
      45.00      46.00      47.00      48.00      49.00      50.00      51.00      52.00      53.00      55.00
      56.00      57.00      59.00      60.00      62.00      63.00      65.00      66.00      68.00      69.00
      71.00      72.00      74.00      75.00      77.00      78.00      79.00      81.00      82.00      83.00
      84.00      86.00      87.00      88.00      88.00      89.00      90.00      91.00      91.00      92.00
      92.00      93.00      93.00      93.00      93.00      94.00      94.00      94.00      94.00      94.00
      94.00      93.00      93.00      93.00      92.00      92.00      92.00      91.00      91.00      90.00
      89.00      89.00      88.00      87.00      86.00      85.00      84.00      83.00      82.00      81.00
      80.00      78.00      77.00
      34.00      36.00      38.00      40.00      43.00      45.00      48.00      51.00      54.00      57.00
      59.00      62.00      65.00      67.00      70.00      72.00      75.00      77.00      79.00      81.00
      84.00      86.00      88.00      90.00      92.00      94.00      96.00      98.00      99.00     100.00
     100.00     100.00     100.00     100.00     100.00     100.00     100.00     100.00     100.00     100.00
     100.00     100.00     100.00     100.00     100.00     100.00     100.00     100.00      99.00      99.00
      99.00      98.00      98.00      98.00      97.00      97.00      97.00      96.00      96.00      96.00
      95.00      95.00      95.00      95.00      95.00      95.00      95.00      95.00      95.00      94.00
      93.00      92.00      90.00
      35.00      39.00      43.00      48.00      53.00      58.00      62.00      66.00      70.00      73.00
      75.00      76.00      76.00      76.00      76.00      75.00      75.00      75.00      75.00      76.00
      76.00      78.00      79.00      81.00      82.00      84.00      85.00      86.00      86.00      86.00
      85.00      84.00      83.00      82.00      80.00      79.00      78.00      76.00      75.00      74.00
      73.00      73.00      72.00      71.00      70.00      69.00      68.00      68.00      68.00      68.00
      68.00      70.00      71.00      73.00      76.00      79.00      81.00      84.00      86.00      87.00
      88.00      88.00      88.00      88.00      87.00      87.00      86.00      85.00      84.00      83.00
      82.00      81.00      79.00
      56.00      59.00      62.00      67.00      73.00      79.00      86.00      91.00      95.00      96.00
      95.00      92.00      88.00      84.00      79.00      75.00      72.00      70.00      69.00      68.00
      69.00      70.00      72.00      73.00      75.00      77.00      79.00      79.00      79.00      78.00
      77.00      74.00      71.00      69.00      67.00      66.00      66.00      67.00      68.00      70.00
      72.00      73.00      73.00      71.00      68.00      64.00      60.00      55.00      51.00      48.00
      46.00      46.00      48.00      51.00      56.00      62.00      69.00      75.00      80.00      83.00
      85.00      84.00      83.00      79.00      75.00      71.00      66.00      62.00      59.00      55.00
      52.00      50.00      47.00
      62.00      60.00      61.00      65.00      73.00      82.00      91.00      99.00     100.00     100.00
     100.00     100.00     100.00      93.00      86.00      79.00      74.00      70.00      69.00      69.00
      70.00      72.00      75.00      78.00      82.00      85.00      89.00      92.00      94.00      94.00
      91.00      87.00      81.00      76.00      71.00      68.00      66.00      66.00      68.00      71.00
      74.00      77.00      79.00      80.00      80.00      79.00      75.00      69.00      61.00      54.00
      49.00      45.00      45.00      47.00      51.00      57.00      63.00      67.00      69.00      70.00
      68.00      66.00      62.00      57.00      52.00      47.00      44.00      42.00      41.00      42.00
      44.00      46.00      48.00
      62.00      61.00      61.00      63.00      67.00      74.00      82.00      91.00      99.00     100.00
     100.00     100.00      95.00      89.00      83.00      77.00      71.00      66.00      64.00      65.00
      69.00      75.00      83.00      90.00      96.00      98.00      99.00      98.00      98.00      95.00
      87.00      77.00      68.00      60.00      54.00      50.00      46.00      44.00      43.00      43.00
      44.00      45.00      48.00      50.00      53.00      56.00      59.00      62.00      60.00      57.00
      54.00      51.00      52.00      56.00      61.00      66.00      69.00      68.00      65.00      60.00
      55.00      50.00      46.00      42.00      39.00      38.00      39.00      43.00      48.00      55.00
      63.00      69.00      74.00
      46.00      47.00      49.00      52.00      57.00      63.00      70.00      77.00      82.00      84.00
      84.00      84.00      84.00      85.00      85.00      82.00      76.00      68.00      62.00      61.00
      66.00      75.00      86.00      95.00      97.00      95.00      87.00      77.00      69.00      64.00
      60.00      57.00      54.00      50.00      47.00      43.00      39.00      35.00      32.00      29.00
      28.00      27.00      29.00      32.00      36.00      40.00      44.00      49.00      51.00      53.00
      53.00      53.00      55.00      60.00      66.00      70.00      71.00      69.00      64.00      58.00
      53.00      50.00      52.00      57.00      65.00      72.00      78.00      82.00      86.00      90.00
      93.00      95.00      95.00
      52.00      56.00      59.00      63.00      66.00      69.00      69.00      69.00      71.00      73.00
      73.00      74.00      76.00      81.00      89.00      94.00      94.00      86.00      75.00      69.00
      71.00      79.00      89.00      92.00      87.00      74.00      61.00      54.00      55.00      60.00
      66.00      71.00      72.00      71.00      69.00      64.00      60.00      56.00      65.00      57.00
      30.00      30.00      30.00      32.00      35.00      37.00      40.00      42.00      45.00      47.00
      49.00      52.00      57.00      65.00      73.00      77.00      75.00      70.00      63.00      57.00
      52.00      51.00      55.00      65.00      77.00      87.00      93.00      95.00      94.00      93.00
      93.00      94.00      94.00
      81.00      81.00      80.00      78.00      75.00      69.00      63.00      60.00      55.00      51.00
      53.00      54.00      58.00      65.00      75.00      88.00      97.00      95.00      87.00      81.00
      83.00      90.00      97.00      99.00      91.00      77.00      69.00      69.00      76.00      83.00
      89.00      94.00      97.00      96.00      92.00      84.00      80.00      88.00      90.00      91.00
      84.00      47.00      42.00      42.00      43.00      40.00      36.00      38.00      39.00      40.00
      42.00      56.00      66.00      69.00      73.00      77.00      80.00      82.00      83.00      72.00
      64.00      64.00      64.00      63.00      64.00      70.00      78.00      84.00      88.00      89.00
      88.00      87.00      87.00
      78.00      80.00      79.00      76.00      75.00      78.00      83.00      71.00      56.00      48.00
      47.00      51.00      57.00      66.00      77.00      86.00      89.00      86.00      82.00      83.00
      86.00      89.00      90.00      87.00      80.00      77.00      75.00      80.00      88.00      92.00
      93.00      92.00      91.00      87.00      83.00      79.00      75.00      77.00      79.00      78.00
      61.00      48.00      47.00      52.00      62.00      49.00      35.00      36.00      34.00      29.00
      36.00      75.00      81.00      83.00      85.00      86.00      86.00      85.00      84.00      84.00
      65.00      53.00      46.00      45.00      63.00      72.00      74.00      82.00      92.00      98.00
      98.00      93.00      89.00
      79.00      74.00      71.00      70.00      89.00      91.00      80.00      66.00      54.00      48.00
      45.00      47.00      55.00      68.00      81.00      88.00      89.00      87.00      86.00      89.00
      94.00      94.00      87.00      80.00      80.00      77.00      74.00      76.00      80.00      85.00
      88.00      90.00      86.00      80.00      75.00      73.00      71.00      64.00      61.00      56.00
      52.00      43.00      49.00      56.00      62.00      61.00      46.00      39.00      36.00      31.00
      26.00      28.00      32.00      40.00      70.00      92.00      90.00      90.00      91.00      91.00
      88.00      87.00      88.00      49.00      52.00      60.00      64.00      70.00      76.00      82.00
      79.00      76.00      80.00
      97.00      95.00      89.00      86.00      91.00      81.00      69.00      67.00      62.00      56.00
      54.00      57.00      62.00      65.00      68.00      73.00      79.00      82.00      86.00      93.00
      99.00      99.00      90.00      81.00      81.00      82.00      79.00      77.00      75.00      78.00
      82.00      82.00      75.00      70.00      64.00      57.00      52.00      55.00      56.00      56.00
      54.00      52.00      48.00      56.00      59.00      61.00      74.00      68.00      53.00      45.00
      42.00      44.00      50.00      57.00      76.00      84.00      84.00      90.00      78.00      60.00
      52.00      49.00      46.00      43.00      44.00      48.00      53.00      56.00      60.00      65.00
      67.00      70.00      74.00
      96.00     100.00      98.00      88.00      77.00      74.00      77.00      77.00      72.00      68.00
      66.00      66.00      65.00      61.00      57.00      60.00      64.00      64.00      64.00      71.00
      82.00      89.00      91.00      89.00      90.00      93.00      93.00      91.00      92.00      94.00
      90.00      78.00      63.00      52.00      46.00      42.00      44.00      53.00      61.00      61.00
      55.00      49.00      66.00      92.00      92.00      94.00      95.00      97.00      98.00      97.00
      96.00      94.00      91.00      89.00      87.00      85.00      74.00      73.00      85.00      90.00
      85.00      75.00      64.00      56.00      54.00      48.00      50.00      58.00      64.00      66.00
      66.00      68.00      68.00
      91.00      89.00      82.00      73.00      67.00      69.00      77.00      81.00      76.00      73.00
      74.00      76.00      77.00      74.00      72.00      73.00      73.00      69.00      62.00      60.00
      62.00      68.00      79.00      88.00      94.00      98.00     100.00      99.00     100.00      96.00
      83.00      60.00      46.00      43.00      45.00      50.00      54.00      71.00      86.00      91.00
      94.00      70.00      59.00      96.00     100.00     100.00     100.00      99.00      96.00      98.00
      98.00      92.00      89.00      86.00      83.00      90.00      90.00      91.00      86.00      78.00
      75.00      69.00      56.00      43.00      42.00      38.00      39.00      42.00      43.00      47.00
      49.00      51.00      56.00
      88.00      74.00      66.00      62.00      62.00      67.00      73.00      75.00      73.00      71.00
      71.00      76.00      82.00      84.00      80.00      76.00      74.00      75.00      76.00      71.00
      63.00      57.00      58.00      68.00      79.00      82.00      89.00      94.00      85.00      68.00
      51.00      35.00      28.00      41.00      74.00      96.00      82.00      77.00      81.00      86.00
      90.00      94.00      90.00      97.00     100.00     100.00      91.00      81.00      82.00      94.00
      65.00      59.00      66.00      88.00      92.00      86.00      87.00      77.00      59.00      44.00
      40.00      40.00      37.00      36.00      39.00      38.00      36.00      32.00      30.00      33.00
      40.00      49.00      56.00
      76.00      70.00      71.00      75.00      80.00      83.00      80.00      75.00      74.00      74.00
      73.00      70.00      74.00      73.00      63.00      54.00      54.00      59.00      61.00      57.00
      52.00      51.00      55.00      57.00      58.00      61.00      66.00      67.00      56.00      45.00
      35.00      30.00      27.00      62.00      93.00      98.00      95.00      93.00      94.00      97.00
     100.00     100.00     100.00     100.00      87.00      65.00      49.00      46.00      56.00      77.00
      81.00      71.00      69.00      80.00      86.00      84.00      75.00      64.00      45.00      34.00
      37.00      43.00      48.00      55.00      65.00      72.00      68.00      55.00      45.00      43.00
      48.00      54.00      56.00
      83.00      89.00      87.00      86.00      96.00      97.00      79.00      63.00      66.00      71.00
      77.00      64.00      59.00      54.00      44.00      37.00      33.00      32.00      34.00      35.00
      35.00      36.00      38.00      40.00      39.00      42.00      45.00      40.00      30.00      31.00
      41.00      50.00      46.00      39.00      76.00      99.00     100.00      85.00      63.00      55.00
      66.00      82.00      82.00      70.00      53.00      37.00      31.00      35.00      51.00      73.00
      75.00      78.00      80.00      85.00      86.00      83.00      75.00      64.00      49.00      53.00
      70.00      86.00      92.00      91.00      91.00      95.00      98.00      86.00      65.00      55.00
      59.00      63.00      58.00
      98.00      91.00      73.00      79.00      84.00      65.00      51.00      50.00      56.00      64.00
      59.00      52.00      47.00      39.00      35.00      36.00      36.00      32.00      32.00      30.00
      28.00      26.00      28.00      31.00      31.00      34.00      37.00      36.00      31.00      30.00
      42.00      89.00      79.00      79.00      98.00     100.00      86.00      59.00      37.00      30.00
      38.00      48.00      45.00      42.00      46.00      50.00      48.00      45.00      48.00      44.00
      50.00      68.00      81.00      98.00     100.00      98.00      95.00      88.00      83.00      91.00
      99.00      99.00      99.00      95.00      84.00      84.00      96.00      90.00      56.00      39.00
      55.00      72.00      70.00
      85.00      75.00      61.00      55.00      50.00      47.00      43.00      40.00      44.00      56.00
      52.00      52.00      46.00      45.00      46.00      52.00      76.00      84.00      89.00      44.00
      23.00      17.00      25.00      34.00      26.00      10.00      11.00      27.00      72.00      71.00
      68.00      69.00      72.00      98.00     100.00      70.00      49.00      48.00      52.00      52.00
      49.00      41.00      33.00      41.00      69.00     100.00     100.00      78.00      63.00      51.00
      69.00     100.00      96.00      92.00     100.00      98.00      98.00      97.00      94.00     100.00
     100.00      98.00      97.00      96.00      84.00      79.00      93.00      90.00      43.00      14.00
      31.00      56.00      60.00
      58.00      39.00      40.00      43.00      43.00      40.00      36.00      41.00      47.00      45.00
      46.00      42.00      64.00      75.00      81.00      79.00      81.00      86.00      85.00      92.00
      36.00      20.00      14.00      25.00      22.00      10.00      10.00      64.00      86.00      57.00
      68.00      86.00      74.00      75.00      81.00      72.00      59.00      60.00      60.00      54.00
      49.00      41.00      38.00      52.00      84.00     100.00     100.00      80.00      59.00      52.00
      66.00      96.00      79.00      94.00      99.00     100.00     100.00      92.00      80.00      86.00
     100.00     100.00      96.00      93.00      83.00      79.00      92.00      93.00      52.00      17.00
      11.00      17.00      25.00
      29.00      24.00      33.00      45.00      47.00      42.00      36.00      36.00      43.00      46.00
      41.00      33.00      54.00      64.00      63.00      54.00      56.00      66.00      74.00      89.00
      84.00      27.00      23.00      21.00      31.00      24.00      24.00      84.00      76.00       6.00
      35.00      59.00      50.00      63.00      88.00      98.00      93.00      93.00      64.00      48.00
      51.00      58.00      69.00      83.00      96.00      94.00      80.00      66.00      58.00      55.00
      58.00      68.00      78.00      90.00      95.00      96.00      93.00      79.00      74.00      90.00
     100.00      92.00      73.00      68.00      70.00      75.00      91.00     100.00      85.00      56.00
      26.00       5.00       6.00
      30.00      30.00      30.00      27.00      34.00      34.00      29.00      30.00      39.00      47.00
      49.00      41.00      29.00      30.00      36.00      45.00      31.00      24.00      43.00      59.00
      64.00      33.00      15.00      11.00      20.00      28.00      37.00      54.00      58.00      50.00
      47.00      40.00      36.00      74.00      74.00      13.00       0.00      58.00      77.00      81.00
      84.00      90.00      98.00     100.00     100.00      94.00      89.00      96.00     100.00      98.00
      84.00      74.00      69.00      65.00      60.00      63.00      60.00      67.00      85.00     100.00
      93.00      67.00      53.00      57.00      66.00      73.00      87.00     100.00     100.00     100.00
      77.00      46.00      38.00
      12.00       8.00      10.00      14.00      17.00      20.00      20.00      23.00      34.00      51.00
      58.00      50.00      33.00      28.00      40.00      61.00      34.00      19.00      14.00      20.00
      26.00      20.00      20.00      25.00      27.00      31.00      29.00      36.00      49.00      32.00
      52.00      70.00      94.00      69.00      81.00     100.00     100.00      74.00      84.00      91.00
      87.00      93.00      98.00     100.00     100.00      95.00     100.00     100.00      96.00      88.00
      82.00      79.00      70.00      57.00      53.00      59.00      68.00      80.00      89.00      83.00
      65.00      51.00      53.00      66.00      73.00      74.00      82.00      92.00      99.00     100.00
     100.00      99.00      94.00
       7.00       8.00      10.00      11.00      11.00      18.00      25.00      30.00      40.00      45.00
      46.00      47.00      40.00      43.00      67.00      51.00      34.00      19.00      11.00      11.00
      17.00      20.00      21.00      27.00      26.00      19.00      10.00      20.00      40.00      36.00
      29.00      39.00      58.00      52.00       7.00      46.00      97.00     100.00     100.00      97.00
      91.00     100.00      99.00      98.00     100.00      95.00      99.00      86.00      69.00      53.00
      56.00      73.00      80.00      71.00      67.00      74.00      83.00      83.00      70.00      54.00
      49.00      53.00      61.00      69.00      75.00      77.00      80.00      85.00      90.00      94.00
      95.00      93.00      92.00
       7.00      10.00      14.00      16.00      14.00      16.00      23.00      29.00      33.00      35.00
      33.00      34.00      32.00      35.00      28.00      29.00      22.00      20.00      12.00      10.00
      12.00      20.00      22.00      34.00      46.00      43.00      27.00      33.00      51.00      60.00
      42.00      31.00      38.00      79.00     100.00     100.00     100.00     100.00     100.00     100.00
     100.00     100.00      95.00      93.00      88.00      80.00      72.00      73.00      65.00      53.00
      59.00      74.00      76.00      71.00      70.00      75.00      77.00      66.00      53.00      50.00
      55.00      61.00      64.00      66.00      69.00      70.00      70.00      70.00      71.00      74.00
      71.00      65.00      64.00
       7.00       9.00      16.00      17.00      16.00      16.00      20.00      23.00      24.00      26.00
      26.00      28.00      24.00      20.00      17.00      15.00      19.00      14.00      11.00      10.00
      12.00      13.00      16.00      24.00      38.00      58.00      74.00      62.00      56.00      71.00
      69.00      56.00      47.00      60.00      76.00      87.00     100.00     100.00      94.00      98.00
      95.00      88.00      90.00      94.00      87.00      82.00      78.00      75.00      73.00      72.00
      77.00      74.00      64.00      61.00      61.00      62.00      61.00      56.00      56.00      59.00
      55.00      55.00      61.00      65.00      64.00      59.00      59.00      61.00      62.00      61.00
      58.00      54.00      52.00
       8.00       9.00      15.00      14.00      13.00      14.00      22.00      26.00      27.00      26.00
      29.00      22.00      18.00      15.00      14.00      14.00      24.00       8.00       8.00       5.00
       8.00      19.00      34.00      55.00      50.00      46.00      55.00      75.00      71.00      56.00
      69.00      81.00      94.00      98.00     100.00      77.00      87.00      95.00      96.00      93.00
      93.00      87.00      89.00      77.00      73.00      77.00      82.00      85.00      85.00      77.00
      72.00      66.00      59.00      62.00      64.00      61.00      57.00      54.00      57.00      59.00
      58.00      61.00      65.00      67.00      66.00      63.00      60.00      61.00      65.00      65.00
      62.00      61.00      58.00
       6.00       9.00      12.00      14.00      16.00      14.00      15.00      19.00      23.00      19.00
      17.00      13.00      15.00      15.00      17.00      16.00      26.00      21.00       6.00       6.00
      12.00      27.00      44.00      56.00      66.00      92.00      93.00      78.00      70.00      62.00
      83.00      75.00      78.00      83.00      79.00      82.00      86.00      96.00      94.00      90.00
      91.00      90.00      74.00      66.00      65.00      68.00      73.00      79.00      76.00      60.00
      59.00      57.00      57.00      63.00      67.00      67.00      59.00      53.00      56.00      65.00
      72.00      72.00      69.00      72.00      73.00      68.00      63.00      62.00      64.00      66.00
      71.00      75.00      72.00
       8.00       9.00      14.00      20.00      30.00      33.00      30.00      23.00      14.00      11.00
      10.00      13.00      18.00      21.00      16.00      24.00      16.00      51.00      17.00      17.00
      37.00      67.00      59.00      63.00      71.00      99.00     100.00      92.00      82.00      79.00
      94.00      86.00      77.00      85.00      71.00      75.00      79.00      81.00      83.00      71.00
      74.00      72.00      71.00      67.00      70.00      67.00      67.00      72.00      81.00      77.00
      66.00      58.00      54.00      57.00      63.00      65.00      61.00      59.00      62.00      69.00
      71.00      67.00      68.00      76.00      74.00      65.00      69.00      71.00      64.00      62.00
      69.00      77.00      76.00
      27.00      28.00      28.00      35.00      47.00      53.00      52.00      43.00      31.00      29.00
      26.00      28.00      34.00      33.00      26.00      21.00      36.00      47.00      37.00      49.00
      36.00      45.00      54.00      82.00      95.00      97.00      93.00      93.00      87.00      83.00
      94.00      89.00      74.00      72.00      74.00      78.00      74.00      79.00      80.00      73.00
      72.00      80.00      85.00      72.00      69.00      69.00      70.00      71.00      80.00      85.00
      69.00      62.00      58.00      62.00      67.00      68.00      68.00      70.00      69.00      67.00
      62.00      60.00      69.00      81.00      76.00      63.00      69.00      78.00      70.00      62.00
      65.00      72.00      71.00
      56.00      54.00      54.00      56.00      61.00      60.00      60.00      63.00      66.00      86.00
      73.00      63.00      65.00      56.00      67.00      50.00      46.00      32.00      34.00      28.00
      31.00      43.00      58.00      84.00      90.00      99.00      99.00      98.00      88.00      82.00
      92.00     100.00      77.00      78.00      88.00      86.00      80.00      85.00      76.00      77.00
      78.00      74.00      84.00      83.00      79.00      77.00      81.00      84.00      76.00      70.00
      70.00      68.00      66.00      67.00      72.00      73.00      74.00      73.00      72.00      73.00
      69.00      65.00      64.00      74.00      80.00      71.00      69.00      69.00      68.00      64.00
      62.00      68.00      67.00
      70.00      71.00      70.00      73.00      74.00      75.00      71.00      72.00      79.00      84.00
      85.00      73.00      78.00      80.00      99.00     100.00      87.00      55.00      39.00      38.00
      51.00      64.00      73.00      89.00      88.00      94.00      99.00      95.00      87.00      80.00
      79.00      72.00      75.00      85.00      89.00      86.00      85.00      81.00      71.00      78.00
      76.00      70.00      76.00      77.00      80.00      78.00      76.00      81.00      72.00      63.00
      66.00      71.00      70.00      69.00      73.00      76.00      79.00      79.00      80.00      79.00
      75.00      72.00      67.00      70.00      76.00      73.00      74.00      67.00      63.00      66.00
      58.00      60.00      65.00
      86.00      82.00      77.00      74.00      76.00     100.00      93.00      83.00      81.00      86.00
      82.00      80.00      73.00      73.00      86.00      92.00      88.00      70.00      64.00      72.00
      80.00      68.00      73.00      90.00      89.00      88.00      80.00      74.00      74.00      78.00
      79.00      77.00      82.00      87.00      83.00      78.00      75.00      62.00      58.00      76.00
      78.00      75.00      75.00      67.00      74.00      66.00      62.00      70.00      68.00      62.00
      61.00      66.00      67.00      70.00      73.00      73.00      74.00      76.00      89.00      89.00
      73.00      71.00      70.00      65.00      66.00      72.00      80.00      70.00      62.00      67.00
      58.00      61.00      77.00
      91.00      87.00      86.00      92.00      96.00      97.00      96.00      84.00      86.00      95.00
      99.00      97.00      88.00      70.00      78.00      87.00      92.00      90.00      96.00      90.00
      73.00      66.00      74.00      73.00      78.00      83.00      71.00      72.00      72.00      77.00
      76.00      76.00      80.00      80.00      75.00      71.00      63.00      49.00      54.00      76.00
      69.00      67.00      73.00      71.00      69.00      64.00      67.00      70.00      71.00      70.00
      74.00      71.00      68.00      71.00      74.00      78.00      75.00      70.00      83.00      86.00
      63.00      62.00      71.00      63.00      68.00      83.00      90.00      82.00      73.00      67.00
      57.00      68.00      93.00
      82.00      82.00      82.00      90.00      96.00      90.00      76.00      79.00      79.00      74.00
      72.00      99.00      85.00      66.00      72.00      90.00     100.00      93.00      97.00      92.00
      78.00      81.00      87.00      80.00      83.00      87.00      73.00      70.00      75.00      75.00
      68.00      68.00      69.00      69.00      68.00      65.00      60.00      54.00      62.00      72.00
      63.00      67.00      75.00      81.00      67.00      68.00      94.00      74.00      71.00      77.00
      81.00      78.00      74.00      73.00      73.00      80.00      86.00      78.00      79.00      80.00
      56.00      58.00      79.00      72.00      68.00      74.00      71.00      71.00      70.00      61.00
      55.00      68.00      93.00
      72.00      78.00      78.00      85.00      89.00      84.00      77.00      66.00      74.00      80.00
      76.00      88.00      65.00      63.00      78.00      96.00      83.00      88.00      98.00      97.00
      95.00      99.00     100.00      96.00      91.00      89.00      81.00      74.00      72.00      74.00
      71.00      72.00      63.00      58.00      57.00      60.00      65.00      62.00      62.00      65.00
      65.00      68.00      75.00      79.00      71.00      91.00      90.00      67.00      71.00      86.00
      88.00      89.00      85.00      86.00      78.00      70.00      68.00      60.00      62.00      73.00
      64.00      59.00      65.00      62.00      58.00      59.00      58.00      61.00      66.00      70.00
      69.00      77.00      88.00
