diamond 4 20年06月24日20时925百帕相对湿度
20 06 24  20  925 
2.500 -2.500  .0  180.0   90.0  .0
73  37
      52.00      52.00      52.00      52.00      52.00      52.00      52.00      52.00      52.00      52.00
      52.00      52.00      52.00      52.00      52.00      52.00      52.00      52.00      52.00      52.00
      52.00      52.00      52.00      52.00      52.00      52.00      52.00      52.00      52.00      52.00
      52.00      52.00      52.00      52.00      52.00      52.00      52.00      52.00      52.00      52.00
      52.00      52.00      52.00      52.00      52.00      52.00      52.00      52.00      52.00      52.00
      52.00      52.00      52.00      52.00      52.00      52.00      52.00      52.00      52.00      52.00
      52.00      52.00      52.00      52.00      52.00      52.00      52.00      52.00      52.00      52.00
      52.00      52.00      52.00
      47.00      48.00      48.00      49.00      50.00      50.00      51.00      51.00      51.00      52.00
      52.00      52.00      52.00      52.00      52.00      52.00      52.00      51.00      51.00      50.00
      50.00      49.00      49.00      48.00      47.00      46.00      46.00      45.00      44.00      44.00
      43.00      43.00      43.00      43.00      42.00      42.00      42.00      42.00      43.00      43.00
      43.00      43.00      44.00      44.00      45.00      45.00      46.00      47.00      47.00      48.00
      49.00      50.00      51.00      52.00      53.00      54.00      55.00      56.00      57.00      58.00
      59.00      60.00      61.00      62.00      63.00      64.00      65.00      66.00      67.00      68.00
      69.00      70.00      70.00
      73.00      73.00      72.00      72.00      71.00      71.00      70.00      69.00      68.00      67.00
      66.00      65.00      64.00      63.00      62.00      61.00      59.00      58.00      57.00      56.00
      54.00      53.00      51.00      50.00      48.00      47.00      45.00      44.00      42.00      41.00
      39.00      38.00      37.00      36.00      35.00      34.00      34.00      33.00      33.00      33.00
      33.00      33.00      33.00      34.00      34.00      35.00      36.00      37.00      38.00      39.00
      40.00      42.00      43.00      45.00      48.00      50.00      52.00      55.00      57.00      60.00
      63.00      65.00      67.00      70.00      72.00      74.00      75.00      76.00      78.00      79.00
      80.00      81.00      82.00
      86.00      82.00      78.00      73.00      68.00      64.00      59.00      55.00      51.00      48.00
      45.00      43.00      41.00      40.00      40.00      40.00      41.00      42.00      43.00      45.00
      47.00      48.00      50.00      52.00      54.00      55.00      56.00      57.00      57.00      57.00
      57.00      56.00      55.00      54.00      53.00      52.00      51.00      50.00      50.00      49.00
      48.00      47.00      46.00      45.00      43.00      41.00      40.00      38.00      37.00      36.00
      35.00      35.00      35.00      36.00      37.00      39.00      41.00      44.00      47.00      51.00
      55.00      60.00      65.00      70.00      74.00      79.00      82.00      85.00      87.00      88.00
      90.00      90.00      91.00
      86.00      79.00      73.00      66.00      58.00      50.00      43.00      35.00      28.00      22.00
      18.00      16.00      16.00      19.00      23.00      28.00      34.00      40.00      47.00      53.00
      59.00      65.00      71.00      77.00      82.00      87.00      91.00      93.00      94.00      94.00
      93.00      91.00      89.00      87.00      85.00      84.00      83.00      82.00      82.00      82.00
      81.00      80.00      79.00      77.00      74.00      72.00      68.00      64.00      60.00      55.00
      50.00      46.00      42.00      38.00      35.00      34.00      34.00      34.00      36.00      38.00
      41.00      45.00      49.00      55.00      62.00      69.00      76.00      82.00      87.00      91.00
      92.00      93.00      94.00
      90.00      90.00      89.00      87.00      84.00      78.00      70.00      60.00      49.00      40.00
      32.00      29.00      30.00      36.00      44.00      53.00      62.00      70.00      77.00      82.00
      84.00      87.00      89.00      92.00      96.00      99.00     100.00     100.00     100.00      99.00
      95.00      90.00      86.00      82.00      79.00      77.00      76.00      76.00      76.00      76.00
      76.00      76.00      77.00      77.00      77.00      76.00      75.00      74.00      72.00      70.00
      69.00      67.00      65.00      63.00      59.00      56.00      52.00      49.00      47.00      45.00
      45.00      45.00      46.00      48.00      51.00      57.00      65.00      73.00      81.00      88.00
      94.00     100.00     100.00
      75.00      80.00      87.00      92.00      96.00      97.00      94.00      86.00      75.00      62.00
      50.00      41.00      38.00      41.00      50.00      61.00      72.00      80.00      84.00      86.00
      86.00      86.00      88.00      90.00      93.00      95.00      96.00      94.00      88.00      82.00
      75.00      68.00      63.00      59.00      56.00      55.00      54.00      54.00      54.00      54.00
      55.00      56.00      58.00      59.00      59.00      59.00      58.00      57.00      57.00      56.00
      56.00      56.00      57.00      58.00      58.00      57.00      56.00      55.00      54.00      53.00
      52.00      52.00      51.00      50.00      50.00      53.00      58.00      65.00      73.00      81.00
      88.00      96.00     100.00
      48.00      48.00      52.00      62.00      75.00      87.00      95.00      95.00      88.00      77.00
      63.00      50.00      40.00      40.00      48.00      62.00      75.00      85.00      90.00      92.00
      92.00      92.00      93.00      94.00      95.00      93.00      87.00      79.00      71.00      63.00
      56.00      52.00      49.00      47.00      46.00      46.00      48.00      51.00      55.00      57.00
      58.00      57.00      55.00      52.00      49.00      46.00      43.00      40.00      40.00      40.00
      41.00      41.00      41.00      42.00      43.00      44.00      45.00      45.00      44.00      43.00
      42.00      42.00      42.00      43.00      45.00      49.00      53.00      59.00      66.00      74.00
      82.00      88.00      92.00
      42.00      36.00      35.00      40.00      53.00      72.00      89.00      97.00      95.00      89.00
      80.00      68.00      56.00      46.00      43.00      49.00      63.00      78.00      87.00      91.00
      90.00      86.00      82.00      79.00      77.00      73.00      67.00      60.00      53.00      47.00
      44.00      43.00      42.00      43.00      44.00      47.00      54.00      68.00      85.00      86.00
      77.00      67.00      60.00      55.00      49.00      43.00      36.00      31.00      29.00      28.00
      28.00      28.00      30.00      31.00      31.00      32.00      33.00      32.00      32.00      31.00
      29.00      27.00      26.00      26.00      25.00      26.00      28.00      33.00      41.00      53.00
      67.00      82.00      93.00
      65.00      67.00      66.00      65.00      66.00      73.00      81.00      76.00      72.00      71.00
      71.00      68.00      62.00      55.00      48.00      43.00      47.00      62.00      79.00      89.00
      89.00      82.00      76.00      73.00      73.00      72.00      68.00      63.00      58.00      56.00
      55.00      56.00      58.00      62.00      64.00      62.00      70.00      95.00      96.00      94.00
      85.00      66.00      57.00      56.00      56.00      52.00      49.00      41.00      34.00      28.00
      29.00      66.00      78.00      75.00      72.00      71.00      67.00      55.00      38.00      30.00
      27.00      24.00      19.00      12.00       7.00       6.00      14.00      25.00      38.00      51.00
      62.00      69.00      72.00
      86.00      91.00      92.00      85.00      75.00      80.00      74.00      71.00      69.00      70.00
      68.00      67.00      63.00      58.00      53.00      48.00      47.00      55.00      70.00      81.00
      85.00      81.00      75.00      72.00      70.00      67.00      64.00      62.00      63.00      66.00
      72.00      77.00      81.00      84.00      89.00      92.00      87.00      77.00      72.00      76.00
      74.00      68.00      64.00      66.00      64.00      65.00      66.00      56.00      46.00      34.00
      34.00      68.00      79.00      80.00      78.00      72.00      65.00      60.00      60.00      63.00
      39.00      15.00      12.00      30.00      46.00      54.00      58.00      63.00      74.00      82.00
      78.00      70.00      63.00
      85.00      89.00      86.00      86.00      76.00      70.00      73.00      59.00      51.00      53.00
      59.00      59.00      57.00      56.00      53.00      47.00      43.00      46.00      55.00      66.00
      75.00      79.00      79.00      78.00      74.00      68.00      63.00      63.00      66.00      71.00
      73.00      76.00      79.00      80.00      79.00      76.00      72.00      69.00      68.00      66.00
      69.00      71.00      71.00      75.00      82.00      83.00      76.00      62.00      49.00      42.00
      40.00      46.00      56.00      62.00      71.00      80.00      70.00      63.00      66.00      74.00
      79.00      79.00      76.00      58.00      41.00      52.00      69.00      83.00      93.00      98.00
      92.00      77.00      64.00
      79.00      78.00      78.00      85.00      75.00      70.00      52.00      42.00      43.00      50.00
      52.00      53.00      52.00      48.00      44.00      41.00      40.00      43.00      48.00      53.00
      60.00      67.00      70.00      76.00      82.00      79.00      73.00      71.00      69.00      63.00
      59.00      62.00      66.00      66.00      64.00      56.00      48.00      46.00      50.00      54.00
      51.00      51.00      56.00      63.00      67.00      73.00      80.00      75.00      64.00      55.00
      51.00      52.00      63.00      74.00      80.00      82.00      80.00      80.00      71.00      49.00
      48.00      47.00      41.00      34.00      35.00      41.00      54.00      71.00      88.00      99.00
     100.00      93.00      81.00
      71.00      68.00      69.00      70.00      67.00      61.00      53.00      49.00      50.00      53.00
      54.00      54.00      49.00      42.00      40.00      41.00      44.00      47.00      46.00      45.00
      48.00      55.00      64.00      75.00      82.00      75.00      64.00      59.00      57.00      55.00
      51.00      52.00      59.00      66.00      67.00      60.00      49.00      43.00      40.00      37.00
      40.00      44.00      38.00      53.00      66.00      80.00      83.00      83.00      83.00      83.00
      80.00      78.00      83.00      94.00      99.00      84.00      71.00      63.00      56.00      49.00
      44.00      44.00      48.00      45.00      39.00      41.00      52.00      60.00      64.00      70.00
      78.00      84.00      84.00
      57.00      51.00      54.00      64.00      72.00      73.00      70.00      65.00      60.00      59.00
      58.00      55.00      51.00      47.00      45.00      46.00      49.00      53.00      58.00      64.00
      67.00      65.00      62.00      63.00      60.00      50.00      39.00      36.00      40.00      45.00
      44.00      41.00      43.00      53.00      60.00      60.00      51.00      56.00      73.00      94.00
      94.00      55.00      52.00      69.00      80.00      86.00      83.00      75.00      69.00      64.00
      61.00      62.00      73.00      88.00     100.00      84.00      95.00      81.00      62.00      50.00
      46.00      47.00      52.00      42.00      38.00      42.00      58.00      60.00      56.00      53.00
      54.00      60.00      69.00
      46.00      40.00      43.00      50.00      63.00      77.00      85.00      87.00      85.00      80.00
      76.00      72.00      69.00      64.00      57.00      55.00      56.00      58.00      66.00      79.00
      85.00      73.00      57.00      46.00      38.00      31.00      26.00      27.00      36.00      43.00
      47.00      51.00      57.00      63.00      75.00      88.00      82.00      77.00      81.00      86.00
      81.00      74.00      74.00      84.00      88.00      78.00      62.00      50.00      43.00      46.00
      54.00      76.00      82.00      91.00      95.00      89.00      90.00      83.00      70.00      58.00
      51.00      46.00      43.00      41.00      45.00      57.00      61.00      58.00      56.00      57.00
      61.00      65.00      72.00
      50.00      47.00      48.00      50.00      61.00      72.00      80.00      91.00      99.00      98.00
      94.00      86.00      80.00      73.00      63.00      62.00      59.00      50.00      41.00      40.00
      41.00      39.00      34.00      31.00      26.00      24.00      27.00      37.00      47.00      47.00
      38.00      33.00      38.00      52.00      74.00      86.00      85.00      78.00      70.00      67.00
      74.00      92.00     100.00     100.00      77.00      52.00      39.00      34.00      35.00      53.00
      81.00     100.00     100.00     100.00      99.00      98.00      96.00      91.00      83.00      75.00
      67.00      60.00      56.00      58.00      61.00      61.00      59.00      61.00      67.00      75.00
      77.00      72.00      67.00
      57.00      59.00      51.00      51.00      65.00      64.00      55.00      68.00      75.00      81.00
      90.00      73.00      66.00      61.00      52.00      51.00      50.00      42.00      32.00      26.00
      22.00      20.00      20.00      19.00      17.00      17.00      19.00      24.00      29.00      32.00
      26.00      18.00      15.00      25.00      40.00      50.00      58.00      60.00      49.00      42.00
      59.00      96.00     100.00      75.00      40.00      29.00      35.00      54.00      80.00      97.00
     100.00     100.00      96.00      91.00      91.00      97.00      99.00      87.00      75.00      72.00
      73.00      69.00      62.00      54.00      49.00      54.00      64.00      74.00      75.00      75.00
      73.00      64.00      56.00
      58.00      57.00      49.00      52.00      62.00      61.00      58.00      70.00      88.00     100.00
      98.00      60.00      50.00      50.00      50.00      50.00      46.00      39.00      34.00      32.00
      25.00      20.00      19.00      20.00      21.00      22.00      22.00      18.00      14.00      18.00
      24.00      23.00      31.00      57.00      68.00      46.00      31.00      29.00      25.00      20.00
      30.00      50.00      54.00      32.00      15.00      14.00      27.00      57.00      93.00      98.00
      92.00      91.00      93.00      89.00      79.00      77.00      78.00      72.00      70.00      74.00
      79.00      76.00      65.00      51.00      37.00      35.00      47.00      58.00      64.00      74.00
      84.00      75.00      62.00
      52.00      55.00      45.00      42.00      48.00      56.00      61.00      74.00      88.00      94.00
      91.00      60.00      54.00      64.00      68.00      63.00      64.00      77.00      50.00      27.00
      24.00      18.00      17.00      22.00      19.00      13.00      14.00      18.00      16.00      23.00
      37.00      34.00      37.00      81.00      97.00      42.00      16.00      15.00      18.00      18.00
      17.00      20.00      24.00      18.00      12.00      17.00      30.00      47.00      67.00      89.00
      91.00      96.00     100.00      95.00      81.00      73.00      70.00      70.00      75.00      84.00
      94.00      98.00      93.00      87.00      69.00      50.00      40.00      36.00      39.00      60.00
      84.00      85.00      75.00
      56.00      39.00      38.00      36.00      40.00      47.00      52.00      64.00      75.00      67.00
      78.00      81.00      74.00      75.00      70.00      47.00      43.00      51.00      36.00      24.00
      22.00      15.00      15.00      18.00      19.00      10.00       7.00      11.00      25.00      59.00
      75.00      29.00      13.00      25.00      47.00      49.00      40.00      41.00      41.00      30.00
      18.00      14.00      13.00      10.00      13.00      31.00      53.00      72.00      96.00      98.00
     100.00     100.00      95.00      71.00      68.00      72.00      78.00      82.00      80.00      79.00
      86.00      94.00      98.00     100.00     100.00      97.00      88.00      68.00      47.00      50.00
      71.00      91.00      99.00
      28.00      30.00      29.00      31.00      39.00      43.00      44.00      55.00      64.00      62.00
      64.00      64.00      46.00      37.00      34.00      21.00      16.00      19.00      17.00      20.00
      33.00      16.00      11.00      10.00      17.00      15.00      10.00      17.00      43.00      87.00
      95.00      47.00      29.00      42.00      69.00      81.00      83.00      84.00      83.00      69.00
      40.00      23.00      16.00      12.00      20.00      42.00      59.00      82.00      92.00      98.00
     100.00     100.00      79.00      55.00      59.00      79.00      97.00      98.00      97.00      85.00
      81.00      85.00      87.00      90.00      90.00      88.00      97.00     100.00      88.00      71.00
      74.00      84.00      95.00
      24.00      19.00      17.00      26.00      38.00      45.00      49.00      61.00      70.00      64.00
      58.00      55.00      55.00      57.00      59.00      33.00      17.00      15.00      11.00      11.00
      14.00      13.00       9.00       8.00      11.00      10.00      12.00      35.00      70.00      81.00
      88.00      89.00      88.00      99.00      93.00      66.00      46.00      42.00      60.00      84.00
      75.00      56.00      40.00      31.00      45.00      55.00      54.00      65.00      84.00      93.00
      99.00     100.00      79.00      58.00      74.00      99.00      96.00      89.00      93.00      83.00
      77.00      75.00      71.00      68.00      62.00      59.00      71.00      85.00      90.00      83.00
      77.00      75.00      84.00
      10.00      12.00      20.00      26.00      29.00      44.00      60.00      67.00      70.00      66.00
      65.00      63.00      60.00      59.00      64.00      23.00      11.00      13.00      14.00      11.00
       9.00       9.00      11.00      10.00       9.00       9.00       9.00      22.00      36.00      40.00
      42.00      85.00     100.00      68.00      62.00      76.00      74.00      61.00      73.00      88.00
      90.00      96.00      77.00      55.00      67.00      70.00      62.00      75.00      91.00      83.00
      85.00      95.00      83.00      74.00      91.00      99.00      83.00      75.00      72.00      68.00
      65.00      60.00      55.00      53.00      51.00      54.00      66.00      73.00      73.00      78.00
      81.00      84.00      90.00
      11.00      13.00      17.00      20.00      20.00      26.00      36.00      40.00      38.00      37.00
      39.00      46.00      49.00      47.00      28.00      14.00      13.00      12.00      10.00      12.00
       9.00       5.00       7.00       7.00       5.00       6.00       7.00      14.00      20.00      25.00
      28.00      44.00      73.00      82.00      77.00      83.00      89.00      92.00      99.00      91.00
      84.00      96.00      89.00      74.00      82.00      86.00      86.00      99.00      91.00      70.00
      67.00      76.00      77.00      75.00      80.00      77.00      68.00      63.00      62.00      62.00
      61.00      56.00      54.00      56.00      57.00      59.00      65.00      70.00      73.00      80.00
      88.00      90.00      85.00
      11.00      11.00      10.00      13.00      16.00      16.00      16.00      16.00      18.00      20.00
      22.00      24.00      22.00      19.00      16.00       8.00       8.00       9.00       6.00       9.00
      12.00      11.00      11.00      11.00       8.00       8.00      10.00      17.00      27.00      24.00
      27.00      45.00      61.00      73.00      99.00      98.00      97.00     100.00     100.00     100.00
      97.00      93.00      95.00      95.00      93.00      86.00      87.00      94.00      78.00      60.00
      60.00      65.00      69.00      73.00      70.00      60.00      55.00      58.00      64.00      64.00
      61.00      58.00      60.00      64.00      66.00      66.00      68.00      78.00      89.00      89.00
      89.00      89.00      83.00
       9.00       9.00       8.00      11.00      10.00       8.00      11.00      13.00      14.00      15.00
      16.00      18.00      17.00      17.00      18.00      13.00       6.00       8.00       9.00       5.00
      11.00      15.00      23.00      30.00      35.00      36.00      39.00      37.00      36.00      33.00
      36.00      42.00      54.00      70.00      70.00      68.00      80.00      95.00      95.00      99.00
     100.00      89.00      94.00     100.00      88.00      79.00      77.00      72.00      62.00      59.00
      68.00      71.00      75.00      80.00      69.00      56.00      56.00      65.00      70.00      63.00
      58.00      59.00      62.00      67.00      73.00      82.00      84.00      87.00      88.00      76.00
      69.00      71.00      72.00
       7.00       6.00       6.00       8.00       9.00      10.00      11.00      11.00      12.00      14.00
      12.00      14.00      13.00      13.00      19.00      15.00       7.00       5.00       8.00       6.00
       7.00      12.00      22.00      39.00      52.00      42.00      42.00      50.00      53.00      45.00
      41.00      40.00      42.00      54.00      81.00      81.00      73.00      90.00      87.00      84.00
      86.00      82.00      85.00      76.00      72.00      80.00      76.00      65.00      66.00      71.00
      77.00      75.00      75.00      74.00      61.00      54.00      59.00      72.00      76.00      67.00
      64.00      66.00      70.00      73.00      73.00      84.00      89.00      89.00      86.00      69.00
      62.00      66.00      68.00
       6.00       4.00       6.00       7.00       9.00      11.00      11.00      11.00      12.00      13.00
      10.00      10.00      10.00       9.00      11.00      18.00      16.00       9.00       8.00      11.00
       7.00       9.00      23.00      48.00      65.00      72.00      73.00      76.00      77.00      71.00
      54.00      39.00      41.00      56.00      77.00      78.00      77.00      84.00      89.00      86.00
      87.00      88.00      70.00      62.00      60.00      72.00      77.00      72.00      75.00      72.00
      75.00      74.00      67.00      62.00      54.00      54.00      58.00      71.00      85.00      83.00
      81.00      76.00      77.00      82.00      74.00      79.00      87.00      87.00      81.00      65.00
      66.00      79.00      78.00
      12.00      11.00      12.00      13.00      11.00      10.00       9.00      11.00      12.00       9.00
      10.00      11.00       9.00       9.00       8.00      17.00      17.00      28.00       6.00       6.00
       3.00      10.00      32.00      56.00      70.00      86.00      88.00      83.00      81.00      83.00
      84.00      44.00      46.00      67.00      76.00      69.00      72.00      71.00      72.00      75.00
      78.00      71.00      71.00      64.00      65.00      74.00      77.00      72.00      73.00      73.00
      75.00      77.00      65.00      57.00      56.00      59.00      58.00      65.00      79.00      80.00
      84.00      85.00      80.00      80.00      81.00      89.00      93.00      88.00      76.00      60.00
      60.00      71.00      73.00
      27.00      28.00      30.00      31.00      26.00      20.00      16.00      15.00      16.00      16.00
      17.00      17.00      13.00      18.00      14.00      12.00      26.00      23.00      12.00      17.00
      21.00      32.00      50.00      71.00      78.00      86.00      81.00      81.00      80.00      80.00
      83.00      47.00      51.00      66.00      72.00      72.00      72.00      72.00      71.00      69.00
      68.00      63.00      70.00      72.00      70.00      73.00      76.00      75.00      75.00      78.00
      70.00      75.00      70.00      63.00      63.00      65.00      64.00      69.00      77.00      74.00
      77.00      81.00      77.00      77.00      84.00      93.00      92.00      89.00      86.00      75.00
      71.00      72.00      73.00
      48.00      50.00      50.00      48.00      42.00      41.00      39.00      35.00      37.00      36.00
      37.00      41.00      37.00      47.00      42.00      25.00      18.00      29.00      29.00      30.00
      34.00      55.00      75.00      85.00      83.00      83.00      79.00      80.00      75.00      71.00
      83.00      63.00      56.00      64.00      69.00      74.00      78.00      77.00      69.00      66.00
      81.00      72.00      75.00      77.00      69.00      75.00      87.00      93.00      86.00      74.00
      66.00      71.00      70.00      67.00      67.00      69.00      69.00      70.00      79.00      80.00
      79.00      76.00      69.00      69.00      76.00      84.00      81.00      81.00      86.00      86.00
      85.00      83.00      81.00
      55.00      52.00      64.00      77.00      71.00      59.00      51.00      52.00      66.00      73.00
      79.00      76.00      75.00      79.00      92.00      76.00      39.00      31.00      30.00      24.00
      36.00      66.00      81.00      79.00      73.00      72.00      79.00      86.00      79.00      67.00
      66.00      61.00      65.00      67.00      72.00      80.00      88.00      88.00      72.00      64.00
      66.00      70.00      76.00      75.00      74.00      83.00      95.00      90.00      78.00      74.00
      76.00      76.00      71.00      73.00      75.00      75.00      73.00      72.00      76.00      71.00
      72.00      74.00      73.00      73.00      75.00      79.00      74.00      70.00      73.00      75.00
      82.00      89.00      86.00
      63.00      57.00      58.00      64.00      87.00      92.00      95.00      51.00      73.00      95.00
      95.00      79.00      70.00      91.00      96.00      85.00      59.00      42.00      35.00      34.00
      58.00      73.00      71.00      68.00      72.00      71.00      72.00      79.00      70.00      69.00
      62.00      54.00      64.00      70.00      73.00      83.00      90.00      81.00      70.00      71.00
      69.00      76.00      77.00      72.00      85.00      84.00      82.00      76.00      65.00      70.00
      75.00      77.00      77.00      82.00      76.00      74.00      79.00      83.00      83.00      78.00
      79.00      82.00      84.00      82.00      80.00      80.00      73.00      68.00      68.00      72.00
      80.00      89.00      89.00
      82.00      76.00      73.00      75.00      91.00      88.00      82.00      76.00      84.00      90.00
      85.00      82.00      81.00      75.00      65.00      61.00      55.00      45.00      52.00      67.00
      80.00      80.00      75.00      62.00      64.00      66.00      64.00      73.00      64.00      67.00
      74.00      74.00      80.00      79.00      76.00      80.00      80.00      69.00      65.00      82.00
      81.00      78.00      78.00      75.00      82.00      83.00      82.00      76.00      67.00      70.00
      74.00      78.00      88.00      87.00      73.00      79.00      90.00      77.00      68.00      77.00
      87.00      88.00      91.00      88.00      86.00      85.00      80.00      77.00      77.00      78.00
      78.00      76.00      78.00
      88.00      86.00      87.00      87.00      78.00      88.00      83.00      85.00      84.00      85.00
      85.00      88.00      66.00      48.00      39.00      41.00      54.00      60.00      75.00      92.00
      97.00      87.00      80.00      67.00      68.00      76.00      78.00      82.00      73.00      69.00
      75.00      83.00      82.00      66.00      60.00      65.00      72.00      64.00      61.00      71.00
      70.00      73.00      79.00      85.00      83.00      88.00      94.00      81.00      75.00      75.00
      76.00      79.00      88.00      85.00      73.00      79.00      89.00      81.00      74.00      84.00
      90.00      90.00      94.00      88.00      79.00      79.00      76.00      78.00      80.00      79.00
      75.00      69.00      70.00
      77.00      80.00      86.00      88.00      80.00      80.00      83.00      84.00      81.00      86.00
      84.00      62.00      45.00      45.00      40.00      39.00      67.00      88.00      98.00      94.00
      94.00      90.00      94.00      87.00      82.00      91.00      81.00      70.00      62.00      61.00
      66.00      76.00      67.00      52.00      52.00      62.00      69.00      61.00      59.00      69.00
      72.00      73.00      74.00      86.00      85.00      91.00      85.00      80.00      86.00      94.00
      82.00      79.00      80.00      83.00      74.00      62.00      63.00      71.00      86.00      88.00
      93.00      89.00      93.00      89.00      74.00      73.00      75.00      78.00      81.00      81.00
      77.00      74.00      72.00
