diamond 4 20年06月28日20时150百帕高度场
20 06 28  20  150 
2.500 -2.500  .0  180.0   90.0  .0
73  37
    1370.70    1370.70    1370.70    1370.70    1370.70    1370.70    1370.70    1370.70    1370.70    1370.70
    1370.70    1370.70    1370.70    1370.70    1370.70    1370.70    1370.70    1370.70    1370.70    1370.70
    1370.70    1370.70    1370.70    1370.70    1370.70    1370.70    1370.70    1370.70    1370.70    1370.70
    1370.70    1370.70    1370.70    1370.70    1370.70    1370.70    1370.70    1370.70    1370.70    1370.70
    1370.70    1370.70    1370.70    1370.70    1370.70    1370.70    1370.70    1370.70    1370.70    1370.70
    1370.70    1370.70    1370.70    1370.70    1370.70    1370.70    1370.70    1370.70    1370.70    1370.70
    1370.70    1370.70    1370.70    1370.70    1370.70    1370.70    1370.70    1370.70    1370.70    1370.70
    1370.70    1370.70    1370.70
    1370.70    1370.50    1370.40    1370.30    1370.10    1370.00    1369.80    1369.70    1369.60    1369.40
    1369.30    1369.20    1369.10    1369.00    1368.90    1368.80    1368.70    1368.60    1368.50    1368.50
    1368.40    1368.30    1368.30    1368.20    1368.20    1368.10    1368.10    1368.00    1368.00    1368.00
    1367.90    1367.90    1367.90    1367.90    1367.90    1367.90    1367.90    1367.90    1367.90    1367.90
    1367.90    1367.90    1368.00    1368.00    1368.00    1368.00    1368.10    1368.10    1368.20    1368.20
    1368.30    1368.40    1368.40    1368.50    1368.60    1368.70    1368.80    1368.90    1369.00    1369.10
    1369.20    1369.30    1369.40    1369.50    1369.70    1369.80    1370.00    1370.10    1370.20    1370.40
    1370.50    1370.70    1370.80
    1370.50    1370.20    1370.00    1369.70    1369.40    1369.10    1368.90    1368.70    1368.40    1368.20
    1368.00    1367.90    1367.70    1367.50    1367.40    1367.30    1367.20    1367.10    1367.10    1367.00
    1367.00    1367.00    1366.90    1366.90    1367.00    1367.00    1367.00    1367.00    1367.10    1367.10
    1367.10    1367.20    1367.20    1367.30    1367.30    1367.30    1367.40    1367.40    1367.40    1367.50
    1367.50    1367.50    1367.50    1367.50    1367.50    1367.50    1367.50    1367.60    1367.60    1367.60
    1367.60    1367.70    1367.70    1367.80    1367.90    1368.00    1368.10    1368.20    1368.40    1368.50
    1368.70    1368.90    1369.10    1369.30    1369.50    1369.70    1369.90    1370.20    1370.50    1370.70
    1371.00    1371.20    1371.50
    1370.20    1369.70    1369.30    1368.90    1368.50    1368.20    1367.90    1367.50    1367.30    1367.00
    1366.80    1366.60    1366.40    1366.30    1366.20    1366.20    1366.10    1366.10    1366.20    1366.20
    1366.30    1366.40    1366.50    1366.70    1366.90    1367.00    1367.20    1367.40    1367.60    1367.90
    1368.10    1368.30    1368.50    1368.70    1368.80    1369.00    1369.20    1369.30    1369.40    1369.50
    1369.50    1369.50    1369.50    1369.50    1369.50    1369.40    1369.40    1369.30    1369.20    1369.10
    1369.00    1369.00    1368.90    1368.90    1368.90    1368.90    1368.90    1369.00    1369.10    1369.20
    1369.30    1369.50    1369.70    1369.90    1370.10    1370.40    1370.70    1370.90    1371.20    1371.50
    1371.80    1372.10    1372.30
    1370.50    1370.00    1369.50    1369.00    1368.50    1368.10    1367.70    1367.30    1367.00    1366.70
    1366.50    1366.30    1366.10    1366.00    1366.00    1366.00    1366.00    1366.10    1366.20    1366.30
    1366.50    1366.70    1367.00    1367.30    1367.60    1367.90    1368.30    1368.70    1369.10    1369.50
    1369.90    1370.40    1370.80    1371.20    1371.60    1372.00    1372.30    1372.60    1372.90    1373.10
    1373.30    1373.40    1373.50    1373.40    1373.40    1373.30    1373.10    1372.90    1372.70    1372.50
    1372.20    1372.00    1371.80    1371.60    1371.40    1371.20    1371.10    1371.00    1371.00    1371.00
    1371.00    1371.00    1371.10    1371.10    1371.20    1371.30    1371.50    1371.60    1371.80    1372.00
    1372.10    1372.30    1372.50
    1372.50    1372.00    1371.50    1370.90    1370.40    1369.90    1369.50    1369.00    1368.60    1368.30
    1367.90    1367.70    1367.50    1367.30    1367.20    1367.10    1367.10    1367.10    1367.20    1367.40
    1367.60    1367.80    1368.10    1368.50    1368.90    1369.30    1369.80    1370.40    1370.90    1371.50
    1372.10    1372.80    1373.40    1374.00    1374.70    1375.30    1375.90    1376.50    1377.00    1377.50
    1377.80    1378.10    1378.30    1378.40    1378.30    1378.20    1378.00    1377.70    1377.30    1376.90
    1376.50    1376.10    1375.70    1375.30    1374.90    1374.60    1374.20    1373.90    1373.60    1373.30
    1373.00    1372.70    1372.50    1372.20    1371.90    1371.70    1371.50    1371.30    1371.20    1371.10
    1371.10    1371.10    1371.10
    1376.50    1376.00    1375.50    1375.00    1374.40    1373.80    1373.20    1372.60    1372.00    1371.40
    1370.90    1370.40    1369.90    1369.50    1369.20    1368.90    1368.70    1368.50    1368.50    1368.50
    1368.60    1368.80    1369.10    1369.40    1369.90    1370.50    1371.10    1371.80    1372.60    1373.40
    1374.20    1375.10    1376.00    1376.80    1377.70    1378.60    1379.40    1380.20    1381.00    1381.70
    1382.20    1382.70    1383.10    1383.20    1383.30    1383.10    1382.80    1382.40    1381.90    1381.40
    1380.80    1380.20    1379.60    1379.00    1378.50    1377.90    1377.40    1376.80    1376.20    1375.60
    1374.90    1374.10    1373.30    1372.50    1371.70    1370.90    1370.20    1369.50    1369.00    1368.70
    1368.40    1368.20    1368.20
    1381.10    1380.80    1380.40    1379.80    1379.10    1378.40    1377.60    1376.70    1375.80    1374.90
    1374.00    1373.10    1372.30    1371.60    1370.90    1370.20    1369.70    1369.20    1368.80    1368.50
    1368.40    1368.50    1368.70    1369.10    1369.70    1370.50    1371.40    1372.40    1373.60    1374.70
    1375.90    1377.10    1378.30    1379.40    1380.50    1381.50    1382.50    1383.40    1384.20    1385.00
    1385.70    1386.30    1386.80    1387.00    1387.10    1387.00    1386.60    1386.10    1385.40    1384.70
    1383.90    1383.10    1382.40    1381.70    1381.10    1380.40    1379.70    1379.00    1378.10    1377.20
    1376.00    1374.80    1373.40    1372.00    1370.60    1369.20    1368.00    1366.90    1366.00    1365.40
    1365.00    1364.70    1364.70
    1384.50    1384.50    1384.30    1383.90    1383.30    1382.50    1381.60    1380.50    1379.30    1378.00
    1376.70    1375.50    1374.20    1373.00    1371.90    1370.80    1369.80    1368.90    1368.10    1367.50
    1367.00    1366.80    1366.90    1367.40    1368.10    1369.10    1370.40    1371.90    1373.50    1375.20
    1376.90    1378.50    1380.10    1381.50    1382.70    1383.90    1384.90    1385.70    1386.60    1387.30
    1388.00    1388.50    1389.00    1389.30    1389.40    1389.20    1388.80    1388.20    1387.50    1386.60
    1385.70    1384.80    1383.90    1383.20    1382.40    1381.70    1381.00    1380.10    1379.10    1377.90
    1376.50    1375.00    1373.20    1371.40    1369.50    1367.70    1366.10    1364.70    1363.60    1362.70
    1362.20    1361.90    1361.80
    1385.40    1385.80    1386.20    1386.30    1386.20    1385.70    1385.00    1383.90    1382.60    1381.10
    1379.50    1377.90    1376.20    1374.60    1373.00    1371.50    1370.00    1368.60    1367.30    1366.20
    1365.40    1364.90    1364.80    1365.10    1365.90    1367.10    1368.60    1370.50    1372.50    1374.70
    1376.90    1379.00    1381.00    1382.70    1384.30    1385.60    1386.60    1387.50    1388.10    1388.70
    1389.10    1389.60    1389.90    1390.10    1390.20    1390.00    1389.60    1389.00    1388.20    1387.30
    1386.40    1385.50    1384.70    1383.80    1383.10    1382.30    1381.40    1380.50    1379.40    1378.10
    1376.70    1375.00    1373.10    1371.10    1369.10    1367.10    1365.20    1363.60    1362.30    1361.30
    1360.60    1360.20    1360.10
    1383.60    1384.70    1385.80    1386.90    1387.60    1388.00    1387.80    1387.20    1386.10    1384.60
    1382.90    1380.90    1378.90    1376.90    1374.90    1372.90    1370.90    1369.00    1367.30    1365.70
    1364.40    1363.50    1363.10    1363.20    1363.90    1365.10    1366.70    1368.70    1370.80    1373.20
    1375.60    1378.10    1380.50    1382.80    1384.90    1386.60    1387.90    1388.80    1389.40    1389.70
    1389.90    1390.00    1390.10    1390.20    1390.10    1389.80    1389.30    1388.70    1388.00    1387.20
    1386.40    1385.70    1384.90    1384.20    1383.30    1382.40    1381.40    1380.40    1379.20    1377.90
    1376.50    1375.00    1373.20    1371.20    1369.20    1367.10    1365.10    1363.30    1361.80    1360.60
    1359.70    1359.20    1359.10
    1380.20    1381.90    1383.90    1385.80    1387.60    1388.90    1389.70    1389.80    1389.30    1388.10
    1386.40    1384.40    1382.20    1379.90    1377.50    1375.10    1372.70    1370.40    1368.20    1366.20
    1364.40    1363.10    1362.30    1362.10    1362.50    1363.50    1364.90    1366.70    1368.70    1370.90
    1373.40    1376.00    1378.80    1381.60    1384.30    1386.70    1388.50    1389.80    1390.40    1390.60
    1390.60    1390.40    1390.10    1389.80    1389.40    1388.90    1388.30    1387.50    1386.80    1386.10
    1385.60    1385.10    1384.50    1383.90    1383.00    1382.00    1380.90    1379.70    1378.50    1377.30
    1376.10    1374.80    1373.20    1371.50    1369.50    1367.40    1365.30    1363.40    1361.70    1360.40
    1359.50    1359.00    1358.90
    1377.00    1378.90    1381.30    1384.00    1386.50    1388.80    1390.40    1391.40    1391.50    1390.90
    1389.60    1387.90    1385.70    1383.30    1380.80    1378.20    1375.60    1373.10    1370.60    1368.20
    1366.00    1364.20    1362.80    1362.10    1362.00    1362.60    1363.60    1365.10    1366.70    1368.60
    1370.80    1373.30    1376.30    1379.60    1383.00    1386.20    1388.70    1390.40    1391.20    1391.40
    1391.10    1390.60    1390.10    1389.50    1388.80    1388.00    1387.10    1386.10    1385.30    1384.60
    1384.10    1383.70    1383.30    1382.60    1381.80    1380.70    1379.50    1378.40    1377.40    1376.50
    1375.70    1374.70    1373.50    1371.90    1370.10    1368.10    1366.10    1364.30    1362.70    1361.50
    1360.70    1360.20    1360.20
    1375.40    1377.40    1379.90    1382.80    1385.80    1388.60    1390.90    1392.60    1393.40    1393.40
    1392.70    1391.30    1389.50    1387.40    1384.90    1382.30    1379.70    1377.20    1374.60    1372.20
    1369.80    1367.50    1365.60    1364.10    1363.30    1363.20    1363.80    1364.70    1365.90    1367.40
    1369.10    1371.40    1374.40    1378.10    1382.00    1385.80    1388.80    1390.90    1391.90    1392.00
    1391.60    1391.00    1390.40    1389.70    1389.00    1388.00    1386.90    1385.70    1384.60    1383.70
    1383.00    1382.40    1381.70    1381.00    1380.00    1379.00    1378.00    1377.20    1376.60    1376.20
    1375.80    1375.30    1374.40    1373.20    1371.70    1370.00    1368.30    1366.80    1365.50    1364.50
    1363.80    1363.40    1363.30
    1376.20    1378.20    1380.80    1383.90    1387.10    1390.10    1392.80    1394.70    1396.00    1396.50
    1396.30    1395.50    1394.10    1392.30    1390.00    1387.50    1384.90    1382.40    1380.00    1377.60
    1375.20    1372.80    1370.50    1368.40    1366.80    1366.00    1365.90    1366.30    1367.00    1368.00
    1369.40    1371.40    1374.30    1378.00    1382.20    1386.30    1389.60    1391.70    1392.70    1392.70
    1392.30    1391.80    1391.30    1390.90    1390.30    1389.40    1388.30    1386.90    1385.60    1384.30
    1383.10    1382.10    1381.00    1380.00    1379.00    1378.10    1377.50    1377.10    1377.00    1377.10
    1377.10    1376.90    1376.50    1375.70    1374.70    1373.50    1372.30    1371.10    1370.00    1369.10
    1368.40    1367.90    1367.70
    1379.50    1381.60    1384.30    1387.40    1390.70    1393.80    1396.50    1398.50    1399.90    1400.70
    1401.00    1400.70    1399.80    1398.30    1396.20    1393.70    1390.90    1388.20    1385.60    1383.30
    1381.00    1378.70    1376.30    1373.90    1371.90    1370.50    1369.70    1369.50    1369.70    1370.30
    1371.40    1373.20    1376.00    1379.70    1384.00    1388.00    1391.20    1393.20    1393.90    1393.80
    1393.40    1393.00    1392.80    1392.60    1392.40    1391.80    1390.80    1389.50    1388.00    1386.40
    1384.80    1383.30    1381.90    1380.80    1379.80    1379.10    1378.70    1378.70    1378.90    1379.20
    1379.50    1379.60    1379.60    1379.40    1379.00    1378.50    1377.70    1376.70    1375.50    1374.40
    1373.40    1372.70    1372.40
    1385.20    1387.20    1389.80    1392.70    1395.70    1398.60    1401.00    1403.10    1404.80    1406.00
    1406.80    1407.00    1406.60    1405.50    1403.60    1401.00    1397.90    1394.60    1391.50    1388.70
    1386.30    1384.00    1381.80    1379.50    1377.40    1375.60    1374.30    1373.40    1373.00    1373.10
    1373.90    1375.70    1378.60    1382.50    1386.70    1390.70    1393.80    1395.50    1396.00    1395.80
    1395.30    1394.90    1394.80    1394.90    1394.80    1394.50    1393.80    1392.70    1391.20    1389.50
    1387.60    1385.80    1384.30    1383.10    1382.20    1381.60    1381.40    1381.30    1381.60    1382.00
    1382.50    1383.00    1383.60    1384.00    1384.30    1384.30    1383.80    1382.80    1381.40    1379.80
    1378.50    1377.50    1377.10
    1393.10    1394.60    1396.60    1398.70    1400.90    1403.20    1405.40    1407.60    1409.80    1411.70
    1413.10    1414.00    1414.10    1413.50    1412.00    1409.50    1406.20    1402.40    1398.60    1395.00
    1392.00    1389.40    1387.20    1385.20    1383.20    1381.20    1379.30    1377.60    1376.40    1375.90
    1376.40    1378.30    1381.60    1385.80    1390.30    1394.40    1397.40    1399.10    1399.60    1399.30
    1398.80    1398.40    1398.20    1398.10    1398.10    1397.90    1397.50    1396.70    1395.20    1393.30
    1391.10    1389.00    1387.30    1386.00    1385.00    1384.40    1384.10    1384.10    1384.60    1385.50
    1386.70    1387.90    1389.10    1390.20    1390.90    1391.10    1390.50    1389.30    1387.50    1385.70
    1384.10    1383.00    1382.30
    1402.10    1402.80    1403.70    1404.70    1405.90    1407.50    1409.50    1412.00    1414.80    1417.30
    1419.40    1420.70    1421.20    1421.10    1420.20    1418.20    1415.30    1411.60    1407.40    1403.30
    1399.70    1396.70    1394.20    1392.10    1390.00    1387.70    1385.10    1382.50    1380.30    1379.30
    1379.80    1382.10    1385.80    1390.50    1395.40    1399.60    1402.80    1404.80    1405.60    1405.60
    1405.20    1404.50    1403.90    1403.50    1403.20    1403.00    1402.80    1402.00    1400.50    1398.30
    1395.50    1392.70    1390.30    1388.50    1387.30    1386.60    1386.50    1387.10    1388.60    1390.70
    1393.10    1395.30    1397.30    1398.70    1399.40    1399.20    1398.20    1396.50    1394.40    1392.30
    1390.60    1389.20    1388.20
    1409.70    1409.80    1409.90    1410.20    1410.80    1412.00    1414.00    1416.70    1419.70    1422.50
    1424.80    1426.20    1427.00    1427.30    1426.90    1425.80    1423.70    1420.80    1417.30    1413.40
    1409.70    1406.30    1403.50    1401.00    1398.50    1395.70    1392.50    1389.10    1386.40    1385.20
    1386.00    1388.70    1393.00    1398.00    1402.90    1407.20    1410.50    1412.80    1414.20    1414.70
    1414.40    1413.60    1412.50    1411.60    1410.90    1410.50    1410.10    1409.20    1407.50    1404.70
    1401.10    1397.30    1393.90    1391.30    1389.70    1389.20    1389.80    1391.70    1394.70    1398.40
    1402.10    1405.30    1407.50    1408.90    1409.30    1408.70    1407.00    1404.70    1402.10    1399.70
    1397.70    1395.90    1394.50
    1413.90    1413.90    1414.20    1414.70    1415.70    1417.10    1419.10    1421.70    1424.40    1427.00
    1429.10    1430.70    1431.70    1432.30    1432.40    1431.90    1430.80    1429.10    1426.70    1423.80
    1420.50    1417.20    1414.10    1411.30    1408.50    1405.50    1402.00    1398.50    1395.90    1395.00
    1396.30    1399.50    1403.90    1408.60    1413.00    1416.70    1419.70    1422.10    1423.80    1424.70
    1424.60    1423.80    1422.60    1421.30    1420.20    1419.50    1418.80    1417.70    1415.70    1412.50
    1408.40    1403.70    1399.50    1396.30    1394.60    1394.60    1396.20    1399.30    1403.60    1408.30
    1412.50    1415.70    1417.70    1418.80    1419.00    1418.20    1416.30    1413.50    1410.50    1407.60
    1405.20    1403.20    1401.50
    1415.20    1415.80    1416.90    1418.40    1420.20    1422.20    1424.20    1426.40    1428.70    1430.90
    1433.00    1434.80    1436.30    1437.30    1437.80    1437.70    1437.30    1436.50    1435.30    1433.30
    1430.60    1427.50    1424.50    1421.60    1418.90    1416.10    1413.00    1410.10    1408.20    1408.00
    1409.70    1412.90    1416.90    1420.70    1423.90    1426.60    1428.80    1430.70    1432.20    1433.10
    1433.20    1432.60    1431.60    1430.50    1429.40    1428.40    1427.40    1426.10    1424.10    1421.10
    1417.00    1412.40    1408.10    1405.00    1403.70    1404.20    1406.50    1410.00    1414.20    1418.40
    1421.80    1424.10    1425.40    1426.10    1426.40    1425.90    1424.40    1421.90    1418.80    1415.90
    1413.40    1411.30    1409.70
    1415.80    1417.20    1419.30    1421.80    1424.30    1426.50    1428.40    1430.40    1432.40    1434.50
    1436.80    1439.10    1441.00    1442.50    1443.20    1443.50    1443.40    1443.20    1442.60    1441.20
    1438.90    1436.10    1433.30    1430.80    1428.50    1426.30    1424.00    1422.10    1421.10    1421.50
    1423.10    1425.70    1428.60    1431.30    1433.40    1435.00    1436.20    1437.30    1438.20    1438.80
    1438.80    1438.50    1438.00    1437.40    1436.70    1435.70    1434.60    1433.20    1431.60    1429.20
    1426.10    1422.40    1418.90    1416.50    1415.70    1416.60    1418.60    1421.30    1424.10    1426.60
    1428.30    1429.20    1429.70    1430.10    1430.60    1430.70    1430.00    1428.20    1425.80    1423.40
    1421.40    1419.70    1418.40
    1417.60    1419.60    1422.20    1425.00    1427.40    1429.50    1431.30    1433.20    1435.40    1437.70
    1440.20    1442.70    1444.90    1446.40    1447.30    1447.70    1447.80    1447.90    1447.60    1446.50
    1444.60    1442.20    1439.80    1437.80    1436.00    1434.40    1432.90    1431.90    1431.70    1432.20
    1433.30    1434.80    1436.50    1438.20    1439.60    1440.60    1441.30    1441.70    1441.90    1442.00
    1442.00    1441.90    1441.70    1441.60    1441.20    1440.40    1439.40    1438.30    1437.20    1435.80
    1433.90    1431.50    1429.10    1427.40    1427.00    1427.60    1428.80    1429.90    1430.80    1431.30
    1431.40    1431.30    1431.30    1431.60    1432.30    1432.80    1432.80    1431.90    1430.40    1429.00
    1427.70    1426.60    1425.60
    1420.50    1422.50    1424.90    1427.30    1429.30    1431.10    1432.90    1435.00    1437.40    1440.00
    1442.60    1444.90    1446.80    1448.10    1448.80    1449.10    1449.30    1449.50    1449.40    1448.70
    1447.30    1445.60    1443.80    1442.20    1440.70    1439.40    1438.40    1438.10    1438.20    1438.60
    1439.00    1439.60    1440.40    1441.40    1442.50    1443.30    1443.70    1443.80    1443.80    1443.80
    1443.80    1443.80    1443.70    1443.60    1443.20    1442.70    1441.90    1441.20    1440.70    1440.10
    1439.10    1437.70    1436.10    1434.80    1434.20    1434.20    1434.20    1433.90    1433.00    1432.00
    1431.20    1430.80    1430.90    1431.60    1432.60    1433.40    1433.70    1433.30    1432.50    1431.70
    1431.10    1430.40    1429.60
    1423.40    1425.00    1426.80    1428.50    1430.00    1431.60    1433.60    1435.90    1438.50    1441.00
    1443.30    1445.30    1446.90    1447.90    1448.40    1448.40    1448.40    1448.40    1448.40    1448.20
    1447.60    1446.60    1445.40    1444.10    1442.80    1441.70    1441.10    1441.10    1441.50    1441.60
    1441.40    1441.30    1441.60    1442.30    1443.10    1443.70    1443.90    1444.00    1444.10    1444.30
    1444.50    1444.70    1444.50    1444.10    1443.60    1443.10    1442.80    1442.60    1442.40    1442.20
    1441.60    1440.60    1439.20    1437.80    1436.80    1436.00    1435.10    1433.70    1431.60    1429.40
    1427.90    1427.70    1428.60    1430.30    1432.10    1433.30    1433.80    1433.60    1432.90    1432.20
    1431.70    1431.30    1430.60
    1425.60    1426.80    1428.00    1429.10    1430.30    1431.80    1433.80    1436.10    1438.60    1440.80
    1442.80    1444.40    1445.70    1446.60    1447.00    1446.90    1446.50    1446.30    1446.30    1446.40
    1446.40    1446.10    1445.30    1444.30    1443.10    1442.40    1442.30    1442.60    1442.90    1442.60
    1442.00    1441.60    1441.80    1442.20    1442.60    1442.80    1442.80    1442.70    1442.80    1443.00
    1443.50    1443.80    1443.70    1443.30    1442.70    1442.40    1442.50    1442.80    1442.80    1442.60
    1441.90    1440.70    1439.20    1437.60    1436.10    1434.90    1433.50    1431.50    1428.60    1425.40
    1423.20    1423.20    1425.20    1428.30    1431.10    1432.90    1433.50    1433.20    1432.40    1431.40
    1430.80    1430.40    1430.00
    1427.00    1427.90    1428.80    1429.60    1430.50    1431.70    1433.60    1435.80    1437.90    1439.70
    1441.10    1442.40    1443.50    1444.30    1444.70    1444.70    1444.40    1444.10    1444.10    1444.40
    1444.70    1444.80    1444.30    1443.50    1442.70    1442.30    1442.60    1443.10    1443.00    1442.20
    1441.30    1441.00    1441.30    1441.60    1441.60    1441.30    1440.90    1440.60    1440.30    1440.20
    1440.50    1441.00    1441.20    1441.10    1440.80    1440.90    1441.40    1441.80    1441.90    1441.30
    1440.20    1438.70    1437.10    1435.50    1433.90    1432.70    1431.30    1429.20    1425.90    1422.10
    1419.60    1419.80    1422.80    1426.80    1430.20    1432.10    1432.60    1432.20    1431.20    1429.90
    1428.80    1428.40    1428.40
    1427.50    1428.50    1429.40    1430.00    1430.50    1431.40    1433.00    1435.00    1436.70    1437.90
    1438.80    1439.50    1440.20    1440.70    1441.20    1441.50    1441.60    1441.70    1441.90    1442.20
    1442.50    1442.80    1442.70    1442.20    1441.70    1441.50    1441.70    1442.00    1441.50    1440.40
    1439.60    1439.60    1440.20    1440.40    1439.90    1439.10    1438.40    1437.90    1437.30    1436.70
    1436.70    1437.10    1437.60    1438.00    1438.30    1438.80    1439.50    1439.90    1439.70    1438.80
    1437.20    1435.50    1433.90    1432.40    1431.20    1430.30    1429.30    1427.60    1424.60    1421.20
    1419.00    1419.70    1423.00    1427.20    1430.10    1431.30    1431.40    1430.80    1429.60    1427.80
    1426.10    1425.40    1425.90
    1427.60    1428.60    1429.60    1430.10    1430.30    1430.90    1432.30    1434.00    1435.20    1435.90
    1436.20    1436.60    1436.80    1437.00    1437.20    1437.70    1438.30    1438.80    1439.10    1439.30
    1439.70    1440.20    1440.50    1440.40    1439.90    1439.40    1439.30    1439.30    1438.70    1437.70
    1437.20    1437.70    1438.50    1438.50    1437.60    1436.30    1435.40    1434.80    1434.10    1433.50
    1433.30    1433.70    1434.30    1435.00    1435.70    1436.60    1437.40    1437.60    1437.10    1435.80
    1434.00    1432.20    1430.80    1429.70    1428.90    1428.40    1427.90    1426.80    1424.90    1422.50
    1421.20    1422.30    1425.40    1428.70    1430.60    1430.90    1430.50    1429.80    1428.30    1426.00
    1423.60    1422.50    1423.20
    1428.10    1428.90    1429.80    1430.30    1430.40    1430.80    1431.90    1433.10    1433.80    1433.90
    1434.10    1434.40    1434.50    1434.40    1434.40    1434.70    1435.40    1435.90    1436.10    1436.20
    1436.50    1437.20    1437.80    1437.90    1437.30    1436.60    1436.10    1435.90    1435.40    1434.80
    1434.80    1435.60    1436.40    1436.40    1435.20    1433.60    1432.60    1431.90    1431.40    1431.20
    1431.20    1431.60    1432.10    1432.70    1433.60    1434.70    1435.50    1435.60    1434.80    1433.40
    1431.60    1430.00    1428.90    1428.20    1427.70    1427.50    1427.30    1427.00    1426.10    1425.00
    1424.60    1425.70    1427.90    1429.90    1430.80    1430.80    1430.40    1429.70    1428.00    1425.40
    1422.80    1421.50    1422.20
    1429.30    1429.80    1430.50    1431.00    1431.10    1431.40    1432.00    1432.60    1432.60    1432.30
    1432.40    1433.00    1433.40    1433.30    1433.00    1433.00    1433.10    1433.30    1433.20    1433.20
    1433.50    1434.00    1434.60    1434.80    1434.30    1433.60    1433.20    1433.00    1432.70    1432.50
    1432.60    1433.40    1434.20    1434.20    1433.20    1431.80    1430.80    1430.20    1429.90    1429.90
    1430.30    1430.70    1431.00    1431.20    1432.00    1433.10    1433.90    1433.80    1432.80    1431.40
    1430.00    1429.00    1428.50    1428.10    1427.80    1427.70    1427.70    1427.80    1427.70    1427.40
    1427.40    1428.10    1429.10    1430.00    1430.50    1430.90    1430.90    1430.30    1428.60    1426.10
    1423.90    1423.00    1423.80
    1430.10    1430.50    1431.20    1431.80    1432.10    1432.20    1432.40    1432.30    1431.70    1431.10
    1431.10    1431.80    1432.30    1432.20    1431.90    1431.50    1431.20    1430.80    1430.60    1430.60
    1430.80    1431.10    1431.30    1431.50    1431.40    1431.10    1430.80    1430.70    1430.60    1430.50
    1430.50    1431.20    1431.90    1432.10    1431.50    1430.70    1430.10    1429.60    1429.20    1429.20
    1429.60    1430.10    1430.10    1430.00    1430.40    1431.20    1431.80    1431.50    1430.60    1429.50
    1428.80    1428.60    1428.80    1428.80    1428.60    1428.30    1428.30    1428.50    1428.60    1428.80
    1429.10    1429.40    1429.70    1429.90    1430.40    1431.10    1431.50    1430.90    1429.30    1427.40
    1426.10    1425.90    1426.70
    1429.40    1430.10    1431.00    1431.80    1432.20    1432.40    1432.40    1432.00    1431.10    1430.20
    1430.00    1430.40    1430.60    1430.50    1430.30    1429.90    1429.40    1428.80    1428.50    1428.70
    1428.80    1428.70    1428.60    1428.80    1429.10    1429.20    1429.00    1428.90    1428.90    1428.90
    1429.00    1429.40    1429.90    1430.00    1429.70    1429.40    1429.30    1429.10    1428.50    1428.10
    1428.40    1428.90    1429.20    1428.90    1428.80    1429.00    1429.20    1429.00    1428.50    1428.00
    1428.10    1428.60    1429.20    1429.40    1429.20    1428.80    1428.70    1428.70    1428.90    1429.20
    1429.70    1430.20    1430.40    1430.40    1430.80    1431.50    1431.70    1431.00    1429.70    1428.60
    1428.20    1428.30    1428.80
    1427.50    1428.50    1429.60    1430.60    1431.20    1431.70    1431.90    1431.50    1430.70    1429.80
    1429.30    1429.20    1429.00    1428.70    1428.60    1428.50    1428.10    1427.50    1427.40    1427.60
    1427.70    1427.30    1427.10    1427.30    1427.70    1427.70    1427.30    1427.20    1427.60    1428.00
    1428.40    1428.60    1428.70    1428.40    1427.90    1427.70    1427.90    1427.80    1427.20    1426.60
    1426.80    1427.50    1428.10    1428.00    1427.50    1427.00    1426.90    1427.00    1427.20    1427.50
    1428.00    1428.80    1429.50    1429.60    1429.30    1429.10    1429.00    1429.10    1429.00    1429.20
    1429.90    1430.60    1431.10    1431.30    1431.60    1431.90    1431.70    1430.80    1429.90    1429.60
    1429.70    1429.60    1429.40
    1425.80    1426.80    1427.80    1428.60    1429.40    1430.20    1430.90    1430.90    1430.20    1429.50
    1429.10    1428.80    1428.30    1427.80    1427.70    1427.70    1427.40    1427.10    1427.10    1427.40
    1427.50    1427.00    1426.70    1426.80    1427.00    1426.70    1426.10    1426.20    1427.10    1428.10
    1428.50    1428.60    1428.30    1427.70    1426.90    1426.50    1426.70    1426.80    1426.40    1425.80
    1425.70    1426.50    1427.20    1427.30    1426.60    1425.90    1425.60    1425.90    1426.70    1427.50
    1428.20    1428.70    1429.00    1429.10    1429.10    1429.20    1429.60    1429.90    1429.80    1429.70
    1430.10    1430.90    1431.50    1431.90    1432.10    1432.10    1431.40    1430.50    1430.20    1430.40
    1430.70    1430.30    1429.60
    1425.30    1425.90    1426.30    1426.70    1427.40    1428.40    1429.40    1429.70    1429.30    1428.90
    1428.70    1428.60    1428.10    1427.50    1427.10    1427.00    1426.80    1426.70    1426.90    1427.50
    1427.70    1427.30    1427.00    1427.00    1426.80    1426.20    1425.60    1426.10    1427.40    1428.60
    1428.80    1428.60    1428.20    1427.70    1427.00    1426.60    1426.70    1427.00    1427.00    1426.40
    1426.10    1426.20    1426.60    1426.70    1426.30    1425.60    1425.20    1425.50    1426.40    1427.30
    1427.70    1427.90    1427.90    1428.10    1428.50    1429.20    1430.20    1430.80    1430.90    1430.70
    1430.80    1431.20    1431.70    1432.10    1432.30    1432.00    1431.20    1430.50    1430.40    1430.90
    1431.20    1430.80    1430.00
