diamond 4 20年06月29日8时500百帕高度场
20 06 29  8  500 
2.500 -2.500  .0  180.0   90.0  .0
73  37
     551.50     551.50     551.50     551.50     551.50     551.50     551.50     551.50     551.50     551.50
     551.50     551.50     551.50     551.50     551.50     551.50     551.50     551.50     551.50     551.50
     551.50     551.50     551.50     551.50     551.50     551.50     551.50     551.50     551.50     551.50
     551.50     551.50     551.50     551.50     551.50     551.50     551.50     551.50     551.50     551.50
     551.50     551.50     551.50     551.50     551.50     551.50     551.50     551.50     551.50     551.50
     551.50     551.50     551.50     551.50     551.50     551.50     551.50     551.50     551.50     551.50
     551.50     551.50     551.50     551.50     551.50     551.50     551.50     551.50     551.50     551.50
     551.50     551.50     551.50
     554.90     554.60     554.20     553.90     553.60     553.30     553.00     552.60     552.30     552.00
     551.70     551.40     551.10     550.80     550.40     550.10     549.80     549.50     549.20     548.90
     548.60     548.40     548.10     547.80     547.50     547.20     547.00     546.70     546.50     546.20
     546.00     545.80     545.60     545.30     545.10     545.00     544.80     544.60     544.50     544.30
     544.20     544.10     544.00     544.00     543.90     543.90     543.90     543.90     543.90     543.90
     544.00     544.00     544.10     544.20     544.40     544.50     544.70     544.90     545.10     545.30
     545.50     545.80     546.10     546.40     546.70     547.00     547.30     547.60     548.00     548.30
     548.70     549.00     549.40
     556.10     555.60     555.00     554.50     554.00     553.50     553.00     552.60     552.20     551.80
     551.40     551.00     550.60     550.30     549.90     549.60     549.20     548.90     548.60     548.30
     547.90     547.60     547.30     546.90     546.60     546.30     545.90     545.60     545.20     544.90
     544.60     544.20     543.90     543.60     543.30     543.00     542.70     542.40     542.20     541.90
     541.70     541.50     541.30     541.10     541.00     540.90     540.80     540.70     540.70     540.70
     540.80     540.80     541.00     541.10     541.30     541.50     541.80     542.10     542.50     542.90
     543.30     543.80     544.30     544.80     545.40     546.00     546.60     547.20     547.80     548.40
     549.10     549.70     550.40
     553.90     553.10     552.30     551.60     551.00     550.40     549.90     549.50     549.10     548.80
     548.50     548.30     548.20     548.10     548.00     548.00     548.00     547.90     547.90     547.90
     547.80     547.80     547.70     547.60     547.40     547.30     547.20     547.00     546.80     546.60
     546.50     546.30     546.10     545.90     545.80     545.60     545.40     545.30     545.10     545.00
     544.80     544.70     544.50     544.30     544.20     544.00     543.80     543.70     543.50     543.40
     543.30     543.30     543.30     543.30     543.40     543.60     543.80     544.10     544.50     544.90
     545.50     546.00     546.60     547.30     548.00     548.70     549.50     550.20     550.90     551.60
     552.30     553.00     553.70
     550.90     549.80     548.70     547.80     546.90     546.20     545.60     545.10     544.80     544.60
     544.60     544.60     544.80     545.00     545.30     545.70     546.10     546.40     546.80     547.20
     547.50     547.80     548.10     548.30     548.50     548.70     548.90     549.10     549.30     549.50
     549.70     549.90     550.20     550.40     550.60     550.90     551.10     551.40     551.60     551.80
     551.90     552.00     552.00     552.00     551.90     551.70     551.50     551.20     550.80     550.40
     550.00     549.60     549.30     549.00     548.80     548.60     548.60     548.80     549.00     549.40
     549.80     550.40     551.00     551.70     552.40     553.10     553.80     554.50     555.10     555.70
     556.20     556.60     557.00
     551.20     549.80     548.50     547.20     546.10     545.10     544.30     543.70     543.30     543.10
     543.00     543.10     543.40     543.70     544.20     544.60     545.10     545.60     546.10     546.60
     547.00     547.50     548.00     548.50     549.00     549.50     550.20     550.80     551.50     552.30
     553.10     553.90     554.70     555.50     556.30     557.10     557.90     558.60     559.30     559.90
     560.40     560.80     561.10     561.30     561.30     561.10     560.80     560.30     559.60     558.80
     558.00     557.10     556.20     555.30     554.60     554.00     553.60     553.40     553.40     553.50
     553.80     554.10     554.60     555.10     555.60     556.10     556.50     556.90     557.20     557.40
     557.60     557.70     557.70
     556.00     554.60     553.30     551.90     550.60     549.40     548.40     547.50     546.80     546.30
     546.00     545.80     545.80     545.80     545.80     545.90     546.00     546.10     546.10     546.20
     546.40     546.60     547.00     547.50     548.30     549.20     550.20     551.50     552.90     554.30
     555.80     557.40     558.90     560.40     561.70     563.00     564.20     565.30     566.30     567.30
     568.10     568.70     569.30     569.70     569.80     569.80     569.40     568.80     568.00     566.80
     565.50     564.10     562.60     561.20     559.80     558.60     557.70     556.90     556.40     556.10
     556.00     555.90     555.90     555.80     555.70     555.50     555.30     554.90     554.60     554.20
     553.90     553.70     553.60
     562.80     561.80     560.60     559.30     558.10     556.80     555.60     554.50     553.50     552.70
     551.90     551.30     550.60     550.00     549.40     548.70     548.00     547.20     546.50     545.90
     545.40     545.20     545.20     545.60     546.40     547.50     548.90     550.60     552.60     554.70
     556.90     559.20     561.30     563.40     565.40     567.10     568.70     570.10     571.40     572.40
     573.40     574.20     575.00     575.50     575.90     576.10     576.00     575.50     574.70     573.50
     571.90     570.20     568.30     566.30     564.40     562.70     561.10     559.80     558.70     557.80
     556.90     556.10     555.10     554.10     552.80     551.50     550.00     548.60     547.20     546.10
     545.30     544.80     544.80
     567.20     566.60     565.90     565.10     564.30     563.30     562.30     561.30     560.20     559.00
     557.90     556.70     555.40     554.10     552.70     551.20     549.70     548.20     546.80     545.50
     544.60     543.90     543.70     543.80     544.40     545.40     546.70     548.40     550.40     552.60
     555.00     557.60     560.20     562.80     565.40     567.70     569.80     571.70     573.30     574.60
     575.70     576.60     577.40     578.10     578.70     579.10     579.20     579.00     578.40     577.40
     576.10     574.30     572.40     570.30     568.30     566.30     564.50     562.80     561.20     559.70
     558.10     556.40     554.40     552.10     549.60     546.80     544.00     541.30     538.80     536.70
     535.30     534.50     534.60
     565.80     565.90     566.20     566.40     566.60     566.50     566.20     565.70     564.80     563.60
     562.20     560.60     558.80     556.80     554.80     552.70     550.70     548.80     547.00     545.60
     544.50     543.80     543.40     543.40     543.70     544.20     544.90     545.80     547.00     548.60
     550.50     552.90     555.60     558.70     561.90     565.00     568.00     570.60     572.70     574.30
     575.50     576.40     577.10     577.60     578.10     578.50     578.70     578.80     578.50     577.90
     576.90     575.70     574.20     572.60     571.00     569.30     567.70     566.10     564.50     562.70
     560.70     558.40     555.70     552.70     549.20     545.40     541.50     537.70     534.20     531.20
     529.00     527.80     527.70
     558.70     559.90     561.60     563.30     565.00     566.30     567.20     567.50     567.30     566.60
     565.30     563.50     561.40     559.10     556.60     554.00     551.60     549.40     547.40     545.90
     544.80     544.10     543.70     543.60     543.60     543.60     543.60     543.70     544.00     544.60
     545.90     547.90     550.60     554.10     558.00     562.10     565.90     569.30     571.90     573.70
     574.80     575.30     575.50     575.60     575.60     575.80     575.90     576.00     576.00     575.80
     575.40     574.80     574.00     573.20     572.20     571.30     570.20     569.10     567.80     566.30
     564.50     562.30     559.60     556.40     552.80     548.80     544.50     540.20     536.00     532.40
     529.40     527.50     526.80
     549.60     552.10     555.10     558.20     561.20     563.90     566.10     567.70     568.60     568.70
     568.00     566.60     564.60     562.10     559.30     556.30     553.40     550.60     548.10     546.10
     544.60     543.50     542.90     542.60     542.30     542.10     541.80     541.60     541.70     542.20
     543.40     545.50     548.60     552.50     557.10     561.80     566.20     570.00     572.70     574.20
     574.80     574.70     574.20     573.60     573.10     572.90     572.90     573.00     573.20     573.30
     573.40     573.30     573.00     572.60     572.10     571.40     570.80     570.00     569.30     568.40
     567.30     565.80     563.90     561.50     558.50     555.00     551.20     547.10     542.90     538.90
     535.50     533.00     531.80
     543.80     547.00     550.60     554.20     557.80     561.30     564.40     567.20     569.20     570.40
     570.50     569.70     568.00     565.60     562.70     559.50     556.20     552.90     549.70     546.90
     544.50     542.70     541.30     540.30     539.60     539.20     539.00     539.30     540.00     541.30
     543.40     546.30     550.10     554.50     559.40     564.30     568.80     572.30     574.70     575.70
     575.50     574.60     573.40     572.20     571.40     570.90     570.80     571.00     571.40     571.80
     572.10     572.10     571.80     571.20     570.20     569.10     568.20     567.50     567.20     567.10
     567.20     567.00     566.40     565.20     563.40     561.00     558.10     554.80     551.30     547.80
     544.60     542.20     540.90
     543.90     546.90     550.10     553.40     556.90     560.40     564.10     567.50     570.30     572.00
     572.50     571.80     570.20     568.00     565.40     562.50     559.50     556.30     553.10     549.90
     546.90     544.20     541.90     539.90     538.40     537.50     537.40     538.10     539.80     542.30
     545.50     549.30     553.40     558.00     562.70     567.30     571.40     574.50     576.30     576.80
     576.10     574.60     572.90     571.40     570.30     569.80     569.70     569.90     570.30     570.80
     571.10     571.10     570.40     569.00     567.20     565.20     563.50     562.60     562.60     563.40
     564.70     565.90     566.70     566.80     566.10     564.90     563.10     561.10     558.80     556.50
     554.30     552.70     552.00
     548.60     550.70     553.10     555.90     559.10     562.70     566.50     570.10     572.80     574.20
     574.10     572.80     570.90     568.70     566.60     564.70     562.70     560.60     558.20     555.60
     552.90     550.20     547.50     544.80     542.50     540.90     540.30     541.10     543.10     546.20
     549.80     553.60     557.40     561.30     565.30     569.30     572.90     575.70     577.20     577.40
     576.40     574.80     573.00     571.50     570.30     569.60     569.20     569.20     569.50     569.80
     570.00     569.80     568.90     567.20     564.80     562.20     560.10     559.00     559.10     560.50
     562.50     564.50     566.00     566.80     566.90     566.50     565.90     565.20     564.50     563.70
     563.00     562.50     562.50
     554.90     556.20     558.20     560.70     564.00     567.70     571.40     574.60     576.60     576.90
     575.80     573.70     571.30     569.30     567.90     567.00     566.30     565.40     564.30     562.80
     561.00     559.10     556.80     554.30     551.70     549.70     548.60     549.00     550.80     553.40
     556.30     559.00     561.60     564.30     567.40     570.70     574.00     576.50     577.90     578.00
     577.00     575.60     574.00     572.70     571.60     570.80     570.10     569.60     569.30     569.20
     569.00     568.70     567.90     566.50     564.50     562.40     560.50     559.50     559.50     560.50
     562.10     563.80     565.20     566.10     566.60     567.00     567.50     568.10     568.70     569.10
     569.50     569.80     570.30
     562.40     563.10     564.80     567.40     570.50     573.80     576.80     578.90     579.80     579.40
     577.70     575.50     573.40     571.70     570.90     570.60     570.50     570.30     569.70     568.90
     568.00     567.00     565.70     564.00     562.00     560.20     559.10     559.20     560.20     561.70
     563.10     564.10     565.10     566.60     569.00     572.20     575.40     577.80     578.80     578.60
     577.60     576.40     575.20     574.20     573.40     572.60     571.80     571.00     570.30     569.60
     568.90     568.10     567.30     566.50     565.50     564.50     563.50     562.60     562.10     562.00
     562.40     563.20     564.20     565.20     566.30     567.60     569.10     570.60     572.00     573.10
     573.80     574.30     574.60
     571.50     571.80     573.20     575.20     577.40     579.40     580.80     581.40     581.30     580.60
     579.40     578.10     576.80     575.80     575.30     575.00     574.70     574.10     573.30     572.50
     571.70     571.30     570.80     570.20     569.20     568.10     567.50     567.40     567.80     568.00
     567.70     567.00     566.70     567.60     570.00     573.50     576.80     579.00     579.60     578.90
     577.60     576.30     575.30     574.50     573.90     573.20     572.70     572.30     571.80     570.90
     569.70     568.30     567.00     566.20     566.00     565.90     565.50     564.70     563.50     562.40
     561.80     562.20     563.50     565.40     567.60     569.90     572.10     574.00     575.40     576.40
     576.90     577.00     576.90
     580.70     580.70     581.40     582.50     583.30     583.60     583.10     582.30     581.40     580.80
     580.40     580.10     579.60     579.10     578.50     577.80     577.10     576.10     574.90     573.70
     572.80     572.50     572.50     572.60     572.40     572.10     572.00     572.00     572.00     571.30
     569.80     568.00     567.10     567.90     570.70     574.50     578.00     579.80     579.90     578.70
     577.20     575.80     574.70     573.60     572.50     571.70     571.60     572.00     572.50     572.50
     571.40     569.60     567.70     566.40     565.80     565.70     565.30     564.30     562.70     561.30
     561.00     562.20     564.80     568.10     571.50     574.40     576.60     578.20     579.20     579.70
     579.80     579.50     578.90
     587.40     587.10     587.20     587.40     587.10     586.10     584.50     582.80     581.50     580.90
     580.90     580.90     580.60     580.00     579.10     578.30     577.50     576.50     575.30     574.10
     573.30     573.00     573.20     573.50     573.60     573.70     573.90     574.20     574.30     573.50
     571.80     569.70     568.70     569.60     572.40     576.00     579.00     580.30     580.00     578.90
     577.60     576.40     575.00     573.20     571.30     569.90     569.70     570.80     572.50     573.70
     573.70     572.40     570.40     568.50     567.20     566.20     565.10     563.60     562.10     561.40
     562.30     565.10     569.20     573.60     577.40     580.10     581.70     582.50     583.00     583.10
     582.80     582.20     581.10
     590.80     590.40     590.10     589.70     588.90     587.60     585.70     583.90     582.50     581.80
     581.60     581.40     580.80     580.00     579.10     578.40     577.80     577.20     576.30     575.40
     574.80     574.60     574.80     575.10     575.10     575.10     575.40     576.00     576.40     576.10
     574.90     573.40     572.70     573.50     575.70     578.40     580.30     581.00     580.60     580.00
     579.40     578.70     577.40     575.30     572.80     570.70     570.00     570.80     572.70     574.70
     575.80     575.80     574.60     572.90     571.00     569.20     567.30     565.60     564.60     565.00
     567.30     571.30     576.10     580.40     583.60     585.40     586.20     586.40     586.40     586.20
     585.70     584.70     583.30
     593.00     592.60     592.00     591.20     590.10     588.60     587.00     585.40     584.30     583.70
     583.30     582.80     582.20     581.50     580.90     580.60     580.30     579.80     579.10     578.40
     577.90     577.90     578.00     578.00     577.70     577.40     577.50     578.00     578.60     578.90
     578.40     577.70     577.50     578.20     579.70     581.10     581.90     581.90     581.60     581.50
     581.60     581.60     580.80     579.10     576.90     574.80     573.40     573.20     574.10     575.70
     577.30     578.40     578.50     577.50     575.80     573.80     571.80     570.40     570.20     571.60
     574.70     578.70     582.80     586.10     588.20     589.20     589.60     589.60     589.40     589.00
     588.20     586.90     585.50
     595.20     594.90     594.20     592.90     591.40     589.80     588.30     587.10     586.40     586.10
     585.90     585.70     585.30     585.10     584.90     584.80     584.60     584.00     583.20     582.50
     582.10     582.00     582.00     581.70     581.10     580.50     580.30     580.40     580.80     581.00
     580.90     580.70     581.00     581.80     582.70     583.30     583.30     582.90     582.70     582.80
     583.20     583.50     583.30     582.50     581.30     579.90     578.40     577.30     576.90     577.40
     578.70     580.20     581.10     580.80     579.70     578.10     576.90     576.40     577.10     579.00
     581.80     585.00     587.80     589.80     591.10     591.70     592.10     592.10     591.80     591.00
     590.00     588.80     587.70
     596.50     596.40     595.60     594.20     592.60     591.00     589.80     589.00     588.70     588.80
     589.00     589.00     589.00     589.00     589.00     589.00     588.60     587.90     587.10     586.40
     586.00     585.80     585.70     585.30     584.70     584.10     583.50     583.20     583.00     582.80
     582.50     582.50     582.90     583.60     584.20     584.40     584.20     583.90     583.80     583.90
     584.20     584.30     584.30     584.30     584.10     583.60     582.70     581.60     580.70     580.50
     581.30     582.40     583.20     583.20     582.50     581.80     581.50     582.00     583.20     585.00
     587.10     589.10     590.80     591.90     592.70     593.30     593.60     593.60     593.00     592.20
     591.20     590.50     590.10
     595.70     595.60     594.80     593.70     592.60     591.70     591.00     590.70     590.80     591.20
     591.50     591.60     591.60     591.50     591.50     591.40     591.00     590.40     589.70     589.10
     588.60     588.40     588.20     588.10     587.70     587.10     586.40     585.70     585.20     584.60
     584.20     584.10     584.30     584.60     584.80     584.70     584.60     584.60     584.80     585.00
     585.10     585.10     585.10     585.30     585.40     585.50     585.40     585.00     584.60     584.50
     584.90     585.50     585.70     585.50     585.10     585.10     585.60     586.50     587.50     588.60
     589.90     591.10     592.10     592.90     593.40     593.90     594.10     593.90     593.30     592.60
     592.10     592.00     592.20
     594.20     593.60     592.80     591.90     591.50     591.30     591.30     591.40     591.70     592.20
     592.60     592.70     592.70     592.60     592.50     592.30     592.10     591.60     591.10     590.50
     589.90     589.50     589.40     589.50     589.40     588.80     587.90     587.00     586.30     585.90
     585.70     585.50     585.30     585.00     584.70     584.50     584.60     585.10     585.60     585.90
     586.10     586.20     586.30     586.50     586.60     586.70     586.90     587.20     587.50     587.80
     588.10     588.20     588.00     587.80     587.70     588.00     588.60     589.20     589.50     589.80
     590.50     591.40     592.40     593.10     593.50     593.70     593.70     593.40     593.00     592.80
     592.80     593.10     593.40
     593.50     592.40     591.20     590.30     590.00     590.20     590.50     590.80     591.00     591.40
     591.90     592.40     592.70     592.80     592.80     592.70     592.50     592.20     591.80     591.10
     590.30     589.70     589.60     589.80     589.80     589.00     587.80     586.70     586.00     585.90
     585.90     585.80     585.40     584.80     584.30     584.20     584.60     585.30     586.10     586.60
     586.90     587.10     587.50     587.70     587.70     587.70     587.90     588.50     589.10     589.40
     589.40     589.30     589.10     589.10     589.30     589.70     590.10     590.20     589.80     589.50
     589.90     591.00     592.20     592.90     593.20     593.10     593.00     592.90     592.80     592.90
     593.10     593.40     593.50
     593.20     591.90     590.50     589.50     589.10     589.10     589.40     589.50     589.50     589.80
     590.40     591.20     592.00     592.50     592.70     592.60     592.40     592.20     591.80     591.10
     590.20     589.40     589.20     589.20     589.10     588.30     586.90     585.70     585.10     585.10
     585.20     585.10     584.80     584.40     584.10     584.10     584.60     585.40     586.20     586.70
     587.00     587.30     587.70     588.00     588.00     588.10     588.40     589.00     589.50     589.60
     589.40     589.30     589.30     589.60     589.90     590.30     590.40     590.20     589.60     589.10
     589.50     590.70     591.90     592.50     592.60     592.40     592.30     592.30     592.30     592.40
     592.50     592.60     592.60
     592.10     591.00     589.90     589.10     588.70     588.70     588.80     588.60     588.40     588.40
     588.90     589.90     590.90     591.70     592.00     591.90     591.70     591.50     591.20     590.50
     589.60     588.70     588.20     588.10     587.90     587.30     586.30     585.40     584.80     584.60
     584.60     584.40     584.30     584.30     584.30     584.30     584.50     585.10     585.80     586.40
     586.80     587.00     587.10     587.20     587.30     587.60     588.30     589.10     589.70     589.70
     589.40     589.30     589.50     589.80     590.00     590.20     590.30     590.20     589.70     589.40
     589.70     590.70     591.60     592.00     591.90     591.60     591.60     591.50     591.40     591.20
     591.20     591.20     591.30
     590.20     589.60     589.20     589.00     588.90     588.90     588.80     588.50     588.00     587.70
     588.00     588.80     589.80     590.50     590.80     590.70     590.50     590.30     590.10     589.50
     588.70     587.80     587.20     586.90     586.90     586.60     586.20     585.70     585.20     584.80
     584.50     584.20     584.30     584.50     584.50     584.30     584.00     584.10     584.80     585.80
     586.40     586.60     586.40     586.20     586.20     586.70     587.70     588.90     589.60     589.80
     589.60     589.60     589.80     589.90     589.90     590.00     590.10     590.20     590.00     589.70
     589.90     590.50     591.10     591.20     591.10     590.90     590.70     590.50     590.10     589.90
     589.80     589.90     590.10
     588.90     588.80     588.90     589.10     589.10     589.10     588.90     588.40     587.80     587.50
     587.50     588.10     588.70     589.30     589.50     589.40     589.30     589.10     588.90     588.50
     587.90     587.20     586.60     586.40     586.40     586.40     586.20     585.90     585.40     584.90
     584.40     584.10     584.10     584.30     584.30     583.90     583.30     583.30     584.00     585.10
     586.00     586.30     586.00     585.50     585.40     586.00     587.10     588.40     589.20     589.40
     589.30     589.30     589.50     589.70     589.70     589.60     589.70     589.70     589.60     589.50
     589.60     590.00     590.30     590.40     590.20     590.10     589.90     589.50     589.10     588.80
     588.80     589.00     589.10
     588.70     588.80     589.00     589.10     589.00     588.80     588.30     587.80     587.40     587.10
     587.10     587.50     587.80     588.20     588.30     588.30     588.20     588.10     587.90     587.70
     587.40     587.00     586.60     586.30     586.30     586.30     586.10     585.70     585.20     584.60
     584.10     583.90     583.80     583.90     583.90     583.70     583.40     583.50     584.10     585.00
     585.70     585.90     585.60     585.30     585.30     585.80     586.80     587.80     588.30     588.50
     588.50     588.60     588.90     589.20     589.20     589.10     589.00     588.90     588.70     588.70
     589.00     589.40     589.60     589.50     589.40     589.30     589.10     588.70     588.20     588.00
     588.10     588.20     588.20
     588.60     588.70     588.80     588.80     588.50     588.10     587.50     587.10     586.70     586.60
     586.60     586.80     587.00     587.20     587.40     587.40     587.30     587.20     587.20     587.20
     587.10     586.80     586.40     586.10     586.00     585.90     585.70     585.30     584.90     584.40
     584.10     583.90     583.80     583.90     584.10     584.20     584.40     584.60     585.00     585.50
     585.70     585.70     585.50     585.30     585.50     586.00     586.70     587.30     587.70     587.70
     587.80     588.10     588.50     588.80     588.80     588.50     588.20     588.00     587.90     588.10
     588.60     588.90     588.90     588.60     588.40     588.30     588.20     587.80     587.40     587.30
     587.40     587.40     587.30
     588.20     588.30     588.30     588.20     587.90     587.40     586.90     586.50     586.20     586.00
     586.00     586.10     586.30     586.60     586.80     586.80     586.70     586.70     586.70     586.70
     586.60     586.20     585.80     585.40     585.20     585.20     585.10     585.10     584.90     584.70
     584.50     584.40     584.40     584.50     584.60     584.90     585.30     585.60     585.90     586.10
     586.20     586.00     585.90     585.80     586.00     586.40     586.80     587.10     587.30     587.40
     587.60     587.90     588.20     588.30     588.10     587.80     587.50     587.40     587.40     587.70
     588.20     588.40     588.30     587.90     587.60     587.50     587.30     587.00     586.70     586.70
     586.80     586.80     586.70
     588.00     588.00     587.90     587.70     587.40     587.00     586.50     586.10     585.80     585.60
     585.60     585.70     586.00     586.30     586.50     586.50     586.30     586.30     586.30     586.20
     585.90     585.50     585.00     584.60     584.40     584.40     584.60     584.80     585.00     585.00
     584.90     584.90     585.00     585.20     585.20     585.30     585.50     585.90     586.30     586.70
     586.80     586.80     586.60     586.60     586.60     586.70     586.80     587.00     587.10     587.20
     587.40     587.50     587.60     587.50     587.30     587.00     586.80     586.90     587.00     587.20
     587.50     587.70     587.70     587.50     587.20     587.00     586.90     586.60     586.40     586.40
     586.60     586.60     586.50
     588.00     587.90     587.60     587.30     587.00     586.70     586.30     585.90     585.70     585.60
     585.60     585.80     586.00     586.30     586.50     586.30     586.10     586.00     585.90     585.70
     585.40     584.90     584.60     584.40     584.20     584.20     584.40     584.80     585.20     585.20
     585.10     585.10     585.40     585.70     585.70     585.50     585.50     585.90     586.50     587.00
     587.30     587.30     587.20     587.10     586.90     586.90     586.90     586.90     586.90     586.90
     586.80     586.80     586.80     586.80     586.70     586.50     586.50     586.70     586.80     586.70
     586.80     587.10     587.30     587.40     587.20     586.90     586.60     586.40     586.30     586.40
     586.50     586.50     586.40
     587.40     587.20     586.90     586.60     586.40     586.40     586.30     586.20     586.20     586.20
     586.30     586.30     586.30     586.30     586.30     586.20     586.00     585.80     585.70     585.40
     585.10     584.80     584.70     584.70     584.70     584.60     584.70     585.20     585.50     585.60
     585.50     585.50     585.80     586.10     586.10     586.00     586.00     586.30     586.80     587.20
     587.30     587.30     587.30     587.10     587.10     587.00     587.00     586.90     586.80     586.60
     586.40     586.30     586.50     586.70     586.70     586.70     586.80     586.90     587.00     586.90
     586.80     586.90     587.20     587.30     587.00     586.60     586.20     586.20     586.30     586.40
     586.50     586.40     586.20
