diamond 4 20年06月24日8时500百帕高度场
20 06 24  8  500 
2.500 -2.500  .0  180.0   90.0  .0
73  37
     547.90     547.90     547.90     547.90     547.90     547.90     547.90     547.90     547.90     547.90
     547.90     547.90     547.90     547.90     547.90     547.90     547.90     547.90     547.90     547.90
     547.90     547.90     547.90     547.90     547.90     547.90     547.90     547.90     547.90     547.90
     547.90     547.90     547.90     547.90     547.90     547.90     547.90     547.90     547.90     547.90
     547.90     547.90     547.90     547.90     547.90     547.90     547.90     547.90     547.90     547.90
     547.90     547.90     547.90     547.90     547.90     547.90     547.90     547.90     547.90     547.90
     547.90     547.90     547.90     547.90     547.90     547.90     547.90     547.90     547.90     547.90
     547.90     547.90     547.90
     552.00     552.10     552.20     552.30     552.30     552.40     552.50     552.50     552.60     552.60
     552.60     552.70     552.70     552.70     552.70     552.80     552.80     552.80     552.70     552.70
     552.70     552.70     552.60     552.60     552.60     552.50     552.40     552.40     552.30     552.20
     552.10     552.00     551.90     551.80     551.70     551.50     551.40     551.20     551.00     550.90
     550.70     550.50     550.20     550.00     549.80     549.50     549.30     549.00     548.70     548.40
     548.10     547.80     547.50     547.20     546.90     546.50     546.20     545.80     545.50     545.10
     544.80     544.50     544.10     543.80     543.50     543.20     542.80     542.60     542.30     542.00
     541.80     541.50     541.30
     555.90     556.10     556.20     556.40     556.50     556.60     556.70     556.80     556.80     556.90
     556.90     556.90     556.90     556.80     556.80     556.70     556.70     556.60     556.50     556.40
     556.30     556.20     556.10     556.00     555.80     555.80     555.70     555.60     555.50     555.40
     555.30     555.30     555.20     555.10     555.00     555.00     554.90     554.80     554.60     554.50
     554.30     554.10     553.90     553.60     553.30     553.00     552.60     552.10     551.60     551.10
     550.50     549.90     549.30     548.60     547.80     547.00     546.20     545.40     544.50     543.60
     542.80     541.90     541.00     540.10     539.20     538.30     537.50     536.70     535.90     535.10
     534.40     533.80     533.20
     560.40     560.70     561.00     561.20     561.40     561.50     561.50     561.50     561.40     561.30
     561.10     560.90     560.60     560.30     559.90     559.50     559.10     558.70     558.20     557.80
     557.40     557.00     556.60     556.30     556.00     555.80     555.60     555.50     555.40     555.40
     555.40     555.50     555.70     555.90     556.10     556.40     556.70     557.00     557.20     557.50
     557.70     557.90     558.00     558.00     557.90     557.80     557.60     557.20     556.80     556.20
     555.50     554.70     553.80     552.80     551.70     550.50     549.20     547.90     546.50     545.00
     543.50     542.00     540.40     538.90     537.40     535.90     534.50     533.10     531.70     530.50
     529.30     528.20     527.20
     563.00     563.60     564.10     564.50     564.70     564.90     564.90     564.70     564.50     564.10
     563.60     562.90     562.20     561.40     560.60     559.70     558.80     557.90     557.00     556.10
     555.30     554.50     553.80     553.10     552.60     552.20     551.90     551.70     551.70     551.80
     552.10     552.50     553.00     553.70     554.50     555.40     556.40     557.40     558.40     559.30
     560.20     561.10     561.80     562.40     562.90     563.20     563.40     563.30     563.20     562.80
     562.20     561.50     560.60     559.50     558.30     556.80     555.30     553.50     551.70     549.70
     547.70     545.60     543.40     541.30     539.20     537.20     535.20     533.30     531.60     530.00
     528.50     527.10     525.90
     561.10     562.20     563.30     564.20     564.90     565.30     565.50     565.40     565.10     564.50
     563.70     562.70     561.60     560.30     559.00     557.70     556.30     555.00     553.70     552.50
     551.30     550.30     549.30     548.50     547.80     547.20     546.80     546.60     546.60     546.90
     547.30     548.00     549.00     550.20     551.60     553.10     554.80     556.50     558.20     559.90
     561.50     563.00     564.40     565.50     566.50     567.20     567.80     568.10     568.30     568.30
     568.00     567.60     567.00     566.20     565.20     564.00     562.50     560.70     558.70     556.60
     554.20     551.70     549.10     546.50     544.00     541.40     539.10     536.80     534.80     532.90
     531.20     529.70     528.40
     556.20     558.20     560.20     562.00     563.50     564.60     565.30     565.60     565.40     564.80
     563.90     562.50     561.00     559.20     557.40     555.60     553.80     552.10     550.60     549.20
     548.00     547.00     546.00     545.30     544.60     544.10     543.70     543.50     543.50     543.70
     544.20     545.00     546.10     547.50     549.20     551.20     553.30     555.50     557.80     560.00
     562.10     564.00     565.60     567.00     568.10     569.00     569.70     570.30     570.60     570.90
     571.00     571.00     570.90     570.70     570.20     569.50     568.50     567.20     565.60     563.60
     561.30     558.70     556.00     553.20     550.30     547.50     544.80     542.30     539.90     537.80
     535.80     534.10     532.50
     552.90     555.70     558.50     561.20     563.60     565.60     567.00     567.80     567.90     567.30
     566.20     564.50     562.40     560.10     557.60     555.20     552.90     550.80     548.90     547.40
     546.20     545.30     544.70     544.20     543.80     543.60     543.40     543.30     543.30     543.50
     543.90     544.70     545.70     547.20     549.00     551.10     553.50     556.00     558.60     561.00
     563.30     565.30     566.90     568.30     569.40     570.20     570.80     571.20     571.50     571.90
     572.20     572.50     572.70     572.90     573.00     572.90     572.60     571.90     570.70     569.20
     567.30     565.00     562.50     559.70     556.90     554.10     551.30     548.70     546.20     543.80
     541.50     539.30     537.20
     554.00     557.00     560.20     563.30     566.20     568.70     570.60     571.70     572.10     571.60
     570.30     568.30     565.70     562.80     559.60     556.40     553.40     550.60     548.30     546.40
     545.00     544.10     543.70     543.50     543.60     543.80     544.00     544.30     544.50     544.80
     545.30     546.10     547.20     548.80     550.80     553.20     555.80     558.50     561.20     563.60
     565.80     567.60     569.10     570.20     571.00     571.60     572.00     572.40     572.70     573.00
     573.30     573.70     574.00     574.40     574.70     574.90     574.80     574.50     573.90     572.90
     571.40     569.60     567.50     565.10     562.70     560.20     557.70     555.20     552.80     550.30
     547.70     545.10     542.50
     558.40     561.20     564.20     567.20     570.10     572.60     574.60     575.80     576.10     575.60
     574.30     572.20     569.50     566.30     562.80     559.10     555.40     551.90     548.80     546.10
     544.10     542.80     542.10     542.00     542.30     542.80     543.40     544.10     544.70     545.30
     546.10     547.30     548.80     550.90     553.40     556.20     559.20     562.00     564.60     566.70
     568.30     569.50     570.20     570.60     570.90     571.30     571.70     572.20     572.80     573.40
     573.90     574.40     574.70     575.00     575.30     575.40     575.60     575.50     575.30     574.70
     573.70     572.50     570.90     569.10     567.20     565.20     563.10     561.00     558.70     556.20
     553.50     550.60     547.60
     563.80     566.50     569.30     572.10     574.70     576.80     578.40     579.30     579.50     578.80
     577.50     575.70     573.30     570.40     567.10     563.40     559.50     555.40     551.40     547.70
     544.70     542.50     541.10     540.60     540.70     541.30     542.00     542.80     543.70     544.70
     545.90     547.60     549.70     552.50     555.60     559.00     562.20     565.10     567.20     568.60
     569.10     569.00     568.40     567.70     567.30     567.30     567.90     568.80     570.10     571.30
     572.30     573.00     573.40     573.70     573.80     574.00     574.30     574.70     575.00     575.00
     574.70     574.10     573.10     571.80     570.40     568.80     567.10     565.30     563.20     560.70
     558.00     555.00     551.90
     569.00     572.20     575.20     577.90     580.10     581.70     582.60     582.80     582.40     581.60
     580.30     578.70     576.90     574.60     571.90     568.60     564.70     560.50     556.00     551.70
     547.90     544.90     542.90     541.80     541.60     541.90     542.50     543.30     544.20     545.20
     546.70     548.60     551.20     554.30     557.70     561.30     564.40     566.90     568.50     568.90
     568.30     566.90     565.10     563.40     562.20     562.00     562.60     564.00     565.90     567.60
     569.10     569.90     570.30     570.40     570.40     570.70     571.30     572.20     573.20     574.10
     574.50     574.50     574.10     573.30     572.20     571.00     569.70     568.10     566.20     563.90
     561.20     558.20     555.30
     574.10     577.90     581.00     583.40     584.90     585.60     585.70     585.10     584.30     583.30
     582.10     580.80     579.30     577.50     575.30     572.50     569.10     565.20     561.10     557.00
     553.30     550.30     548.20     547.00     546.50     546.60     547.00     547.50     548.20     549.00
     550.40     552.20     554.60     557.50     560.50     563.50     566.10     568.00     569.00     568.90
     567.80     565.90     563.70     561.60     560.20     559.80     560.50     562.00     563.90     565.70
     567.00     567.50     567.50     567.10     566.90     567.10     567.80     569.10     570.70     572.10
     573.20     573.70     573.60     573.20     572.50     571.60     570.60     569.40     567.80     565.70
     563.20     560.40     557.70
     579.00     582.70     585.20     586.50     586.70     586.20     585.10     584.00     583.10     582.40
     581.80     581.00     579.90     578.30     576.20     573.80     571.10     568.20     565.30     562.40
     559.90     557.70     556.10     555.10     554.60     554.40     554.40     554.40     554.60     555.10
     556.00     557.50     559.40     561.60     563.80     565.80     567.60     568.80     569.40     569.30
     568.50     567.10     565.40     563.80     562.60     562.20     562.60     563.70     565.00     566.10
     566.80     566.80     566.30     565.70     565.20     565.10     565.70     566.90     568.40     569.80
     570.90     571.50     571.60     571.40     571.00     570.50     569.90     568.90     567.60     565.80
     563.60     561.20     558.90
     583.10     585.70     586.90     586.60     585.10     583.00     580.90     579.40     578.80     579.00
     579.50     579.60     579.10     577.70     575.80     573.70     571.80     570.20     568.90     567.70
     566.70     565.60     564.60     563.70     562.90     562.10     561.40     560.60     560.10     560.10
     560.60     561.70     563.20     564.80     566.30     567.60     568.60     569.40     569.80     569.90
     569.50     568.80     567.80     566.80     566.00     565.60     565.60     565.90     566.20     566.40
     566.50     566.30     566.00     565.70     565.50     565.50     565.80     566.30     567.00     567.70
     568.20     568.50     568.50     568.40     568.30     568.20     567.90     567.20     566.00     564.40
     562.50     560.50     558.60
     585.70     587.30     587.40     585.80     582.90     579.50     576.50     574.70     574.50     575.50
     577.10     578.20     578.40     577.50     575.90     574.40     573.20     572.70     572.70     572.90
     572.90     572.50     571.80     570.60     569.20     567.60     566.00     564.40     563.20     562.70
     562.80     563.70     564.90     566.30     567.60     568.60     569.40     569.90     570.00     569.60
     569.00     568.20     567.50     567.00     566.80     566.80     566.60     566.30     565.80     565.40
     565.10     565.20     565.70     566.30     566.90     567.20     567.20     567.10     566.80     566.50
     566.30     566.00     565.80     565.70     565.70     565.70     565.60     565.10     564.00     562.60
     560.90     559.20     557.60
     586.80     587.90     587.80     586.10     583.00     579.30     575.80     573.70     573.30     574.30
     575.90     577.30     577.90     577.60     576.90     576.20     575.90     576.00     576.60     577.20
     577.60     577.40     576.60     575.20     573.40     571.20     569.00     567.00     565.50     564.60
     564.60     565.20     566.20     567.40     568.70     569.80     570.50     570.60     570.00     568.60
     566.90     565.30     564.40     564.50     565.20     566.20     566.70     566.60     565.80     564.90
     564.50     564.90     566.10     567.50     568.80     569.50     569.40     568.80     567.90     567.00
     566.20     565.50     564.90     564.60     564.40     564.30     564.00     563.50     562.50     561.30
     559.80     558.20     556.50
     586.80     588.00     588.30     587.50     585.20     582.10     578.90     576.50     575.20     575.10
     575.40     576.00     576.50     576.90     577.30     577.80     578.30     578.80     579.30     579.80
     580.20     580.20     579.60     578.30     576.50     574.30     572.10     570.20     568.90     568.20
     568.10     568.50     569.10     570.00     570.90     571.80     572.30     572.00     570.50     567.90
     564.90     562.50     561.50     562.30     564.30     566.60     568.20     568.60     568.00     567.10
     566.50     566.90     568.20     569.90     571.40     572.20     572.20     571.60     570.60     569.60
     568.70     567.80     567.00     566.20     565.50     564.90     564.20     563.30     562.20     560.80
     559.30     557.50     555.30
     586.70     587.70     588.50     588.20     586.90     584.70     582.20     579.90     577.90     576.30
     574.90     574.00     573.90     574.80     576.40     578.10     579.50     580.20     580.60     581.00
     581.50     581.80     581.60     580.70     579.20     577.40     575.60     574.30     573.40     573.10
     573.10     573.30     573.50     573.80     574.20     574.70     574.90     574.20     572.20     569.00
     565.50     562.80     562.00     563.20     565.90     568.80     570.90     571.50     571.10     570.30
     569.90     570.30     571.60     573.20     574.70     575.60     575.90     575.60     574.90     574.10
     573.20     572.40     571.50     570.40     569.30     568.10     566.90     565.40     563.80     561.90
     559.90     557.50     554.50
     587.40     588.00     588.30     587.90     586.80     585.10     583.30     581.40     579.50     577.20
     574.70     572.60     571.90     573.00     575.40     578.10     580.10     581.10     581.60     582.10
     582.70     583.20     583.20     582.40     581.10     579.70     578.60     577.80     577.50     577.50
     577.60     577.60     577.60     577.60     577.70     577.90     577.90     577.10     575.20     572.40
     569.30     567.10     566.60     567.70     569.80     571.90     573.00     573.10     572.60     572.20
     572.40     573.50     575.00     576.70     578.30     579.40     580.00     580.10     579.60     578.90
     578.20     577.60     577.00     576.20     575.20     573.80     572.10     570.10     567.90     565.50
     562.90     559.90     556.40
     589.10     589.20     588.80     587.70     586.10     584.30     582.70     581.40     580.10     578.20
     575.70     573.50     572.60     573.70     576.30     579.20     581.50     582.80     583.50     584.10
     584.70     585.00     584.60     583.50     582.20     581.20     580.70     580.60     580.60     580.70
     580.70     580.70     580.60     580.70     580.80     580.90     580.80     580.20     578.80     576.90
     575.00     573.60     573.10     573.60     574.30     574.70     574.30     573.60     573.00     573.20
     574.30     576.20     578.20     580.00     581.50     582.70     583.60     583.90     583.60     583.00
     582.50     582.30     582.40     582.30     581.70     580.40     578.70     576.60     574.30     571.70
     569.00     565.90     562.40
     591.10     590.90     590.00     588.40     586.30     584.20     582.50     581.40     580.80     579.80
     578.40     576.90     576.40     577.40     579.70     582.40     584.40     585.60     586.40     587.00
     587.40     587.20     586.10     584.60     583.40     582.90     583.00     583.40     583.70     583.60
     583.40     583.20     583.20     583.40     583.50     583.60     583.30     582.70     581.80     580.80
     579.90     579.10     578.70     578.40     578.00     577.20     576.10     575.10     574.70     575.40
     577.20     579.50     581.50     582.90     583.90     584.80     585.80     586.50     586.70     586.60
     586.50     586.80     587.50     587.90     587.70     586.70     585.10     583.20     581.20     579.10
     576.80     574.30     571.60
     592.80     592.40     591.20     589.70     587.70     585.50     583.60     582.50     582.30     582.30
     582.00     581.60     581.70     582.70     584.60     586.50     588.00     588.80     589.40     589.80
     590.00     589.40     588.10     586.60     585.60     585.40     585.80     586.40     586.60     586.30
     585.90     585.60     585.60     585.80     585.90     585.70     585.20     584.50     583.80     583.20
     582.80     582.30     581.80     581.10     580.40     579.70     578.90     578.40     578.40     579.40
     581.30     583.30     584.70     585.30     585.40     585.70     586.80     588.20     589.40     590.20
     590.80     591.50     592.30     592.80     592.60     591.60     590.10     588.50     586.90     585.30
     583.60     581.90     580.20
     594.00     593.20     592.10     590.80     589.20     587.20     585.50     584.70     584.70     585.30
     585.70     586.00     586.50     587.60     589.00     590.10     590.70     591.00     591.10     591.40
     591.40     591.00     590.10     589.10     588.40     588.20     588.30     588.40     588.30     587.90
     587.30     587.00     587.00     587.20     587.30     587.00     586.40     585.80     585.20     584.80
     584.50     584.00     583.30     582.60     582.20     582.00     582.10     582.20     582.60     583.50
     584.90     586.20     587.00     586.80     586.20     586.30     587.60     589.80     592.00     593.60
     594.60     595.40     595.90     596.10     595.70     594.70     593.50     592.10     590.70     589.30
     588.00     586.80     585.90
     594.50     593.70     592.70     591.70     590.30     588.90     587.70     587.30     587.60     588.30
     588.80     589.30     589.90     590.80     591.60     592.00     591.80     591.50     591.30     591.30
     591.40     591.40     591.30     590.90     590.50     590.00     589.50     589.10     588.50     587.90
     587.30     587.00     587.00     587.20     587.40     587.40     587.20     586.90     586.60     586.30
     586.00     585.40     584.70     584.20     584.00     584.20     584.70     585.20     585.70     586.30
     587.10     587.80     588.10     587.80     587.30     587.50     588.90     591.30     593.80     595.60
     596.60     597.00     597.20     597.10     596.60     595.80     595.00     593.90     592.70     591.40
     590.40     589.60     589.10
     594.10     593.60     593.00     592.20     591.20     590.10     589.50     589.50     590.00     590.50
     590.70     591.00     591.50     592.20     592.50     592.20     591.60     590.90     590.60     590.50
     590.50     590.70     591.00     591.00     590.70     590.10     589.40     588.60     587.90     587.20
     586.60     586.30     586.40     586.80     587.20     587.60     587.80     587.90     587.90     587.60
     587.20     586.60     586.20     586.00     585.90     586.10     586.40     586.90     587.40     587.90
     588.20     588.60     588.80     588.80     588.70     589.20     590.50     592.60     594.50     595.80
     596.40     596.50     596.40     596.10     595.70     595.10     594.60     594.00     593.10     592.30
     591.60     591.30     591.20
     593.10     593.00     592.90     592.50     591.70     591.00     590.60     590.80     591.20     591.30
     591.10     591.20     591.60     592.10     592.20     591.70     591.00     590.40     590.10     589.90
     589.70     589.70     589.70     589.70     589.30     588.70     588.10     587.60     587.10     586.50
     586.10     586.10     586.40     586.90     587.50     588.00     588.30     588.50     588.50     588.20
     587.70     587.20     587.10     587.20     587.20     587.20     587.30     587.80     588.50     589.00
     589.10     589.10     589.30     589.50     589.90     590.60     591.60     592.90     594.10     594.80
     595.10     595.10     595.00     594.60     594.10     593.50     593.10     592.80     592.40     592.10
     592.00     592.20     592.20
     592.10     592.20     592.30     592.30     591.90     591.50     591.30     591.30     591.30     591.00
     590.50     590.40     590.70     591.20     591.30     591.00     590.40     590.00     589.70     589.40
     588.90     588.60     588.20     587.90     587.30     586.70     586.20     586.00     585.90     585.80
     585.80     586.20     586.80     587.60     588.20     588.60     588.80     588.80     588.60     588.20
     587.70     587.40     587.30     587.50     587.50     587.50     587.70     588.30     589.20     589.70
     589.70     589.50     589.50     589.90     590.30     590.90     591.60     592.40     593.10     593.50
     593.70     593.70     593.60     593.30     592.60     592.00     591.60     591.40     591.30     591.40
     591.60     591.90     591.90
     591.70     591.70     591.70     591.80     591.80     591.70     591.70     591.60     591.30     590.60
     589.90     589.50     589.50     589.90     590.00     589.80     589.40     589.00     588.60     588.20
     587.70     587.20     586.90     586.40     585.80     585.00     584.50     584.30     584.50     584.80
     585.40     586.10     587.00     587.80     588.40     588.70     588.80     588.70     588.50     588.20
     588.00     587.70     587.70     587.70     587.70     587.80     588.10     588.80     589.70     590.10
     590.00     589.70     589.70     589.90     590.20     590.50     590.90     591.50     592.00     592.30
     592.30     592.20     592.10     591.70     591.20     590.80     590.70     590.70     590.60     590.60
     590.80     590.90     590.90
     591.60     591.40     591.30     591.30     591.50     591.80     592.00     591.90     591.50     590.70
     589.80     589.10     588.70     588.60     588.40     588.20     587.70     587.30     586.80     586.40
     586.00     585.80     585.70     585.60     585.20     584.40     583.70     583.40     583.50     584.20
     584.90     585.70     586.30     587.00     587.60     588.10     588.30     588.40     588.30     588.30
     588.40     588.30     588.20     588.00     588.00     588.30     588.90     589.60     590.10     590.30
     590.10     589.90     590.00     590.10     590.20     590.10     590.30     590.70     591.00     591.00
     590.70     590.30     590.10     590.00     589.80     589.90     590.10     590.30     590.30     590.10
     590.10     590.30     590.40
     590.90     590.90     590.70     590.70     590.90     591.30     591.70     591.70     591.30     590.70
     589.90     589.20     588.40     587.80     587.20     586.60     586.10     585.60     585.40     585.20
     584.90     584.70     584.80     585.00     585.10     584.60     583.90     583.40     583.60     584.20
     584.90     585.30     585.40     585.70     586.20     586.90     587.40     587.70     587.80     588.00
     588.20     588.30     588.20     588.00     588.10     588.50     589.20     589.90     590.20     590.20
     590.00     590.10     590.30     590.40     590.30     590.00     589.90     590.10     590.10     589.80
     589.30     588.90     588.70     588.80     589.00     589.30     589.60     589.90     589.90     589.70
     589.80     590.00     590.20
     589.70     589.90     590.00     590.00     590.10     590.40     590.70     590.70     590.40     590.00
     589.60     589.00     588.30     587.50     586.60     585.80     585.10     584.80     584.80     584.80
     584.60     584.10     583.90     584.20     584.60     584.60     584.20     583.90     584.00     584.40
     584.90     585.00     584.80     584.70     585.00     585.70     586.40     586.90     587.20     587.30
     587.50     587.50     587.40     587.30     587.40     587.90     588.70     589.30     589.60     589.50
     589.50     589.70     590.10     590.20     590.10     589.80     589.60     589.50     589.20     588.80
     588.40     588.30     588.40     588.70     588.90     589.10     589.30     589.40     589.40     589.30
     589.40     589.60     589.80
     588.70     589.00     589.30     589.40     589.30     589.30     589.40     589.30     589.10     588.80
     588.60     588.30     587.80     587.10     586.40     585.60     584.80     584.50     584.60     584.70
     584.40     583.60     583.10     583.10     583.70     584.10     584.10     583.90     584.00     584.30
     584.60     584.70     584.50     584.40     584.50     584.90     585.60     586.30     586.80     587.00
     587.00     586.90     586.70     586.60     586.60     587.00     587.70     588.30     588.50     588.50
     588.60     588.80     589.20     589.40     589.50     589.40     589.20     588.80     588.40     588.10
     588.00     588.10     588.50     588.90     589.10     589.20     589.10     589.00     589.00     588.90
     588.80     588.80     588.80
     588.30     588.60     589.00     589.00     588.70     588.50     588.40     588.30     588.10     587.80
     587.50     587.20     586.80     586.40     586.00     585.50     584.80     584.30     584.20     584.20
     583.90     583.20     582.60     582.60     583.00     583.50     583.70     583.80     583.90     584.10
     584.30     584.50     584.60     584.50     584.40     584.60     585.20     586.10     586.80     587.00
     586.90     586.70     586.60     586.40     586.40     586.60     587.10     587.60     587.80     587.80
     587.80     588.00     588.40     588.70     589.00     589.10     588.80     588.40     587.90     587.70
     587.70     587.80     588.10     588.50     588.80     588.90     588.80     588.60     588.50     588.30
     588.10     587.90     587.70
     588.20     588.40     588.60     588.60     588.30     587.90     587.70     587.60     587.50     587.20
     586.70     586.20     585.80     585.60     585.60     585.50     585.00     584.40     584.00     583.90
     583.70     583.30     582.90     582.90     583.20     583.50     583.60     583.80     584.00     584.10
     584.30     584.50     584.70     584.70     584.60     584.60     585.10     585.90     586.60     586.80
     586.70     586.60     586.50     586.50     586.40     586.60     586.90     587.30     587.50     587.50
     587.50     587.70     588.00     588.50     588.90     589.00     588.80     588.40     588.10     587.80
     587.60     587.40     587.50     587.80     588.10     588.30     588.20     588.00     587.80     587.60
     587.30     587.10     587.10
     588.10     588.10     588.10     588.20     587.90     587.50     587.20     587.10     587.10     586.80
     586.40     585.90     585.50     585.30     585.40     585.50     585.30     584.90     584.50     584.30
     584.10     583.80     583.70     583.70     583.70     583.70     583.70     583.90     584.10     584.30
     584.50     584.60     584.80     584.90     584.90     584.90     585.20     585.70     586.10     586.30
     586.20     586.20     586.20     586.20     586.10     586.20     586.50     586.90     587.10     587.20
     587.40     587.60     587.90     588.30     588.70     588.90     588.80     588.60     588.30     588.10
     587.90     587.50     587.40     587.60     587.90     587.90     587.70     587.50     587.30     587.00
     586.90     586.80     586.90
     588.00     587.80     587.80     587.90     587.80     587.60     587.20     587.00     586.80     586.70
     586.40     586.10     585.80     585.60     585.50     585.50     585.40     585.30     585.30     585.10
     584.80     584.40     584.20     584.10     584.00     583.80     583.70     583.80     584.10     584.30
     584.40     584.50     584.80     585.00     585.20     585.30     585.40     585.50     585.70     585.80
     585.90     585.90     585.90     585.90     585.80     585.80     586.00     586.30     586.60     586.90
     587.20     587.40     587.60     587.90     588.20     588.50     588.50     588.40     588.20     588.10
     588.00     587.80     587.80     588.00     588.10     587.90     587.60     587.30     587.20     587.10
     587.00     587.00     587.10
