diamond 4 20年06月26日8时500百帕高度场
20 06 26  8  500 
2.500 -2.500  .0  180.0   90.0  .0
73  37
     548.60     548.60     548.60     548.60     548.60     548.60     548.60     548.60     548.60     548.60
     548.60     548.60     548.60     548.60     548.60     548.60     548.60     548.60     548.60     548.60
     548.60     548.60     548.60     548.60     548.60     548.60     548.60     548.60     548.60     548.60
     548.60     548.60     548.60     548.60     548.60     548.60     548.60     548.60     548.60     548.60
     548.60     548.60     548.60     548.60     548.60     548.60     548.60     548.60     548.60     548.60
     548.60     548.60     548.60     548.60     548.60     548.60     548.60     548.60     548.60     548.60
     548.60     548.60     548.60     548.60     548.60     548.60     548.60     548.60     548.60     548.60
     548.60     548.60     548.60
     552.40     552.30     552.20     552.10     551.90     551.80     551.70     551.50     551.40     551.30
     551.10     551.00     550.80     550.70     550.50     550.40     550.30     550.10     550.00     549.80
     549.70     549.50     549.40     549.30     549.10     549.00     548.80     548.70     548.60     548.40
     548.30     548.20     548.00     547.90     547.70     547.60     547.40     547.30     547.10     547.00
     546.80     546.60     546.50     546.30     546.10     545.90     545.70     545.50     545.30     545.10
     544.90     544.70     544.50     544.30     544.10     543.90     543.70     543.50     543.30     543.10
     543.00     542.80     542.70     542.50     542.40     542.30     542.30     542.20     542.20     542.20
     542.20     542.20     542.20
     553.30     553.10     552.90     552.70     552.50     552.30     552.10     551.90     551.70     551.40
     551.20     551.00     550.70     550.50     550.20     550.00     549.70     549.50     549.20     549.00
     548.80     548.60     548.40     548.20     548.00     547.90     547.70     547.60     547.50     547.40
     547.40     547.30     547.30     547.30     547.30     547.30     547.30     547.30     547.30     547.20
     547.20     547.10     547.00     546.80     546.70     546.40     546.20     545.80     545.50     545.10
     544.60     544.20     543.60     543.10     542.50     541.90     541.30     540.70     540.10     539.40
     538.90     538.30     537.80     537.30     536.90     536.50     536.20     535.90     535.70     535.60
     535.60     535.60     535.70
     552.30     552.20     552.10     552.00     551.80     551.60     551.40     551.20     551.00     550.70
     550.50     550.20     549.90     549.60     549.20     548.90     548.50     548.10     547.70     547.30
     546.90     546.50     546.20     545.80     545.50     545.30     545.10     544.90     544.90     544.90
     544.90     545.10     545.30     545.60     545.90     546.30     546.70     547.10     547.60     548.00
     548.40     548.80     549.10     549.40     549.50     549.60     549.50     549.30     549.00     548.60
     548.00     547.30     546.50     545.60     544.50     543.40     542.20     541.00     539.80     538.50
     537.30     536.10     535.00     534.00     533.10     532.40     531.70     531.20     530.90     530.70
     530.70     530.80     531.10
     550.70     550.60     550.50     550.40     550.20     550.00     549.80     549.60     549.40     549.20
     549.00     548.90     548.70     548.50     548.30     548.00     547.70     547.30     546.80     546.30
     545.70     545.10     544.50     543.90     543.40     542.90     542.50     542.20     542.00     542.00
     542.10     542.40     542.90     543.40     544.10     544.90     545.80     546.80     547.80     548.90
     549.90     550.90     551.80     552.60     553.30     553.80     554.20     554.40     554.40     554.10
     553.60     552.90     551.90     550.70     549.30     547.70     545.90     544.00     542.10     540.10
     538.10     536.10     534.30     532.60     531.10     529.90     528.80     528.10     527.60     527.40
     527.50     527.80     528.30
     549.10     548.80     548.40     547.90     547.50     547.00     546.70     546.40     546.30     546.30
     546.30     546.50     546.70     547.00     547.20     547.30     547.20     547.10     546.70     546.30
     545.60     544.90     544.10     543.30     542.60     541.90     541.40     541.10     541.00     541.10
     541.40     541.90     542.60     543.50     544.50     545.70     546.90     548.20     549.60     551.00
     552.30     553.70     555.00     556.20     557.30     558.20     559.00     559.60     559.90     559.90
     559.70     559.10     558.20     556.90     555.30     553.40     551.20     548.80     546.20     543.40
     540.60     537.90     535.20     532.70     530.40     528.50     526.90     525.70     525.00     524.60
     524.70     525.20     526.00
     548.50     547.80     547.00     546.20     545.50     544.80     544.30     544.00     543.90     544.10
     544.50     545.10     545.80     546.50     547.20     547.70     548.00     548.00     547.70     547.10
     546.40     545.40     544.50     543.60     542.80     542.20     541.90     541.90     542.20     542.70
     543.50     544.50     545.70     546.90     548.20     549.60     550.90     552.30     553.60     554.90
     556.10     557.40     558.70     559.90     561.00     562.10     563.00     563.80     564.40     564.70
     564.70     564.40     563.80     562.70     561.20     559.40     557.10     554.50     551.50     548.30
     545.00     541.60     538.10     534.80     531.80     529.10     526.80     525.00     523.70     523.00
     522.80     523.20     524.00
     550.20     549.60     549.00     548.40     547.70     547.20     546.80     546.70     546.80     547.20
     547.80     548.60     549.50     550.40     551.00     551.40     551.50     551.10     550.30     549.20
     547.80     546.30     545.00     543.80     543.00     542.60     542.70     543.20     544.10     545.40
     546.80     548.30     549.90     551.40     552.90     554.20     555.40     556.50     557.60     558.60
     559.60     560.60     561.60     562.60     563.60     564.60     565.60     566.40     567.20     567.70
     568.00     568.00     567.60     566.90     565.80     564.30     562.40     560.00     557.40     554.30
     551.00     547.50     543.80     540.10     536.60     533.30     530.40     528.00     526.10     524.90
     524.20     524.20     524.70
     555.00     555.20     555.50     555.60     555.80     555.90     556.10     556.30     556.60     557.00
     557.60     558.20     558.70     559.10     559.10     558.80     557.80     556.40     554.50     552.30
     549.90     547.60     545.50     544.00     543.00     542.70     543.00     543.90     545.20     546.80
     548.50     550.30     551.90     553.40     554.80     555.90     557.00     558.00     558.90     559.80
     560.70     561.60     562.50     563.50     564.40     565.40     566.40     567.30     568.10     568.70
     569.20     569.40     569.30     568.90     568.20     567.20     565.90     564.30     562.40     560.20
     557.60     554.70     551.50     548.10     544.70     541.30     538.20     535.40     533.20     531.50
     530.30     529.70     529.50
     561.90     563.20     564.50     565.70     566.80     567.70     568.40     568.90     569.30     569.60
     569.80     569.80     569.70     569.20     568.30     566.80     564.70     562.00     558.80     555.40
     552.00     548.90     546.20     544.20     543.00     542.50     542.70     543.40     544.60     546.10
     547.70     549.30     550.80     552.30     553.60     554.80     556.00     557.10     558.30     559.40
     560.50     561.50     562.40     563.30     564.10     564.90     565.80     566.60     567.50     568.20
     568.80     569.20     569.20     569.00     568.50     567.90     567.20     566.40     565.50     564.40
     563.00     561.20     559.00     556.40     553.60     550.60     547.70     545.10     542.80     540.80
     539.20     538.00     537.00
     568.80     570.80     572.80     574.60     576.20     577.50     578.50     579.10     579.30     579.30
     579.10     578.60     577.80     576.70     575.00     572.60     569.60     565.90     561.90     557.70
     553.70     550.00     547.00     544.60     543.00     542.10     541.80     542.00     542.80     544.00
     545.50     547.20     549.00     550.80     552.60     554.30     555.90     557.50     559.10     560.50
     561.70     562.60     563.20     563.60     563.80     564.10     564.40     565.10     565.90     566.70
     567.50     568.00     568.20     568.00     567.60     567.00     566.60     566.30     566.20     566.10
     565.90     565.30     564.30     562.70     560.60     558.20     555.80     553.40     551.20     549.20
     547.30     545.50     543.70
     574.00     576.20     578.20     580.10     581.70     583.00     583.90     584.40     584.60     584.50
     584.10     583.40     582.40     580.90     578.70     575.90     572.40     568.30     563.80     559.30
     555.00     551.10     547.80     545.20     543.10     541.60     540.70     540.40     541.00     542.20
     544.20     546.70     549.40     552.10     554.70     557.10     559.20     561.00     562.60     563.90
     564.80     565.20     565.00     564.50     563.80     563.20     562.90     563.10     563.70     564.70
     565.70     566.50     566.70     566.50     565.90     565.20     564.70     564.70     565.00     565.80
     566.50     567.00     566.90     566.20     564.80     562.90     560.80     558.60     556.50     554.50
     552.40     550.20     547.70
     576.90     579.00     580.80     582.40     583.80     584.90     585.80     586.50     586.90     587.00
     586.70     586.10     585.00     583.40     581.10     578.10     574.40     570.10     565.40     560.70
     556.20     552.20     548.70     545.80     543.40     541.50     540.30     540.00     540.70     542.70
     545.60     549.10     552.90     556.50     559.60     562.10     564.10     565.50     566.60     567.40
     567.70     567.60     566.80     565.60     564.10     562.80     561.80     561.60     562.10     563.00
     564.10     564.90     565.20     564.80     564.10     563.20     562.60     562.60     563.20     564.50
     566.00     567.30     568.00     568.00     567.10     565.60     563.60     561.50     559.30     557.10
     554.90     552.40     549.80
     577.90     579.90     581.40     582.60     583.50     584.40     585.40     586.30     587.20     587.90
     588.10     587.70     586.70     585.00     582.70     579.70     576.00     571.70     566.90     562.00
     557.30     553.10     549.50     546.50     544.20     542.50     541.60     541.90     543.40     546.10
     549.90     554.20     558.40     561.90     564.60     566.40     567.60     568.30     568.80     569.20
     569.30     569.00     568.20     566.80     565.20     563.60     562.40     561.80     561.90     562.60
     563.50     564.10     564.20     563.70     562.80     561.80     561.20     561.20     562.10     563.60
     565.50     567.20     568.40     568.80     568.30     567.00     565.10     562.80     560.40     558.10
     555.90     553.70     551.50
     577.70     579.60     580.60     581.10     581.40     581.80     582.60     583.90     585.50     586.90
     587.80     587.90     587.20     585.70     583.50     580.70     577.20     573.00     568.20     563.10
     558.10     553.80     550.30     547.70     546.00     545.20     545.30     546.40     548.70     552.10
     556.00     560.00     563.50     566.00     567.60     568.50     568.90     569.20     569.60     570.10
     570.40     570.40     569.80     568.80     567.30     565.80     564.60     563.80     563.70     563.90
     564.40     564.60     564.50     563.90     563.10     562.20     561.70     561.80     562.60     563.90
     565.60     567.30     568.50     569.00     568.50     567.20     565.20     562.90     560.50     558.30
     556.40     554.90     553.60
     577.40     579.10     579.60     579.30     578.60     578.10     578.50     579.90     582.00     584.30
     586.00     586.90     586.60     585.50     583.80     581.40     578.40     574.50     569.80     564.70
     559.70     555.40     552.30     550.40     549.60     549.80     550.80     552.70     555.40     558.70
     562.00     565.00     567.10     568.20     568.60     568.80     569.10     569.70     570.50     571.30
     571.90     572.00     571.60     570.70     569.50     568.20     567.10     566.40     566.10     566.20
     566.40     566.40     566.20     565.80     565.20     564.60     564.30     564.30     564.80     565.60
     566.70     567.80     568.50     568.70     568.10     566.70     564.80     562.50     560.20     558.30
     556.90     556.10     555.90
     577.90     579.50     579.70     578.80     577.30     576.00     575.80     577.00     579.30     582.00
     584.30     585.60     585.90     585.30     584.20     582.40     580.00     576.70     572.40     567.50
     562.90     559.10     556.50     555.40     555.30     556.00     557.40     559.30     561.70     564.40
     566.80     568.50     569.30     569.20     568.80     568.70     569.10     570.20     571.50     572.60
     573.20     573.10     572.50     571.40     570.20     569.00     568.10     567.60     567.50     567.70
     568.00     568.10     568.10     567.90     567.80     567.60     567.50     567.50     567.50     567.80
     568.20     568.60     568.80     568.70     568.00     566.70     564.80     562.60     560.40     558.60
     557.50     557.20     557.60
     579.50     581.20     581.40     580.30     578.60     577.10     576.60     577.50     579.40     581.70
     583.70     584.80     585.10     584.80     584.20     583.20     581.50     578.90     575.40     571.40
     567.50     564.50     562.80     562.10     562.20     562.70     563.60     564.90     566.60     568.50
     570.20     571.10     571.10     570.30     569.50     569.10     569.60     570.90     572.30     573.40
     573.80     573.30     572.30     571.00     569.70     568.50     567.70     567.30     567.30     567.50
     567.80     568.10     568.40     568.70     569.10     569.60     569.80     569.90     569.70     569.60
     569.50     569.50     569.40     569.00     568.30     567.10     565.30     563.10     560.70     558.50
     557.30     557.10     557.90
     581.70     583.20     583.50     582.70     581.40     580.30     580.00     580.60     581.80     582.90
     583.60     583.70     583.50     583.30     583.20     583.00     582.20     580.60     578.10     575.30
     572.60     570.50     569.30     568.70     568.50     568.40     568.60     569.10     570.10     571.50
     572.80     573.50     573.20     572.20     571.10     570.60     571.10     572.40     573.80     574.70
     574.70     573.90     572.50     571.00     569.70     568.40     567.40     566.70     566.30     566.20
     566.30     566.60     567.10     567.90     569.10     570.30     571.20     571.60     571.50     571.20
     570.80     570.40     569.90     569.30     568.30     566.90     565.00     562.40     559.50     556.80
     555.30     555.40     557.10
     583.90     585.00     585.10     584.50     583.70     583.20     583.40     583.90     584.30     584.10
     583.30     582.20     581.40     581.40     581.90     582.60     582.70     582.10     580.80     579.10
     577.40     576.00     574.90     574.10     573.30     572.70     572.30     572.40     573.00     574.00
     575.00     575.60     575.30     574.40     573.40     573.00     573.50     574.80     576.20     576.90
     576.60     575.40     573.80     572.30     571.10     570.00     568.80     567.70     566.70     565.90
     565.60     565.70     566.40     567.80     569.80     571.80     573.30     574.10     574.10     573.60
     573.00     572.10     571.00     569.50     567.70     565.70     563.30     560.30     557.00     554.20
     553.00     554.00     557.00
     586.20     586.90     586.80     586.10     585.40     585.20     585.60     586.00     585.80     584.60
     582.70     581.20     580.60     581.20     582.50     583.80     584.60     584.60     584.10     583.20
     582.20     581.10     579.90     578.70     577.50     576.60     576.00     575.70     575.90     576.30
     576.90     577.20     577.00     576.30     575.60     575.30     575.80     577.00     578.30     578.70
     578.10     576.60     575.10     574.00     573.50     573.10     572.30     571.10     569.70     568.50
     567.90     568.00     568.90     570.60     572.90     575.40     577.20     578.10     578.10     577.60
     576.70     575.40     573.50     571.10     568.30     565.50     562.60     559.50     556.50     554.30
     554.00     556.20     560.40
     589.30     589.80     589.60     588.70     587.70     587.20     587.20     587.20     586.50     584.90
     583.00     581.80     582.00     583.50     585.40     587.00     587.80     588.00     587.90     587.50
     586.90     585.90     584.70     583.30     582.10     581.10     580.30     579.70     579.20     578.80
     578.60     578.60     578.40     578.00     577.50     577.10     577.30     578.10     578.80     578.90
     578.10     576.80     575.90     575.80     576.50     577.20     577.20     576.40     575.10     574.10
     573.50     573.70     574.50     576.10     578.20     580.50     582.20     582.90     582.80     582.20
     581.30     580.00     577.90     575.10     571.80     568.60     565.70     563.00     560.80     559.70
     560.50     563.50     568.00
     592.70     593.30     593.00     592.00     590.60     589.70     589.10     588.60     587.60     586.10
     584.70     584.20     585.20     587.10     589.00     590.20     590.70     590.80     590.80     590.70
     590.40     589.60     588.50     587.40     586.30     585.40     584.50     583.40     582.30     581.20
     580.50     580.10     580.00     579.90     579.50     578.90     578.50     578.50     578.50     578.40
     577.80     577.30     577.40     578.40     580.00     581.50     582.10     581.80     581.00     580.30
     580.10     580.30     580.90     582.00     583.50     585.10     586.40     586.90     586.80     586.20
     585.50     584.60     583.00     580.60     577.80     575.00     572.60     570.60     569.30     569.10
     570.50     573.40     577.00
     595.30     595.70     595.30     594.20     592.80     591.70     591.00     590.50     589.60     588.40
     587.60     587.60     588.70     590.20     591.30     591.80     591.90     591.90     592.00     592.10
     591.90     591.40     590.60     589.80     588.90     588.00     587.00     585.70     584.40     583.20
     582.30     581.90     581.90     581.90     581.70     581.00     580.30     579.70     579.50     579.50
     579.50     579.70     580.40     581.80     583.50     584.80     585.40     585.30     584.90     584.80
     585.00     585.30     585.70     586.30     587.20     588.30     589.30     589.80     589.70     589.20
     588.70     588.10     587.10     585.70     583.80     581.90     580.20     579.00     578.30     578.60
     579.80     581.80     584.00
     596.40     596.10     595.40     594.40     593.30     592.50     592.10     591.90     591.60     591.10
     590.70     590.70     591.20     591.70     591.90     591.80     591.60     591.70     591.90     592.00
     591.80     591.40     590.80     590.20     589.50     588.50     587.50     586.50     585.60     584.80
     584.20     583.70     583.60     583.60     583.40     582.90     582.30     582.00     582.00     582.20
     582.50     583.00     583.60     584.50     585.40     586.10     586.40     586.40     586.60     586.90
     587.40     587.90     588.30     588.70     589.40     590.40     591.30     591.90     591.90     591.60
     591.10     590.50     589.80     588.90     587.90     586.80     585.80     585.10     584.70     585.00
     585.70     586.80     587.90
     596.20     595.40     594.50     593.60     592.80     592.30     592.20     592.40     592.70     592.70
     592.60     592.40     592.20     591.80     591.40     591.00     590.90     591.20     591.40     591.40
     591.00     590.60     590.10     589.60     589.00     588.10     587.30     586.80     586.50     586.20
     585.80     585.30     584.80     584.50     584.40     584.20     584.10     584.20     584.50     584.70
     584.90     584.90     585.00     585.30     585.50     585.80     586.20     586.60     587.20     587.80
     588.40     588.90     589.60     590.30     591.10     591.90     592.60     593.10     593.40     593.20
     592.60     591.80     591.00     590.30     589.70     589.20     588.70     588.30     588.20     588.40
     588.90     589.40     589.90
     595.70     594.70     593.90     593.20     592.60     592.00     591.80     591.90     592.20     592.50
     592.40     592.00     591.40     590.80     590.30     590.10     590.30     590.60     590.80     590.60
     590.10     589.60     589.30     588.90     588.30     587.70     587.20     587.00     587.10     587.10
     586.90     586.40     585.90     585.50     585.30     585.30     585.60     585.80     586.00     585.90
     585.60     585.20     585.00     585.10     585.30     585.80     586.50     587.40     588.10     588.70
     589.00     589.50     590.40     591.40     592.20     592.60     592.90     593.20     593.50     593.50
     593.00     592.10     591.20     590.60     590.30     590.10     590.00     590.00     590.00     590.20
     590.40     590.70     591.00
     595.40     594.50     593.90     593.40     592.90     592.10     591.40     591.00     591.00     591.10
     590.90     590.30     589.70     589.20     589.10     589.20     589.60     589.90     589.90     589.50
     589.00     588.50     588.20     587.90     587.50     587.10     586.90     586.80     586.90     587.00
     587.00     587.00     586.90     586.70     586.70     586.80     587.10     587.20     587.10     586.50
     585.80     585.30     585.20     585.50     586.00     586.70     587.50     588.50     589.20     589.40
     589.50     589.80     590.60     591.60     592.20     592.30     592.20     592.20     592.40     592.50
     592.20     591.40     590.50     590.10     590.20     590.50     590.70     590.80     590.80     590.80
     590.70     590.80     590.90
     594.80     594.10     593.70     593.40     592.80     591.90     591.00     590.50     590.30     590.10
     589.70     589.00     588.40     588.10     588.20     588.40     588.70     588.80     588.70     588.30
     587.80     587.30     586.80     586.30     586.00     585.80     585.70     585.60     585.40     585.60
     586.00     586.70     587.20     587.50     587.70     588.00     588.30     588.20     587.70     586.90
     586.20     585.90     586.10     586.50     587.00     587.40     588.10     588.80     589.40     589.60
     589.50     589.70     590.20     590.80     591.30     591.30     591.20     591.10     591.10     591.10
     590.80     590.20     589.50     589.30     589.70     590.30     590.70     590.80     590.60     590.30
     590.00     589.90     590.00
     593.60     593.20     592.90     592.50     591.90     591.20     590.60     590.30     590.20     590.00
     589.50     588.80     588.20     587.90     587.80     587.90     587.80     587.70     587.50     587.20
     586.70     586.10     585.30     584.60     584.20     583.90     583.80     583.50     583.40     583.70
     584.60     585.80     586.70     587.20     587.60     588.00     588.20     588.10     587.50     586.70
     586.20     586.30     586.60     587.00     587.20     587.30     587.70     588.20     588.70     589.00
     589.10     589.20     589.50     589.90     590.20     590.40     590.60     590.60     590.40     590.20
     589.70     589.20     588.70     588.60     589.10     589.70     590.10     590.00     589.70     589.30
     589.00     588.90     589.10
     592.10     592.10     591.90     591.40     590.70     590.20     590.00     590.00     590.10     590.00
     589.60     589.10     588.50     588.10     587.70     587.30     586.80     586.60     586.50     586.30
     585.90     585.20     584.40     583.50     582.80     582.40     582.00     581.80     581.70     582.30
     583.40     584.70     585.60     586.00     586.30     586.80     587.10     587.00     586.50     585.90
     585.70     586.00     586.30     586.60     586.60     586.70     587.00     587.40     587.80     588.00
     588.30     588.70     589.00     589.20     589.40     589.80     590.20     590.20     589.80     589.40
     589.00     588.70     588.40     588.40     588.70     589.20     589.30     589.10     588.80     588.50
     588.50     588.60     588.80
     590.70     591.00     591.00     590.50     590.00     589.60     589.60     589.60     589.60     589.60
     589.50     589.20     588.70     588.10     587.40     586.70     586.00     585.80     585.80     585.70
     585.40     584.80     584.00     583.20     582.40     581.80     581.40     581.10     581.10     581.60
     582.60     583.70     584.30     584.60     584.90     585.50     586.00     585.90     585.60     585.30
     585.40     585.60     585.80     585.90     586.00     586.20     586.60     587.00     587.00     587.00
     587.30     587.90     588.50     588.70     588.90     589.20     589.40     589.40     588.90     588.50
     588.40     588.40     588.40     588.50     588.80     589.00     588.80     588.40     588.20     588.20
     588.30     588.60     588.80
     589.70     590.10     590.20     589.90     589.70     589.50     589.30     589.10     589.00     589.10
     589.20     589.00     588.60     588.00     587.20     586.40     585.70     585.60     585.70     585.60
     585.30     584.70     584.10     583.40     582.60     582.10     581.70     581.50     581.40     581.50
     582.10     582.70     583.10     583.40     584.00     584.70     585.20     585.40     585.30     585.30
     585.50     585.70     585.70     585.70     585.70     586.00     586.30     586.60     586.50     586.30
     586.40     587.10     587.80     588.10     588.20     588.30     588.40     588.30     587.90     587.70
     587.80     588.10     588.30     588.50     588.80     588.80     588.50     588.00     587.70     587.80
     588.10     588.30     588.50
     589.20     589.30     589.40     589.30     589.40     589.40     589.30     588.90     588.70     588.80
     588.90     588.70     588.40     587.80     587.20     586.40     585.90     585.80     585.90     585.80
     585.40     584.70     584.10     583.50     582.90     582.50     582.40     582.30     582.10     581.80
     581.80     582.00     582.20     582.60     583.30     584.10     584.70     584.90     585.10     585.30
     585.60     585.70     585.70     585.60     585.60     585.70     585.90     586.20     586.20     586.00
     586.10     586.50     587.10     587.40     587.40     587.50     587.50     587.50     587.40     587.40
     587.50     587.80     588.00     588.30     588.50     588.40     587.90     587.30     587.10     587.30
     587.60     587.70     587.90
     588.70     588.70     588.60     588.60     588.90     589.10     589.10     588.80     588.60     588.60
     588.50     588.20     587.80     587.40     587.00     586.50     586.00     585.80     585.80     585.60
     585.20     584.70     584.10     583.50     582.90     582.60     582.60     582.80     582.70     582.50
     582.20     582.20     582.20     582.40     582.90     583.60     584.10     584.40     584.60     584.90
     585.20     585.40     585.60     585.70     585.70     585.70     585.90     586.20     586.40     586.30
     586.20     586.30     586.60     586.80     586.80     586.90     587.00     587.20     587.30     587.40
     587.60     587.80     587.90     588.10     588.10     587.80     587.20     586.70     586.70     586.90
     587.10     587.20     587.30
     588.10     588.00     587.90     588.00     588.20     588.50     588.60     588.60     588.60     588.50
     588.10     587.50     586.90     586.70     586.60     586.30     585.80     585.40     585.20     585.00
     584.70     584.40     584.00     583.50     582.80     582.50     582.60     582.90     583.10     583.20
     583.10     583.10     582.90     582.90     583.10     583.50     583.90     584.10     584.30     584.50
     584.80     585.10     585.50     585.90     586.10     586.20     586.30     586.60     586.70     586.60
     586.30     586.20     586.40     586.60     586.60     586.70     586.80     587.10     587.30     587.50
     587.70     587.90     588.10     588.20     588.00     587.50     586.90     586.60     586.60     586.70
     586.80     586.80     586.80
     587.40     587.50     587.70     587.80     587.80     587.90     588.00     588.20     588.40     588.30
     587.90     587.10     586.40     586.20     586.20     586.00     585.70     585.30     584.90     584.50
     584.20     584.00     583.90     583.50     583.00     582.70     582.80     583.10     583.40     583.70
     583.90     584.00     583.80     583.60     583.50     583.70     583.90     584.10     584.40     584.70
     585.00     585.20     585.40     585.90     586.30     586.50     586.60     586.80     586.80     586.50
     586.30     586.30     586.50     586.60     586.70     586.70     586.90     587.20     587.40     587.60
     587.80     588.00     588.20     588.30     588.00     587.60     587.10     586.80     586.70     586.70
     586.50     586.40     586.20
