diamond 4 20年06月30日20时500百帕高度场
20 06 30  20  500 
2.500 -2.500  .0  180.0   90.0  .0
73  37
     553.90     553.90     553.90     553.90     553.90     553.90     553.90     553.90     553.90     553.90
     553.90     553.90     553.90     553.90     553.90     553.90     553.90     553.90     553.90     553.90
     553.90     553.90     553.90     553.90     553.90     553.90     553.90     553.90     553.90     553.90
     553.90     553.90     553.90     553.90     553.90     553.90     553.90     553.90     553.90     553.90
     553.90     553.90     553.90     553.90     553.90     553.90     553.90     553.90     553.90     553.90
     553.90     553.90     553.90     553.90     553.90     553.90     553.90     553.90     553.90     553.90
     553.90     553.90     553.90     553.90     553.90     553.90     553.90     553.90     553.90     553.90
     553.90     553.90     553.90
     554.30     554.10     553.80     553.60     553.30     553.10     552.80     552.60     552.40     552.20
     552.00     551.80     551.70     551.50     551.40     551.20     551.10     551.00     550.90     550.80
     550.70     550.70     550.60     550.60     550.50     550.50     550.50     550.40     550.40     550.40
     550.40     550.40     550.40     550.50     550.50     550.50     550.50     550.50     550.50     550.60
     550.60     550.60     550.70     550.70     550.70     550.80     550.80     550.80     550.90     550.90
     551.00     551.00     551.10     551.20     551.20     551.30     551.40     551.50     551.60     551.70
     551.80     552.00     552.10     552.30     552.50     552.60     552.80     553.00     553.30     553.50
     553.70     554.00     554.20
     554.90     554.40     553.90     553.40     553.00     552.60     552.30     552.00     551.70     551.40
     551.20     551.00     550.80     550.70     550.60     550.50     550.40     550.40     550.40     550.50
     550.50     550.60     550.80     550.90     551.00     551.20     551.40     551.60     551.80     552.00
     552.20     552.50     552.70     552.90     553.10     553.30     553.50     553.70     553.80     553.90
     554.00     554.10     554.20     554.20     554.30     554.30     554.20     554.20     554.10     554.00
     553.90     553.80     553.60     553.50     553.40     553.20     553.10     553.00     552.90     552.80
     552.80     552.80     552.80     552.80     552.90     553.10     553.20     553.50     553.70     554.00
     554.40     554.70     555.10
     554.60     553.90     553.30     552.80     552.30     551.90     551.50     551.10     550.80     550.60
     550.30     550.20     550.00     550.00     549.90     549.90     549.90     550.00     550.20     550.40
     550.60     550.90     551.20     551.60     552.00     552.50     553.00     553.60     554.10     554.70
     555.30     555.90     556.60     557.20     557.80     558.30     558.90     559.40     559.90     560.30
     560.80     561.10     561.40     561.60     561.80     561.90     561.90     561.80     561.70     561.50
     561.20     560.80     560.40     559.90     559.40     558.80     558.30     557.70     557.20     556.70
     556.20     555.80     555.50     555.20     555.10     555.00     554.90     555.00     555.10     555.40
     555.60     556.00     556.40
     552.80     552.00     551.40     550.70     550.20     549.80     549.40     549.00     548.70     548.50
     548.30     548.10     547.90     547.80     547.70     547.60     547.50     547.50     547.60     547.70
     547.90     548.20     548.70     549.20     549.80     550.60     551.40     552.30     553.30     554.30
     555.30     556.40     557.50     558.60     559.60     560.70     561.70     562.70     563.60     564.50
     565.40     566.20     567.00     567.70     568.20     568.70     569.00     569.20     569.20     569.00
     568.70     568.20     567.50     566.70     565.90     564.90     563.90     562.90     562.00     561.00
     560.20     559.50     558.80     558.30     558.00     557.70     557.60     557.50     557.60     557.70
     557.80     558.00     558.30
     549.10     548.00     547.10     546.30     545.70     545.20     544.90     544.70     544.60     544.50
     544.50     544.40     544.30     544.20     544.00     543.80     543.50     543.30     543.10     542.90
     542.90     543.10     543.40     544.00     544.70     545.70     546.80     548.10     549.40     550.90
     552.40     554.00     555.50     557.00     558.40     559.90     561.20     562.60     563.90     565.30
     566.60     567.90     569.10     570.30     571.40     572.30     573.10     573.60     573.90     573.80
     573.50     572.90     572.10     571.00     569.80     568.50     567.10     565.80     564.50     563.40
     562.50     561.70     561.10     560.60     560.40     560.30     560.20     560.30     560.40     560.60
     560.70     560.70     560.80
     543.60     542.00     540.70     539.70     539.00     538.60     538.60     538.80     539.20     539.80
     540.40     540.90     541.40     541.70     541.70     541.60     541.30     540.80     540.30     539.80
     539.40     539.20     539.30     539.60     540.30     541.30     542.70     544.20     545.90     547.80
     549.70     551.60     553.40     555.30     557.00     558.70     560.30     561.90     563.50     565.00
     566.60     568.20     569.80     571.40     572.90     574.20     575.30     576.10     576.50     576.50
     576.10     575.30     574.10     572.60     570.90     569.20     567.50     565.90     564.50     563.30
     562.50     561.80     561.40     561.20     561.10     561.10     561.20     561.40     561.50     561.60
     561.70     561.70     561.60
     538.70     536.60     535.00     533.80     533.20     533.10     533.50     534.40     535.70     537.20
     538.80     540.30     541.70     542.70     543.40     543.60     543.40     542.80     542.00     541.10
     540.20     539.50     539.10     539.10     539.40     540.20     541.30     542.80     544.40     546.30
     548.20     550.20     552.20     554.20     556.20     558.20     560.20     562.10     564.00     565.90
     567.70     569.50     571.40     573.10     574.80     576.40     577.60     578.60     579.00     578.90
     578.20     577.00     575.30     573.20     571.00     568.80     566.70     564.90     563.40     562.30
     561.50     560.80     560.40     560.00     559.60     559.20     558.90     558.50     558.20     558.00
     557.90     557.80     557.70
     537.30     535.20     533.60     532.60     532.30     532.50     533.30     534.70     536.50     538.70
     541.00     543.30     545.40     547.10     548.30     548.90     548.90     548.30     547.20     545.90
     544.50     543.30     542.30     541.80     541.60     541.90     542.40     543.30     544.30     545.60
     547.00     548.50     550.30     552.40     554.70     557.20     559.80     562.50     565.10     567.50
     569.80     571.90     573.80     575.50     577.20     578.70     579.90     580.90     581.30     581.10
     580.30     578.70     576.50     573.90     571.20     568.50     566.10     564.10     562.60     561.50
     560.70     559.90     559.10     558.00     556.70     555.30     553.80     552.40     551.20     550.40
     549.90     549.80     549.90
     540.30     538.50     537.30     536.60     536.50     536.80     537.70     539.00     540.60     542.70
     545.00     547.40     549.80     551.90     553.40     554.30     554.50     553.90     552.70     551.10
     549.40     547.70     546.40     545.50     544.90     544.60     544.60     544.70     544.90     545.20
     545.70     546.50     547.80     549.60     552.20     555.30     558.80     562.50     566.10     569.40
     572.20     574.40     576.10     577.40     578.60     579.70     580.70     581.50     582.00     582.00
     581.20     579.60     577.20     574.30     571.10     568.00     565.30     563.20     561.70     560.60
     559.80     559.00     557.80     556.10     554.00     551.60     549.10     546.80     545.00     543.80
     543.40     543.50     544.10
     544.50     543.00     542.00     541.50     541.50     541.70     542.30     543.10     544.20     545.70
     547.60     549.80     552.30     554.70     556.60     557.90     558.30     557.90     556.60     554.80
     552.90     551.00     549.50     548.40     547.70     547.30     547.10     546.90     546.70     546.40
     546.20     546.40     547.20     548.80     551.40     554.90     559.10     563.60     568.00     571.80
     574.80     576.80     577.90     578.40     578.70     579.00     579.40     580.10     580.60     580.90
     580.40     579.10     576.90     573.90     570.40     566.90     563.80     561.40     559.70     558.80
     558.10     557.50     556.50     555.00     552.90     550.50     548.10     545.90     544.40     543.60
     543.60     544.30     545.30
     546.40     544.80     543.70     543.20     543.10     543.40     543.80     544.30     545.10     546.30
     548.00     550.40     553.30     556.20     558.80     560.60     561.40     560.90     559.50     557.40
     555.00     552.80     551.10     549.90     549.20     549.00     549.10     549.30     549.50     549.70
     550.00     550.40     551.20     552.80     555.20     558.60     562.70     567.20     571.50     575.20
     577.70     579.10     579.40     579.00     578.30     577.80     577.60     577.90     578.50     579.00
     579.00     578.10     576.20     573.40     569.80     566.00     562.50     559.70     557.80     556.70
     556.20     556.00     555.60     554.90     553.70     552.30     551.00     549.90     549.40     549.50
     550.20     551.30     552.70
     546.00     544.10     542.90     542.40     542.60     543.10     543.80     544.60     545.60     546.90
     549.00     551.70     555.10     558.60     561.70     563.70     564.40     563.60     561.60     558.90
     555.90     553.20     551.00     549.60     549.00     549.10     549.80     550.90     552.40     554.00
     555.70     557.30     558.90     560.70     563.00     565.80     569.20     572.80     576.20     578.90
     580.50     581.00     580.60     579.60     578.40     577.40     577.00     577.10     577.50     578.00
     578.20     577.60     576.10     573.50     570.10     566.30     562.60     559.50     557.30     556.20
     555.90     555.90     556.00     555.90     555.50     554.90     554.50     554.30     554.70     555.50
     556.90     558.40     560.00
     546.80     545.10     544.20     544.00     544.60     545.70     546.80     548.00     549.20     550.70
     552.80     555.70     559.10     562.50     565.40     567.00     567.10     565.60     562.90     559.40
     555.80     552.60     550.20     548.70     548.20     548.60     550.00     552.10     555.00     558.20
     561.50     564.40     567.00     569.20     571.30     573.50     575.90     578.30     580.40     581.90
     582.40     582.00     581.00     579.70     578.60     577.80     577.50     577.50     577.80     578.00
     578.00     577.30     575.90     573.50     570.30     566.70     563.20     560.40     558.50     557.60
     557.50     557.70     557.70     557.40     556.60     555.70     555.00     554.90     555.50     556.90
     558.80     561.00     563.20
     551.70     551.00     550.60     550.90     551.80     553.00     554.30     555.40     556.50     557.70
     559.40     561.60     564.30     567.00     569.00     569.90     569.40     567.30     564.00     560.20
     556.30     553.00     550.70     549.50     549.40     550.30     552.30     555.10     558.60     562.60
     566.60     570.10     572.80     574.80     576.40     577.90     579.60     581.40     582.90     583.60
     583.30     582.10     580.40     578.80     577.80     577.30     577.40     577.60     577.70     577.60
     577.20     576.10     574.50     572.00     569.00     565.70     562.70     560.60     559.60     559.50
     560.00     560.20     559.80     558.40     556.40     554.20     552.50     551.80     552.40     554.40
     557.30     560.80     564.20
     560.30     560.50     560.70     561.20     562.00     562.90     563.70     564.30     564.80     565.40
     566.30     567.70     569.30     571.00     572.10     572.40     571.70     569.70     566.70     563.10
     559.50     556.50     554.60     553.90     554.30     555.80     558.00     560.80     564.10     567.70
     571.10     573.70     575.40     576.20     576.60     577.30     578.60     580.50     582.40     583.40
     583.20     581.60     579.30     577.10     575.60     575.10     575.30     575.80     576.00     575.90
     575.20     573.90     572.00     569.40     566.40     563.40     561.00     559.90     560.00     561.00
     562.10     562.40     561.50     559.30     556.10     552.80     550.30     549.30     550.30     553.20
     557.50     562.50     567.10
     569.30     570.00     570.60     571.10     571.50     571.80     572.00     571.90     571.80     571.90
     572.20     572.70     573.40     574.10     574.60     574.60     574.00     572.80     570.70     568.00
     565.20     562.70     561.20     560.80     561.50     563.00     564.90     567.20     569.60     572.10
     574.30     575.60     575.80     574.90     573.70     573.10     574.00     576.20     579.10     581.30
     582.00     580.80     578.30     575.50     573.40     572.50     572.50     573.10     573.60     573.60
     573.10     571.90     570.00     567.50     564.70     562.10     560.40     560.10     561.00     562.70
     564.10     564.50     563.30     560.80     557.50     554.20     552.00     551.60     553.40     557.20
     562.40     568.00     572.90
     576.20     577.20     578.00     578.50     578.70     578.70     578.50     578.00     577.40     577.00
     576.70     576.60     576.60     576.40     576.10     575.80     575.40     574.80     573.80     572.40
     570.50     568.80     567.60     567.30     567.70     568.60     569.60     570.80     572.30     573.90
     575.50     576.20     575.60     573.80     571.30     569.60     569.70     571.80     575.30     578.70
     580.60     580.30     578.30     575.50     573.00     571.70     571.50     572.00     572.50     572.50
     572.00     570.90     569.20     567.20     565.00     563.20     562.30     562.60     563.90     565.60
     566.80     567.00     565.90     563.90     561.50     559.50     558.50     559.10     561.50     565.50
     570.50     575.40     579.30
     581.00     582.00     582.90     583.40     583.80     583.90     583.80     583.20     582.30     581.30
     580.30     579.50     578.60     577.70     576.70     575.80     575.20     574.90     574.70     574.30
     573.50     572.60     571.70     571.10     570.90     570.90     571.00     571.40     572.40     573.90
     575.60     576.80     576.80     575.20     572.70     570.60     570.00     571.50     574.50     577.80
     580.10     580.60     579.30     577.10     574.90     573.60     573.20     573.20     573.20     572.60
     571.40     570.00     568.60     567.40     566.40     565.90     566.00     566.80     568.10     569.50
     570.40     570.50     569.70     568.60     567.60     567.20     567.50     568.80     571.30     574.70
     578.60     582.00     584.20
     584.70     585.60     586.10     586.50     586.90     587.50     587.80     587.40     586.30     584.60
     582.80     581.10     579.60     578.20     576.80     575.60     574.80     574.60     574.80     575.00
     574.90     574.50     573.80     573.00     572.30     571.80     571.60     571.90     573.00     574.70
     576.70     578.50     579.30     578.80     577.40     575.90     575.30     575.90     577.70     579.80
     581.30     581.70     580.90     579.30     577.60     576.30     575.60     574.90     573.80     572.10
     570.00     568.20     567.10     566.90     567.50     568.50     569.80     571.20     572.70     574.00
     574.90     575.20     575.10     574.90     574.90     575.40     576.40     577.90     580.00     582.50
     585.00     586.90     587.50
     588.60     589.00     588.70     588.30     588.60     589.40     590.20     590.10     588.90     586.80
     584.40     582.00     580.00     578.30     576.90     575.90     575.50     575.70     576.20     576.80
     577.00     576.70     575.90     574.90     574.10     573.80     574.00     574.90     576.20     577.80
     579.50     580.80     581.70     582.00     581.90     581.60     581.50     581.80     582.30     582.90
     583.20     582.90     582.10     580.90     579.40     578.00     576.60     575.00     572.90     570.30
     567.60     565.80     565.40     566.70     569.00     571.50     573.80     575.70     577.40     579.00
     580.20     581.10     581.60     582.00     582.50     583.20     584.20     585.50     586.90     588.40
     589.70     590.30     589.80
     592.60     592.30     591.20     590.10     589.90     590.50     591.20     591.30     590.30     588.30
     585.60     583.00     580.60     578.70     577.50     577.10     577.40     578.30     579.30     580.10
     580.40     580.00     579.20     578.20     577.60     577.70     578.50     579.80     581.20     582.10
     582.70     583.00     583.20     583.40     583.80     584.20     584.70     585.00     585.00     584.80
     584.40     583.90     583.20     582.20     580.80     579.00     576.90     574.60     571.90     569.10
     566.70     565.50     566.20     568.70     572.30     575.80     578.60     580.70     582.50     584.20
     585.90     587.20     588.10     588.80     589.30     589.90     590.60     591.30     592.00     592.50
     592.60     592.10     590.80
     595.70     595.20     593.90     592.50     591.80     591.70     591.90     591.70     590.80     589.10
     587.00     584.60     582.30     580.40     579.40     579.30     580.10     581.40     582.80     583.70
     584.10     583.90     583.20     582.40     582.10     582.60     583.60     584.80     585.50     585.70
     585.30     584.70     584.30     584.10     584.20     584.30     584.60     584.80     584.90     584.90
     584.70     584.50     584.20     583.70     582.70     580.90     578.50     576.00     573.40     571.20
     569.60     569.30     570.70     573.70     577.60     581.10     583.70     585.60     587.10     588.70
     590.40     591.80     592.80     593.60     594.10     594.50     594.90     595.10     595.10     594.60
     593.60     592.10     590.40
     596.90     596.80     596.00     594.90     594.00     593.20     592.60     591.80     590.90     589.80
     588.40     586.80     585.20     583.80     583.00     583.00     583.70     584.70     585.80     586.50
     586.90     586.90     586.70     586.40     586.40     586.90     587.60     588.20     588.30     587.80
     587.10     586.50     586.10     585.70     585.10     584.40     583.90     583.80     584.00     584.30
     584.60     584.80     585.10     585.30     585.00     583.80     582.00     579.90     578.00     576.60
     576.00     576.20     577.60     580.10     583.20     585.90     587.80     589.00     590.20     591.50
     592.80     594.00     594.90     595.60     596.10     596.40     596.40     596.20     595.80     594.80
     593.20     591.30     589.40
     596.40     596.70     596.60     596.00     595.20     594.20     593.20     592.30     591.40     590.60
     589.90     589.20     588.60     588.00     587.70     587.60     587.80     588.10     588.30     588.40
     588.50     588.60     588.70     588.80     589.10     589.50     589.90     589.90     589.60     588.90
     588.40     588.10     587.90     587.40     586.50     585.40     584.40     584.00     584.10     584.40
     584.60     584.90     585.40     586.00     586.50     586.40     585.50     584.30     583.20     582.70
     582.60     583.00     583.90     585.50     587.30     588.90     589.90     590.50     591.30     592.50
     593.70     594.60     595.20     595.70     596.00     596.00     595.70     595.20     594.60     593.80
     592.50     590.80     589.00
     595.30     595.70     595.80     595.60     595.10     594.40     593.80     593.20     592.50     591.90
     591.30     591.00     591.10     591.20     591.30     591.20     590.90     590.60     590.20     589.70
     589.20     589.10     589.10     589.30     589.50     589.70     589.90     589.90     589.60     589.20
     588.80     588.50     588.20     587.60     586.80     586.00     585.40     585.20     585.10     585.00
     584.90     584.80     585.20     586.10     587.00     587.60     587.40     587.00     586.60     586.60
     586.90     587.30     587.80     588.70     589.60     590.20     590.40     590.50     591.20     592.50
     593.80     594.60     594.80     594.90     594.90     594.60     594.00     593.40     593.00     592.60
     592.00     590.90     589.50
     594.50     594.60     594.60     594.50     594.20     594.00     593.90     593.90     593.70     593.10
     592.50     592.10     592.10     592.40     592.50     592.30     592.00     591.70     591.20     590.50
     589.60     589.10     588.80     588.70     588.60     588.30     588.10     588.10     588.10     588.10
     587.90     587.60     587.00     586.30     585.80     585.70     585.80     586.00     585.80     585.40
     585.10     585.00     585.40     586.20     587.10     587.70     587.90     587.80     587.80     588.10
     588.60     589.00     589.40     590.00     590.50     590.60     590.10     589.80     590.40     591.90
     593.50     594.20     594.00     593.60     593.30     593.00     592.60     592.10     591.90     591.80
     591.50     590.90     589.80
     594.00     593.90     593.70     593.60     593.50     593.30     593.20     593.40     593.60     593.30
     592.70     592.20     592.00     592.10     592.00     591.70     591.70     591.80     591.60     591.00
     590.00     589.10     588.60     588.10     587.30     586.40     585.70     585.40     585.60     586.00
     586.30     586.20     585.70     585.20     584.90     585.20     585.70     586.00     585.80     585.40
     585.10     585.40     585.90     586.50     587.00     587.30     587.60     587.80     588.10     588.50
     588.90     589.30     589.60     590.10     590.50     590.40     589.70     589.00     589.40     590.90
     592.40     593.00     592.50     591.80     591.50     591.50     591.40     591.20     591.00     590.90
     590.70     590.20     589.50
     593.40     593.20     593.10     593.10     592.90     592.40     592.00     592.00     592.30     592.30
     592.00     591.70     591.60     591.50     591.40     591.20     591.30     591.70     591.80     591.20
     590.10     589.10     588.30     587.50     586.40     585.00     583.80     583.30     583.50     584.10
     584.70     585.10     585.20     585.00     584.80     584.90     585.30     585.50     585.40     585.00
     584.90     585.30     585.80     586.10     586.20     586.40     586.90     587.50     588.00     588.40
     588.70     589.00     589.30     589.70     590.00     589.90     589.20     588.60     588.80     590.00
     591.20     591.40     590.80     590.00     589.80     590.00     590.10     590.00     589.90     589.90
     589.70     589.50     589.20
     592.60     592.40     592.40     592.50     592.30     591.60     590.90     590.70     591.00     591.20
     591.10     590.90     590.90     591.00     590.90     590.80     591.00     591.30     591.40     590.80
     589.70     588.60     587.70     586.90     585.70     584.30     583.30     582.80     582.90     583.30
     583.80     584.30     584.70     584.70     584.50     584.40     584.60     584.90     585.00     584.80
     584.60     584.60     584.70     584.70     584.70     585.10     586.00     587.00     587.70     588.10
     588.40     588.70     588.90     589.00     589.10     589.10     588.80     588.50     588.70     589.50
     590.20     590.20     589.60     589.00     588.80     588.80     588.80     588.70     588.70     589.00
     589.10     589.10     589.10
     591.70     591.40     591.30     591.40     591.40     591.00     590.40     590.30     590.50     590.70
     590.40     589.90     589.80     589.90     590.00     590.00     590.00     590.30     590.30     589.70
     588.70     587.70     587.00     586.20     585.30     584.40     583.80     583.70     583.70     583.60
     583.50     583.50     583.60     583.70     583.60     583.60     583.90     584.60     585.00     584.90
     584.40     584.10     584.00     583.90     584.00     584.60     585.70     586.80     587.40     587.70
     588.00     588.40     588.50     588.40     588.20     588.20     588.40     588.50     588.70     589.00
     589.30     589.20     588.80     588.40     588.20     588.00     587.70     587.50     587.90     588.40
     588.70     588.80     588.90
     590.70     590.30     590.00     590.00     590.20     590.10     589.90     589.90     590.10     590.10
     589.60     588.90     588.60     588.60     588.70     588.60     588.60     588.80     588.80     588.50
     587.80     587.10     586.60     586.00     585.40     584.90     584.70     584.80     584.80     584.40
     583.70     583.20     583.00     583.00     583.10     583.40     584.00     584.70     585.30     585.20
     584.70     584.30     584.30     584.50     584.80     585.40     586.20     586.90     587.30     587.50
     587.80     588.20     588.40     588.00     587.70     587.70     588.00     588.20     588.30     588.30
     588.20     588.10     587.90     587.80     587.70     587.30     587.00     586.90     587.30     587.90
     588.10     588.10     588.10
     589.40     588.90     588.50     588.50     588.80     589.00     589.00     588.90     588.90     588.80
     588.40     588.00     587.80     587.90     588.00     587.90     587.80     587.80     587.90     587.70
     587.30     586.90     586.50     586.10     585.70     585.40     585.20     585.30     585.30     585.00
     584.40     583.80     583.50     583.50     583.80     584.20     584.70     585.20     585.50     585.40
     585.10     585.00     585.30     585.70     586.10     586.40     586.80     587.10     587.30     587.40
     587.80     588.30     588.40     588.10     587.70     587.80     588.10     588.20     588.00     587.70
     587.40     587.10     587.00     587.10     587.00     586.70     586.50     586.50     586.90     587.20
     587.10     586.90     586.90
     588.30     587.80     587.30     587.30     587.80     588.10     588.10     587.70     587.50     587.30
     587.20     587.20     587.50     587.90     588.10     588.00     587.60     587.40     587.40     587.20
     586.90     586.50     586.10     585.80     585.50     585.30     585.10     585.10     585.20     585.20
     585.10     584.80     584.60     584.70     584.90     585.10     585.20     585.20     585.20     585.20
     585.20     585.40     585.80     586.30     586.60     586.80     586.90     587.00     587.10     587.30
     587.80     588.20     588.40     588.20     588.20     588.40     588.70     588.60     588.20     587.70
     587.20     586.90     586.80     586.70     586.50     586.30     586.20     586.20     586.30     586.30
     586.00     585.80     585.90
     587.80     587.40     587.00     587.10     587.50     587.90     587.80     587.30     586.80     586.60
     586.60     586.70     587.20     587.80     588.20     588.00     587.50     587.00     586.70     586.50
     586.10     585.70     585.30     585.00     584.70     584.60     584.70     584.80     585.00     585.30
     585.50     585.50     585.40     585.40     585.40     585.30     585.00     584.90     584.90     585.20
     585.50     585.70     585.80     586.10     586.40     586.50     586.60     586.70     586.90     587.20
     587.70     588.10     588.30     588.30     588.40     588.80     589.00     588.90     588.50     588.00
     587.60     587.30     587.00     586.70     586.40     586.10     585.90     585.80     585.80     585.60
     585.30     585.20     585.30
     587.70     587.50     587.40     587.40     587.70     588.00     587.90     587.40     587.00     586.70
     586.60     586.50     586.80     587.40     587.70     587.50     586.90     586.30     585.90     585.70
     585.50     585.20     584.90     584.60     584.40     584.30     584.50     584.90     585.20     585.50
     585.80     585.90     585.80     585.70     585.60     585.30     584.90     584.80     585.20     585.80
     586.10     586.00     585.80     585.90     586.30     586.60     586.70     586.70     586.80     587.20
     587.70     588.10     588.30     588.30     588.30     588.50     588.70     588.70     588.40     588.10
     587.80     587.50     587.10     586.70     586.30     585.90     585.60     585.50     585.40     585.30
     585.20     585.00     584.80
     587.50     587.60     587.60     587.60     587.70     587.70     587.50     587.20     587.00     587.00
     586.90     586.70     586.60     586.90     587.10     587.00     586.40     586.00     585.80     585.60
     585.40     585.30     585.30     585.30     585.00     584.80     584.90     585.30     585.70     585.90
     586.10     586.20     586.30     586.20     586.10     585.90     585.60     585.60     586.00     586.50
     586.60     586.30     586.00     586.10     586.60     586.80     586.80     586.60     586.70     587.00
     587.60     588.00     588.30     588.30     588.10     588.10     588.20     588.20     588.10     588.00
     587.70     587.30     586.90     586.50     586.10     585.70     585.40     585.20     585.20     585.30
     585.20     584.90     584.50
