diamond 4 20年06月26日20时500百帕高度场
20 06 26  20  500 
2.500 -2.500  .0  180.0   90.0  .0
73  37
     545.00     545.00     545.00     545.00     545.00     545.00     545.00     545.00     545.00     545.00
     545.00     545.00     545.00     545.00     545.00     545.00     545.00     545.00     545.00     545.00
     545.00     545.00     545.00     545.00     545.00     545.00     545.00     545.00     545.00     545.00
     545.00     545.00     545.00     545.00     545.00     545.00     545.00     545.00     545.00     545.00
     545.00     545.00     545.00     545.00     545.00     545.00     545.00     545.00     545.00     545.00
     545.00     545.00     545.00     545.00     545.00     545.00     545.00     545.00     545.00     545.00
     545.00     545.00     545.00     545.00     545.00     545.00     545.00     545.00     545.00     545.00
     545.00     545.00     545.00
     549.40     549.20     549.00     548.80     548.70     548.50     548.30     548.10     547.90     547.70
     547.40     547.20     547.00     546.80     546.60     546.40     546.20     546.00     545.80     545.60
     545.30     545.10     544.90     544.70     544.50     544.30     544.10     543.90     543.80     543.60
     543.40     543.20     543.00     542.90     542.70     542.50     542.40     542.20     542.10     541.90
     541.80     541.70     541.50     541.40     541.30     541.20     541.10     541.00     540.90     540.80
     540.70     540.60     540.50     540.40     540.40     540.30     540.30     540.20     540.20     540.20
     540.20     540.20     540.20     540.20     540.30     540.30     540.40     540.50     540.60     540.70
     540.90     541.00     541.20
     552.90     552.60     552.30     552.00     551.70     551.30     551.00     550.60     550.30     549.90
     549.50     549.10     548.70     548.40     548.00     547.60     547.20     546.80     546.40     546.00
     545.60     545.30     544.90     544.50     544.20     543.90     543.50     543.20     543.00     542.70
     542.40     542.20     542.00     541.80     541.60     541.50     541.30     541.20     541.10     541.00
     540.90     540.80     540.80     540.70     540.60     540.50     540.40     540.30     540.20     540.10
     540.00     539.80     539.60     539.50     539.30     539.10     538.90     538.70     538.50     538.40
     538.20     538.10     538.00     537.90     537.80     537.80     537.90     538.00     538.10     538.30
     538.50     538.80     539.10
     554.90     554.70     554.40     554.10     553.70     553.30     552.90     552.40     551.90     551.40
     550.90     550.40     549.80     549.20     548.70     548.10     547.50     547.00     546.40     545.90
     545.30     544.80     544.30     543.80     543.30     542.90     542.50     542.10     541.70     541.40
     541.20     541.00     540.80     540.80     540.70     540.80     540.90     541.00     541.20     541.40
     541.70     541.90     542.20     542.50     542.80     543.00     543.20     543.40     543.50     543.50
     543.50     543.40     543.20     542.90     542.60     542.20     541.70     541.20     540.70     540.10
     539.60     539.00     538.50     538.10     537.70     537.40     537.20     537.00     537.10     537.20
     537.40     537.80     538.30
     555.60     555.50     555.30     555.10     554.70     554.30     553.80     553.20     552.60     551.90
     551.20     550.50     549.80     549.10     548.50     547.80     547.20     546.60     546.00     545.50
     545.00     544.50     544.00     543.50     543.10     542.70     542.30     542.00     541.70     541.40
     541.30     541.20     541.20     541.30     541.60     541.90     542.30     542.90     543.50     544.20
     544.90     545.70     546.60     547.40     548.20     548.90     549.50     550.10     550.50     550.80
     550.90     550.80     550.60     550.10     549.50     548.80     547.80     546.80     545.60     544.40
     543.10     541.80     540.60     539.40     538.30     537.40     536.70     536.20     535.90     535.80
     535.90     536.30     536.90
     555.50     555.50     555.40     555.00     554.60     554.00     553.20     552.40     551.50     550.60
     549.70     548.80     547.90     547.20     546.50     546.00     545.50     545.10     544.80     544.60
     544.40     544.20     544.10     544.00     543.90     543.80     543.70     543.70     543.70     543.80
     543.90     544.10     544.40     544.80     545.40     546.00     546.80     547.70     548.70     549.80
     550.90     552.10     553.30     554.40     555.60     556.60     557.50     558.30     558.90     559.30
     559.50     559.40     559.00     558.40     557.50     556.30     554.90     553.20     551.30     549.30
     547.20     544.90     542.70     540.60     538.60     536.80     535.30     534.10     533.30     532.80
     532.80     533.10     533.80
     555.80     555.70     555.40     554.80     554.10     553.10     552.00     550.80     549.60     548.30
     547.10     546.00     545.00     544.20     543.60     543.10     542.80     542.70     542.80     542.90
     543.20     543.50     543.90     544.30     544.60     545.00     545.40     545.80     546.30     546.80
     547.40     548.00     548.80     549.60     550.50     551.50     552.50     553.60     554.80     556.00
     557.20     558.40     559.60     560.80     561.90     562.90     563.80     564.60     565.20     565.50
     565.70     565.50     565.10     564.40     563.50     562.20     560.60     558.60     556.40     553.90
     551.10     548.10     545.00     541.90     538.90     536.10     533.60     531.50     530.00     529.00
     528.70     528.90     529.60
     557.90     557.70     557.30     556.50     555.60     554.40     553.10     551.70     550.20     548.70
     547.30     546.10     544.90     544.00     543.20     542.70     542.40     542.20     542.30     542.50
     542.80     543.20     543.70     544.10     544.60     545.20     545.70     546.40     547.10     547.90
     548.90     550.10     551.30     552.60     554.00     555.30     556.60     557.80     559.00     560.00
     561.00     562.00     563.00     563.90     564.90     565.70     566.50     567.20     567.70     568.10
     568.20     568.20     567.90     567.40     566.70     565.70     564.50     562.90     560.90     558.50
     555.60     552.30     548.70     544.90     540.90     537.10     533.60     530.50     528.20     526.60
     525.80     525.80     526.60
     562.00     562.10     562.00     561.50     560.80     559.80     558.70     557.50     556.20     554.90
     553.60     552.30     551.10     550.00     548.90     548.00     547.20     546.50     546.00     545.50
     545.20     545.00     544.80     544.70     544.60     544.60     544.80     545.10     545.70     546.60
     547.80     549.30     551.10     553.00     554.90     556.70     558.30     559.60     560.70     561.60
     562.40     563.00     563.70     564.40     565.20     566.00     566.80     567.50     568.10     568.60
     568.90     568.90     568.80     568.60     568.20     567.70     567.00     566.10     564.90     563.10
     560.80     557.90     554.30     550.20     545.80     541.20     536.90     533.00     529.90     527.60
     526.40     526.10     526.70
     566.70     567.60     568.20     568.50     568.40     568.10     567.60     567.00     566.20     565.40
     564.40     563.40     562.20     561.00     559.60     558.20     556.60     555.00     553.40     551.90
     550.40     549.00     547.70     546.50     545.40     544.50     543.80     543.40     543.60     544.30
     545.60     547.50     549.90     552.50     555.10     557.50     559.50     561.10     562.10     562.80
     563.20     563.50     563.80     564.20     564.90     565.70     566.60     567.50     568.30     568.90
     569.30     569.40     569.30     569.00     568.70     568.40     568.10     567.80     567.30     566.50
     565.10     563.10     560.20     556.70     552.50     548.10     543.60     539.40     535.90     533.30
     531.60     531.00     531.20
     570.20     571.90     573.30     574.30     575.10     575.50     575.80     575.80     575.60     575.30
     574.80     574.10     573.20     572.10     570.60     568.70     566.50     564.00     561.30     558.60
     555.90     553.30     550.90     548.60     546.60     544.80     543.40     542.40     542.20     542.80
     544.40     546.80     549.80     553.20     556.50     559.50     562.00     563.70     564.70     565.10
     565.10     564.90     564.80     564.80     565.00     565.60     566.30     567.20     568.10     568.80
     569.30     569.40     569.10     568.60     568.00     567.50     567.10     567.00     567.00     567.00
     566.70     565.90     564.40     562.10     559.20     555.70     552.00     548.40     545.20     542.70
     540.80     539.70     539.30
     571.60     573.80     575.60     577.20     578.50     579.60     580.40     580.90     581.20     581.30
     581.20     580.90     580.30     579.40     578.00     576.00     573.50     570.30     566.80     563.10
     559.40     555.90     552.60     549.70     547.20     545.10     543.40     542.50     542.30     543.20
     545.20     548.10     551.80     555.70     559.50     562.70     565.20     566.90     567.70     567.90
     567.60     567.10     566.50     565.90     565.50     565.40     565.60     566.10     566.80     567.40
     567.90     568.00     567.70     567.00     566.10     565.20     564.60     564.30     564.50     565.00
     565.60     566.10     566.10     565.40     564.10     562.20     559.90     557.40     555.00     552.90
     551.10     549.60     548.30
     571.50     573.70     575.70     577.50     579.10     580.50     581.60     582.50     583.20     583.60
     583.90     584.00     583.70     583.00     581.80     579.90     577.20     573.70     569.70     565.40
     560.90     556.70     553.00     549.70     547.10     545.20     544.00     543.60     544.10     545.70
     548.20     551.60     555.50     559.40     562.90     565.80     567.80     569.00     569.70     569.80
     569.60     569.20     568.50     567.50     566.50     565.60     564.90     564.60     564.80     565.30
     565.80     566.00     565.90     565.20     564.20     563.10     562.20     561.80     562.00     562.70
     563.90     565.10     566.20     566.90     566.90     566.30     565.10     563.60     561.80     560.10
     558.40     556.80     555.10
     571.00     573.10     575.00     576.70     578.10     579.40     580.60     581.80     582.90     583.90
     584.80     585.30     585.40     584.90     583.70     581.80     579.00     575.40     571.20     566.50
     561.70     557.00     552.80     549.40     547.00     545.50     545.10     545.60     547.10     549.60
     552.70     556.30     559.90     563.20     565.80     567.70     568.80     569.50     570.00     570.40
     570.70     570.90     570.60     569.70     568.40     566.80     565.30     564.20     563.80     564.00
     564.50     564.90     565.00     564.50     563.60     562.50     561.60     561.10     561.10     561.90
     563.10     564.60     566.20     567.40     567.90     567.70     566.90     565.50     563.90     562.30
     560.80     559.40     558.00
     570.60     572.90     574.60     575.70     576.50     577.20     578.10     579.40     581.20     583.00
     584.70     585.90     586.40     586.00     584.80     582.70     579.90     576.40     572.20     567.40
     562.40     557.50     553.10     549.60     547.30     546.30     546.70     548.20     550.70     553.90
     557.30     560.80     563.80     566.10     567.60     568.30     568.60     568.80     569.30     570.20
     571.20     572.10     572.50     571.90     570.60     568.70     566.70     565.20     564.50     564.40
     564.90     565.40     565.60     565.40     564.70     563.80     562.90     562.30     562.20     562.70
     563.70     565.10     566.50     567.60     568.00     567.50     566.20     564.50     562.70     561.00
     559.70     558.80     558.20
     571.20     573.60     574.90     575.30     575.10     574.90     575.30     576.60     578.80     581.40
     583.90     585.80     586.70     586.40     585.20     583.20     580.50     577.10     573.20     568.70
     563.80     558.80     554.20     550.60     548.40     547.80     548.80     551.10     554.20     557.70
     561.20     564.20     566.50     567.90     568.40     568.20     568.00     568.00     568.70     570.00
     571.50     572.90     573.60     573.30     572.10     570.30     568.40     566.80     566.00     565.90
     566.30     566.90     567.20     567.20     566.80     566.10     565.40     564.80     564.50     564.60
     565.20     566.20     567.30     567.90     567.80     566.80     565.00     562.90     560.90     559.30
     558.30     557.80     557.80
     573.00     575.30     576.40     576.30     575.50     574.60     574.50     575.50     577.70     580.50
     583.20     585.20     586.20     586.10     585.20     583.50     581.20     578.30     574.80     570.60
     566.00     561.20     556.70     553.20     551.10     550.70     552.00     554.50     557.70     561.10
     564.30     566.80     568.50     569.30     569.20     568.60     568.10     568.20     569.10     570.60
     572.20     573.60     574.20     573.90     572.80     571.20     569.50     568.20     567.40     567.30
     567.50     567.90     568.30     568.40     568.40     568.20     567.80     567.30     566.90     566.70
     566.90     567.50     568.20     568.50     567.90     566.50     564.50     562.30     560.30     558.70
     557.60     557.10     557.20
     575.50     577.70     578.90     578.80     578.00     577.10     576.90     577.70     579.50     581.60
     583.50     584.70     585.10     585.00     584.40     583.50     582.00     579.90     577.10     573.50
     569.40     565.00     560.90     557.60     555.60     555.40     556.60     558.90     561.70     564.70
     567.30     569.50     570.90     571.40     571.00     570.20     569.60     569.80     570.80     572.40
     574.00     575.00     575.20     574.60     573.40     571.90     570.40     569.10     568.30     567.90
     567.70     567.70     567.80     568.00     568.40     568.80     569.10     569.00     568.70     568.50
     568.50     568.90     569.30     569.20     568.30     566.70     564.70     562.50     560.50     558.50
     556.80     555.60     555.40
     578.00     580.10     581.40     581.70     581.40     581.00     581.00     581.80     583.00     583.90
     584.30     584.00     583.40     582.90     582.70     582.60     582.30     581.30     579.50     576.90
     573.70     570.10     566.60     563.60     561.90     561.50     562.40     564.20     566.30     568.50
     570.70     572.50     573.90     574.30     573.80     572.70     572.00     572.10     573.30     575.00
     576.50     577.10     576.70     575.70     574.30     572.70     571.10     569.80     568.70     567.90
     567.20     566.70     566.40     566.60     567.20     568.30     569.40     570.20     570.40     570.40
     570.40     570.60     570.60     570.10     569.00     567.30     565.20     563.10     560.70     558.00
     555.30     553.10     552.60
     580.50     582.40     583.70     584.20     584.10     584.00     584.20     584.90     585.50     585.60
     584.70     583.20     581.70     580.90     581.00     581.70     582.40     582.60     582.10     580.70
     578.60     576.00     573.20     570.70     569.00     568.40     568.90     570.00     571.30     572.70
     574.10     575.50     576.60     576.80     576.10     574.80     573.80     573.90     575.20     577.00
     578.30     578.70     578.00     576.80     575.30     573.70     572.10     570.60     569.30     568.40
     567.60     566.90     566.40     566.40     567.20     568.80     570.70     572.30     573.30     573.60
     573.60     573.20     572.60     571.50     569.90     568.00     566.00     563.80     561.00     557.70
     554.30     551.80     551.70
     583.80     585.40     586.30     586.50     586.10     585.60     585.50     585.80     586.10     585.90
     584.80     583.10     581.50     580.80     581.10     582.30     583.80     584.90     585.30     585.00
     583.90     582.20     580.00     577.80     576.10     575.30     575.30     575.70     576.30     576.80
     577.40     578.00     578.50     578.30     577.30     575.80     574.60     574.70     575.80     577.50
     578.70     579.00     578.40     577.50     576.40     575.20     573.90     572.60     571.60     571.10
     570.70     570.30     569.80     569.80     570.50     572.20     574.50     576.50     577.80     578.40
     578.10     577.20     575.80     573.80     571.70     569.50     567.30     565.10     562.40     559.20
     556.30     554.70     555.70
     587.90     589.20     589.70     589.30     588.30     587.10     586.30     586.00     586.00     585.90
     585.40     584.50     583.70     583.50     584.10     585.40     587.00     588.20     589.10     589.30
     588.90     587.80     586.20     584.20     582.60     581.50     581.00     580.90     580.80     580.60
     580.40     580.30     580.10     579.40     578.10     576.60     575.50     575.30     576.20     577.40
     578.30     578.60     578.50     578.30     578.10     577.70     577.00     576.30     575.90     576.00
     576.40     576.40     576.20     576.10     576.60     578.00     579.80     581.70     583.00     583.50
     583.10     581.90     580.00     577.50     575.00     572.50     570.20     568.00     565.70     563.50
     562.10     562.30     564.70
     592.10     593.00     593.00     592.10     590.70     589.10     587.70     587.00     586.80     586.90
     587.00     587.10     587.30     587.80     588.50     589.50     590.60     591.40     592.00     592.40
     592.40     591.90     590.80     589.20     587.60     586.30     585.50     584.90     584.30     583.70
     583.10     582.50     581.80     580.80     579.50     578.30     577.40     577.10     577.50     578.10
     578.60     579.00     579.30     579.90     580.50     580.80     580.80     580.70     580.90     581.50
     582.20     582.50     582.50     582.30     582.60     583.50     584.70     585.90     586.80     587.20
     587.00     586.00     584.30     582.10     579.80     577.50     575.20     573.10     571.40     570.50
     570.70     572.30     575.30
     595.20     595.40     594.90     593.80     592.30     590.80     589.60     588.90     588.70     588.90
     589.30     589.90     590.60     591.20     591.90     592.40     592.70     592.90     593.20     593.60
     593.90     593.90     593.30     592.10     590.60     589.30     588.20     587.20     586.50     585.80
     585.10     584.40     583.40     582.40     581.40     580.50     580.00     579.70     579.80     580.00
     580.20     580.60     581.10     581.80     582.70     583.40     583.80     584.20     584.70     585.40
     586.00     586.30     586.30     586.30     586.70     587.30     588.00     588.70     589.20     589.50
     589.50     588.90     587.70     586.30     584.80     583.20     581.40     579.80     578.70     578.60
     579.70     581.60     584.00
     596.40     596.20     595.30     594.00     592.60     591.60     590.90     590.70     590.80     591.00
     591.40     591.80     592.30     592.80     593.20     593.40     593.30     593.10     593.10     593.50
     594.00     594.30     593.90     592.90     591.60     590.40     589.30     588.30     587.50     586.90
     586.40     585.70     584.80     583.80     583.00     582.50     582.20     582.10     582.10     582.10
     582.40     582.80     583.20     583.80     584.30     584.90     585.50     586.20     586.80     587.30
     587.60     587.80     588.00     588.40     589.10     589.80     590.30     590.70     591.00     591.20
     591.20     590.80     590.00     589.20     588.40     587.60     586.70     585.80     585.30     585.60
     586.60     587.90     589.10
     596.30     596.00     595.00     593.70     592.40     591.50     591.30     591.60     592.00     592.40
     592.50     592.50     592.60     592.70     593.00     593.30     593.30     593.10     593.10     593.20
     593.50     593.60     593.10     592.10     591.10     590.10     589.30     588.60     587.90     587.50
     587.20     586.80     586.00     585.20     584.50     584.10     584.00     583.90     583.90     584.00
     584.40     584.80     585.10     585.30     585.60     586.00     586.70     587.40     588.00     588.30
     588.40     588.60     589.10     589.90     590.80     591.50     592.00     592.30     592.60     592.70
     592.60     592.00     591.20     590.50     590.00     589.70     589.50     589.20     589.30     589.70
     590.40     590.90     591.20
     595.80     595.60     594.80     593.50     592.10     591.10     590.90     591.20     591.90     592.40
     592.50     592.10     591.70     591.60     592.00     592.60     593.10     593.20     593.00     592.90
     592.70     592.40     591.70     590.80     589.90     589.40     588.90     588.40     588.00     587.70
     587.70     587.70     587.40     586.80     586.30     585.90     585.80     585.70     585.60     585.70
     585.90     586.20     586.50     586.60     586.80     587.20     587.80     588.40     588.90     589.00
     589.10     589.40     590.20     591.10     591.80     592.20     592.40     592.70     593.00     593.20
     593.00     592.40     591.50     590.80     590.30     590.30     590.30     590.50     590.60     590.90
     591.30     591.60     591.70
     595.20     595.10     594.30     593.10     591.60     590.50     590.00     590.10     590.80     591.40
     591.50     591.00     590.30     590.00     590.40     591.20     592.00     592.30     592.20     591.90
     591.40     590.90     590.20     589.50     588.90     588.60     588.30     587.90     587.60     587.60
     587.80     588.20     588.50     588.50     588.20     587.90     587.60     587.40     587.30     587.20
     587.10     587.10     587.30     587.50     587.80     588.10     588.40     588.80     589.00     589.10
     589.30     589.80     590.70     591.40     591.70     591.60     591.50     591.60     591.90     592.10
     592.10     591.70     591.10     590.60     590.30     590.40     590.70     590.90     590.90     590.90
     590.90     591.10     591.40
     594.30     594.00     593.10     591.90     590.70     589.70     589.10     589.10     589.60     590.20
     590.30     589.80     589.00     588.50     588.70     589.40     590.20     590.60     590.70     590.50
     590.10     589.50     588.90     588.40     588.00     587.70     587.40     587.10     586.90     586.90
     587.30     588.00     588.70     589.10     589.10     588.80     588.40     588.30     588.30     588.10
     587.80     587.50     587.60     587.90     588.10     588.20     588.20     588.30     588.50     588.60
     589.00     589.60     590.40     590.90     590.80     590.60     590.40     590.50     590.60     590.60
     590.50     590.20     590.00     589.90     590.00     590.40     590.90     591.20     591.10     590.80
     590.60     590.60     590.70
     592.90     592.40     591.50     590.50     589.60     589.00     588.60     588.50     588.90     589.40
     589.40     588.90     588.10     587.70     587.80     588.30     588.70     589.00     589.30     589.40
     589.10     588.50     587.80     587.20     586.80     586.40     586.10     585.90     585.80     585.90
     586.30     586.90     587.70     588.30     588.50     588.30     588.00     588.00     588.20     588.20
     587.90     587.70     587.70     587.90     587.90     587.70     587.50     587.50     587.80     588.20
     588.60     589.20     589.80     590.00     590.00     590.00     590.00     590.00     590.00     589.70
     589.40     589.10     588.90     589.00     589.30     589.80     590.50     590.80     590.90     590.60
     590.30     590.10     590.00
     591.20     590.70     590.00     589.40     588.90     588.60     588.50     588.50     588.70     588.90
     588.80     588.20     587.60     587.50     587.80     588.10     588.20     588.30     588.50     588.70
     588.40     587.60     586.70     585.90     585.40     585.10     584.80     584.60     584.70     584.80
     585.00     585.30     586.00     586.70     587.10     587.10     587.00     587.20     587.60     587.80
     587.60     587.40     587.50     587.60     587.50     587.10     586.90     587.00     587.50     588.00
     588.50     588.90     589.20     589.40     589.50     589.60     589.90     589.90     589.80     589.50
     589.20     588.90     588.60     588.50     588.70     589.10     589.50     589.80     589.90     589.80
     589.70     589.60     589.40
     589.80     589.60     589.10     588.60     588.20     588.20     588.20     588.30     588.40     588.40
     588.10     587.40     587.00     587.20     587.80     588.30     588.30     588.10     588.10     588.10
     587.70     586.80     585.90     585.20     584.80     584.40     584.00     583.80     583.80     583.90
     583.90     584.00     584.60     585.40     586.10     586.30     586.50     586.70     587.00     587.00
     586.90     586.80     586.90     587.00     586.80     586.50     586.40     586.70     587.20     587.70
     588.10     588.60     588.80     588.90     588.90     589.10     589.30     589.30     589.30     589.30
     589.30     589.20     589.00     588.70     588.80     588.90     588.90     588.80     588.80     588.90
     589.00     588.90     588.80
     589.00     588.80     588.40     587.80     587.40     587.30     587.60     587.80     587.90     587.90
     587.50     586.90     586.60     586.80     587.50     588.10     588.10     587.90     587.60     587.40
     586.90     586.30     585.70     585.40     585.10     584.70     584.20     583.90     583.70     583.60
     583.40     583.40     583.90     584.70     585.50     586.00     586.20     586.30     586.40     586.20
     586.00     585.90     586.00     586.10     586.00     585.90     586.10     586.40     586.70     587.00
     587.50     588.00     588.30     588.30     588.30     588.30     588.40     588.40     588.50     588.90
     589.30     589.40     589.20     589.00     589.00     589.00     588.80     588.50     588.40     588.50
     588.50     588.30     588.30
     588.50     588.20     587.70     587.00     586.50     586.60     587.00     587.30     587.40     587.40
     587.30     586.90     586.70     586.80     587.20     587.60     587.70     587.60     587.30     586.90
     586.60     586.30     586.10     586.00     585.80     585.40     584.90     584.60     584.30     584.10
     583.70     583.50     583.80     584.50     585.10     585.50     585.60     585.60     585.60     585.40
     585.30     585.40     585.50     585.50     585.50     585.60     586.00     586.20     586.30     586.50
     586.90     587.40     587.80     587.80     587.70     587.70     587.80     587.90     588.10     588.50
     588.90     589.00     588.80     588.60     588.60     588.60     588.40     588.10     588.10     588.20
     588.10     587.80     587.70
     588.00     587.70     587.20     586.60     586.40     586.50     586.80     586.90     586.90     587.00
     587.10     587.20     587.20     587.20     587.20     587.30     587.30     587.30     587.00     586.70
     586.50     586.40     586.30     586.20     585.80     585.40     585.20     585.10     585.00     584.70
     584.20     583.90     584.00     584.40     584.80     584.90     584.90     584.80     584.90     585.00
     585.10     585.40     585.60     585.60     585.70     586.00     586.30     586.40     586.40     586.40
     586.70     587.10     587.40     587.40     587.30     587.30     587.50     587.70     587.90     588.10
     588.30     588.30     588.10     588.00     587.90     587.80     587.50     587.30     587.40     587.70
     587.60     587.30     587.10
     587.60     587.40     587.20     587.00     586.90     586.90     586.90     586.80     586.60     586.60
     586.90     587.30     587.60     587.50     587.30     587.10     586.90     586.80     586.60     586.50
     586.40     586.40     586.20     585.90     585.40     585.00     585.00     585.10     585.10     584.80
     584.30     583.90     584.00     584.30     584.50     584.60     584.50     584.60     584.70     585.00
     585.30     585.60     585.90     586.10     586.40     586.60     586.80     586.80     586.70     586.70
     586.90     587.10     587.30     587.30     587.20     587.20     587.40     587.60     587.80     587.80
     587.80     587.80     587.90     587.90     587.80     587.50     587.10     586.80     586.80     586.90
     586.90     586.80     586.70
     587.60     587.60     587.70     587.80     587.70     587.50     587.20     586.90     586.70     586.60
     586.80     587.20     587.40     587.40     587.20     586.90     586.60     586.30     586.00     586.00
     586.10     586.20     586.10     585.70     585.30     585.00     584.80     584.80     584.70     584.40
     584.00     583.80     583.80     584.10     584.30     584.40     584.40     584.60     584.80     585.00
     585.20     585.40     585.70     586.30     586.80     587.10     587.10     587.00     586.90     586.90
     587.00     587.20     587.40     587.70     587.80     587.70     587.70     587.80     587.90     587.90
     587.80     587.80     588.10     588.20     588.10     587.80     587.40     587.00     586.80     586.60
     586.50     586.40     586.30
