diamond 4 20年06月25日20时500百帕高度场
20 06 25  20  500 
2.500 -2.500  .0  180.0   90.0  .0
73  37
     552.40     552.40     552.40     552.40     552.40     552.40     552.40     552.40     552.40     552.40
     552.40     552.40     552.40     552.40     552.40     552.40     552.40     552.40     552.40     552.40
     552.40     552.40     552.40     552.40     552.40     552.40     552.40     552.40     552.40     552.40
     552.40     552.40     552.40     552.40     552.40     552.40     552.40     552.40     552.40     552.40
     552.40     552.40     552.40     552.40     552.40     552.40     552.40     552.40     552.40     552.40
     552.40     552.40     552.40     552.40     552.40     552.40     552.40     552.40     552.40     552.40
     552.40     552.40     552.40     552.40     552.40     552.40     552.40     552.40     552.40     552.40
     552.40     552.40     552.40
     553.80     553.70     553.70     553.60     553.50     553.50     553.40     553.40     553.30     553.30
     553.20     553.20     553.10     553.10     553.10     553.00     553.00     552.90     552.90     552.80
     552.80     552.70     552.70     552.70     552.60     552.60     552.50     552.50     552.40     552.40
     552.30     552.30     552.20     552.10     552.10     552.00     551.90     551.80     551.70     551.60
     551.50     551.40     551.30     551.20     551.00     550.90     550.70     550.60     550.40     550.20
     550.10     549.90     549.70     549.50     549.30     549.20     549.00     548.80     548.60     548.40
     548.20     548.10     547.90     547.70     547.60     547.40     547.30     547.20     547.10     547.00
     546.90     546.90     546.80
     553.10     553.10     553.00     553.00     553.00     552.90     552.90     552.90     552.90     552.80
     552.80     552.80     552.70     552.70     552.60     552.60     552.50     552.50     552.40     552.40
     552.30     552.30     552.30     552.20     552.20     552.20     552.10     552.10     552.10     552.10
     552.10     552.20     552.20     552.20     552.20     552.20     552.20     552.10     552.10     552.00
     551.90     551.80     551.60     551.40     551.20     550.90     550.60     550.20     549.80     549.40
     548.90     548.40     547.80     547.30     546.60     546.00     545.40     544.70     544.00     543.40
     542.70     542.10     541.50     540.90     540.30     539.80     539.40     538.90     538.50     538.20
     537.90     537.70     537.50
     552.20     552.40     552.50     552.70     552.80     553.00     553.10     553.20     553.30     553.40
     553.50     553.50     553.50     553.50     553.40     553.30     553.20     553.10     552.90     552.70
     552.50     552.40     552.20     552.10     551.90     551.80     551.80     551.80     551.80     551.90
     552.00     552.20     552.40     552.60     552.90     553.10     553.40     553.60     553.90     554.00
     554.20     554.30     554.30     554.20     554.00     553.80     553.40     552.90     552.30     551.60
     550.70     549.80     548.70     547.60     546.40     545.10     543.70     542.30     540.90     539.50
     538.10     536.80     535.50     534.30     533.10     532.10     531.10     530.30     529.60     529.00
     528.50     528.20     528.00
     551.10     551.50     551.90     552.30     552.60     553.00     553.40     553.70     554.10     554.30
     554.60     554.70     554.80     554.90     554.80     554.70     554.40     554.10     553.70     553.20
     552.80     552.30     551.80     551.40     551.00     550.70     550.50     550.40     550.50     550.70
     550.90     551.30     551.80     552.40     553.10     553.70     554.50     555.20     555.90     556.60
     557.20     557.80     558.20     558.50     558.70     558.70     558.50     558.10     557.60     556.80
     555.80     554.60     553.20     551.60     549.90     548.00     545.90     543.80     541.70     539.50
     537.30     535.10     533.00     531.10     529.30     527.60     526.10     524.90     523.80     523.00
     522.40     522.00     521.90
     549.00     549.50     550.00     550.50     551.00     551.60     552.20     552.90     553.50     554.10
     554.70     555.20     555.50     555.70     555.70     555.50     555.10     554.50     553.80     552.90
     551.90     550.90     550.00     549.10     548.40     547.90     547.50     547.40     547.60     547.90
     548.50     549.20     550.10     551.20     552.30     553.50     554.70     555.90     557.10     558.30
     559.50     560.50     561.40     562.30     562.90     563.40     563.60     563.60     563.30     562.80
     562.00     560.90     559.60     557.90     556.10     554.00     551.70     549.20     546.70     544.00
     541.30     538.60     535.90     533.40     531.00     528.70     526.70     525.00     523.50     522.30
     521.50     520.90     520.70
     546.80     547.30     547.80     548.50     549.20     550.10     551.00     552.00     553.10     554.10
     555.10     556.00     556.60     556.90     557.00     556.60     555.90     554.90     553.60     552.10
     550.40     548.80     547.30     545.90     544.90     544.30     544.00     544.10     544.50     545.30
     546.30     547.50     548.90     550.30     551.80     553.30     554.80     556.30     557.80     559.20
     560.70     562.00     563.30     564.50     565.50     566.40     567.00     567.40     567.50     567.40
     566.90     566.20     565.20     563.90     562.40     560.60     558.60     556.40     554.00     551.50
     548.90     546.10     543.30     540.50     537.80     535.10     532.60     530.30     528.20     526.50
     525.10     524.00     523.40
     546.80     547.60     548.50     549.50     550.70     552.00     553.40     554.80     556.30     557.60
     558.80     559.80     560.40     560.60     560.40     559.60     558.30     556.50     554.40     552.00
     549.60     547.30     545.30     543.70     542.60     542.10     542.10     542.70     543.60     545.00
     546.50     548.10     549.80     551.40     552.90     554.40     555.90     557.30     558.80     560.30
     561.70     563.20     564.60     565.90     567.10     568.20     569.00     569.60     569.90     570.00
     569.80     569.40     568.80     568.00     566.90     565.70     564.30     562.70     561.00     559.10
     556.90     554.70     552.20     549.60     546.90     544.10     541.30     538.50     535.90     533.50
     531.30     529.60     528.20
     550.90     552.40     554.10     555.90     557.70     559.50     561.30     562.90     564.30     565.60
     566.60     567.10     567.20     566.80     565.80     564.10     561.90     559.30     556.40     553.30
     550.30     547.60     545.30     543.70     542.70     542.50     542.90     543.90     545.30     547.00
     548.80     550.50     552.20     553.70     555.00     556.30     557.50     558.80     560.20     561.60
     563.00     564.50     565.90     567.10     568.20     569.20     569.90     570.50     570.90     571.00
     571.10     570.90     570.50     570.00     569.40     568.70     567.80     566.80     565.70     564.50
     563.10     561.50     559.70     557.60     555.20     552.60     549.90     547.00     544.00     541.10
     538.30     535.80     533.70
     558.40     560.90     563.40     565.90     568.20     570.20     571.90     573.30     574.40     575.10
     575.40     575.20     574.40     573.10     571.10     568.60     565.60     562.20     558.70     555.30
     552.00     549.20     547.00     545.30     544.50     544.30     544.80     545.80     547.20     548.90
     550.60     552.20     553.60     554.90     556.10     557.30     558.60     559.90     561.30     562.80
     564.20     565.50     566.60     567.40     568.10     568.60     569.00     569.40     569.80     570.20
     570.50     570.70     570.70     570.60     570.20     569.80     569.20     568.70     568.10     567.40
     566.60     565.70     564.40     562.90     561.00     558.80     556.30     553.50     550.50     547.40
     544.20     541.20     538.40
     567.00     570.00     572.90     575.60     577.80     579.60     580.80     581.70     582.10     582.20
     581.80     581.00     579.60     577.60     575.00     571.90     568.40     564.60     560.90     557.40
     554.20     551.40     549.10     547.30     546.10     545.60     545.60     546.20     547.20     548.60
     550.00     551.60     553.00     554.50     555.90     557.40     559.00     560.70     562.40     564.00
     565.20     566.00     566.40     566.30     566.00     565.70     565.60     565.90     566.50     567.40
     568.30     569.10     569.60     569.80     569.60     569.30     568.90     568.60     568.40     568.30
     568.10     567.80     567.10     566.00     564.50     562.50     560.10     557.40     554.40     551.10
     547.80     544.40     541.40
     574.10     577.00     579.70     582.00     583.80     585.00     585.80     586.10     586.20     585.90
     585.40     584.40     582.80     580.60     577.70     574.30     570.50     566.60     562.80     559.20
     555.90     553.00     550.40     548.20     546.50     545.30     544.80     545.00     545.80     547.10
     548.80     550.60     552.50     554.40     556.30     558.30     560.30     562.40     564.20     565.60
     566.40     566.50     565.80     564.60     563.20     562.10     561.50     561.60     562.50     563.90
     565.50     566.80     567.70     567.90     567.70     567.30     567.00     566.90     567.20     567.80
     568.40     568.70     568.60     567.80     566.40     564.40     561.80     558.90     555.70     552.30
     548.90     545.50     542.50
     578.40     581.00     583.20     585.00     586.30     587.10     587.60     587.90     588.00     587.90
     587.60     586.70     585.20     583.00     580.00     576.40     572.40     568.30     564.20     560.30
     556.70     553.40     550.40     547.80     545.80     544.60     544.20     544.80     546.10     548.00
     550.20     552.60     554.90     557.10     559.20     561.20     563.20     565.00     566.50     567.50
     567.70     567.10     565.80     563.90     561.90     560.30     559.50     559.60     560.60     562.20
     563.90     565.30     565.90     565.90     565.30     564.60     564.20     564.40     565.20     566.50
     567.80     568.90     569.20     568.70     567.30     565.10     562.30     559.10     555.70     552.30
     549.00     546.00     543.40
     580.30     582.30     584.10     585.40     586.30     586.90     587.40     587.90     588.50     588.90
     588.90     588.40     587.00     584.80     581.90     578.30     574.20     569.80     565.40     561.00
     556.90     553.20     550.00     547.60     546.10     545.60     546.20     547.80     550.20     552.90
     555.70     558.20     560.50     562.40     564.00     565.50     566.80     567.90     568.70     569.10
     568.90     568.10     566.80     565.10     563.30     561.80     561.00     561.00     561.80     562.90
     564.10     564.90     565.00     564.50     563.60     562.70     562.40     562.70     563.90     565.50
     567.20     568.40     569.00     568.60     567.30     565.10     562.40     559.30     556.00     552.80
     549.90     547.50     545.80
     580.70     582.20     583.20     583.80     584.00     584.20     584.70     585.60     586.90     588.00
     588.60     588.40     587.40     585.50     582.90     579.80     576.00     571.80     567.20     562.60
     558.30     554.60     551.70     549.90     549.30     549.90     551.70     554.30     557.30     560.30
     562.90     564.90     566.40     567.50     568.30     569.00     569.60     570.00     570.30     570.30
     570.00     569.40     568.60     567.50     566.40     565.30     564.60     564.40     564.60     565.00
     565.30     565.40     565.10     564.30     563.50     562.80     562.70     563.30     564.40     565.90
     567.20     568.10     568.40     567.90     566.70     565.00     562.80     560.20     557.50     554.90
     552.60     550.90     549.80
     580.80     581.80     581.90     581.30     580.20     579.60     579.80     581.20     583.20     585.20
     586.50     586.80     586.20     585.00     583.30     581.10     578.20     574.60     570.50     566.20
     562.40     559.20     557.10     556.00     556.00     557.20     559.30     561.90     564.60     567.00
     568.60     569.60     570.10     570.30     570.60     570.90     571.20     571.40     571.40     571.30
     571.10     570.80     570.40     569.80     569.00     568.30     567.70     567.30     567.10     567.00
     566.90     566.60     566.10     565.50     565.10     564.80     565.00     565.70     566.60     567.50
     568.20     568.40     568.20     567.50     566.50     565.10     563.50     561.60     559.60     557.60
     555.90     554.70     553.90
     581.30     582.10     581.50     579.70     577.40     575.80     575.70     577.40     580.00     582.60
     584.30     584.90     584.70     584.00     583.20     582.00     580.10     577.30     574.10     570.80
     568.10     566.10     564.90     564.30     564.30     565.10     566.50     568.30     570.20     571.60
     572.20     572.10     571.80     571.40     571.40     571.60     572.00     572.20     572.40     572.30
     572.20     571.80     571.30     570.60     569.80     569.00     568.50     568.30     568.30     568.40
     568.40     568.30     568.00     567.70     567.50     567.50     567.80     568.20     568.80     569.20
     569.30     569.00     568.40     567.50     566.40     565.20     563.80     562.20     560.50     558.90
     557.60     556.90     556.40
     582.20     583.10     582.40     580.20     577.50     575.70     575.60     577.30     579.90     582.40
     583.70     583.90     583.50     583.10     582.70     582.10     580.90     578.90     576.50     574.50
     573.10     572.40     572.00     571.50     571.00     570.90     571.40     572.60     573.90     574.90
     575.00     574.50     573.50     572.80     572.40     572.50     572.80     573.20     573.40     573.30
     573.00     572.40     571.50     570.30     569.00     567.90     567.40     567.60     568.20     569.00
     569.60     569.90     570.00     570.00     570.00     570.00     570.10     570.20     570.30     570.30
     570.10     569.50     568.50     567.30     566.00     564.40     562.70     560.90     559.10     557.70
     556.90     556.70     556.80
     583.10     584.20     583.80     582.10     580.20     579.00     579.20     580.70     582.60     583.90
     584.10     583.60     582.80     582.30     582.20     581.90     581.00     579.50     577.90     576.90
     576.60     576.70     576.50     575.70     574.60     573.90     574.10     575.30     576.80     577.90
     578.10     577.40     576.20     575.10     574.40     574.20     574.50     574.90     575.00     574.80
     574.20     573.30     572.00     570.30     568.50     566.90     566.10     566.20     567.00     568.30
     569.50     570.60     571.40     572.10     572.50     572.70     572.70     572.50     572.20     571.90
     571.30     570.30     568.80     567.10     565.10     562.90     560.60     558.40     556.50     555.40
     555.20     555.70     556.60
     584.20     585.00     584.80     583.90     583.20     583.00     583.50     584.30     584.80     584.70
     584.00     583.00     582.40     582.30     582.50     582.50     582.00     581.10     580.20     579.80
     580.00     580.10     579.60     578.30     576.80     576.00     576.30     577.70     579.30     580.40
     580.70     580.00     578.70     577.40     576.60     576.40     576.80     577.30     577.40     577.00
     576.20     575.10     573.80     572.10     570.10     568.10     566.50     565.90     566.20     567.30
     568.80     570.60     572.50     574.20     575.50     576.30     576.40     576.20     575.90     575.30
     574.30     572.70     570.50     568.00     565.30     562.50     559.70     557.20     555.40     554.70
     555.10     556.40     558.00
     586.10     586.20     585.80     585.40     585.30     585.70     586.00     585.80     585.00     583.90
     583.00     582.60     582.90     583.60     584.40     584.90     585.00     584.70     584.40     584.40
     584.50     584.30     583.30     581.80     580.30     579.50     579.80     580.70     581.60     582.00
     581.80     581.10     580.00     578.90     578.20     578.20     578.70     579.40     579.50     579.00
     578.00     577.10     576.40     575.50     574.00     571.90     569.70     568.20     567.60     568.10
     569.60     571.80     574.50     577.20     579.30     580.50     581.00     581.00     580.80     580.30
     579.20     577.20     574.50     571.30     568.10     565.00     562.00     559.60     558.10     557.90
     558.90     560.60     562.50
     589.00     588.70     587.90     587.30     587.20     587.30     587.00     585.90     584.40     583.20
     582.80     583.50     584.80     586.30     587.40     588.30     588.80     589.00     589.30     589.50
     589.60     589.10     588.10     586.70     585.40     584.70     584.40     584.20     583.70     582.90
     582.20     581.50     580.80     580.00     579.20     579.00     579.50     580.00     580.10     579.60
     578.90     578.60     578.80     579.10     578.60     577.10     575.00     573.00     571.90     572.00
     573.20     575.50     578.40     581.20     583.20     584.40     584.90     585.20     585.50     585.40
     584.50     582.70     580.00     576.80     573.70     570.80     568.10     565.90     564.80     564.90
     566.10     567.80     569.50
     592.20     591.90     590.90     589.90     589.30     588.80     588.00     586.60     585.20     584.40
     584.70     586.10     587.90     589.40     590.50     591.30     591.80     592.30     592.70     593.00
     593.20     592.90     592.20     591.20     590.10     589.20     588.20     586.90     585.40     584.00
     583.10     582.70     582.30     581.60     580.50     579.70     579.50     579.70     579.70     579.50
     579.40     579.90     581.00     582.00     582.30     581.60     580.10     578.70     577.80     577.80
     578.80     580.80     583.10     585.20     586.60     587.30     587.70     588.20     588.90     589.20
     588.80     587.40     585.30     582.90     580.50     578.20     576.10     574.30     573.30     573.40
     574.50     575.90     577.20
     594.20     594.10     593.20     592.00     591.00     590.30     589.50     588.50     587.70     587.40
     588.00     589.30     590.70     591.90     592.60     593.10     593.40     593.60     593.90     594.20
     594.50     594.60     594.20     593.40     592.20     591.00     589.70     588.20     586.70     585.40
     584.80     584.70     584.50     583.70     582.40     581.00     580.10     580.00     580.20     580.60
     581.10     582.10     583.30     584.20     584.50     584.10     583.50     582.90     582.70     582.90
     583.80     585.20     586.90     588.20     589.10     589.50     590.00     590.70     591.50     591.90
     591.70     590.70     589.30     587.80     586.40     584.90     583.50     582.20     581.30     581.20
     581.80     582.60     583.40
     594.70     594.60     593.90     592.80     591.80     591.20     590.90     590.70     590.50     590.60
     590.90     591.60     592.40     593.10     593.50     593.70     593.80     593.70     593.70     593.90
     594.30     594.50     594.20     593.20     591.80     590.40     589.20     588.30     587.60     587.00
     586.70     586.70     586.50     585.70     584.40     582.90     582.00     581.80     582.20     583.00
     583.90     584.90     585.50     585.60     585.20     584.80     584.80     585.00     585.30     585.80
     586.60     587.70     589.00     590.00     590.70     591.30     592.00     592.80     593.50     593.80
     593.60     592.90     592.00     591.10     590.20     589.40     588.50     587.70     587.10     586.90
     587.00     587.30     587.60
     594.10     594.10     593.60     592.80     592.10     591.80     591.80     592.00     592.30     592.40
     592.50     592.70     592.90     593.20     593.40     593.40     593.30     593.00     592.80     593.00
     593.30     593.60     593.30     592.20     590.70     589.20     588.40     588.20     588.20     588.10
     587.90     587.90     587.70     587.10     586.10     585.00     584.20     584.10     584.50     585.30
     586.10     586.70     586.70     586.00     585.20     584.80     585.00     585.70     586.40     587.00
     587.80     588.90     590.00     591.00     591.80     592.50     593.20     594.00     594.50     594.70
     594.40     594.00     593.40     592.70     592.00     591.40     590.90     590.60     590.30     590.20
     590.10     590.10     590.20
     593.60     593.60     593.30     592.80     592.50     592.30     592.30     592.50     592.70     592.90
     592.90     592.80     592.60     592.50     592.40     592.20     591.90     591.60     591.40     591.60
     592.00     592.30     592.00     591.10     589.80     588.70     588.20     588.10     588.20     588.20
     588.30     588.30     588.40     588.10     587.40     586.60     585.90     585.70     585.90     586.30
     586.80     587.10     586.80     586.10     585.40     585.10     585.50     586.20     586.90     587.60
     588.50     589.50     590.60     591.50     592.10     592.70     593.20     593.70     594.00     594.10
     594.20     594.00     593.60     592.90     592.20     591.60     591.40     591.40     591.50     591.60
     591.60     591.60     591.50
     593.40     593.30     593.00     592.80     592.70     592.70     592.50     592.20     592.20     592.40
     592.50     592.40     591.90     591.30     590.80     590.50     590.10     589.90     589.90     590.20
     590.60     590.90     590.60     589.90     589.00     588.20     587.80     587.60     587.50     587.50
     587.70     588.30     588.80     588.80     588.20     587.40     586.80     586.60     586.70     586.70
     586.70     586.70     586.60     586.40     586.20     586.20     586.50     587.00     587.50     588.10
     588.90     589.80     590.60     591.30     591.70     592.10     592.50     592.70     592.70     592.90
     593.00     593.00     592.60     592.00     591.40     591.20     591.20     591.30     591.40     591.60
     591.70     591.70     591.60
     593.00     592.80     592.50     592.30     592.40     592.40     592.00     591.50     591.20     591.50
     591.70     591.50     590.60     589.70     589.10     588.80     588.70     588.60     588.80     589.20
     589.50     589.60     589.20     588.30     587.50     586.90     586.60     586.40     586.20     586.10
     586.50     587.40     588.30     588.60     588.10     587.50     587.10     587.20     587.20     587.10
     586.80     586.60     586.70     586.80     587.10     587.30     587.50     587.80     588.00     588.40
     589.10     589.70     590.20     590.60     591.00     591.40     591.70     591.80     591.80     591.80
     591.80     591.60     591.10     590.60     590.50     590.70     591.00     591.00     590.80     590.80
     590.90     590.90     590.70
     592.20     591.90     591.50     591.40     591.60     591.60     591.20     590.70     590.40     590.60
     590.70     590.20     589.10     588.10     587.60     587.70     587.90     587.90     588.10     588.50
     588.80     588.60     587.80     586.60     585.60     585.10     584.90     584.90     584.70     584.60
     584.90     585.70     586.60     587.10     587.00     586.80     586.80     587.20     587.30     587.10
     586.60     586.40     586.40     586.80     587.20     587.50     587.80     588.00     588.20     588.50
     589.00     589.50     589.70     589.80     590.20     590.70     591.20     591.40     591.30     591.20
     591.00     590.60     590.00     589.60     589.70     590.30     590.70     590.60     590.20     590.00
     590.00     590.10     589.80
     591.10     590.90     590.60     590.60     590.80     590.80     590.50     590.00     589.70     589.70
     589.50     588.80     587.70     586.90     586.80     587.20     587.50     587.50     587.60     587.80
     588.00     587.70     586.70     585.30     584.20     583.60     583.60     583.70     583.70     583.50
     583.50     584.00     584.70     585.30     585.50     585.70     586.00     586.50     586.60     586.30
     585.90     585.70     585.80     586.00     586.40     586.90     587.30     587.60     587.80     588.20
     588.70     589.10     589.30     589.30     589.50     590.00     590.60     590.80     590.80     590.70
     590.40     590.00     589.50     589.20     589.30     589.90     590.20     590.10     589.80     589.50
     589.50     589.60     589.40
     590.20     590.10     590.00     590.00     590.10     590.00     589.70     589.30     589.00     588.80
     588.30     587.50     586.60     586.20     586.40     586.90     587.30     587.20     587.10     587.10
     587.10     586.60     585.70     584.70     583.80     583.30     583.10     583.20     583.30     583.10
     583.00     583.10     583.50     584.00     584.40     584.80     585.20     585.60     585.60     585.40
     585.20     585.10     585.30     585.50     585.80     586.20     586.70     587.00     587.20     587.50
     588.00     588.60     588.80     588.90     589.00     589.30     589.80     590.00     590.00     590.00
     589.90     589.70     589.40     589.10     589.20     589.60     589.80     589.80     589.50     589.30
     589.30     589.30     589.20
     589.70     589.60     589.50     589.40     589.40     589.30     589.10     588.80     588.30     587.80
     587.20     586.60     586.10     586.10     586.40     586.90     587.10     587.10     587.00     586.80
     586.40     585.80     585.20     584.70     584.20     583.70     583.30     583.10     583.20     583.20
     583.10     583.20     583.40     583.70     583.90     584.30     584.80     585.10     585.20     585.10
     585.00     585.10     585.30     585.40     585.60     586.00     586.30     586.50     586.50     586.70
     587.10     587.80     588.20     588.30     588.40     588.70     589.10     589.30     589.30     589.30
     589.40     589.30     589.20     589.00     589.10     589.30     589.50     589.50     589.30     589.00
     588.80     588.80     588.70
     589.50     589.30     589.00     588.80     588.70     588.80     588.80     588.50     587.90     587.10
     586.50     586.30     586.30     586.50     586.70     586.90     586.90     586.90     587.00     586.80
     586.20     585.50     585.00     584.80     584.50     584.10     583.50     583.20     583.30     583.40
     583.50     583.50     583.60     583.60     583.70     584.10     584.60     585.00     585.20     585.10
     585.10     585.10     585.30     585.40     585.60     585.90     586.10     586.10     586.00     586.10
     586.60     587.20     587.60     587.80     587.90     588.10     588.40     588.70     588.80     588.80
     588.80     588.70     588.70     588.70     588.80     588.90     589.00     588.90     588.70     588.40
     588.20     588.20     588.20
     589.40     589.00     588.60     588.40     588.40     588.70     588.80     588.60     587.90     587.10
     586.50     586.50     586.90     587.10     587.00     586.70     586.50     586.50     586.60     586.60
     586.20     585.60     585.20     584.80     584.40     583.80     583.40     583.30     583.50     583.60
     583.60     583.50     583.50     583.50     583.60     583.80     584.30     584.70     584.90     584.90
     584.90     584.90     585.10     585.30     585.50     585.70     585.80     585.70     585.70     586.00
     586.40     587.00     587.30     587.40     587.40     587.50     587.70     588.00     588.10     588.10
     588.10     588.10     588.10     588.20     588.40     588.40     588.30     588.20     588.00     587.90
     587.90     587.90     588.00
     589.10     588.80     588.50     588.30     588.30     588.60     588.80     588.80     588.20     587.30
     586.90     587.00     587.30     587.30     587.00     586.50     586.10     586.00     586.00     586.00
     585.80     585.60     585.30     584.80     584.10     583.40     583.10     583.40     583.70     583.80
     583.50     583.20     583.20     583.40     583.60     583.80     583.90     584.10     584.30     584.50
     584.70     584.90     585.00     585.20     585.50     585.70     585.70     585.50     585.50     585.80
     586.30     586.90     587.10     587.10     587.00     587.00     587.20     587.30     587.40     587.40
     587.40     587.50     587.70     587.90     588.10     588.00     587.70     587.60     587.60     587.80
     587.80     587.90     588.00
     588.80     588.70     588.50     588.40     588.20     588.30     588.50     588.50     588.20     587.50
     587.10     587.10     587.30     587.20     586.90     586.50     586.20     585.90     585.60     585.40
     585.30     585.40     585.40     585.00     584.10     583.40     583.20     583.60     584.00     583.80
     583.40     583.00     583.10     583.50     583.80     583.90     583.80     583.60     583.80     584.40
     584.90     585.10     585.10     585.30     585.70     585.90     585.80     585.50     585.30     585.60
     586.10     586.70     587.00     587.10     587.10     587.10     587.20     587.20     587.10     586.90
     586.90     587.10     587.40     587.80     587.90     587.70     587.30     587.30     587.60     587.80
     587.70     587.60     587.60
