diamond 4 20年06月29日20时500百帕高度场
20 06 29  20  500 
2.500 -2.500  .0  180.0   90.0  .0
73  37
     553.20     553.20     553.20     553.20     553.20     553.20     553.20     553.20     553.20     553.20
     553.20     553.20     553.20     553.20     553.20     553.20     553.20     553.20     553.20     553.20
     553.20     553.20     553.20     553.20     553.20     553.20     553.20     553.20     553.20     553.20
     553.20     553.20     553.20     553.20     553.20     553.20     553.20     553.20     553.20     553.20
     553.20     553.20     553.20     553.20     553.20     553.20     553.20     553.20     553.20     553.20
     553.20     553.20     553.20     553.20     553.20     553.20     553.20     553.20     553.20     553.20
     553.20     553.20     553.20     553.20     553.20     553.20     553.20     553.20     553.20     553.20
     553.20     553.20     553.20
     555.60     555.40     555.10     554.80     554.60     554.30     554.00     553.80     553.50     553.30
     553.00     552.80     552.50     552.30     552.00     551.80     551.50     551.30     551.10     550.80
     550.60     550.40     550.10     549.90     549.70     549.50     549.30     549.10     548.90     548.70
     548.50     548.40     548.20     548.00     547.90     547.80     547.60     547.50     547.40     547.30
     547.20     547.10     547.00     547.00     546.90     546.90     546.90     546.90     546.90     546.90
     546.90     547.00     547.00     547.10     547.20     547.30     547.50     547.60     547.80     548.00
     548.20     548.40     548.60     548.80     549.10     549.40     549.60     549.90     550.20     550.50
     550.90     551.20     551.50
     557.20     556.80     556.40     555.90     555.50     555.20     554.80     554.40     554.00     553.70
     553.40     553.00     552.70     552.40     552.10     551.80     551.50     551.20     550.90     550.60
     550.40     550.10     549.90     549.60     549.40     549.10     548.90     548.60     548.40     548.20
     548.00     547.70     547.50     547.30     547.10     546.90     546.70     546.50     546.30     546.10
     545.90     545.70     545.50     545.30     545.20     545.00     544.90     544.70     544.60     544.50
     544.50     544.50     544.50     544.50     544.60     544.70     544.80     545.00     545.30     545.50
     545.90     546.20     546.60     547.00     547.50     548.00     548.50     549.00     549.50     550.10
     550.60     551.20     551.80
     556.50     555.90     555.30     554.80     554.20     553.80     553.30     553.00     552.60     552.30
     552.00     551.80     551.50     551.40     551.20     551.10     550.90     550.80     550.80     550.70
     550.70     550.60     550.60     550.60     550.60     550.60     550.60     550.60     550.70     550.70
     550.70     550.80     550.80     550.80     550.80     550.80     550.80     550.70     550.60     550.50
     550.40     550.20     550.00     549.70     549.40     549.10     548.80     548.40     548.10     547.80
     547.50     547.20     547.00     546.80     546.70     546.70     546.70     546.80     547.00     547.20
     547.60     548.00     548.40     549.00     549.50     550.10     550.70     551.40     552.00     552.60
     553.30     553.90     554.50
     553.40     552.40     551.50     550.70     550.00     549.40     548.90     548.40     548.10     547.80
     547.70     547.60     547.60     547.70     547.80     548.10     548.30     548.70     549.00     549.40
     549.90     550.30     550.80     551.20     551.70     552.20     552.70     553.20     553.70     554.20
     554.70     555.20     555.70     556.20     556.70     557.20     557.60     557.90     558.20     558.40
     558.50     558.50     558.40     558.20     557.90     557.50     557.00     556.50     555.90     555.20
     554.60     554.00     553.40     552.90     552.40     552.10     551.90     551.80     551.80     552.00
     552.30     552.60     553.10     553.60     554.10     554.70     555.30     555.80     556.40     556.90
     557.30     557.70     558.00
     549.80     548.50     547.30     546.20     545.20     544.40     543.60     543.00     542.60     542.30
     542.20     542.20     542.40     542.70     543.20     543.80     544.60     545.40     546.30     547.20
     548.10     549.10     550.00     550.90     551.80     552.70     553.60     554.60     555.50     556.40
     557.40     558.40     559.50     560.50     561.50     562.50     563.50     564.40     565.20     565.80
     566.40     566.70     566.90     567.00     566.80     566.50     566.00     565.30     564.50     563.60
     562.70     561.70     560.70     559.80     558.90     558.20     557.60     557.20     557.00     557.00
     557.00     557.20     557.50     557.80     558.20     558.50     558.70     559.00     559.10     559.30
     559.30     559.40     559.40
     549.50     548.00     546.60     545.20     544.00     542.90     542.00     541.20     540.60     540.10
     539.90     539.80     540.00     540.30     540.80     541.50     542.40     543.30     544.40     545.40
     546.50     547.60     548.60     549.60     550.60     551.50     552.40     553.40     554.50     555.70
     556.90     558.30     559.80     561.40     563.00     564.60     566.10     567.50     568.90     570.10
     571.10     571.90     572.60     573.00     573.20     573.20     573.00     572.50     571.80     570.80
     569.70     568.40     567.00     565.50     564.10     562.90     561.70     560.80     560.10     559.60
     559.20     559.00     558.80     558.70     558.50     558.20     557.90     557.50     557.10     556.70
     556.40     556.10     556.00
     553.60     552.20     550.80     549.50     548.30     547.20     546.30     545.50     544.80     544.20
     543.80     543.40     543.20     543.10     543.10     543.30     543.60     544.00     544.50     545.10
     545.70     546.30     546.90     547.40     547.80     548.30     548.90     549.60     550.60     551.80
     553.30     555.00     557.00     559.20     561.40     563.60     565.80     567.80     569.70     571.40
     572.90     574.20     575.30     576.20     576.90     577.30     577.60     577.50     577.00     576.20
     575.10     573.60     571.80     569.80     567.80     565.70     563.80     562.10     560.60     559.30
     558.30     557.30     556.50     555.60     554.60     553.50     552.30     551.20     550.00     549.10
     548.30     548.00     548.00
     559.00     557.90     556.80     555.80     554.90     554.20     553.70     553.20     552.80     552.40
     551.90     551.30     550.50     549.70     548.80     547.90     547.10     546.50     546.10     545.80
     545.60     545.40     545.30     545.10     544.90     544.80     544.80     545.10     545.90     547.10
     548.70     550.90     553.40     556.20     559.10     562.00     564.80     567.40     569.80     571.80
     573.60     575.10     576.40     577.50     578.50     579.30     579.90     580.20     580.10     579.60
     578.70     577.20     575.30     572.90     570.40     567.60     564.90     562.40     560.10     558.00
     556.20     554.40     552.80     551.10     549.20     547.30     545.20     543.20     541.40     539.80
     538.80     538.30     538.60
     560.50     559.80     559.20     558.70     558.50     558.50     558.70     559.10     559.40     559.50
     559.30     558.70     557.50     556.00     554.20     552.30     550.40     548.80     547.60     546.60
     545.90     545.30     544.80     544.20     543.50     543.00     542.60     542.50     543.00     544.20
     545.90     548.40     551.30     554.60     558.10     561.50     564.80     567.90     570.50     572.70
     574.50     576.00     577.10     577.90     578.70     579.30     579.80     580.30     580.50     580.40
     579.80     578.70     577.10     574.90     572.40     569.50     566.60     563.70     561.00     558.40
     556.10     553.80     551.50     549.20     546.70     544.10     541.40     538.70     536.30     534.20
     532.70     531.90     531.90
     555.80     555.60     555.80     556.20     556.90     557.90     559.10     560.40     561.70     562.60
     563.10     562.80     561.70     559.90     557.60     555.10     552.60     550.30     548.60     547.30
     546.50     545.90     545.30     544.70     543.90     543.10     542.50     542.20     542.50     543.50
     545.30     547.80     550.90     554.50     558.20     562.00     565.70     569.00     571.90     574.20
     575.80     576.90     577.50     577.70     577.80     577.80     577.90     578.20     578.50     578.70
     578.60     578.20     577.20     575.80     573.80     571.50     569.10     566.50     564.00     561.60
     559.20     556.90     554.50     552.00     549.40     546.60     543.70     540.80     538.00     535.50
     533.40     531.90     531.20
     547.60     548.50     549.80     551.40     553.20     555.20     557.30     559.50     561.60     563.40
     564.60     564.90     564.30     562.70     560.40     557.60     554.70     552.00     549.80     548.20
     547.10     546.40     545.80     545.10     544.30     543.40     542.50     542.00     542.10     543.00
     544.90     547.50     550.80     554.60     558.70     562.70     566.70     570.30     573.40     575.70
     577.20     577.90     577.90     577.30     576.60     575.90     575.50     575.50     575.80     576.30
     576.60     576.70     576.30     575.40     574.00     572.30     570.50     568.70     567.00     565.30
     563.60     561.90     560.00     557.90     555.70     553.40     550.90     548.40     545.80     543.30
     540.80     538.70     537.00
     541.60     543.60     546.20     549.00     551.80     554.50     557.20     559.80     562.40     564.70
     566.50     567.40     567.20     565.90     563.80     560.90     557.70     554.60     551.70     549.40
     547.70     546.50     545.50     544.70     543.70     542.60     541.60     540.90     541.00     542.00
     544.10     547.10     550.80     554.90     559.30     563.80     568.00     571.90     575.10     577.40
     578.60     578.80     578.00     576.80     575.50     574.40     573.80     573.80     574.20     574.80
     575.20     575.30     574.70     573.60     572.10     570.40     568.90     567.70     566.80     566.30
     565.80     565.20     564.40     563.30     562.00     560.60     559.00     557.30     555.50     553.50
     551.30     549.10     547.10
     541.70     544.20     547.30     550.50     553.50     556.30     559.20     562.00     564.90     567.40
     569.30     570.30     570.20     569.10     567.00     564.30     561.10     557.60     554.30     551.30
     548.90     547.20     546.00     545.00     544.10     543.00     542.00     541.40     541.50     542.80
     545.20     548.60     552.60     557.00     561.60     566.20     570.50     574.30     577.40     579.20
     579.80     579.30     577.80     576.00     574.40     573.20     572.70     572.90     573.40     574.00
     574.30     573.90     572.70     570.70     568.40     566.20     564.50     563.50     563.40     563.80
     564.60     565.20     565.60     565.60     565.30     564.80     564.30     563.70     562.90     561.90
     560.60     559.10     557.60
     547.80     549.70     552.00     554.30     556.60     559.00     561.70     564.80     567.90     570.50
     572.20     572.70     572.10     570.70     568.70     566.30     563.60     560.60     557.50     554.60
     552.20     550.50     549.50     548.90     548.40     547.80     547.00     546.60     547.00     548.50
     551.00     554.40     558.10     562.10     566.10     570.10     574.00     577.40     579.80     581.00
     580.80     579.40     577.40     575.20     573.50     572.30     571.90     572.10     572.60     573.00
     573.00     572.20     570.50     568.00     565.10     562.40     560.50     559.60     559.80     560.70
     561.90     563.00     563.80     564.50     565.00     565.50     566.00     566.50     566.80     566.80
     566.50     566.00     565.60
     557.40     557.90     558.50     559.10     560.10     561.80     564.40     567.70     571.00     573.60
     574.80     574.60     573.20     571.20     569.20     567.40     565.60     563.80     561.80     559.70
     557.90     556.80     556.50     556.60     556.70     556.60     556.30     556.20     556.80     558.30
     560.60     563.20     565.80     568.30     570.90     573.90     577.00     579.90     581.80     582.40
     581.50     579.60     577.30     575.20     573.50     572.40     571.80     571.60     571.70     571.80
     571.50     570.70     569.00     566.70     564.10     561.70     560.00     559.30     559.30     559.80
     560.20     560.50     560.80     561.50     562.60     564.20     566.00     567.70     569.00     569.70
     570.10     570.20     570.40
     568.00     567.20     566.30     565.50     565.40     566.40     568.70     571.70     574.60     576.70
     577.30     576.50     574.60     572.40     570.50     569.20     568.40     567.70     566.90     565.70
     564.70     564.20     564.40     564.90     565.50     565.60     565.60     565.70     566.40     567.70
     569.40     570.70     571.60     572.30     573.40     575.30     578.10     580.80     582.70     583.10
     582.00     580.00     577.90     576.00     574.70     573.70     572.90     572.30     571.80     571.40
     571.00     570.30     569.00     567.10     565.10     563.50     562.50     562.10     561.80     561.20
     560.00     558.80     558.10     558.60     560.60     563.60     566.90     569.80     571.90     572.90
     573.30     573.40     573.40
     577.70     576.50     575.10     573.80     573.20     573.60     574.90     576.70     578.30     579.30
     579.30     578.30     576.60     574.80     573.30     572.40     572.00     571.80     571.50     570.90
     570.30     570.00     570.20     570.70     571.20     571.30     571.30     571.50     572.20     573.30
     574.20     574.20     573.50     572.60     572.60     574.20     577.20     580.40     582.60     583.10
     582.00     580.10     578.20     576.80     575.80     575.00     574.10     573.30     572.60     572.20
     571.80     571.10     569.90     568.20     566.60     565.40     565.00     565.00     564.60     563.20
     560.90     558.50     557.30     558.10     561.20     565.70     570.40     574.00     576.10     576.90
     576.80     576.50     576.00
     584.90     584.10     583.00     582.10     581.60     581.40     581.40     581.30     581.00     580.50
     579.80     579.10     578.30     577.40     576.40     575.70     575.20     575.00     574.70     574.10
     573.50     573.00     572.90     573.10     573.40     573.50     573.50     573.80     574.50     575.40
     575.80     575.00     573.20     571.50     571.10     572.80     576.10     579.70     582.20     582.80
     581.70     579.80     577.90     576.50     575.40     574.50     573.60     572.90     572.50     572.40
     572.40     572.00     570.90     569.30     567.60     566.50     566.30     566.50     566.30     565.00
     562.70     560.50     559.90     561.70     565.90     571.20     576.10     579.30     580.70     580.70
     580.20     579.60     578.80
     589.20     588.70     588.30     587.90     587.60     587.10     586.10     584.40     582.40     580.60
     579.50     579.10     579.10     578.90     578.40     577.70     577.10     576.80     576.50     575.90
     575.20     574.40     574.00     574.10     574.30     574.60     574.80     575.20     576.10     577.00
     577.30     576.40     574.50     572.60     572.00     573.50     576.60     580.00     582.30     582.80
     581.80     579.90     577.90     576.10     574.40     572.90     571.60     570.70     570.50     570.80
     571.40     571.80     571.50     570.60     569.30     568.30     567.90     568.00     568.00     567.40
     566.20     565.40     566.10     568.90     573.50     578.50     582.50     584.60     584.90     584.10
     583.10     582.40     581.60
     591.50     591.10     590.80     590.70     590.50     589.80     588.40     586.20     583.70     581.50
     580.20     579.70     579.80     579.80     579.50     578.90     578.40     578.20     578.10     577.70
     576.90     576.10     575.50     575.50     575.90     576.40     577.00     577.60     578.50     579.50
     580.00     579.60     578.30     576.70     575.90     576.70     578.60     581.00     582.80     583.40
     582.90     581.50     579.60     577.40     575.00     572.80     570.80     569.30     568.50     568.50
     569.40     570.80     572.10     572.80     572.80     572.30     571.80     571.50     571.50     571.40
     571.50     572.10     574.00     577.30     581.30     585.20     587.80     588.70     588.30     587.20
     586.00     585.10     584.10
     593.20     592.80     592.40     592.00     591.60     590.80     589.50     587.70     585.60     583.80
     582.50     581.90     581.80     581.60     581.20     580.80     580.50     580.50     580.50     580.20
     579.50     578.70     578.20     578.20     578.80     579.60     580.20     580.80     581.50     582.30
     583.00     583.20     582.60     581.40     580.50     580.20     580.90     582.10     583.40     584.30
     584.50     584.00     582.60     580.60     578.20     575.80     573.40     571.20     569.40     568.60
     569.00     570.80     573.30     575.70     577.20     577.50     577.10     576.60     576.40     576.60
     577.50     579.10     581.50     584.40     587.30     589.60     590.90     591.30     590.90     590.00
     588.80     587.60     586.10
     594.90     594.60     594.10     593.40     592.50     591.60     590.50     589.30     587.90     586.70
     585.80     585.40     585.20     585.00     584.70     584.30     584.00     583.80     583.70     583.40
     582.80     582.10     581.70     581.90     582.60     583.40     584.00     584.30     584.40     584.60
     585.00     585.20     585.00     584.30     583.20     582.40     582.10     582.60     583.60     584.70
     585.60     585.80     585.20     583.90     582.20     580.40     578.50     576.30     574.10     572.50
     572.10     573.40     576.00     578.80     580.80     581.70     581.70     581.30     581.30     581.80
     583.10     585.00     587.20     589.30     590.90     591.80     592.30     592.50     592.40     591.80
     590.70     589.20     587.50
     595.80     595.70     595.20     594.40     593.40     592.50     591.60     590.80     590.00     589.30
     589.00     588.90     589.00     589.00     588.80     588.50     588.10     587.70     587.20     586.70
     586.10     585.60     585.40     585.60     586.30     587.00     587.40     587.40     587.00     586.50
     586.20     586.00     585.80     585.10     584.20     583.30     582.80     582.90     583.70     584.70
     585.60     586.10     586.00     585.60     584.90     584.20     583.30     582.00     580.40     578.80
     578.10     578.60     580.10     581.90     583.30     584.10     584.40     584.70     585.10     586.00
     587.40     589.10     590.90     592.30     593.00     593.10     593.00     592.90     592.80     592.40
     591.30     590.00     588.70
     595.40     595.40     595.00     594.30     593.60     593.00     592.60     592.20     591.70     591.40
     591.40     591.70     592.00     592.20     592.10     591.80     591.30     590.80     590.20     589.50
     588.90     588.40     588.10     588.20     588.70     589.30     589.70     589.50     588.80     587.90
     587.20     586.60     586.10     585.50     584.70     584.00     583.70     583.80     584.30     584.90
     585.40     585.80     586.10     586.20     586.20     586.10     586.00     585.70     585.20     584.60
     584.30     584.30     584.70     585.30     585.70     586.00     586.40     586.90     587.60     588.60
     589.80     591.20     592.50     593.50     593.90     593.80     593.30     593.00     592.70     592.30
     591.50     590.60     590.00
     594.50     594.30     593.90     593.30     592.90     592.90     593.00     593.00     592.80     592.80
     592.90     593.30     593.50     593.60     593.40     593.20     592.90     592.50     592.00     591.20
     590.40     589.70     589.20     589.10     589.40     589.80     590.00     589.70     589.10     588.40
     587.70     587.10     586.50     585.90     585.20     584.80     584.70     584.90     585.20     585.40
     585.60     586.00     586.60     587.10     587.30     587.30     587.20     587.30     587.50     587.80
     588.00     588.30     588.40     588.40     588.40     588.40     588.40     588.60     589.00     589.60
     590.50     591.50     592.50     593.30     593.80     593.80     593.40     593.00     592.70     592.30
     591.80     591.50     591.30
     593.70     593.40     592.70     592.20     592.10     592.40     592.60     592.70     592.70     592.80
     593.10     593.40     593.60     593.50     593.40     593.30     593.20     592.90     592.40     591.60
     590.70     589.70     589.10     588.80     588.80     588.90     588.70     588.30     587.80     587.40
     587.00     586.70     586.30     585.80     585.30     585.00     585.10     585.40     585.70     585.70
     585.90     586.40     587.30     588.10     588.40     588.20     588.10     588.10     588.40     588.70
     589.20     589.70     590.10     590.50     590.60     590.60     590.30     589.80     589.50     589.60
     590.30     591.20     592.00     592.70     593.10     593.20     593.10     592.80     592.60     592.40
     592.30     592.20     592.10
     593.20     592.60     592.00     591.70     591.70     591.80     591.80     591.60     591.30     591.50
     592.00     592.40     592.70     592.80     592.90     592.90     592.90     592.50     591.90     591.10
     590.30     589.40     588.60     588.10     587.90     587.70     587.20     586.50     586.00     585.60
     585.50     585.30     585.20     585.00     584.60     584.30     584.40     584.80     585.20     585.40
     585.60     586.20     587.10     588.00     588.40     588.50     588.60     588.70     588.80     588.80
     589.00     589.60     590.30     590.90     591.40     591.40     591.00     590.20     589.40     589.40
     590.10     591.10     591.90     592.30     592.40     592.50     592.40     592.20     592.10     592.10
     592.20     592.20     592.00
     592.50     591.90     591.50     591.40     591.60     591.50     591.10     590.40     589.90     590.00
     590.50     591.10     591.50     591.80     592.10     592.20     592.00     591.60     591.00     590.50
     589.90     589.20     588.40     587.80     587.40     586.90     586.30     585.50     584.90     584.40
     584.10     584.00     584.00     584.10     583.80     583.40     583.30     583.80     584.30     584.70
     584.90     585.30     585.90     586.60     587.00     587.40     588.10     588.80     589.00     588.90
     588.90     589.40     590.10     590.50     590.70     590.60     590.40     589.80     589.10     589.10
     589.80     590.80     591.50     591.80     591.70     591.60     591.40     591.30     591.20     591.30
     591.50     591.60     591.60
     591.60     591.20     591.10     591.20     591.40     591.20     590.60     589.80     589.20     589.20
     589.50     590.00     590.30     590.60     590.80     590.90     590.70     590.40     590.10     589.90
     589.70     589.10     588.40     587.80     587.30     586.70     586.10     585.40     584.80     584.10
     583.60     583.30     583.50     583.80     583.60     583.10     582.70     583.00     583.60     584.10
     584.30     584.50     584.80     585.00     585.10     585.70     586.90     588.10     588.70     588.80
     588.90     589.50     590.00     590.00     589.60     589.30     589.30     589.10     588.70     588.60
     589.00     589.80     590.30     590.50     590.40     590.30     590.30     590.30     590.30     590.40
     590.60     590.90     591.10
     591.00     590.90     590.80     590.90     590.80     590.50     589.90     589.30     589.00     589.00
     589.10     589.20     589.30     589.30     589.40     589.40     589.40     589.30     589.30     589.10
     588.90     588.50     588.00     587.60     587.20     586.70     586.10     585.50     585.00     584.30
     583.60     583.20     583.40     583.90     583.90     583.30     582.70     582.80     583.30     583.70
     583.90     584.10     584.30     584.30     584.30     584.80     586.10     587.40     588.10     588.20
     588.50     589.30     589.80     589.70     589.00     588.60     588.60     588.60     588.40     588.10
     588.20     588.50     588.80     588.80     588.80     588.90     589.20     589.40     589.50     589.60
     589.90     590.10     590.40
     590.50     590.60     590.50     590.30     589.90     589.30     588.80     588.50     588.50     588.50
     588.50     588.50     588.50     588.40     588.40     588.50     588.60     588.60     588.40     588.00
     587.60     587.20     586.90     586.80     586.70     586.50     586.00     585.50     585.20     584.70
     584.00     583.60     583.70     584.10     584.10     583.60     583.10     583.00     583.30     583.50
     583.60     583.90     584.30     584.60     584.70     585.20     586.20     587.40     587.80     587.70
     587.90     588.60     589.30     589.30     588.90     588.50     588.40     588.40     588.30     588.10
     588.10     588.10     588.00     587.80     587.70     587.90     588.20     588.50     588.70     588.80
     588.90     589.10     589.20
     589.70     589.90     589.90     589.60     588.90     588.20     587.70     587.50     587.50     587.50
     587.60     587.70     587.90     588.10     588.10     588.20     588.20     588.00     587.60     587.00
     586.40     586.00     585.80     585.90     586.00     585.90     585.80     585.60     585.50     585.20
     584.80     584.30     584.10     584.20     584.20     584.00     583.70     583.60     583.60     583.50
     583.50     583.80     584.50     585.10     585.60     586.20     587.00     587.70     587.80     587.50
     587.40     587.80     588.40     588.70     588.70     588.60     588.40     588.30     588.20     588.40
     588.60     588.60     588.20     587.70     587.50     587.50     587.70     587.80     587.80     587.80
     587.80     588.00     588.10
     589.00     589.10     589.10     589.00     588.50     587.80     587.30     587.00     586.80     586.60
     586.70     587.00     587.50     587.80     588.00     588.00     587.90     587.50     587.10     586.60
     586.20     585.80     585.50     585.20     585.30     585.50     585.60     585.70     585.80     585.80
     585.60     585.20     584.80     584.60     584.40     584.30     584.20     584.20     584.10     584.00
     584.00     584.30     584.90     585.60     586.30     586.90     587.40     587.70     587.60     587.40
     587.30     587.50     587.70     587.90     588.10     588.10     588.00     587.80     587.80     588.20
     588.60     588.60     588.20     587.80     587.60     587.60     587.50     587.40     587.10     587.00
     587.10     587.30     587.40
     589.00     588.80     588.80     588.80     588.50     588.10     587.50     587.00     586.50     586.20
     586.20     586.50     587.10     587.50     587.70     587.70     587.50     587.10     586.90     586.80
     586.80     586.50     585.90     585.30     585.10     585.30     585.60     585.80     585.80     585.90
     586.00     585.80     585.40     585.00     584.80     584.70     584.70     584.60     584.70     584.90
     585.10     585.30     585.60     586.00     586.60     587.00     587.20     587.10     587.00     587.10
     587.30     587.50     587.40     587.20     587.20     587.30     587.30     587.00     587.00     587.30
     587.70     587.90     587.70     587.50     587.50     587.60     587.50     587.20     586.90     586.80
     586.80     586.90     587.10
     589.20     589.00     588.80     588.70     588.60     588.30     587.80     587.20     586.60     586.20
     586.10     586.40     586.90     587.30     587.60     587.60     587.40     587.10     587.00     587.00
     587.20     587.00     586.40     585.80     585.50     585.60     585.70     585.60     585.50     585.50
     585.80     585.90     585.80     585.50     585.20     585.20     585.10     585.00     585.20     585.60
     586.10     586.20     586.00     586.00     586.40     586.80     586.80     586.60     586.50     586.90
     587.30     587.50     587.20     586.80     586.70     586.70     586.70     586.40     586.20     586.30
     586.70     587.10     587.20     587.20     587.30     587.30     587.20     587.00     586.70     586.50
     586.40     586.40     586.50
     588.90     588.70     588.50     588.40     588.30     588.10     587.80     587.40     586.90     586.50
     586.40     586.70     587.10     587.60     587.90     587.90     587.70     587.40     587.10     586.90
     586.80     586.60     586.40     586.20     586.00     585.80     585.60     585.40     585.30     585.40
     585.80     586.10     586.10     585.90     585.80     585.70     585.50     585.40     585.50     586.10
     586.60     586.50     586.00     585.70     586.00     586.50     586.70     586.70     586.70     587.00
     587.40     587.50     587.30     587.00     586.80     586.80     586.70     586.40     586.10     586.10
     586.50     587.00     587.20     587.20     587.10     587.00     586.70     586.50     586.20     586.00
     585.70     585.60     585.70
