diamond 4 20年06月30日8时500百帕高度场
20 06 30  8  500 
2.500 -2.500  .0  180.0   90.0  .0
73  37
     554.10     554.10     554.10     554.10     554.10     554.10     554.10     554.10     554.10     554.10
     554.10     554.10     554.10     554.10     554.10     554.10     554.10     554.10     554.10     554.10
     554.10     554.10     554.10     554.10     554.10     554.10     554.10     554.10     554.10     554.10
     554.10     554.10     554.10     554.10     554.10     554.10     554.10     554.10     554.10     554.10
     554.10     554.10     554.10     554.10     554.10     554.10     554.10     554.10     554.10     554.10
     554.10     554.10     554.10     554.10     554.10     554.10     554.10     554.10     554.10     554.10
     554.10     554.10     554.10     554.10     554.10     554.10     554.10     554.10     554.10     554.10
     554.10     554.10     554.10
     555.90     555.60     555.40     555.10     554.80     554.50     554.20     554.00     553.70     553.40
     553.20     552.90     552.70     552.40     552.20     552.00     551.80     551.50     551.30     551.10
     550.90     550.70     550.50     550.40     550.20     550.00     549.80     549.70     549.50     549.40
     549.20     549.10     549.00     548.90     548.70     548.60     548.50     548.40     548.30     548.30
     548.20     548.10     548.10     548.00     548.00     548.00     548.00     548.00     548.00     548.00
     548.00     548.10     548.10     548.20     548.30     548.40     548.50     548.60     548.80     549.00
     549.10     549.30     549.50     549.70     550.00     550.20     550.50     550.80     551.00     551.30
     551.60     552.00     552.30
     556.70     556.20     555.70     555.30     554.80     554.40     554.00     553.60     553.30     552.90
     552.60     552.30     552.00     551.80     551.50     551.30     551.10     550.90     550.80     550.60
     550.40     550.30     550.20     550.10     549.90     549.80     549.70     549.60     549.50     549.40
     549.30     549.20     549.10     549.00     548.90     548.80     548.70     548.50     548.40     548.30
     548.20     548.10     548.00     547.80     547.70     547.60     547.50     547.40     547.30     547.20
     547.10     547.00     547.00     546.90     546.90     546.90     547.00     547.00     547.10     547.30
     547.50     547.70     547.90     548.20     548.50     548.80     549.20     549.60     550.10     550.50
     551.00     551.50     552.00
     556.20     555.50     554.90     554.20     553.70     553.10     552.60     552.20     551.80     551.50
     551.30     551.10     550.90     550.80     550.70     550.70     550.70     550.80     550.90     551.00
     551.10     551.30     551.40     551.60     551.70     551.90     552.10     552.20     552.40     552.60
     552.80     552.90     553.10     553.20     553.40     553.50     553.70     553.80     553.90     553.90
     554.00     554.00     553.90     553.90     553.70     553.60     553.40     553.10     552.90     552.50
     552.20     551.90     551.50     551.20     550.90     550.60     550.40     550.20     550.10     550.00
     550.00     550.10     550.30     550.50     550.70     551.00     551.40     551.80     552.20     552.70
     553.20     553.60     554.10
     554.00     553.00     552.00     551.10     550.40     549.70     549.10     548.60     548.20     547.90
     547.70     547.60     547.60     547.70     547.90     548.20     548.50     548.80     549.20     549.60
     550.10     550.60     551.10     551.60     552.10     552.60     553.10     553.70     554.30     554.90
     555.50     556.10     556.80     557.50     558.10     558.80     559.50     560.10     560.80     561.30
     561.80     562.20     562.50     562.70     562.80     562.70     562.50     562.10     561.60     561.10
     560.40     559.60     558.80     558.00     557.30     556.50     555.90     555.30     554.90     554.50
     554.30     554.20     554.20     554.40     554.60     554.90     555.30     555.60     556.00     556.50
     556.80     557.20     557.50
     549.70     548.30     547.00     545.80     544.80     543.90     543.20     542.70     542.40     542.20
     542.10     542.20     542.40     542.80     543.10     543.60     544.10     544.60     545.10     545.70
     546.30     546.90     547.50     548.10     548.80     549.60     550.40     551.30     552.30     553.30
     554.50     555.70     557.00     558.30     559.70     561.10     562.50     563.90     565.30     566.60
     567.70     568.80     569.60     570.20     570.60     570.80     570.70     570.30     569.60     568.70
     567.70     566.40     565.10     563.70     562.40     561.20     560.10     559.10     558.40     557.80
     557.50     557.30     557.30     557.40     557.60     557.90     558.20     558.60     558.90     559.20
     559.40     559.60     559.70
     545.40     543.60     541.90     540.50     539.40     538.50     537.80     537.50     537.40     537.50
     537.80     538.20     538.70     539.20     539.80     540.30     540.70     541.00     541.30     541.60
     541.90     542.10     542.50     542.90     543.40     544.10     545.00     546.10     547.40     548.90
     550.50     552.30     554.20     556.20     558.20     560.30     562.40     564.50     566.50     568.50
     570.30     571.90     573.30     574.50     575.40     575.90     576.00     575.80     575.10     574.10
     572.70     571.10     569.30     567.50     565.70     564.00     562.60     561.40     560.50     559.80
     559.40     559.20     559.10     559.10     559.10     559.10     559.10     559.00     558.90     558.80
     558.70     558.50     558.40
     544.60     542.50     540.60     539.10     537.90     537.10     536.70     536.70     537.00     537.60
     538.40     539.30     540.10     540.80     541.30     541.60     541.70     541.50     541.20     540.70
     540.20     539.70     539.40     539.30     539.40     539.80     540.50     541.60     543.10     544.80
     546.90     549.10     551.50     553.90     556.50     559.00     561.40     563.80     566.20     568.40
     570.60     572.60     574.50     576.10     577.50     578.50     579.10     579.20     578.80     577.90
     576.50     574.80     572.70     570.60     568.40     566.40     564.60     563.20     562.10     561.40
     560.90     560.50     560.10     559.70     559.10     558.30     557.40     556.30     555.30     554.30
     553.50     552.90     552.60
     548.60     546.40     544.40     542.80     541.70     541.00     540.90     541.20     542.00     543.00
     544.20     545.30     546.30     547.00     547.30     547.10     546.60     545.70     544.60     543.30
     542.00     540.80     539.70     539.00     538.60     538.70     539.10     540.10     541.50     543.30
     545.40     547.90     550.50     553.20     556.00     558.70     561.30     563.80     566.10     568.40
     570.60     572.70     574.70     576.60     578.30     579.70     580.80     581.40     581.40     580.90
     579.70     578.00     575.90     573.40     570.90     568.40     566.20     564.30     562.90     561.80
     561.00     560.20     559.40     558.30     556.90     555.20     553.10     550.90     548.80     546.90
     545.40     544.40     543.90
     553.60     551.60     549.80     548.40     547.40     547.00     547.10     547.70     548.80     550.10
     551.40     552.60     553.40     553.80     553.60     552.90     551.70     550.10     548.30     546.50
     544.80     543.20     541.90     540.90     540.30     539.90     540.00     540.50     541.40     542.90
     544.80     547.20     549.90     552.90     555.90     559.00     561.90     564.70     567.20     569.50
     571.60     573.50     575.40     577.00     578.60     579.90     581.00     581.80     582.10     582.00
     581.20     579.70     577.60     575.00     572.10     569.10     566.20     563.70     561.70     560.00
     558.80     557.60     556.40     554.80     552.90     550.60     548.00     545.20     542.60     540.30
     538.60     537.60     537.20
     554.30     552.80     551.60     550.80     550.40     550.60     551.20     552.30     553.70     555.30
     556.70     557.80     558.40     558.40     557.70     556.40     554.60     552.40     550.20     548.10
     546.30     544.80     543.70     542.80     542.00     541.40     540.90     540.60     540.80     541.50
     542.80     545.00     547.80     551.20     554.90     558.80     562.50     566.00     569.00     571.60
     573.80     575.40     576.80     577.80     578.50     579.10     579.70     580.10     580.40     580.40
     580.00     579.00     577.40     575.00     572.10     568.80     565.50     562.50     559.80     557.70
     556.00     554.70     553.30     551.90     550.10     548.00     545.70     543.30     541.10     539.30
     538.10     537.40     537.20
     549.70     548.80     548.50     548.70     549.40     550.60     552.20     554.00     556.00     558.00
     559.70     561.00     561.70     561.50     560.50     558.80     556.40     553.80     551.10     548.70
     546.70     545.30     544.20     543.50     542.80     542.10     541.10     540.20     539.50     539.40
     540.20     542.10     545.20     549.20     553.80     558.70     563.40     567.70     571.30     574.20
     576.30     577.60     578.30     578.40     578.20     577.90     577.60     577.40     577.50     577.60
     577.60     577.20     576.10     574.40     571.90     568.80     565.60     562.50     559.80     557.70
     556.10     554.80     553.80     552.80     551.70     550.40     549.00     547.60     546.40     545.40
     544.90     544.60     544.70
     544.30     543.90     544.40     545.60     547.50     549.70     552.20     554.70     557.30     559.80
     562.00     563.70     564.70     564.80     563.90     562.00     559.40     556.20     552.90     549.80
     547.30     545.40     544.30     543.70     543.30     542.80     542.00     540.90     540.00     539.70
     540.40     542.40     545.80     550.20     555.40     560.80     565.90     570.30     573.90     576.50
     578.10     578.90     578.90     578.40     577.70     576.80     576.10     575.70     575.70     575.80
     576.00     575.80     575.10     573.60     571.40     568.70     566.00     563.50     561.40     559.90
     558.90     558.20     557.60     557.10     556.60     556.20     555.80     555.40     555.20     555.00
     554.90     554.90     555.00
     543.80     543.60     544.50     546.20     548.40     551.00     553.60     556.20     558.80     561.50
     564.00     566.20     567.70     568.30     567.70     566.00     563.40     559.90     556.00     552.20
     548.80     546.20     544.80     544.30     544.50     544.80     545.00     544.80     544.70     544.90
     546.00     548.30     551.70     556.10     561.00     565.90     570.30     574.00     576.70     578.30
     579.00     578.90     578.20     577.30     576.40     575.70     575.20     575.10     575.20     575.30
     575.30     574.70     573.40     571.50     569.00     566.50     564.30     562.70     561.80     561.40
     561.20     561.00     560.60     560.20     560.00     560.00     560.30     560.90     561.60     562.10
     562.50     562.80     563.00
     549.70     549.50     550.30     551.70     553.50     555.30     557.10     558.90     560.90     563.40
     566.00     568.40     570.10     570.90     570.50     569.00     566.60     563.40     559.50     555.40
     551.50     548.60     546.90     546.70     547.60     549.10     550.50     551.70     552.70     553.90
     555.60     557.90     560.90     564.40     568.00     571.60     574.90     577.50     579.30     580.00
     579.70     578.50     577.00     575.50     574.40     573.80     573.70     574.00     574.30     574.40
     573.90     572.60     570.40     567.70     564.70     562.00     560.30     559.60     559.80     560.40
     560.90     560.80     560.00     559.00     558.20     558.30     559.40     561.10     563.00     564.70
     566.00     566.80     567.60
     559.50     559.30     559.70     560.50     561.30     561.90     562.30     562.90     564.10     566.00
     568.40     570.70     572.20     572.60     571.90     570.50     568.40     565.80     562.80     559.30
     555.80     553.10     551.80     551.90     553.40     555.50     557.70     559.60     561.40     563.10
     565.00     566.90     568.80     570.60     572.40     574.30     576.60     578.80     580.60     581.30
     580.70     578.90     576.50     574.10     572.40     571.60     571.50     571.90     572.30     572.30
     571.50     569.90     567.40     564.40     561.30     558.80     557.40     557.30     558.20     559.30
     559.90     559.30     557.50     555.40     553.80     553.80     555.50     558.70     562.30     565.60
     568.10     569.70     570.90
     569.60     569.50     569.80     570.10     570.20     569.70     569.00     568.40     568.70     570.00
     571.90     573.70     574.50     574.10     572.90     571.20     569.50     567.90     566.00     563.80
     561.50     559.60     558.80     559.20     560.70     562.70     564.60     566.30     567.90     569.50
     571.10     572.20     572.70     572.50     572.20     572.70     574.40     577.10     579.90     581.60
     581.60     579.90     577.10     574.20     572.00     570.70     570.40     570.60     570.80     570.70
     570.00     568.60     566.70     564.20     561.80     559.80     558.70     558.70     559.50     560.50
     560.80     559.60     557.20     554.20     552.10     552.10     554.50     558.90     564.00     568.50
     571.90     573.90     575.00
     578.00     578.20     578.50     578.70     578.50     577.70     576.30     575.00     574.30     574.70
     575.60     576.50     576.60     575.60     573.90     572.20     570.80     570.00     569.20     568.20
     566.90     565.80     565.30     565.80     566.80     568.10     569.10     570.00     571.10     572.40
     573.70     574.20     573.50     571.70     569.90     569.30     570.80     574.10     577.90     580.90
     581.90     580.80     578.40     575.60     573.40     572.00     571.50     571.50     571.40     571.00
     570.20     569.20     567.90     566.60     565.20     564.00     563.10     562.80     563.10     563.60
     563.60     562.50     560.30     557.60     555.80     556.20     559.10     564.00     569.50     574.20
     577.40     579.00     579.50
     584.00     584.30     584.60     584.90     584.90     584.30     583.00     581.30     579.70     578.70
     578.30     578.10     577.50     576.30     574.80     573.30     572.40     572.00     571.90     571.50
     570.70     569.80     569.20     569.10     569.40     569.90     570.40     571.00     572.00     573.50
     574.90     575.40     574.30     571.90     569.50     568.40     569.60     572.90     576.90     580.20
     581.60     581.00     579.20     577.00     575.10     573.90     573.30     572.90     572.40     571.50
     570.30     569.20     568.40     568.00     567.80     567.50     566.90     566.50     566.30     566.50
     566.70     566.40     565.40     564.10     563.50     564.50     567.60     572.20     576.90     580.60
     582.70     583.30     582.90
     587.80     587.90     588.00     588.30     588.60     588.60     587.70     586.00     583.70     581.50
     579.60     578.30     577.20     576.30     575.30     574.50     574.00     573.80     573.80     573.70
     573.00     571.90     570.70     569.80     569.40     569.60     570.20     571.30     572.80     574.70
     576.50     577.30     576.70     574.90     572.80     571.80     572.60     575.00     578.10     580.50
     581.50     581.10     579.60     577.70     575.90     574.40     573.30     572.30     571.30     569.90
     568.30     567.00     566.60     567.00     568.00     568.90     569.30     569.20     569.10     569.40
     570.10     570.70     571.20     571.40     572.00     573.60     576.50     580.10     583.50     585.80
     586.60     586.40     585.40
     590.50     590.20     589.80     589.80     590.10     590.40     590.10     588.70     586.20     583.30
     580.40     578.30     577.00     576.50     576.20     575.90     575.70     575.60     575.70     575.80
     575.30     574.20     572.50     570.90     570.20     570.50     571.60     573.40     575.30     577.20
     578.90     580.00     580.10     579.40     578.20     577.50     577.80     579.00     580.50     581.60
     582.00     581.60     580.30     578.40     576.10     573.70     571.60     570.00     568.60     567.10
     565.50     564.60     564.70     566.20     568.40     570.60     572.10     572.90     573.40     573.90
     574.80     576.00     577.20     578.40     579.70     581.50     583.80     586.30     588.30     589.30
     589.20     588.50     587.20
     593.20     592.60     591.70     591.20     591.00     591.10     590.80     589.60     587.40     584.40
     581.40     579.20     578.00     577.80     578.10     578.20     578.10     578.10     578.30     578.60
     578.50     577.70     576.10     574.60     573.90     574.40     575.90     577.60     579.10     580.30
     581.30     582.30     582.90     583.10     582.80     582.30     581.90     581.90     582.20     582.60
     582.90     582.80     582.00     580.20     577.50     574.40     571.60     569.50     567.90     566.70
     565.70     565.50     566.50     568.80     571.80     574.70     576.80     578.20     579.10     579.90
     580.90     582.10     583.40     584.80     586.20     587.70     589.40     590.80     591.70     591.60
     590.80     589.70     588.20
     595.90     595.30     594.30     593.20     592.40     591.80     591.10     589.90     588.00     585.50
     583.00     581.30     580.60     580.80     581.30     581.60     581.60     581.50     581.60     581.90
     582.10     581.70     580.70     579.80     579.50     580.20     581.30     582.30     582.80     582.90
     583.00     583.60     584.50     585.10     585.10     584.40     583.50     582.90     582.80     583.20
     583.80     584.20     584.10     583.00     580.80     577.90     575.10     573.00     571.60     570.70
     570.30     570.70     572.20     574.70     577.50     580.00     581.90     583.20     584.30     585.30
     586.30     587.40     588.70     590.00     591.20     592.30     593.10     593.70     593.60     592.80
     591.50     589.90     588.30
     597.40     597.10     596.20     595.00     593.80     592.80     591.80     590.60     589.00     587.20
     585.60     584.60     584.40     584.80     585.40     585.70     585.70     585.40     585.20     585.20
     585.10     584.80     584.40     584.20     584.40     585.00     585.50     585.60     585.20     584.60
     584.20     584.50     585.10     585.70     585.50     584.70     583.80     583.20     583.30     583.90
     584.60     585.30     585.70     585.40     584.30     582.50     580.60     579.00     577.90     577.30
     577.10     577.70     579.10     581.00     582.90     584.40     585.50     586.40     587.40     588.50
     589.70     591.00     592.30     593.40     594.30     594.70     594.80     594.60     594.00     592.90
     591.30     589.60     588.00
     597.00     596.80     596.20     595.30     594.40     593.70     592.90     591.90     590.70     589.70
     588.90     588.60     588.60     589.00     589.30     589.30     589.20     588.80     588.40     587.90
     587.30     586.80     586.60     586.80     587.20     587.50     587.40     587.10     586.50     585.90
     585.50     585.40     585.50     585.50     585.20     584.60     584.10     584.10     584.40     584.90
     585.30     585.60     586.10     586.40     586.40     585.70     584.80     583.90     583.30     582.90
     582.90     583.40     584.40     585.60     586.60     587.30     587.70     588.20     589.00     590.20
     591.50     592.90     594.00     594.90     595.20     595.10     594.60     594.00     593.20     592.20
     591.00     589.60     588.20
     595.30     595.20     594.70     594.30     594.00     593.80     593.40     592.90     592.30     591.90
     591.70     591.70     591.70     591.60     591.50     591.30     591.00     590.70     590.30     589.60
     588.70     588.00     587.70     587.90     588.20     588.10     587.70     587.20     587.00     587.00
     586.80     586.30     585.60     585.00     584.60     584.50     584.70     585.20     585.60     585.70
     585.50     585.40     585.80     586.50     587.00     587.10     586.80     586.40     586.20     586.20
     586.40     586.90     587.60     588.30     588.90     589.30     589.30     589.50     590.00     591.00
     592.30     593.50     594.40     594.70     594.50     594.00     593.40     592.70     592.20     591.60
     591.00     590.20     589.30
     593.70     593.40     593.20     593.10     593.10     593.00     592.80     592.40     592.20     592.30
     592.50     592.60     592.50     592.20     591.90     591.70     591.50     591.30     591.00     590.40
     589.50     588.60     588.20     588.20     588.10     587.60     586.80     586.30     586.50     587.10
     587.20     586.50     585.50     584.60     584.30     584.60     585.20     585.90     586.10     585.90
     585.50     585.40     585.80     586.70     587.40     587.70     587.70     587.60     587.70     588.10
     588.50     588.90     589.40     590.00     590.50     590.70     590.60     590.20     590.20     590.80
     592.00     593.10     593.60     593.40     593.00     592.50     592.10     591.70     591.30     591.10
     591.00     590.80     590.30
     592.50     592.30     592.20     592.30     592.20     591.90     591.30     590.70     590.60     590.90
     591.30     591.40     591.30     591.30     591.30     591.40     591.40     591.30     591.00     590.50
     589.70     588.70     588.10     587.80     587.40     586.50     585.40     584.70     585.00     585.80
     586.30     586.10     585.30     584.50     584.30     584.60     585.30     585.90     586.10     585.90
     585.60     585.80     586.40     587.10     587.70     587.90     588.10     588.40     588.70     589.10
     589.50     590.00     590.50     590.80     591.20     591.30     591.00     590.20     589.60     589.80
     590.90     591.90     592.20     591.80     591.30     591.10     591.00     590.80     590.50     590.40
     590.50     590.70     590.60
     591.50     591.50     591.70     591.80     591.50     590.80     589.80     588.90     588.80     589.20
     589.70     589.90     589.90     590.20     590.70     591.10     591.20     590.90     590.50     590.10
     589.40     588.50     587.70     587.20     586.50     585.50     584.20     583.30     583.40     584.10
     585.00     585.40     585.20     584.70     584.40     584.60     585.10     585.70     586.00     586.00
     586.00     586.20     586.60     586.90     587.00     587.20     587.80     588.50     589.00     589.30
     589.70     590.20     590.70     591.00     591.20     591.20     590.80     590.00     589.20     589.20
     589.90     590.70     590.90     590.50     590.10     589.90     589.90     589.70     589.40     589.50
     589.80     590.10     590.20
     590.70     590.90     591.10     591.20     590.90     590.00     588.90     588.10     588.00     588.40
     588.90     589.00     589.00     589.40     590.00     590.40     590.20     589.80     589.40     589.10
     588.80     588.10     587.40     586.80     586.10     585.20     584.10     583.20     582.90     583.30
     584.00     584.70     585.00     584.80     584.40     584.20     584.70     585.40     585.90     586.10
     586.10     586.10     586.00     585.70     585.30     585.60     586.70     587.90     588.50     588.70
     589.10     589.90     590.50     590.80     590.80     590.80     590.70     590.20     589.50     589.20
     589.40     589.80     589.90     589.60     589.30     589.10     588.80     588.40     588.40     588.70
     589.30     589.60     589.80
     590.30     590.50     590.50     590.50     590.20     589.50     588.60     588.00     588.00     588.40
     588.70     588.70     588.60     588.70     589.10     589.20     588.70     588.20     588.00     588.10
     588.10     587.80     587.30     586.70     586.10     585.50     584.90     584.30     583.90     583.80
     584.00     584.30     584.60     584.50     584.00     583.90     584.40     585.20     585.80     585.90
     585.70     585.50     585.20     584.50     584.00     584.40     585.70     587.10     587.80     588.00
     588.40     589.20     590.00     590.10     590.00     590.00     590.20     590.20     589.80     589.30
     589.00     588.90     588.80     588.70     588.60     588.40     587.90     587.50     587.60     588.30
     589.00     589.20     589.20
     590.20     590.20     589.90     589.60     589.40     589.00     588.40     587.90     588.00     588.40
     588.50     588.30     588.00     587.90     588.10     588.00     587.60     587.20     587.10     587.40
     587.60     587.40     586.90     586.30     585.90     585.60     585.50     585.40     585.10     584.70
     584.40     584.30     584.40     584.20     583.90     583.90     584.40     585.20     585.70     585.60
     585.20     585.10     585.00     584.60     584.20     584.50     585.70     587.00     587.70     587.80
     588.00     588.70     589.20     589.20     589.00     589.10     589.30     589.40     589.10     588.70
     588.40     588.00     587.80     587.80     587.90     587.80     587.40     586.90     587.10     587.70
     588.40     588.50     588.30
     589.80     589.40     588.90     588.50     588.40     588.20     587.90     587.60     587.70     587.90
     588.00     587.60     587.20     587.10     587.20     587.30     587.20     587.00     587.00     587.00
     587.00     586.60     586.00     585.40     585.10     585.00     585.20     585.50     585.50     585.30
     585.00     584.70     584.60     584.40     584.10     584.20     584.70     585.40     585.80     585.60
     585.30     585.30     585.50     585.50     585.40     585.70     586.50     587.50     587.90     587.90
     588.00     588.30     588.50     588.50     588.30     588.20     588.30     588.20     588.10     588.00
     587.90     587.80     587.40     587.10     587.10     587.00     586.80     586.50     586.50     586.90
     587.30     587.40     587.20
     588.80     588.30     587.70     587.40     587.50     587.50     587.30     587.10     587.20     587.30
     587.30     586.90     586.50     586.30     586.40     586.60     586.80     586.90     586.80     586.60
     586.10     585.50     584.80     584.30     584.10     584.20     584.50     585.00     585.30     585.50
     585.40     585.20     584.90     584.60     584.40     584.50     585.00     585.70     586.10     586.00
     585.80     585.70     586.00     586.20     586.40     586.70     587.20     587.90     588.20     588.20
     588.20     588.30     588.30     588.20     588.10     588.00     587.90     587.60     587.50     587.70
     588.10     588.10     587.60     587.00     586.60     586.40     586.20     586.10     586.10     586.20
     586.30     586.40     586.40
     588.00     587.50     587.00     586.80     586.90     587.00     587.00     586.80     586.70     586.70
     586.70     586.40     586.10     585.80     585.70     585.80     586.00     586.20     586.20     585.90
     585.30     584.60     584.00     583.70     583.60     583.80     584.20     584.70     585.10     585.40
     585.50     585.30     585.00     584.60     584.50     584.70     585.10     585.70     586.20     586.30
     586.10     586.00     586.10     586.40     586.70     587.00     587.50     587.90     588.30     588.40
     588.40     588.40     588.40     588.30     588.20     588.00     587.80     587.50     587.50     587.90
     588.30     588.40     587.90     587.10     586.60     586.30     586.20     586.10     586.10     586.00
     585.90     585.90     586.00
     587.60     587.40     587.00     586.80     586.80     586.90     586.90     586.70     586.50     586.40
     586.30     586.20     586.00     585.70     585.40     585.30     585.40     585.70     585.70     585.30
     584.80     584.30     583.90     583.70     583.60     583.90     584.40     584.80     585.10     585.30
     585.30     585.20     585.00     584.90     585.10     585.30     585.50     585.80     586.10     586.40
     586.30     586.20     586.10     586.30     586.70     587.10     587.40     587.70     588.10     588.20
     588.30     588.30     588.30     588.20     587.90     587.70     587.60     587.50     587.50     587.80
     587.90     587.90     587.60     587.20     586.90     586.70     586.50     586.40     586.30     586.10
     585.90     585.70     585.70
     587.40     587.40     587.20     587.00     586.90     586.90     586.90     586.80     586.60     586.50
     586.30     586.30     586.10     585.90     585.70     585.60     585.70     585.90     585.80     585.40
     585.00     584.70     584.40     584.10     583.90     584.10     584.50     585.00     585.30     585.40
     585.40     585.40     585.60     585.80     586.20     586.40     586.20     586.10     586.10     586.40
     586.60     586.50     586.40     586.50     586.80     587.00     587.20     587.40     587.80     588.00
     588.10     588.10     588.10     587.90     587.60     587.30     587.30     587.40     587.50     587.50
     587.30     587.10     587.00     587.00     587.00     586.90     586.70     586.50     586.30     586.00
     585.70     585.40     585.30
