diamond 4 20年06月24日20时500百帕高度场
20 06 24  20  500 
2.500 -2.500  .0  180.0   90.0  .0
73  37
     546.80     546.80     546.80     546.80     546.80     546.80     546.80     546.80     546.80     546.80
     546.80     546.80     546.80     546.80     546.80     546.80     546.80     546.80     546.80     546.80
     546.80     546.80     546.80     546.80     546.80     546.80     546.80     546.80     546.80     546.80
     546.80     546.80     546.80     546.80     546.80     546.80     546.80     546.80     546.80     546.80
     546.80     546.80     546.80     546.80     546.80     546.80     546.80     546.80     546.80     546.80
     546.80     546.80     546.80     546.80     546.80     546.80     546.80     546.80     546.80     546.80
     546.80     546.80     546.80     546.80     546.80     546.80     546.80     546.80     546.80     546.80
     546.80     546.80     546.80
     551.70     551.70     551.70     551.70     551.60     551.60     551.60     551.50     551.50     551.50
     551.40     551.30     551.30     551.20     551.10     551.10     551.00     550.90     550.80     550.70
     550.70     550.60     550.50     550.40     550.30     550.20     550.10     550.00     549.90     549.70
     549.60     549.50     549.40     549.30     549.20     549.00     548.90     548.70     548.60     548.40
     548.20     548.10     547.90     547.70     547.50     547.30     547.00     546.80     546.50     546.30
     546.00     545.70     545.40     545.10     544.80     544.50     544.20     543.90     543.60     543.30
     543.00     542.70     542.30     542.10     541.80     541.50     541.20     541.00     540.70     540.50
     540.30     540.20     540.00
     555.70     555.80     555.80     555.80     555.80     555.80     555.80     555.70     555.60     555.50
     555.30     555.20     555.00     554.80     554.60     554.40     554.10     553.90     553.60     553.40
     553.10     552.90     552.70     552.50     552.30     552.10     552.00     551.80     551.70     551.60
     551.60     551.50     551.50     551.50     551.50     551.50     551.50     551.50     551.50     551.40
     551.40     551.30     551.20     551.10     550.90     550.70     550.40     550.10     549.70     549.30
     548.80     548.30     547.70     547.10     546.40     545.60     544.80     544.00     543.20     542.30
     541.40     540.50     539.60     538.70     537.80     536.90     536.00     535.20     534.40     533.70
     533.10     532.50     532.00
     558.80     559.10     559.30     559.60     559.80     559.90     560.00     560.00     559.90     559.70
     559.50     559.20     558.80     558.40     557.90     557.30     556.70     556.10     555.50     554.80
     554.20     553.60     553.10     552.60     552.20     551.80     551.50     551.40     551.20     551.20
     551.30     551.40     551.60     551.90     552.30     552.60     553.00     553.40     553.80     554.20
     554.60     555.00     555.20     555.50     555.60     555.70     555.70     555.60     555.30     555.00
     554.50     554.00     553.20     552.40     551.50     550.40     549.20     548.00     546.60     545.10
     543.60     542.00     540.40     538.80     537.20     535.60     534.10     532.60     531.10     529.80
     528.60     527.50     526.50
     558.90     559.70     560.40     561.10     561.60     562.10     562.40     562.60     562.70     562.60
     562.40     562.00     561.40     560.70     559.90     558.90     557.90     556.80     555.70     554.50
     553.40     552.40     551.40     550.50     549.80     549.20     548.80     548.60     548.60     548.70
     549.00     549.50     550.10     550.90     551.70     552.60     553.50     554.50     555.40     556.40
     557.30     558.10     558.90     559.50     560.10     560.60     560.90     561.20     561.20     561.20
     560.90     560.50     560.00     559.30     558.30     557.20     556.00     554.50     552.90     551.20
     549.30     547.30     545.20     543.10     540.90     538.80     536.70     534.60     532.70     530.90
     529.20     527.60     526.30
     556.30     557.60     558.80     559.80     560.80     561.60     562.30     562.70     563.00     563.10
     563.00     562.60     562.00     561.20     560.10     558.90     557.60     556.10     554.50     552.90
     551.40     549.90     548.60     547.40     546.40     545.70     545.30     545.20     545.30     545.80
     546.50     547.40     548.50     549.80     551.20     552.70     554.20     555.70     557.10     558.50
     559.80     560.90     562.00     562.90     563.80     564.50     565.10     565.50     565.80     566.00
     566.10     566.00     565.70     565.30     564.60     563.80     562.70     561.40     559.90     558.20
     556.30     554.10     551.80     549.40     547.00     544.50     542.00     539.60     537.30     535.20
     533.20     531.40     529.80
     554.40     555.90     557.30     558.50     559.70     560.70     561.50     562.20     562.70     563.00
     563.00     562.80     562.30     561.50     560.40     559.10     557.60     555.90     554.10     552.20
     550.40     548.60     547.00     545.60     544.50     543.70     543.20     543.10     543.50     544.20
     545.20     546.60     548.20     550.00     551.90     553.90     555.80     557.70     559.50     561.10
     562.60     563.90     565.10     566.10     567.00     567.80     568.40     568.90     569.30     569.60
     569.80     569.80     569.80     569.60     569.30     568.80     568.10     567.10     565.90     564.30
     562.50     560.40     558.00     555.50     552.70     549.90     547.10     544.40     541.80     539.40
     537.10     535.20     533.40
     555.90     557.40     558.90     560.20     561.30     562.40     563.30     564.10     564.70     565.10
     565.30     565.10     564.70     563.80     562.70     561.20     559.40     557.50     555.50     553.50
     551.50     549.60     547.90     546.40     545.20     544.30     543.70     543.60     543.90     544.60
     545.70     547.20     549.00     551.10     553.40     555.70     557.90     560.10     562.10     563.90
     565.50     566.80     568.00     569.10     570.00     570.70     571.30     571.80     572.20     572.50
     572.60     572.70     572.70     572.60     572.50     572.20     571.80     571.10     570.20     568.90
     567.30     565.30     562.90     560.20     557.20     554.00     550.90     547.80     544.80     542.10
     539.60     537.40     535.60
     559.90     561.80     563.50     564.90     566.20     567.40     568.40     569.20     569.90     570.20
     570.30     569.90     569.10     567.90     566.20     564.10     561.80     559.40     557.00     554.70
     552.70     550.80     549.20     547.90     546.80     546.00     545.50     545.20     545.30     545.80
     546.80     548.20     550.00     552.20     554.60     557.10     559.60     561.90     564.00     565.80
     567.30     568.60     569.70     570.60     571.50     572.30     572.90     573.50     573.90     574.20
     574.30     574.40     574.30     574.30     574.20     574.10     573.90     573.50     572.90     572.00
     570.70     568.90     566.60     563.90     560.80     557.50     554.10     550.80     547.60     544.60
     541.90     539.60     537.60
     563.60     566.40     568.90     570.90     572.60     573.90     575.00     575.80     576.30     576.40
     576.10     575.30     573.80     571.70     569.10     566.10     562.80     559.50     556.40     553.70
     551.40     549.70     548.40     547.50     546.90     546.40     546.20     546.10     546.20     546.60
     547.40     548.70     550.50     552.80     555.40     558.10     560.80     563.30     565.30     566.80
     567.90     568.70     569.20     569.70     570.20     570.80     571.50     572.20     572.90     573.40
     573.70     573.90     574.00     574.00     574.10     574.20     574.20     574.20     574.00     573.50
     572.60     571.10     569.20     566.80     563.90     560.90     557.70     554.40     551.30     548.30
     545.50     543.10     541.00
     566.20     570.30     573.80     576.60     578.60     580.10     581.00     581.60     581.70     581.50
     580.80     579.40     577.40     574.60     571.20     567.30     563.10     558.90     555.00     551.60
     548.80     546.90     545.60     545.00     544.90     545.10     545.50     545.90     546.40     547.00
     548.00     549.30     551.20     553.60     556.40     559.40     562.20     564.60     566.40     567.40
     567.80     567.60     567.10     566.70     566.50     566.70     567.30     568.20     569.20     570.20
     570.90     571.50     571.80     572.10     572.30     572.60     573.00     573.30     573.60     573.50
     573.10     572.10     570.70     568.70     566.40     563.70     561.00     558.20     555.40     552.70
     550.10     547.60     545.40
     569.50     574.50     578.60     581.60     583.60     584.80     585.40     585.60     585.30     584.80
     583.80     582.20     580.10     577.20     573.80     569.70     565.30     560.70     556.30     552.20
     548.80     546.20     544.50     543.70     543.60     544.20     545.20     546.30     547.50     548.70
     550.00     551.50     553.40     555.80     558.50     561.30     564.00     566.20     567.70     568.10
     567.70     566.60     565.10     563.80     563.00     562.80     563.30     564.30     565.60     566.90
     567.90     568.60     569.10     569.30     569.60     570.00     570.50     571.20     571.90     572.40
     572.50     572.20     571.20     569.80     567.90     565.80     563.60     561.30     559.00     556.60
     554.30     552.00     549.70
     574.50     579.40     583.10     585.60     587.10     587.70     587.80     587.60     587.10     586.40
     585.40     584.00     582.00     579.60     576.70     573.30     569.50     565.50     561.30     557.20
     553.40     550.20     547.70     546.20     545.70     546.20     547.40     549.10     550.90     552.70
     554.30     555.90     557.50     559.40     561.50     563.80     566.00     567.80     568.80     569.00
     568.20     566.70     565.00     563.40     562.30     561.90     562.40     563.40     564.60     565.80
     566.60     567.00     567.10     567.00     567.00     567.20     567.70     568.50     569.60     570.60
     571.40     571.70     571.40     570.50     569.10     567.30     565.40     563.40     561.40     559.40
     557.40     555.30     553.40
     579.90     583.70     586.30     587.60     588.00     587.90     587.50     587.20     586.80     586.30
     585.60     584.50     582.90     580.90     578.50     576.00     573.20     570.30     567.20     563.90
     560.60     557.40     554.60     552.60     551.60     551.60     552.70     554.40     556.30     558.20
     559.70     561.10     562.20     563.50     564.90     566.40     567.80     569.10     569.80     569.90
     569.30     568.10     566.80     565.50     564.60     564.40     564.70     565.40     566.10     566.70
     566.80     566.60     566.20     565.70     565.30     565.30     565.60     566.30     567.40     568.70
     569.90     570.70     571.00     570.70     569.70     568.20     566.50     564.60     562.80     560.90
     559.20     557.40     555.80
     583.80     586.20     587.20     587.00     586.10     584.90     584.10     583.80     583.90     584.20
     584.30     583.70     582.60     580.90     578.80     576.70     574.60     572.70     570.90     569.00
     567.10     564.90     562.80     560.90     559.70     559.30     559.80     560.80     562.10     563.30
     564.20     565.00     565.70     566.50     567.50     568.50     569.40     570.20     570.80     570.90
     570.60     569.90     569.00     568.20     567.60     567.50     567.60     567.80     567.80     567.60
     567.10     566.50     565.90     565.60     565.50     565.50     565.70     566.00     566.60     567.30
     568.20     569.00     569.50     569.50     568.90     567.80     566.40     564.80     563.10     561.40
     559.70     558.10     556.60
     585.50     586.80     586.50     584.90     582.50     580.20     578.80     578.50     579.30     580.60
     581.80     582.30     581.90     580.60     578.80     576.80     575.00     573.50     572.60     572.00
     571.50     570.90     570.10     569.10     568.10     567.50     567.20     567.10     567.10     567.00
     566.90     566.90     567.30     568.00     568.90     569.90     570.70     571.40     571.70     571.70
     571.30     570.60     569.80     569.00     568.70     568.70     568.80     568.80     568.40     567.60
     566.80     566.30     566.30     566.70     567.40     568.00     568.10     567.90     567.50     567.10
     566.80     566.70     566.70     566.60     566.30     565.70     564.80     563.60     562.20     560.70
     559.10     557.50     556.00
     585.90     586.60     585.70     583.30     580.10     577.00     574.90     574.50     575.60     577.60
     579.60     580.90     581.20     580.50     579.20     577.60     576.10     574.90     574.40     574.40
     574.90     575.40     575.70     575.60     575.10     574.50     573.60     572.50     571.20     569.90
     568.70     568.10     568.20     568.90     569.90     570.90     571.70     572.30     572.40     572.10
     571.20     569.80     568.40     567.50     567.20     567.70     568.40     568.90     568.60     567.80
     566.90     566.60     567.10     568.40     570.00     571.20     571.50     571.00     569.70     568.10
     566.50     565.20     564.20     563.50     563.10     562.70     562.30     561.50     560.50     559.20
     557.80     556.30     554.80
     585.70     586.20     585.50     583.40     580.50     577.40     575.20     574.50     575.30     576.90
     578.60     579.60     579.90     579.60     579.00     578.30     577.70     577.10     576.90     577.20
     577.90     578.80     579.50     579.90     579.70     579.10     578.00     576.50     574.70     572.80
     571.30     570.40     570.30     570.80     571.50     572.30     572.90     573.30     573.30     572.50
     570.90     568.70     566.50     565.20     565.30     566.60     568.30     569.60     569.80     569.10
     568.20     567.80     568.40     570.00     571.90     573.50     574.10     573.70     572.30     570.30
     568.00     565.80     564.00     562.70     561.80     561.30     560.90     560.20     559.20     557.90
     556.60     555.30     553.90
     585.50     586.00     585.90     584.90     583.00     580.80     579.00     578.20     578.30     578.90
     579.10     578.80     578.10     577.60     577.60     578.00     578.60     579.10     579.50     579.90
     580.50     581.20     581.80     582.20     582.10     581.60     580.60     579.20     577.50     575.90
     574.80     574.20     574.10     574.30     574.50     574.70     575.00     575.20     575.10     574.20
     572.20     569.40     566.60     565.10     565.30     567.10     569.40     571.10     571.50     570.80
     570.00     569.60     570.30     571.70     573.50     575.10     576.00     576.10     575.30     573.80
     571.70     569.30     567.10     565.30     564.00     563.10     562.20     561.10     559.60     558.00
     556.60     555.40     554.20
     585.90     586.40     586.70     586.50     585.50     584.10     582.80     582.00     581.70     581.40
     580.60     579.10     577.50     576.50     576.80     578.00     579.60     581.10     582.10     582.70
     583.10     583.40     583.70     583.70     583.50     583.10     582.30     581.20     580.00     579.00
     578.40     578.30     578.40     578.40     578.20     578.00     577.90     578.10     578.10     577.40
     575.50     572.70     570.00     568.30     568.30     569.70     571.40     572.50     572.60     572.00
     571.60     571.90     573.00     574.60     576.20     577.50     578.50     579.10     579.10     578.40
     576.80     574.80     572.70     570.80     569.30     568.00     566.50     564.70     562.70     560.70
     559.10     557.90     556.70
     587.50     587.90     588.00     587.50     586.50     585.20     583.90     583.10     582.80     582.60
     582.00     580.80     579.30     578.50     578.80     580.30     582.30     584.10     585.30     586.00
     586.30     586.30     586.10     585.70     585.30     584.90     584.30     583.60     582.70     582.00
     581.60     581.60     581.70     581.60     581.30     581.00     580.90     581.10     581.30     580.90
     579.60     577.50     575.20     573.50     573.00     573.30     573.70     573.60     573.20     572.90
     573.50     575.00     576.90     578.70     580.10     581.10     582.10     582.90     583.50     583.30
     582.40     580.90     579.10     577.40     575.90     574.40     572.70     570.60     568.40     566.30
     564.70     563.50     562.30
     590.10     590.30     589.70     588.50     586.80     585.00     583.40     582.40     582.30     582.80
     583.30     583.40     583.20     583.10     583.60     584.90     586.60     588.10     589.30     590.00
     590.30     590.10     589.40     588.50     587.70     587.20     586.80     586.40     585.70     585.00
     584.40     584.10     583.80     583.60     583.30     583.10     583.00     583.10     583.30     583.30
     582.70     581.50     579.90     578.40     577.30     576.50     575.90     575.20     574.70     575.10
     576.60     578.90     581.20     582.90     583.90     584.50     585.40     586.40     587.30     587.60
     587.20     586.30     585.10     583.80     582.50     581.00     579.40     577.60     575.70     573.90
     572.40     571.20     570.00
     592.60     592.50     591.40     589.70     587.80     585.80     584.00     582.80     582.70     583.60
     585.00     586.40     587.30     588.00     588.70     589.70     590.80     591.80     592.70     593.50
     593.90     593.70     592.80     591.30     590.00     589.20     588.90     588.70     588.30     587.70
     586.90     586.10     585.50     585.00     584.60     584.30     584.10     584.10     584.20     584.30
     584.40     584.00     583.00     581.70     580.30     579.20     578.40     578.00     578.10     579.00
     580.70     582.80     584.60     585.60     586.10     586.50     587.50     588.80     590.10     590.80
     591.00     590.70     590.20     589.40     588.30     587.10     585.80     584.50     583.10     581.60
     580.20     578.90     577.70
     594.10     593.70     592.50     591.00     589.40     587.90     586.40     585.30     585.10     586.00
     587.60     589.20     590.50     591.40     592.20     592.90     593.40     593.90     594.50     595.20
     595.90     595.90     595.00     593.40     591.70     590.50     590.10     589.90     589.60     589.10
     588.40     587.70     587.00     586.30     585.70     585.20     584.80     584.60     584.70     585.00
     585.50     585.60     584.90     583.70     582.40     581.50     581.30     581.70     582.40     583.30
     584.60     585.80     586.60     587.00     587.10     587.70     589.00     590.70     592.30     593.30
     593.80     594.00     593.90     593.40     592.70     591.80     590.90     589.90     588.80     587.50
     586.10     584.70     583.60
     594.30     593.70     592.80     591.80     590.80     589.90     589.00     588.40     588.40     589.20
     590.40     591.60     592.60     593.30     593.80     594.20     594.40     594.40     594.60     595.00
     595.70     596.00     595.50     594.20     592.50     591.20     590.40     589.90     589.40     589.00
     588.60     588.40     588.00     587.50     586.80     586.10     585.60     585.40     585.50     585.90
     586.40     586.60     586.10     585.00     584.00     583.70     584.10     584.80     585.60     586.20
     586.70     587.30     587.70     587.90     588.30     589.20     590.80     592.60     594.10     595.10
     595.60     595.80     595.80     595.50     595.00     594.50     593.80     593.10     592.00     590.80
     589.60     588.40     587.50
     593.50     593.20     592.70     592.20     591.60     590.90     590.40     590.30     590.70     591.50
     592.40     593.10     593.60     593.90     594.20     594.40     594.30     594.00     593.70     593.70
     594.00     594.30     594.20     593.40     592.30     591.20     590.20     589.40     588.60     588.10
     588.00     588.30     588.60     588.50     587.90     587.10     586.60     586.40     586.50     586.70
     587.00     586.90     586.50     585.80     585.30     585.40     586.00     586.60     587.00     587.10
     587.40     587.80     588.40     589.10     589.80     591.00     592.40     594.00     595.10     595.70
     596.00     596.00     595.90     595.60     595.20     594.80     594.40     593.80     592.90     592.00
     591.20     590.60     590.10
     592.50     592.60     592.70     592.50     592.00     591.40     591.10     591.30     591.80     592.40
     593.00     593.30     593.50     593.50     593.50     593.50     593.30     593.00     592.60     592.20
     592.00     592.10     592.00     591.70     591.00     590.10     589.40     588.70     588.00     587.60
     587.70     588.40     589.00     589.10     588.70     588.00     587.50     587.30     587.30     587.20
     587.00     586.70     586.40     586.20     586.20     586.60     587.10     587.40     587.40     587.30
     587.60     588.20     589.10     590.00     590.90     591.90     593.10     594.10     594.80     595.10
     595.20     595.10     595.00     594.60     594.20     593.80     593.50     593.10     592.50     592.00
     591.70     591.60     591.50
     592.00     592.40     592.80     592.80     592.40     591.90     591.80     591.90     592.20     592.50
     592.50     592.40     592.30     592.10     591.80     591.60     591.40     591.30     591.10     590.80
     590.50     590.30     590.10     589.60     588.90     588.30     587.90     587.70     587.60     587.50
     587.80     588.50     589.10     589.30     588.90     588.40     588.10     588.00     587.90     587.60
     587.20     586.80     586.60     586.60     586.90     587.30     587.70     587.80     587.70     587.70
     587.90     588.60     589.40     590.20     591.00     591.80     592.70     593.40     593.80     593.80
     593.80     593.80     593.70     593.30     592.80     592.50     592.30     592.30     592.10     591.90
     591.80     591.70     591.60
     592.00     592.40     592.60     592.60     592.30     592.10     592.00     592.10     592.20     592.00
     591.50     591.00     590.50     590.10     589.80     589.50     589.40     589.30     589.30     589.10
     589.00     588.90     588.70     588.10     587.10     586.40     586.30     586.70     587.10     587.40
     587.60     588.10     588.50     588.50     588.20     588.00     587.90     588.10     588.10     587.90
     587.60     587.40     587.30     587.30     587.60     587.90     588.20     588.30     588.20     588.10
     588.20     588.60     589.10     589.70     590.50     591.30     592.10     592.70     592.80     592.70
     592.50     592.50     592.40     592.10     591.80     591.60     591.70     591.90     592.00     591.80
     591.50     591.10     590.70
     592.10     592.10     592.10     592.00     591.70     591.40     591.30     591.40     591.40     591.20
     590.50     589.60     588.80     588.40     588.30     588.20     588.00     587.70     587.40     587.20
     587.30     587.60     587.70     587.10     586.10     585.30     585.30     585.90     586.50     586.70
     586.70     586.80     587.00     587.10     586.90     586.80     587.10     587.40     587.70     587.70
     587.70     587.70     587.60     587.70     587.90     588.20     588.40     588.50     588.40     588.30
     588.30     588.50     588.90     589.30     590.00     590.80     591.60     592.00     592.00     591.80
     591.50     591.30     591.30     591.20     591.10     591.10     591.40     591.80     591.80     591.50
     590.90     590.40     589.90
     591.70     591.50     591.40     591.30     590.90     590.40     590.00     590.00     590.20     590.20
     589.50     588.30     587.40     587.20     587.50     587.70     587.50     586.80     586.10     585.70
     585.70     586.20     586.60     586.40     585.80     585.30     585.40     586.00     586.30     586.00
     585.50     585.40     585.60     585.80     585.80     585.80     586.10     586.50     586.80     586.90
     586.90     586.90     586.90     587.00     587.30     587.70     588.00     588.10     588.10     588.20
     588.40     588.70     589.00     589.20     589.70     590.20     590.70     591.10     591.10     591.00
     590.80     590.60     590.50     590.60     590.70     590.90     591.20     591.40     591.30     590.90
     590.40     590.00     589.70
     590.70     590.80     591.00     590.90     590.50     589.70     589.00     588.90     589.10     589.20
     588.60     587.40     586.50     586.50     587.20     587.70     587.40     586.60     585.70     585.10
     585.00     585.30     585.70     585.80     585.60     585.60     586.10     586.60     586.70     586.00
     585.10     584.80     585.00     585.20     585.30     585.30     585.50     585.80     586.00     586.00
     585.80     585.70     585.60     585.80     586.20     586.60     587.00     587.20     587.40     587.90
     588.60     589.10     589.30     589.20     589.30     589.50     589.80     589.90     590.10     590.20
     590.30     590.20     590.10     590.20     590.40     590.50     590.60     590.70     590.60     590.30
     590.00     589.80     589.60
     589.90     590.20     590.50     590.50     590.10     589.30     588.60     588.30     588.40     588.40
     587.80     586.80     586.00     586.20     587.00     587.50     587.30     586.50     585.80     585.40
     585.20     585.10     585.20     585.30     585.50     585.80     586.40     587.00     587.10     586.30
     585.30     584.80     584.80     584.90     584.90     584.90     585.10     585.50     585.70     585.60
     585.30     585.00     584.90     585.00     585.40     585.70     586.00     586.30     586.70     587.60
     588.60     589.10     589.20     589.00     588.90     589.10     589.10     589.10     589.20     589.50
     589.70     589.70     589.70     589.80     589.90     589.80     589.70     589.70     589.70     589.60
     589.40     589.20     589.00
     589.60     589.80     590.00     589.90     589.60     589.10     588.70     588.30     588.00     587.70
     587.20     586.50     586.10     586.30     587.00     587.30     586.90     586.30     586.00     585.90
     585.70     585.30     585.20     585.30     585.60     585.80     586.20     586.70     586.90     586.30
     585.40     584.70     584.30     584.20     584.20     584.20     584.60     585.10     585.40     585.50
     585.30     585.00     585.00     585.10     585.30     585.50     585.70     585.90     586.40     587.20
     588.10     588.50     588.50     588.40     588.50     588.70     588.70     588.40     588.40     588.60
     588.90     589.00     589.00     589.10     589.10     588.90     588.60     588.60     588.70     588.70
     588.50     588.30     588.00
     589.60     589.60     589.60     589.50     589.30     589.10     588.90     588.50     587.90     587.50
     587.10     586.80     586.60     586.80     587.20     587.30     586.80     586.20     586.00     586.00
     585.80     585.40     585.20     585.50     585.80     585.80     585.70     585.80     586.00     585.80
     585.00     584.20     583.50     583.30     583.30     583.50     584.00     584.60     585.20     585.40
     585.40     585.20     585.20     585.30     585.50     585.70     585.80     586.00     586.30     586.80
     587.40     587.80     587.90     587.90     588.10     588.30     588.10     587.70     587.60     587.80
     588.00     588.20     588.30     588.50     588.50     588.20     587.80     587.70     587.80     587.80
     587.50     587.30     587.20
     589.30     589.40     589.60     589.50     589.40     589.30     589.30     588.90     588.20     587.80
     587.60     587.50     587.40     587.40     587.50     587.40     586.90     586.30     586.00     585.90
     585.60     585.10     585.10     585.50     585.80     585.60     585.10     584.90     585.10     585.00
     584.60     583.80     583.20     582.90     583.10     583.40     583.90     584.40     585.00     585.40
     585.40     585.20     585.10     585.20     585.50     585.80     586.00     586.10     586.20     586.60
     587.10     587.40     587.60     587.50     587.60     587.60     587.30     587.00     587.10     587.40
     587.70     587.80     588.00     588.20     588.30     587.90     587.50     587.20     587.30     587.20
     586.90     586.70     586.80
     589.00     589.40     589.80     589.80     589.60     589.50     589.40     589.20     588.70     588.40
     588.40     588.40     588.10     587.80     587.70     587.50     587.00     586.30     585.90     585.70
     585.30     584.90     584.80     585.30     585.60     585.30     584.70     584.40     584.50     584.60
     584.30     583.80     583.40     583.30     583.60     583.80     584.10     584.50     585.10     585.50
     585.60     585.30     585.00     585.10     585.40     585.70     585.80     585.80     586.00     586.30
     586.90     587.20     587.30     587.20     587.10     587.00     587.00     587.00     587.20     587.60
     587.90     587.90     588.00     588.20     588.20     587.90     587.50     587.20     587.20     587.00
     586.80     586.80     586.80
