diamond 4 20年06月27日20时300百帕高度场
20 06 27  20  300 
2.500 -2.500  .0  180.0   90.0  .0
73  37
     904.10     904.10     904.10     904.10     904.10     904.10     904.10     904.10     904.10     904.10
     904.10     904.10     904.10     904.10     904.10     904.10     904.10     904.10     904.10     904.10
     904.10     904.10     904.10     904.10     904.10     904.10     904.10     904.10     904.10     904.10
     904.10     904.10     904.10     904.10     904.10     904.10     904.10     904.10     904.10     904.10
     904.10     904.10     904.10     904.10     904.10     904.10     904.10     904.10     904.10     904.10
     904.10     904.10     904.10     904.10     904.10     904.10     904.10     904.10     904.10     904.10
     904.10     904.10     904.10     904.10     904.10     904.10     904.10     904.10     904.10     904.10
     904.10     904.10     904.10
     900.90     900.60     900.30     900.00     899.70     899.40     899.10     898.80     898.60     898.40
     898.10     897.90     897.70     897.60     897.40     897.30     897.10     897.00     896.90     896.70
     896.60     896.60     896.50     896.40     896.30     896.30     896.20     896.20     896.20     896.10
     896.10     896.10     896.10     896.10     896.10     896.20     896.20     896.20     896.30     896.30
     896.40     896.50     896.60     896.70     896.80     897.00     897.10     897.30     897.50     897.70
     897.90     898.10     898.40     898.70     898.90     899.20     899.60     899.90     900.20     900.60
     901.00     901.40     901.80     902.20     902.60     903.10     903.50     904.00     904.40     904.90
     905.40     905.80     906.30
     899.80     899.30     898.90     898.50     898.10     897.80     897.50     897.20     896.90     896.70
     896.50     896.30     896.10     895.90     895.80     895.60     895.50     895.40     895.30     895.20
     895.10     895.10     895.00     894.90     894.90     894.90     894.80     894.80     894.70     894.70
     894.60     894.50     894.40     894.30     894.30     894.10     894.00     893.90     893.80     893.70
     893.60     893.50     893.40     893.40     893.40     893.40     893.40     893.40     893.50     893.70
     893.80     894.10     894.30     894.60     895.00     895.40     895.80     896.30     896.80     897.30
     897.90     898.50     899.20     899.90     900.60     901.40     902.10     902.90     903.80     904.60
     905.50     906.30     907.20
     902.40     902.10     901.80     901.60     901.30     901.10     900.80     900.50     900.30     900.00
     899.70     899.50     899.20     898.90     898.70     898.40     898.20     898.10     897.90     897.80
     897.70     897.70     897.70     897.80     897.80     897.90     898.00     898.10     898.10     898.20
     898.20     898.20     898.10     898.00     897.90     897.70     897.50     897.20     896.90     896.60
     896.20     895.90     895.60     895.30     895.10     894.90     894.80     894.70     894.70     894.70
     894.90     895.10     895.30     895.60     896.00     896.30     896.80     897.20     897.70     898.20
     898.70     899.30     899.90     900.50     901.20     901.90     902.60     903.40     904.20     905.10
     906.00     907.00     908.00
     907.30     907.30     907.20     907.20     907.00     906.90     906.60     906.30     905.90     905.40
     904.90     904.30     903.70     903.10     902.50     902.00     901.50     901.10     900.80     900.60
     900.40     900.40     900.50     900.70     901.00     901.30     901.60     902.00     902.40     902.80
     903.10     903.40     903.70     903.80     903.90     903.90     903.80     903.60     903.30     903.00
     902.60     902.20     901.90     901.60     901.30     901.10     901.10     901.10     901.30     901.60
     901.90     902.40     902.90     903.40     903.90     904.30     904.70     905.00     905.20     905.40
     905.40     905.40     905.30     905.20     905.20     905.20     905.20     905.40     905.70     906.10
     906.60     907.30     908.10
     912.50     912.60     912.60     912.60     912.40     912.10     911.70     911.10     910.40     909.50
     908.60     907.60     906.60     905.60     904.70     903.80     903.10     902.50     902.00     901.80
     901.60     901.60     901.80     902.00     902.40     902.80     903.30     903.90     904.50     905.10
     905.80     906.50     907.20     907.90     908.50     909.00     909.50     909.80     910.00     910.10
     910.10     910.00     909.90     909.80     909.80     909.90     910.10     910.50     911.00     911.70
     912.50     913.40     914.30     915.10     915.80     916.30     916.60     916.60     916.20     915.60
     914.70     913.60     912.30     911.00     909.60     908.20     907.00     906.10     905.30     904.90
     904.80     905.00     905.40
     918.20     918.20     918.10     917.80     917.30     916.60     915.80     914.70     913.60     912.30
     910.90     909.50     908.10     906.70     905.50     904.40     903.50     902.90     902.50     902.20
     902.10     902.10     902.20     902.30     902.40     902.60     902.80     903.00     903.40     904.00
     904.70     905.70     907.00     908.40     909.90     911.50     913.00     914.40     915.50     916.50
     917.20     917.80     918.10     918.40     918.60     918.90     919.40     920.00     920.70     921.60
     922.70     923.80     924.90     925.80     926.50     926.90     926.90     926.30     925.30     923.70
     921.70     919.30     916.50     913.70     910.80     908.00     905.40     903.20     901.50     900.20
     899.40     899.20     899.40
     925.10     925.00     924.70     924.00     923.10     922.00     920.70     919.20     917.60     915.80
     913.90     911.90     909.90     908.00     906.10     904.50     903.20     902.30     901.70     901.30
     901.20     901.20     901.20     901.10     900.90     900.60     900.30     900.10     900.10     900.50
     901.40     902.90     904.80     907.20     910.00     912.90     915.70     918.40     920.70     922.70
     924.10     925.20     925.80     926.30     926.60     926.90     927.20     927.70     928.30     929.10
     930.00     931.00     931.90     932.60     933.10     933.10     932.70     931.70     930.00     927.60
     924.70     921.20     917.30     913.10     908.90     904.90     901.10     897.90     895.20     893.10
     891.80     891.20     891.30
     931.40     931.60     931.40     930.80     929.80     928.60     927.20     925.50     923.70     921.50
     919.10     916.30     913.30     910.10     906.90     903.90     901.40     899.40     898.00     897.20
     896.90     896.80     896.90     896.90     896.90     896.70     896.60     896.70     897.10     898.10
     899.70     902.10     905.10     908.70     912.70     916.70     920.50     923.90     926.70     928.90
     930.30     931.20     931.70     931.80     931.90     931.90     932.10     932.40     932.90     933.40
     934.10     934.70     935.30     935.80     936.00     935.90     935.30     934.10     932.30     929.70
     926.50     922.50     917.90     913.00     907.80     902.70     897.80     893.30     889.60     886.60
     884.60     883.50     883.40
     935.00     935.90     936.20     936.10     935.60     934.70     933.70     932.40     930.80     928.70
     926.10     922.60     918.40     913.70     908.70     903.80     899.40     895.80     893.10     891.50
     890.60     890.40     890.70     891.10     891.80     892.50     893.50     894.90     896.80     899.20
     902.40     906.10     910.40     915.00     919.60     923.90     927.70     930.70     932.80     934.10
     934.50     934.40     934.00     933.50     933.20     933.00     933.20     933.60     934.20     934.90
     935.50     936.00     936.40     936.70     936.80     936.70     936.40     935.60     934.30     932.40
     929.70     926.10     921.70     916.70     911.00     905.10     899.20     893.60     888.60     884.40
     881.40     879.50     879.10
     935.80     937.40     938.50     939.00     939.10     939.00     938.60     938.10     937.30     935.90
     933.70     930.30     925.70     920.10     913.90     907.70     901.90     897.00     893.30     890.70
     889.10     888.40     888.30     888.80     889.70     891.30     893.60     896.50     900.10     904.20
     908.80     913.60     918.50     923.30     927.70     931.40     934.30     936.20     937.10     937.10
     936.30     935.20     933.80     932.60     931.90     931.60     931.80     932.50     933.40     934.40
     935.20     935.80     936.10     936.20     936.10     935.90     935.70     935.50     935.10     934.30
     933.00     930.80     927.80     923.70     918.80     913.10     907.00     900.90     895.10     890.10
     886.20     883.60     882.60
     934.50     936.90     938.70     940.00     940.80     941.20     941.50     941.70     941.80     941.40
     940.30     937.90     934.20     929.30     923.50     917.50     911.90     906.90     903.00     899.80
     897.40     895.50     894.20     893.50     893.70     895.00     897.50     901.10     905.60     910.50
     915.60     920.60     925.30     929.40     932.90     935.70     937.70     938.80     939.00     938.50
     937.30     935.80     934.10     932.60     931.50     930.90     930.90     931.50     932.40     933.50
     934.40     935.00     935.00     934.60     933.90     933.00     932.40     932.10     932.20     932.50
     932.80     932.70     931.90     930.10     927.20     923.30     918.60     913.40     908.20     903.40
     899.40     896.60     895.20
     930.20     933.70     936.70     939.10     940.70     941.70     942.20     942.60     943.20     943.70
     943.90     943.20     941.50     938.50     934.60     930.30     926.00     922.10     918.70     915.50
     912.30     909.00     905.80     903.10     901.50     901.50     903.10     906.30     910.50     915.20
     920.00     924.40     928.30     931.70     934.40     936.50     938.00     938.90     939.20     939.10
     938.60     937.70     936.60     935.30     933.90     932.80     932.00     931.80     932.20     932.90
     933.60     934.10     933.80     932.80     931.20     929.20     927.50     926.40     926.20     927.00
     928.40     930.20     931.60     932.30     931.90     930.40     927.90     924.80     921.30     917.90
     914.80     912.20     910.40
     923.10     928.30     933.20     937.20     939.90     941.20     941.50     941.50     941.70     942.50
     943.80     945.00     945.40     944.80     943.00     940.50     937.80     935.00     932.30     929.20
     925.60     921.30     916.50     911.90     908.40     906.60     906.80     908.80     912.10     916.10
     920.40     924.60     928.40     931.70     934.20     936.10     937.30     938.00     938.40     938.80
     939.20     939.40     939.40     938.70     937.50     935.80     934.10     932.60     931.90     931.90
     932.40     932.80     932.70     931.50     929.50     926.90     924.30     922.40     921.60     922.20
     923.90     926.40     928.90     930.90     932.00     932.00     931.10     929.70     928.00     926.00
     923.90     921.50     919.30
     918.20     924.90     931.40     936.70     940.20     941.60     941.30     940.40     939.90     940.60
     942.40     944.80     947.00     948.00     947.70     946.20     944.10     941.80     939.50     936.70
     933.10     928.40     922.70     916.80     911.70     908.10     906.50     907.00     909.20     912.80
     917.30     922.20     927.10     931.40     934.60     936.50     937.20     937.20     937.00     937.30
     938.20     939.50     940.80     941.30     940.60     938.70     936.00     933.40     931.50     930.70
     930.90     931.60     932.00     931.50     930.00     927.80     925.40     923.40     922.50     922.80
     924.10     926.10     928.30     929.90     930.70     930.60     930.00     929.10     928.10     926.90
     925.00     922.30     919.10
     921.90     928.20     934.50     939.80     943.20     944.30     943.60     942.10     941.00     941.40
     943.30     946.10     948.80     950.30     950.30     948.90     946.70     944.50     942.50     940.20
     937.10     932.50     926.40     919.40     912.50     906.80     903.30     902.20     903.60     907.20
     912.70     919.20     925.90     931.80     936.00     938.10     938.40     937.60     936.80     936.80
     937.90     940.00     942.30     943.80     943.80     942.00     938.70     935.10     932.10     930.70
     930.70     931.80     932.90     933.40     932.90     931.70     930.20     929.00     928.30     928.40
     929.10     930.20     931.30     931.90     931.60     930.60     929.20     928.00     926.90     925.70
     923.50     920.00     915.60
     933.50     937.50     941.50     945.10     947.50     948.30     947.70     946.60     945.70     946.00
     947.50     949.60     951.40     952.20     951.60     949.90     947.80     946.00     944.60     943.30
     940.90     936.80     930.40     922.20     913.50     905.90     900.70     898.50     899.70     904.00
     910.60     918.70     926.90     933.90     938.70     940.90     941.00     940.00     939.20     939.30
     940.80     943.30     946.00     947.90     948.30     946.50     943.00     938.70     935.00     933.00
     933.00     934.30     935.90     936.80     936.70     936.00     935.20     934.60     934.40     934.50
     934.80     935.20     935.60     935.50     934.60     933.00     930.90     929.10     927.80     926.30
     923.80     919.80     914.90
     945.90     946.70     947.80     949.00     950.20     950.90     951.20     951.20     951.30     951.70
     952.30     952.90     953.10     952.60     951.30     949.60     948.00     947.00     946.60     946.20
     944.80     941.20     934.80     926.10     916.60     908.20     902.50     900.60     902.40     907.40
     914.70     923.20     931.40     938.10     942.40     944.20     944.30     943.60     943.20     943.70
     945.30     947.60     950.10     952.00     952.60     951.20     947.80     943.20     939.00     936.40
     936.00     937.10     938.50     939.20     938.70     937.70     937.00     936.80     937.20     937.60
     937.90     938.20     938.60     938.60     937.80     936.00     933.60     931.30     929.40     927.50
     924.70     920.60     916.10
     953.30     951.90     950.90     950.40     950.70     951.50     952.70     953.80     954.70     955.20
     955.10     954.50     953.40     952.10     950.80     949.70     948.90     948.50     948.50     948.60
     947.60     944.70     939.20     931.40     922.90     915.60     911.10     910.20     912.70     917.80
     924.50     931.60     938.20     943.20     946.20     947.20     947.00     946.30     946.10     946.50
     947.60     949.30     951.40     953.50     954.80     954.30     951.60     947.10     942.10     938.50
     937.10     937.60     938.50     938.60     937.80     936.70     936.20     936.80     938.00     939.20
     940.10     940.70     941.30     941.60     941.10     939.40     936.70     933.70     930.90     928.00
     924.40     920.20     916.60
     956.40     954.40     952.70     951.70     951.70     952.50     953.70     955.10     956.10     956.60
     956.50     955.80     955.00     954.30     953.90     953.60     953.30     952.90     952.60     952.10
     951.30     949.10     945.10     939.40     933.30     928.30     925.60     925.50     927.80     931.50
     936.00     940.50     944.60     947.60     949.30     949.60     949.00     948.00     947.30     947.10
     947.60     948.80     950.80     953.40     955.80     956.60     954.80     950.40     944.70     939.80
     937.10     936.50     937.00     937.30     937.00     936.80     937.40     939.30     941.70     943.80
     945.10     945.80     946.40     946.70     946.30     944.60     941.80     938.50     934.90     930.80
     926.00     921.20     918.10
     958.80     957.20     955.80     955.20     955.30     955.90     956.60     957.30     957.90     958.50
     959.10     959.70     960.30     960.90     961.60     962.10     962.00     961.30     960.30     959.20
     958.20     956.70     954.20     950.80     947.10     944.20     942.60     942.50     943.30     944.70
     946.30     948.10     950.00     951.60     952.60     952.80     952.30     951.30     950.40     949.90
     950.00     951.00     953.10     956.00     958.80     960.20     958.90     954.90     949.20     943.60
     940.00     938.70     939.20     940.30     941.30     942.60     944.60     947.30     950.20     952.40
     953.60     954.00     954.10     954.20     953.60     952.20     949.90     947.10     943.70     939.30
     933.80     928.40     925.50
     961.60     960.60     959.90     959.80     960.30     961.00     961.50     961.60     961.90     962.70
     964.20     966.10     968.00     969.60     970.80     971.40     971.40     970.70     969.70     968.60
     967.60     966.60     965.10     963.20     961.20     959.40     958.20     957.30     956.60     956.10
     955.90     956.00     956.40     957.10     957.90     958.40     958.50     958.20     957.80     957.60
     957.90     958.80     960.50     962.60     964.50     965.30     964.30     961.10     956.60     952.10
     948.80     947.50     948.00     949.60     951.60     953.80     956.00     958.30     960.40     961.70
     962.20     962.20     962.10     961.90     961.30     960.10     958.60     957.00     954.90     951.60
     946.90     942.00     939.50
     964.00     963.70     963.50     963.90     964.90     965.90     966.60     966.80     967.10     968.10
     970.10     972.50     974.60     976.10     977.00     977.40     977.50     977.30     976.90     976.40
     975.80     975.00     974.00     972.80     971.60     970.40     969.20     968.00     966.80     965.80
     965.30     965.00     964.80     964.80     965.10     965.70     966.40     966.90     967.10     967.40
     967.80     968.40     969.20     969.90     970.30     970.20     969.30     967.60     965.40     963.10
     961.10     960.00     960.20     961.30     963.00     964.70     965.90     966.90     967.50     967.90
     968.10     968.20     968.40     968.20     967.60     966.60     965.40     964.60     963.90     962.40
     959.70     956.70     955.20
     966.40     966.70     966.80     967.30     968.40     969.70     970.70     971.30     971.90     972.90
     974.60     976.50     978.00     979.00     979.50     979.80     980.00     980.20     980.30     980.30
     980.00     979.40     978.70     977.90     977.20     976.40     975.40     974.30     973.40     972.90
     972.90     972.70     972.30     971.70     971.50     971.80     972.60     973.30     973.70     974.00
     974.10     974.20     974.20     974.10     973.80     973.30     972.90     972.70     972.40     971.90
     971.10     970.20     969.50     969.60     970.10     970.50     970.60     970.60     970.60     970.90
     971.40     972.00     972.60     972.90     972.40     971.30     970.20     969.50     969.30     969.00
     968.10     967.00     966.80
     969.70     970.10     970.20     970.50     971.30     972.50     973.60     974.50     975.10     975.90
     976.90     978.00     979.00     979.70     980.40     980.90     981.30     981.50     981.50     981.40
     981.10     980.70     980.10     979.50     979.10     978.70     978.00     977.20     976.70     976.50
     976.50     976.30     975.70     975.00     974.70     975.00     975.50     975.90     976.00     975.90
     975.80     975.60     975.40     975.40     975.40     975.50     975.50     975.70     975.90     976.10
     975.70     974.70     973.50     972.70     972.20     971.90     971.60     971.60     972.00     972.70
     973.30     973.90     974.50     975.10     975.20     974.60     973.70     973.00     972.80     972.80
     972.40     972.10     972.30
     972.80     972.80     972.70     972.80     973.30     974.10     975.00     975.80     976.40     977.00
     977.50     978.10     978.80     979.70     980.80     981.80     982.30     982.30     982.10     981.70
     981.40     980.90     980.30     979.80     979.40     979.10     978.70     978.30     977.80     977.40
     976.90     976.20     975.60     975.20     975.40     975.90     976.30     976.30     976.10     976.00
     976.00     976.00     976.00     976.30     976.70     977.10     977.20     976.90     976.70     976.60
     976.10     975.20     974.20     973.40     972.80     972.40     972.20     972.70     973.50     973.90
     973.60     972.90     972.80     973.60     974.80     975.50     975.60     975.40     975.20     974.90
     974.30     973.50     973.10
     973.90     973.50     973.30     973.50     973.80     974.30     974.80     975.20     975.70     976.40
     976.90     977.40     978.00     978.90     980.20     981.20     981.80     981.80     981.70     981.50
     981.30     980.80     980.20     979.40     978.90     978.60     978.40     978.30     978.10     977.50
     976.50     975.50     974.90     975.00     975.60     976.30     976.50     976.30     976.20     976.40
     976.80     977.10     977.20     977.20     977.50     977.70     977.50     977.00     976.50     976.10
     975.70     975.10     974.40     974.00     973.70     973.40     973.30     973.70     974.20     973.60
     971.60     969.20     968.40     969.70     972.20     974.30     975.40     975.70     975.60     975.20
     974.20     972.80     971.80
     973.20     972.90     972.90     973.10     973.30     973.40     973.40     973.50     974.00     974.70
     975.50     976.00     976.60     977.30     978.20     979.00     979.40     979.70     980.00     980.20
     980.30     979.90     979.30     978.50     977.90     977.50     977.50     977.70     977.70     977.30
     976.50     975.70     975.30     975.60     976.20     976.60     976.60     976.20     976.10     976.40
     977.10     977.40     977.30     977.00     976.90     976.80     976.70     976.50     976.40     976.20
     975.80     975.10     974.50     974.30     974.10     973.70     973.40     973.40     973.20     971.70
     968.50     965.40     964.50     966.70     970.30     973.10     974.30     974.50     974.30     973.70
     972.50     971.20     970.30
     972.80     973.00     973.10     973.00     972.80     972.40     972.00     972.00     972.40     973.20
     974.00     974.60     975.10     975.60     976.20     976.60     976.90     977.20     977.70     978.10
     978.20     977.90     977.50     977.00     976.50     976.00     975.90     976.00     976.10     976.00
     975.70     975.50     975.70     976.10     976.40     976.40     976.20     975.80     975.40     975.30
     975.40     975.60     975.60     975.50     975.50     975.60     975.80     976.10     976.40     976.40
     975.80     974.70     973.70     973.40     973.30     972.90     972.30     972.10     971.80     970.20
     967.20     964.40     964.20     967.00     970.80     973.50     974.20     973.80     973.10     972.10
     970.80     969.70     969.40
     973.30     973.70     973.60     973.10     972.50     971.80     971.50     971.50     971.90     972.50
     973.10     973.60     974.00     974.60     975.10     975.40     975.50     975.70     975.90     976.10
     975.90     975.60     975.30     975.00     974.70     974.20     973.90     973.80     973.70     973.40
     973.40     973.80     974.60     975.30     975.50     975.50     975.40     975.20     974.50     973.70
     973.20     973.10     973.40     973.90     974.50     975.00     975.40     975.70     976.00     975.90
     975.10     973.90     972.80     972.50     972.40     972.10     971.50     971.30     971.30     970.40
     968.40     966.60     966.80     969.30     972.50     974.40     974.80     974.20     973.20     971.80
     970.10     968.80     968.90
     973.30     973.60     973.40     972.80     972.10     971.60     971.50     971.70     972.20     972.60
     972.90     973.00     973.20     973.70     974.30     974.70     974.80     974.70     974.60     974.50
     974.20     973.70     973.30     973.00     972.70     972.30     972.00     971.90     971.60     971.10
     971.00     971.60     972.80     973.80     974.20     974.30     974.50     974.50     973.90     972.90
     972.10     971.90     972.30     973.00     973.80     974.50     974.90     974.90     974.90     974.70
     974.20     973.50     972.80     972.60     972.60     972.30     971.80     971.50     971.70     971.60
     970.60     969.70     969.90     971.40     973.30     974.50     974.70     974.40     973.70     972.30
     970.30     968.80     968.60
     972.50     972.40     972.30     972.10     971.90     971.70     971.60     971.70     972.10     972.50
     972.70     972.60     972.40     972.50     972.90     973.30     973.50     973.50     973.30     973.10
     972.90     972.40     971.80     971.30     970.90     970.80     970.80     970.90     970.60     970.10
     969.80     970.40     971.50     972.50     972.90     973.00     973.20     973.30     973.10     972.50
     972.00     971.90     972.00     972.20     972.70     973.20     973.70     973.70     973.70     973.70
     973.70     973.60     973.40     973.50     973.50     973.20     972.60     972.20     972.20     972.40
     972.20     971.90     972.00     972.70     973.40     973.90     974.00     974.00     973.70     972.60
     971.00     969.60     969.10
     971.70     971.50     971.60     971.90     972.10     971.90     971.60     971.40     971.60     972.00
     972.30     972.20     971.70     971.40     971.50     971.80     972.00     972.00     971.80     971.80
     971.80     971.50     971.00     970.40     970.10     970.10     970.30     970.40     970.20     969.80
     969.70     970.20     971.10     971.80     972.00     971.80     971.80     971.90     971.90     971.90
     971.90     971.90     971.70     971.40     971.30     971.70     972.20     972.60     972.90     973.10
     973.40     973.50     973.50     973.60     973.80     973.80     973.40     972.90     972.80     972.90
     973.00     973.10     973.30     973.60     973.90     973.90     973.80     973.60     973.30     972.60
     971.70     970.90     970.50
     971.80     971.50     971.60     972.00     972.30     972.10     971.60     971.20     971.20     971.50
     971.80     971.70     971.40     971.00     970.90     971.00     970.90     970.70     970.50     970.70
     970.90     970.80     970.40     970.00     969.90     970.10     970.10     970.00     969.60     969.40
     969.50     970.10     970.80     971.20     971.20     971.00     971.00     971.10     971.20     971.30
     971.40     971.50     971.30     970.90     970.60     970.80     971.30     971.90     972.40     972.70
     972.90     972.90     972.80     973.00     973.50     974.00     974.00     973.80     973.60     973.60
     973.60     973.70     973.90     974.10     974.40     974.40     974.10     973.60     973.10     972.50
     972.00     971.80     971.60
     972.10     971.70     971.50     971.50     971.60     971.60     971.40     971.30     971.30     971.40
     971.40     971.30     971.10     970.90     970.70     970.50     970.20     969.80     969.60     969.80
     970.20     970.20     969.90     969.60     969.60     969.80     969.70     969.40     969.00     968.90
     969.30     969.80     970.30     970.50     970.50     970.60     970.80     971.10     971.20     971.00
     970.80     970.80     970.90     971.00     971.00     970.90     970.90     971.20     971.70     972.20
     972.30     972.20     972.10     972.50     973.20     973.90     974.20     974.20     974.10     974.20
     974.10     973.90     973.80     973.90     974.10     974.10     973.90     973.50     972.90     972.20
     971.80     971.50     971.40
     971.90     971.50     971.10     970.80     970.70     970.80     971.00     971.30     971.40     971.30
     971.10     970.90     970.60     970.30     969.90     969.60     969.30     969.00     969.00     969.30
     969.70     969.90     969.50     969.00     968.80     968.90     969.00     968.90     968.90     969.00
     969.30     969.60     969.80     969.90     970.10     970.30     970.70     970.90     970.90     970.60
     970.10     969.90     970.40     971.10     971.40     971.00     970.60     970.50     971.00     971.60
     971.90     971.90     972.00     972.40     973.00     973.40     973.50     973.50     973.70     974.00
     974.10     974.00     973.70     973.60     973.50     973.30     973.10     972.90     972.60     972.10
     971.50     971.00     970.90
     971.60     971.40     971.10     970.70     970.50     970.50     970.70     970.90     971.00     970.90
     970.70     970.40     969.90     969.30     968.70     968.40     968.30     968.40     968.60     969.00
     969.50     969.70     969.30     968.70     968.30     968.20     968.50     968.80     969.10     969.50
     969.60     969.50     969.50     969.70     970.00     970.20     970.10     970.10     970.10     969.80
     969.40     969.20     969.80     970.70     971.20     970.90     970.40     970.30     970.80     971.40
     971.80     971.90     972.20     972.60     973.00     973.00     972.70     972.70     973.10     973.60
     974.00     974.20     974.10     973.90     973.50     973.00     972.60     972.50     972.60     972.40
     971.90     971.40     971.20
