diamond 4 20年06月29日8时300百帕高度场
20 06 29  8  300 
2.500 -2.500  .0  180.0   90.0  .0
73  37
     909.50     909.50     909.50     909.50     909.50     909.50     909.50     909.50     909.50     909.50
     909.50     909.50     909.50     909.50     909.50     909.50     909.50     909.50     909.50     909.50
     909.50     909.50     909.50     909.50     909.50     909.50     909.50     909.50     909.50     909.50
     909.50     909.50     909.50     909.50     909.50     909.50     909.50     909.50     909.50     909.50
     909.50     909.50     909.50     909.50     909.50     909.50     909.50     909.50     909.50     909.50
     909.50     909.50     909.50     909.50     909.50     909.50     909.50     909.50     909.50     909.50
     909.50     909.50     909.50     909.50     909.50     909.50     909.50     909.50     909.50     909.50
     909.50     909.50     909.50
     911.00     910.70     910.30     910.00     909.60     909.30     908.90     908.60     908.30     907.90
     907.60     907.30     907.00     906.70     906.40     906.10     905.80     905.50     905.20     905.00
     904.70     904.40     904.20     904.00     903.70     903.50     903.30     903.10     902.90     902.80
     902.60     902.50     902.30     902.20     902.10     902.00     901.90     901.80     901.80     901.80
     901.70     901.70     901.70     901.80     901.80     901.90     902.00     902.00     902.20     902.30
     902.40     902.60     902.80     903.00     903.20     903.40     903.70     903.90     904.20     904.50
     904.80     905.10     905.40     905.70     906.10     906.40     906.80     907.10     907.50     907.80
     908.20     908.60     909.00
     910.50     909.80     909.20     908.60     908.00     907.40     906.90     906.40     905.90     905.40
     905.00     904.50     904.10     903.80     903.40     903.10     902.80     902.50     902.20     901.90
     901.60     901.30     901.10     900.80     900.60     900.40     900.10     899.90     899.70     899.50
     899.30     899.10     899.00     898.80     898.70     898.60     898.50     898.40     898.30     898.20
     898.20     898.10     898.10     898.10     898.10     898.20     898.30     898.40     898.50     898.60
     898.80     899.10     899.30     899.60     899.90     900.30     900.70     901.10     901.60     902.10
     902.60     903.20     903.80     904.40     905.00     905.70     906.30     907.00     907.60     908.30
     909.00     909.60     910.30
     906.30     905.30     904.30     903.50     902.70     902.00     901.40     900.80     900.40     900.00
     899.80     899.60     899.40     899.30     899.30     899.30     899.40     899.40     899.50     899.60
     899.70     899.90     900.00     900.10     900.20     900.30     900.40     900.50     900.60     900.70
     900.90     901.00     901.10     901.20     901.30     901.40     901.50     901.60     901.60     901.70
     901.70     901.70     901.60     901.60     901.50     901.40     901.20     901.10     901.00     900.90
     900.80     900.70     900.70     900.70     900.90     901.00     901.30     901.60     902.10     902.60
     903.20     903.80     904.50     905.30     906.00     906.80     907.70     908.50     909.30     910.10
     910.80     911.50     912.20
     901.60     900.20     898.90     897.70     896.60     895.80     895.10     894.60     894.20     894.10
     894.10     894.30     894.60     895.00     895.50     896.00     896.70     897.30     898.00     898.70
     899.40     900.10     900.80     901.60     902.30     903.10     903.80     904.60     905.30     906.10
     906.80     907.60     908.30     909.00     909.70     910.30     910.80     911.40     911.80     912.20
     912.40     912.60     912.60     912.50     912.30     912.00     911.50     910.90     910.20     909.50
     908.70     907.90     907.10     906.40     905.90     905.40     905.10     905.00     905.10     905.30
     905.70     906.20     906.80     907.60     908.40     909.20     910.00     910.80     911.50     912.20
     912.80     913.40     913.90
     902.00     900.30     898.60     897.10     895.70     894.50     893.60     893.00     892.60     892.40
     892.50     892.90     893.40     894.00     894.70     895.50     896.40     897.30     898.30     899.30
     900.30     901.50     902.70     904.00     905.50     907.00     908.50     910.20     911.80     913.40
     915.00     916.50     918.00     919.30     920.60     921.70     922.80     923.80     924.60     925.40
     926.00     926.50     926.90     927.00     926.80     926.40     925.70     924.70     923.50     922.00
     920.40     918.60     916.80     915.10     913.50     912.00     910.90     910.00     909.40     909.10
     909.10     909.30     909.60     910.10     910.70     911.30     911.80     912.40     912.90     913.30
     913.60     913.90     914.10
     909.80     908.00     906.20     904.50     902.80     901.30     899.90     898.90     898.10     897.60
     897.30     897.30     897.40     897.60     897.90     898.20     898.60     899.00     899.50     900.10
     901.00     902.10     903.40     905.10     907.10     909.40     911.90     914.50     917.10     919.70
     922.10     924.30     926.40     928.10     929.70     931.00     932.20     933.30     934.30     935.30
     936.20     937.10     937.90     938.50     938.80     938.80     938.40     937.50     936.10     934.30
     932.00     929.50     926.90     924.10     921.50     919.10     916.90     915.10     913.70     912.70
     911.90     911.40     911.10     911.00     910.80     910.80     910.70     910.60     910.40     910.30
     910.20     910.20     910.20
     921.70     920.20     918.60     916.80     915.00     913.20     911.50     909.90     908.50     907.30
     906.30     905.40     904.60     903.80     903.00     902.20     901.50     900.80     900.20     900.00
     900.10     900.80     902.00     903.80     906.10     908.90     912.10     915.40     918.80     922.10
     925.20     927.90     930.30     932.30     933.90     935.20     936.30     937.20     938.10     939.00
     940.00     941.10     942.30     943.40     944.50     945.20     945.50     945.20     944.20     942.60
     940.40     937.70     934.60     931.40     928.10     925.00     922.10     919.60     917.40     915.40
     913.80     912.20     910.80     909.40     908.00     906.60     905.20     903.90     902.70     901.70
     901.00     900.70     900.70
     930.90     930.10     929.00     927.80     926.40     924.80     923.10     921.30     919.40     917.40
     915.50     913.50     911.50     909.50     907.40     905.40     903.40     901.60     900.10     899.00
     898.50     898.70     899.60     901.30     903.60     906.50     909.70     913.00     916.40     919.80
     922.90     925.80     928.50     930.90     932.90     934.60     936.00     937.10     938.00     938.90
     939.70     940.80     942.00     943.30     944.60     945.80     946.70     947.10     946.80     945.80
     944.10     941.70     939.00     935.90     932.80     929.70     926.70     923.90     921.30     918.70
     916.20     913.60     910.80     908.00     904.90     901.80     898.80     895.80     893.10     890.90
     889.20     888.30     888.20
     931.90     932.00     932.10     932.30     932.40     932.10     931.30     930.00     928.10     925.80
     923.00     920.00     916.80     913.60     910.40     907.30     904.40     901.90     899.70     898.20
     897.50     897.50     898.30     899.80     901.80     904.10     906.50     909.00     911.30     913.70
     916.20     918.90     921.90     925.10     928.30     931.40     934.20     936.30     937.90     939.00
     939.60     940.20     940.80     941.50     942.50     943.50     944.50     945.10     945.30     944.90
     943.90     942.40     940.50     938.40     936.20     934.00     931.70     929.40     927.00     924.40
     921.40     918.10     914.50     910.40     906.10     901.50     896.90     892.30     888.10     884.30
     881.40     879.40     878.70
     923.30     924.70     926.70     929.20     931.70     933.70     935.00     935.20     934.20     932.20
     929.20     925.60     921.50     917.30     913.20     909.20     905.50     902.20     899.50     897.60
     896.50     896.40     897.20     898.50     900.20     901.90     903.30     904.50     905.50     906.60
     908.20     910.50     913.90     918.30     923.30     928.40     933.20     937.00     939.60     940.90
     941.30     941.10     940.60     940.30     940.30     940.70     941.20     941.70     942.10     942.10
     941.90     941.30     940.60     939.70     938.70     937.60     936.50     935.10     933.50     931.40
     928.80     925.60     921.80     917.40     912.60     907.40     901.90     896.30     890.90     885.80
     881.50     878.40     876.80
     910.00     912.70     916.60     921.40     926.40     931.00     934.80     937.20     937.90     937.00
     934.60     931.10     926.80     922.10     917.30     912.50     907.90     903.60     899.90     896.90
     895.00     894.10     894.30     895.20     896.60     898.00     899.10     899.80     900.30     900.90
     902.20     904.70     908.70     914.20     920.70     927.60     933.90     939.00     942.20     943.60
     943.40     942.30     940.80     939.40     938.60     938.30     938.40     938.80     939.20     939.50
     939.70     939.70     939.60     939.30     938.90     938.40     937.80     937.20     936.50     935.40
     933.90     931.70     928.80     925.20     920.90     916.00     910.70     905.00     899.20     893.60
     888.60     884.80     882.70
     899.90     903.20     908.00     913.90     920.40     926.90     932.70     937.20     939.80     940.40
     939.00     936.20     932.30     927.80     922.90     917.90     912.70     907.50     902.60     898.20
     894.60     892.20     891.00     890.80     891.40     892.50     893.80     895.10     896.40     898.00
     900.20     903.40     908.20     914.40     921.70     929.30     936.30     941.60     944.70     945.60
     944.70     942.80     940.50     938.60     937.30     936.80     936.70     937.00     937.40     937.80
     938.00     938.00     937.50     936.70     935.60     934.40     933.40     932.90     932.80     933.00
     933.10     932.80     931.70     929.70     926.70     923.00     918.60     913.80     908.70     903.70
     899.30     895.80     893.90
     898.20     901.00     905.30     911.00     917.80     925.10     932.00     937.70     941.50     942.90
     942.20     939.80     936.50     932.60     928.60     924.30     919.60     914.60     909.40     904.40
     899.70     895.80     892.80     890.80     889.80     889.90     890.90     892.90     895.50     898.50
     902.10     906.30     911.50     917.90     925.20     932.70     939.40     944.40     947.00     947.30
     945.70     943.20     940.60     938.50     937.10     936.40     936.20     936.30     936.60     936.80
     936.80     936.30     935.00     933.10     930.50     927.80     925.60     924.50     924.70     926.00
     928.00     929.80     930.80     930.60     929.30     927.00     924.00     920.80     917.30     914.00
     911.00     908.90     908.00
     904.30     905.60     908.70     913.70     920.20     927.70     935.00     941.00     944.80     945.80
     944.60     942.00     938.80     935.80     933.10     930.40     927.40     923.90     920.00     915.80
     911.50     907.40     903.50     899.90     897.00     895.50     895.50     897.20     900.10     903.80
     907.80     912.00     916.80     922.60     929.30     936.40     942.70     947.20     949.30     949.00
     947.00     944.40     941.80     939.80     938.50     937.70     937.30     937.00     936.80     936.60
     936.20     935.20     933.50     930.80     927.40     923.70     920.60     918.80     918.90     920.80
     923.80     926.90     929.40     930.60     930.60     929.60     928.10     926.50     925.00     923.60
     922.50     921.90     922.00
     914.70     914.40     916.40     920.80     927.20     934.60     941.70     947.00     949.60     949.50
     947.10     943.90     940.70     938.50     937.00     935.90     934.60     932.80     930.60     928.10
     925.50     922.70     919.40     915.70     912.00     909.20     908.10     908.80     911.00     913.70
     916.40     919.20     922.60     927.20     933.10     939.60     945.50     949.50     951.00     950.30
     948.10     945.70     943.70     942.40     941.50     940.90     940.30     939.60     938.70     937.70
     936.60     935.20     933.40     931.20     928.40     925.20     922.30     920.30     919.80     921.10
     923.70     926.90     929.80     931.70     932.70     932.80     932.50     932.20     932.00     931.90
     931.90     932.10     932.60
     927.60     926.40     927.70     931.60     937.30     943.60     949.10     952.70     953.70     952.30
     949.50     946.30     943.70     942.20     941.60     941.20     940.40     939.20     937.60     936.20
     935.10     934.00     932.40     930.00     927.20     924.60     923.30     923.30     924.20     925.10
     925.60     926.10     927.50     931.00     936.40     942.60     948.00     951.10     951.50     950.00
     947.90     946.10     945.20     945.00     944.90     944.80     944.30     943.40     942.10     940.20
     938.00     935.80     934.10     932.90     931.70     930.30     928.40     926.30     925.00     925.00
     926.60     929.20     932.30     934.80     936.70     937.70     938.20     938.50     938.70     938.70
     938.70     938.50     938.30
     942.70     941.30     942.20     944.90     948.70     952.30     954.60     955.40     954.60     952.90
     950.70     948.80     947.40     946.70     946.30     945.80     944.60     942.80     940.70     939.10
     938.30     938.10     937.90     937.10     935.80     934.60     934.00     934.10     934.20     933.40
     931.90     930.40     930.70     933.70     939.20     945.40     950.20     952.10     951.10     948.70
     946.50     945.40     945.60     946.30     946.80     947.00     947.00     946.60     945.50     943.40
     940.40     937.40     935.20     934.30     934.40     934.30     933.20     931.10     929.00     928.20
     929.50     932.60     936.50     940.30     943.20     944.90     945.70     945.80     945.60     945.00
     944.00     942.60     940.90
     957.20     956.20     956.50     957.70     958.80     958.60     957.20     955.00     952.80     951.50
     950.90     950.70     950.70     950.50     950.10     949.20     947.60     945.20     942.50     940.20
     938.90     938.50     938.50     938.40     938.10     937.90     938.20     938.70     938.60     937.10
     934.60     932.40     932.50     935.80     941.80     948.20     952.50     953.40     951.40     948.40
     946.20     945.50     945.90     946.30     946.30     946.20     946.50     947.20     947.70     946.70
     944.10     940.70     937.80     936.40     936.10     935.80     934.30     931.80     929.80     929.70
     932.40     937.30     943.10     948.20     951.90     953.70     954.20     953.70     952.80     951.40
     949.60     947.00     943.80
     966.40     965.70     965.70     965.70     964.70     962.00     958.00     954.00     951.40     950.80
     951.70     952.90     953.70     953.70     953.20     952.40     951.00     948.90     946.20     943.60
     941.60     940.50     940.00     939.60     939.30     939.30     939.80     940.50     940.50     939.10
     936.70     934.90     935.40     939.20     945.20     951.40     955.40     956.00     954.00     951.20
     949.20     948.40     948.10     947.20     945.70     944.40     944.60     946.50     948.90     950.20
     949.20     946.40     943.30     940.80     939.10     937.00     934.30     931.50     930.40     932.30
     937.40     944.40     951.50     957.10     960.50     962.00     961.90     961.00     959.60     957.90
     955.60     952.50     948.70
     968.90     968.20     968.00     967.60     966.10     963.10     959.00     955.30     953.40     953.60
     955.30     957.20     958.30     958.40     958.10     957.70     956.80     955.30     952.90     950.30
     948.10     946.60     945.60     944.70     943.90     943.40     943.60     944.10     944.20     943.40
     941.80     940.80     941.70     945.20     950.50     955.80     959.40     960.40     959.30     957.40
     955.80     954.80     953.60     951.60     948.80     946.50     946.20     948.30     951.70     954.40
     955.10     953.60     950.80     947.80     944.50     940.80     937.10     934.50     934.90     938.90
     945.70     953.30     959.80     964.30     966.80     967.70     967.70     966.80     965.50     963.60
     961.20     958.00     954.40
     968.10     967.20     966.70     966.40     965.60     963.80     961.50     959.50     958.90     959.90
     961.90     963.80     965.10     965.50     965.60     965.50     964.90     963.60     961.40     959.10
     957.10     955.70     954.70     953.60     952.40     951.40     951.00     951.10     951.10     950.70
     949.90     949.60     950.70     953.40     957.20     961.20     964.10     965.60     965.60     964.80
     963.80     962.80     961.60     959.70     957.10     954.70     953.80     954.90     957.40     959.70
     960.80     960.10     958.20     955.30     951.70     947.60     944.00     942.40     944.20     949.20
     955.70     961.80     966.00     968.60     970.10     971.30     971.90     971.70     970.60     968.60
     965.90     962.90     959.80
     967.60     966.60     966.10     966.10     966.00     965.70     965.40     965.20     965.80     967.20
     968.90     970.60     971.90     972.70     973.10     973.20     972.60     971.40     969.60     967.80
     966.40     965.50     964.60     963.50     962.10     960.80     960.00     959.60     959.20     958.70
     958.30     958.50     959.60     961.60     964.00     966.50     968.70     970.20     970.90     970.80
     970.20     969.60     969.10     968.30     967.20     965.70     964.50     964.20     964.60     965.40
     965.60     965.20     963.90     961.80     959.00     956.00     953.70     953.30     955.60     959.90
     964.50     968.00     969.90     971.00     972.30     974.00     975.50     975.80     974.80     972.80
     970.20     967.40     965.00
     967.40     967.10     967.20     967.50     968.00     968.60     969.30     970.30     971.40     972.70
     974.10     975.30     976.40     977.20     977.70     977.80     977.40     976.50     975.50     974.60
     974.00     973.50     972.70     971.60     970.30     969.00     968.10     967.30     966.40     965.60
     965.00     965.20     966.20     967.60     969.20     970.70     972.10     973.30     974.00     974.10
     973.70     973.50     973.60     974.00     974.10     973.60     972.60     971.50     970.70     970.10
     969.60     969.10     968.30     967.10     965.60     964.10     963.30     963.70     965.20     967.50
     969.70     971.20     972.10     973.00     974.50     976.40     977.80     978.10     977.30     975.70
     973.70     971.70     969.90
     966.90     967.30     968.20     969.20     970.10     971.10     972.20     973.40     974.70     975.80
     976.90     977.80     978.60     979.20     979.50     979.50     979.30     979.00     978.70     978.40
     978.20     977.80     977.10     976.20     975.10     974.20     973.50     972.60     971.60     970.50
     969.70     969.60     970.20     971.10     972.10     973.00     974.00     974.90     975.40     975.40
     975.20     975.10     975.40     976.00     976.30     976.20     975.70     975.00     974.20     973.40
     972.90     972.40     971.90     971.30     970.70     970.40     970.40     970.30     970.00     969.80
     970.20     971.30     972.90     974.60     976.30     977.60     978.20     978.10     977.40     976.60
     975.80     974.70     973.60
     967.00     967.50     968.80     970.20     971.60     972.80     973.90     974.90     975.90     976.90
     978.10     979.20     980.00     980.40     980.40     980.30     980.10     980.00     979.70     979.40
     978.90     978.40     977.90     977.40     976.90     976.30     975.80     975.10     974.30     973.40
     972.60     972.10     972.10     972.50     973.10     973.90     974.70     975.50     976.00     976.00
     975.90     975.90     976.10     976.30     976.20     976.10     976.10     976.10     975.90     975.50
     975.10     974.80     974.40     974.00     973.70     973.70     973.50     972.30     970.10     967.90
     967.50     969.30     972.40     975.10     976.70     977.20     977.00     976.70     976.40     976.20
     976.00     975.60     974.90
     968.90     968.90     969.80     971.10     972.50     973.70     974.60     975.20     975.90     976.90
     978.20     979.60     980.60     981.00     980.90     980.70     980.40     980.10     979.50     978.70
     977.80     977.20     976.90     976.90     976.80     976.50     975.90     975.30     974.70     974.10
     973.50     972.90     972.50     972.50     972.90     973.70     974.60     975.50     976.00     976.10
     976.20     976.40     976.60     976.60     976.20     976.00     976.30     976.80     976.90     976.50
     976.00     975.70     975.40     974.90     974.50     974.30     973.70     971.60     968.20     965.20
     964.80     967.50     971.40     974.60     975.90     976.10     975.90     975.70     975.50     975.10
     974.70     974.40     974.20
     971.40     971.10     971.30     972.00     973.00     973.90     974.60     974.80     975.20     975.90
     977.10     978.30     979.20     979.60     979.50     979.40     979.30     979.10     978.50     977.60
     976.70     976.20     976.20     976.40     976.40     976.00     975.30     974.70     974.10     973.70
     973.10     972.50     972.10     972.10     972.50     973.10     973.90     974.60     975.10     975.20
     975.40     975.80     976.20     976.30     976.10     976.00     976.50     977.00     977.10     976.40
     975.60     975.20     975.00     974.60     974.10     973.70     973.00     970.80     967.50     964.90
     964.90     967.70     971.50     974.10     975.00     975.20     975.20     975.00     974.20     973.20
     972.50     972.50     972.90
     972.60     972.50     972.40     972.40     972.80     973.40     973.80     973.90     974.00     974.40
     975.10     975.80     976.20     976.40     976.50     976.70     976.90     977.10     976.90     976.50
     975.90     975.70     975.80     975.90     975.70     975.30     974.70     974.10     973.60     973.10
     972.50     971.90     971.70     971.80     972.10     972.30     972.60     972.90     973.30     973.60
     973.80     974.10     974.60     974.80     974.80     974.80     975.50     976.20     976.30     975.50
     974.50     974.00     974.00     973.80     973.50     973.20     972.70     971.30     969.00     967.30
     967.60     969.90     972.50     974.10     974.60     974.80     974.50     973.50     971.80     970.20
     969.80     970.60     971.90
     972.40     972.70     972.60     972.30     972.20     972.40     972.60     972.60     972.70     973.00
     973.20     973.30     973.40     973.50     973.90     974.30     974.70     975.00     975.10     975.00
     974.80     974.70     974.80     974.80     974.40     974.00     973.70     973.40     973.10     972.60
     971.90     971.50     971.30     971.50     971.60     971.50     971.20     971.20     971.50     972.00
     972.30     972.50     972.80     972.90     972.90     973.00     973.80     974.90     975.20     974.50
     973.40     973.00     973.10     973.20     973.10     973.00     972.80     972.10     970.90     970.10
     970.50     971.90     973.30     974.20     974.60     974.60     973.70     971.50     968.80     967.20
     967.50     969.30     971.20
     972.20     972.80     972.70     972.30     971.90     971.60     971.30     971.20     971.40     971.80
     972.00     971.90     971.80     972.10     972.70     973.20     973.40     973.50     973.30     973.00
     972.90     973.00     973.30     973.20     972.80     972.30     972.00     971.90     971.70     971.40
     971.10     970.80     970.60     970.70     970.80     970.60     970.30     970.20     970.60     971.20
     971.60     971.80     971.90     971.90     971.90     972.10     973.00     974.00     974.50     973.80
     972.70     972.30     972.60     973.00     973.20     973.00     972.80     972.40     971.80     971.50
     971.80     972.60     973.40     974.00     974.50     974.50     973.10     970.30     967.30     965.90
     966.70     968.70     970.60
     972.50     973.00     972.90     972.40     971.70     971.00     970.40     970.00     970.20     970.70
     971.00     970.90     970.80     971.10     971.80     972.20     972.30     972.10     971.70     971.20
     971.00     971.20     971.70     971.90     971.60     971.00     970.50     970.20     969.90     969.80
     969.80     969.80     969.60     969.60     969.90     970.10     970.10     970.20     970.50     971.00
     971.30     971.50     971.60     971.80     971.90     972.10     972.80     973.60     973.80     973.20
     972.30     972.10     972.70     973.40     973.60     973.30     972.80     972.40     972.00     972.00
     972.30     972.70     973.10     973.60     974.20     974.30     973.10     970.60     968.10     966.90
     967.30     968.70     970.00
     972.40     972.80     972.70     972.10     971.30     970.60     969.80     969.30     969.20     969.50
     969.80     969.70     969.60     969.90     970.30     970.70     970.80     970.70     970.40     969.90
     969.60     969.80     970.40     970.70     970.60     970.20     969.80     969.30     968.80     968.70
     968.80     968.90     968.80     968.80     969.30     969.90     970.30     970.40     970.50     970.60
     970.80     971.00     971.20     971.50     971.70     971.80     972.20     972.70     972.80     972.40
     972.00     972.20     973.00     973.60     973.70     973.40     972.90     972.60     972.50     972.70
     973.00     973.20     973.20     973.30     973.70     973.80     973.10     971.50     969.80     968.80
     968.60     969.10     969.90
     971.70     972.20     972.10     971.50     970.80     970.40     969.90     969.20     968.70     968.70
     968.80     968.80     968.90     969.10     969.40     969.60     969.80     969.90     969.80     969.40
     968.90     968.80     969.00     969.20     969.40     969.50     969.50     969.20     968.70     968.40
     968.30     968.40     968.30     968.50     969.10     969.80     970.20     970.20     970.10     970.10
     970.10     970.30     970.60     970.90     970.90     970.80     970.80     971.10     971.50     971.70
     971.80     972.20     972.70     973.00     973.00     972.80     972.80     972.80     972.90     973.20
     973.50     973.50     973.30     973.20     973.20     973.30     972.90     972.10     971.00     970.20
     969.80     969.80     970.40
     971.20     971.80     971.60     971.00     970.50     970.40     970.30     969.70     968.90     968.50
     968.50     968.80     969.10     969.40     969.60     969.60     969.60     969.70     969.70     969.40
     968.70     968.10     967.80     967.80     968.00     968.60     969.00     969.00     968.60     968.10
     967.90     967.90     968.10     968.50     969.00     969.50     969.70     969.70     969.80     969.80
     969.80     969.80     970.10     970.30     970.20     969.80     969.50     969.90     970.60     971.20
     971.60     971.70     971.70     971.60     971.50     971.80     972.20     972.60     972.70     972.80
     972.90     972.90     973.00     973.00     973.00     973.10     972.80     972.30     971.50     970.80
     970.50     970.70     971.30
     970.90     971.20     971.00     970.50     970.30     970.40     970.40     969.90     969.20     968.70
     968.80     969.10     969.60     970.00     970.10     969.90     969.60     969.50     969.60     969.50
     969.00     968.20     967.50     967.20     967.40     968.00     968.40     968.50     968.10     967.80
     967.60     967.70     968.10     968.60     969.10     969.30     969.30     969.30     969.60     969.80
     969.70     969.60     969.80     970.10     970.00     969.50     969.20     969.40     970.00     970.60
     970.90     970.90     970.70     970.60     970.70     971.20     971.80     972.20     972.10     971.80
     971.70     972.00     972.40     972.80     973.00     973.00     972.80     972.30     971.70     971.20
     971.10     971.40     972.00
     970.20     970.00     969.80     969.80     969.90     970.10     970.10     969.70     969.30     969.00
     969.00     969.20     969.50     969.80     969.70     969.30     968.80     968.70     969.00     969.30
     969.20     968.60     967.90     967.60     967.80     968.30     968.40     968.20     968.00     968.00
     968.10     968.30     968.60     969.20     969.60     969.60     969.40     969.40     969.80     970.00
     969.70     969.40     969.50     969.90     970.10     969.80     969.50     969.40     969.60     969.90
     970.10     970.30     970.50     970.70     971.00     971.50     971.90     972.00     971.90     971.50
     971.40     971.60     972.20     972.70     972.90     972.80     972.60     972.20     971.80     971.60
     971.60     971.90     972.10
