diamond 4 20年06月29日20时300百帕高度场
20 06 29  20  300 
2.500 -2.500  .0  180.0   90.0  .0
73  37
     912.10     912.10     912.10     912.10     912.10     912.10     912.10     912.10     912.10     912.10
     912.10     912.10     912.10     912.10     912.10     912.10     912.10     912.10     912.10     912.10
     912.10     912.10     912.10     912.10     912.10     912.10     912.10     912.10     912.10     912.10
     912.10     912.10     912.10     912.10     912.10     912.10     912.10     912.10     912.10     912.10
     912.10     912.10     912.10     912.10     912.10     912.10     912.10     912.10     912.10     912.10
     912.10     912.10     912.10     912.10     912.10     912.10     912.10     912.10     912.10     912.10
     912.10     912.10     912.10     912.10     912.10     912.10     912.10     912.10     912.10     912.10
     912.10     912.10     912.10
     912.90     912.60     912.30     911.90     911.60     911.30     911.00     910.80     910.50     910.20
     909.90     909.60     909.40     909.10     908.90     908.60     908.40     908.10     907.90     907.70
     907.50     907.30     907.10     906.90     906.70     906.50     906.40     906.20     906.10     905.90
     905.80     905.70     905.60     905.50     905.40     905.30     905.20     905.10     905.10     905.00
     905.00     904.90     904.90     904.90     904.90     904.90     904.90     905.00     905.00     905.10
     905.20     905.30     905.40     905.60     905.70     905.90     906.10     906.30     906.50     906.70
     907.00     907.20     907.50     907.80     908.10     908.50     908.80     909.20     909.50     909.90
     910.30     910.70     911.00
     912.70     912.10     911.60     911.10     910.60     910.20     909.70     909.30     908.90     908.50
     908.10     907.70     907.40     907.00     906.70     906.50     906.20     906.00     905.70     905.60
     905.40     905.30     905.10     905.00     905.00     904.90     904.80     904.80     904.80     904.70
     904.70     904.70     904.70     904.70     904.60     904.60     904.50     904.40     904.30     904.20
     904.10     904.00     903.80     903.70     903.50     903.30     903.10     903.00     902.80     902.70
     902.60     902.50     902.40     902.40     902.50     902.60     902.70     902.90     903.10     903.40
     903.80     904.20     904.60     905.10     905.70     906.20     906.80     907.40     908.10     908.80
     909.40     910.10     910.80
     910.50     909.70     909.00     908.30     907.70     907.10     906.50     906.00     905.60     905.20
     904.90     904.60     904.30     904.20     904.10     904.00     904.10     904.10     904.30     904.50
     904.80     905.10     905.40     905.80     906.30     906.80     907.30     907.80     908.30     908.90
     909.40     909.90     910.40     910.90     911.20     911.60     911.80     912.00     912.10     912.10
     912.00     911.80     911.50     911.20     910.70     910.20     909.50     908.90     908.20     907.50
     906.80     906.10     905.50     905.00     904.50     904.20     903.90     903.80     903.80     903.90
     904.20     904.50     905.00     905.50     906.20     906.90     907.60     908.30     909.10     909.90
     910.60     911.40     912.00
     906.10     904.90     903.80     902.80     902.00     901.20     900.50     900.00     899.60     899.30
     899.20     899.10     899.30     899.50     899.90     900.50     901.10     901.90     902.80     903.80
     904.90     906.10     907.30     908.50     909.80     911.10     912.40     913.70     915.00     916.20
     917.50     918.70     919.80     920.80     921.80     922.70     923.50     924.10     924.50     924.90
     925.00     924.90     924.70     924.20     923.60     922.70     921.70     920.50     919.20     917.80
     916.40     914.90     913.50     912.20     911.00     909.90     909.10     908.40     908.00     907.80
     907.80     908.00     908.30     908.80     909.40     910.10     910.70     911.40     912.10     912.70
     913.20     913.70     914.10
     901.40     899.80     898.30     897.00     895.80     894.80     894.00     893.40     893.00     892.90
     892.90     893.20     893.70     894.50     895.60     896.80     898.30     900.00     901.90     903.80
     905.80     907.90     910.00     912.00     913.90     915.80     917.60     919.40     921.00     922.60
     924.10     925.60     927.00     928.40     929.70     930.90     932.00     933.00     933.90     934.60
     935.10     935.50     935.60     935.50     935.10     934.50     933.60     932.40     930.90     929.20
     927.30     925.30     923.20     921.20     919.20     917.40     915.80     914.50     913.50     912.90
     912.50     912.40     912.40     912.70     913.00     913.30     913.70     914.00     914.20     914.40
     914.50     914.60     914.60
     901.30     899.40     897.70     896.10     894.80     893.60     892.70     891.90     891.40     891.10
     891.10     891.30     891.80     892.70     893.90     895.40     897.20     899.20     901.50     903.90
     906.40     908.90     911.30     913.50     915.50     917.30     919.00     920.50     922.00     923.40
     924.80     926.20     927.60     929.10     930.60     932.10     933.50     934.80     936.10     937.30
     938.30     939.30     940.10     940.70     941.10     941.30     941.20     940.70     939.70     938.40
     936.60     934.50     932.00     929.40     926.70     924.10     921.60     919.50     917.80     916.40
     915.40     914.60     914.20     913.80     913.50     913.20     912.80     912.40     912.00     911.50
     911.20     910.90     910.70
     908.60     906.90     905.30     903.80     902.50     901.40     900.40     899.60     898.90     898.20
     897.60     897.20     896.80     896.70     896.90     897.40     898.30     899.60     901.30     903.10
     905.20     907.20     909.10     910.80     912.20     913.40     914.40     915.30     916.20     917.20
     918.50     920.00     921.80     923.90     926.10     928.30     930.50     932.60     934.50     936.20
     937.80     939.20     940.60     941.90     943.00     944.10     944.90     945.40     945.30     944.70
     943.30     941.30     938.70     935.60     932.10     928.50     925.10     921.90     919.00     916.70
     914.70     913.10     911.80     910.60     909.40     908.10     906.80     905.40     904.10     903.00
     902.20     901.90     901.90
     919.70     918.40     917.10     916.10     915.20     914.50     913.80     913.30     912.60     911.70
     910.50     909.10     907.30     905.50     903.70     902.20     901.20     900.70     900.80     901.50
     902.50     903.70     904.80     905.80     906.40     906.80     906.90     907.10     907.40     908.20
     909.60     911.60     914.30     917.60     921.30     925.00     928.70     932.00     934.80     937.10
     939.00     940.50     941.80     943.00     944.20     945.40     946.60     947.50     948.10     948.00
     947.20     945.40     942.80     939.50     935.50     931.20     926.80     922.60     918.70     915.30
     912.40     909.80     907.50     905.30     903.10     900.80     898.50     896.10     894.00     892.20
     891.00     890.60     890.90
     925.40     924.70     924.10     923.70     923.50     923.60     923.90     924.20     924.30     923.90
     922.80     920.90     918.20     915.00     911.40     907.90     904.80     902.40     901.00     900.40
     900.60     901.20     902.00     902.60     902.90     902.80     902.40     901.90     901.70     902.20
     903.60     906.00     909.60     914.10     919.30     924.70     929.90     934.60     938.30     941.10
     943.00     944.10     944.60     944.90     945.30     945.80     946.50     947.20     947.80     948.10
     947.70     946.60     944.50     941.70     938.10     933.90     929.50     925.00     920.70     916.70
     913.00     909.70     906.60     903.70     900.70     897.60     894.40     891.20     888.30     885.70
     883.90     882.80     882.80
     919.90     920.00     920.40     921.10     922.20     923.60     925.20     926.90     928.50     929.40
     929.50     928.30     925.80     922.20     917.80     913.10     908.60     904.90     902.30     900.80
     900.40     900.80     901.50     902.20     902.60     902.40     901.90     901.10     900.50     900.60
     901.70     904.20     908.10     913.20     919.30     925.80     932.20     937.90     942.30     945.40
     946.90     947.30     946.90     946.00     945.20     944.70     944.50     944.80     945.20     945.60
     945.80     945.50     944.50     942.90     940.60     937.70     934.40     930.70     926.90     923.10
     919.40     915.90     912.50     909.20     905.80     902.40     899.00     895.40     891.90     888.60
     885.70     883.50     882.10
     907.00     908.30     910.30     912.60     915.10     918.00     921.10     924.50     927.70     930.40
     932.10     932.30     930.80     927.60     923.20     918.10     912.80     908.00     904.20     901.60
     900.30     900.00     900.40     901.00     901.40     901.30     900.80     900.10     899.60     899.70
     900.90     903.50     907.60     913.10     919.80     926.90     934.00     940.20     944.90     947.90
     949.10     948.80     947.50     945.80     944.10     943.00     942.40     942.30     942.70     943.10
     943.60     943.70     943.50     942.90     941.80     940.20     938.30     936.10     933.70     931.00
     928.20     925.30     922.30     919.30     916.30     913.30     910.20     906.90     903.50     899.90
     896.20     892.80     889.80
     896.90     899.60     903.00     906.70     910.60     914.80     919.20     923.80     928.40     932.40
     935.20     936.30     935.40     932.60     928.30     923.00     917.10     911.50     906.40     902.40
     899.70     898.10     897.50     897.30     897.30     897.10     896.70     896.30     896.40     897.30
     899.40     902.90     907.80     914.00     921.10     928.80     936.20     942.60     947.30     950.00
     950.60     949.50     947.50     945.20     943.30     942.10     941.60     941.60     941.90     942.30
     942.30     942.00     941.30     940.30     939.00     937.70     936.50     935.40     934.50     933.60
     932.60     931.30     929.60     927.80     925.70     923.60     921.50     919.10     916.50     913.40
     909.90     906.30     902.70
     897.60     900.50     904.10     908.00     912.10     916.70     921.80     927.40     932.80     937.30
     940.30     941.20     940.00     937.00     932.60     927.30     921.60     915.80     910.30     905.40
     901.60     899.00     897.30     896.40     895.70     895.10     894.50     894.40     895.30     897.30
     900.70     905.40     911.30     918.00     925.40     933.10     940.30     946.50     950.70     952.70
     952.40     950.50     947.70     945.00     943.00     941.80     941.50     941.70     942.10     942.10
     941.50     940.20     938.10     935.40     932.50     930.00     928.30     927.70     928.00     929.00
     930.10     930.90     931.20     931.00     930.30     929.40     928.30     927.00     925.50     923.60
     921.30     918.70     916.10
     908.80     910.20     912.10     914.20     916.90     920.90     926.10     932.20     938.20     942.80
     945.30     945.20     943.10     939.60     935.40     931.10     926.60     922.00     917.50     913.10
     909.50     906.90     905.20     904.00     903.10     902.10     901.30     901.20     902.40     905.10
     909.30     914.60     920.40     926.50     932.90     939.30     945.50     950.70     954.10     955.20
     954.00     951.30     948.10     945.10     942.90     941.80     941.40     941.40     941.50     941.20
     940.20     938.30     935.10     931.10     926.80     923.00     920.50     919.70     920.50     922.50
     925.00     927.40     929.30     930.60     931.50     931.90     931.90     931.70     931.00     930.00
     928.90     927.70     926.50
     925.00     924.20     923.20     922.40     922.80     925.30     930.10     936.30     942.40     946.80
     948.60     947.50     944.60     940.90     937.50     934.70     932.40     930.00     927.30     924.50
     922.00     920.20     919.20     918.70     918.10     917.10     916.20     915.90     916.90     919.60
     923.50     927.90     932.20     936.30     940.40     944.90     949.50     953.50     955.90     956.20
     954.60     951.70     948.60     946.00     944.20     943.10     942.30     941.70     941.20     940.60
     939.50     937.60     934.60     930.50     926.10     922.20     919.60     918.70     919.30     920.90
     922.90     925.20     927.60     930.10     932.60     934.80     936.40     937.10     937.00     936.20
     935.30     934.40     933.80
     940.90     938.90     935.90     932.90     931.50     932.50     936.10     941.40     946.60     949.90
     950.60     948.90     945.70     942.50     940.10     938.80     938.10     937.50     936.40     934.80
     933.20     932.20     931.80     931.90     931.80     931.30     930.50     930.10     930.90     932.90
     935.60     938.20     940.20     942.00     944.10     947.20     951.00     954.50     956.60     956.50
     954.60     952.00     949.60     948.20     947.40     946.80     945.90     944.70     943.40     942.30
     941.10     939.40     936.70     933.30     929.80     927.00     925.30     924.70     924.60     924.60
     924.70     925.40     927.40     930.80     935.30     939.80     943.30     945.20     945.30     944.20
     942.50     940.80     939.20
     953.80     952.10     949.20     946.20     944.30     944.20     946.10     949.00     951.50     952.60
     951.80     949.70     947.00     944.70     943.20     942.60     942.60     942.50     942.00     940.80
     939.40     938.30     937.90     938.00     938.30     938.30     938.00     938.00     938.60     939.70
     940.90     941.40     941.30     941.30     942.60     945.90     950.60     955.00     957.40     957.20
     955.00     952.40     950.70     950.40     950.80     950.90     950.20     948.80     947.20     945.90
     944.60     942.80     940.20     937.00     934.20     932.50     931.80     931.70     931.00     929.50
     927.70     927.00     928.70     933.20     939.60     946.20     951.20     953.80     954.00     952.50
     950.10     947.30     944.30
     962.50     962.00     960.70     959.20     957.90     957.30     957.00     956.60     955.50     953.60
     951.50     949.50     948.10     947.10     946.50     946.20     946.00     945.70     945.10     943.90
     942.20     940.60     939.50     939.20     939.50     940.00     940.40     940.90     941.50     942.00
     941.90     940.80     939.10     938.20     939.70     944.00     950.30     956.00     959.20     958.90
     956.20     953.00     951.10     950.80     951.30     951.50     950.90     949.80     948.80     948.20
     947.60     946.20     943.70     940.50     937.70     936.20     935.80     935.70     934.70     932.70
     930.50     930.00     932.60     938.40     946.00     953.30     958.50     960.80     960.70     959.00
     956.50     953.40     949.60
     967.10     967.40     967.40     967.20     966.80     965.90     964.10     961.00     957.10     953.30
     950.60     949.50     949.70     950.40     950.80     950.70     950.30     949.80     949.10     947.90
     946.10     943.90     942.10     941.20     941.20     941.90     942.80     943.70     944.50     944.90
     944.30     942.50     940.20     939.00     940.40     945.20     952.00     958.40     961.90     961.60
     958.60     954.80     951.90     950.40     949.60     948.70     947.60     946.80     946.80     947.60
     948.70     948.80     947.50     945.10     942.50     940.70     939.70     938.90     937.60     935.90
     934.90     936.20     940.40     947.20     954.70     960.90     964.70     965.90     965.30     963.70
     961.60     958.70     954.70
     968.70     968.70     968.90     969.10     969.10     968.40     966.20     962.60     958.20     954.40
     952.30     952.40     954.00     955.90     957.00     957.20     956.70     956.10     955.50     954.40
     952.60     950.20     948.10     946.70     946.50     947.00     947.90     948.80     949.70     950.30
     950.20     949.10     947.40     946.20     947.20     951.00     956.80     962.50     965.70     965.70
     963.10     959.40     955.90     953.00     950.50     948.10     946.00     944.90     945.20     947.10
     949.60     951.70     952.50     951.80     950.20     948.50     946.80     945.00     943.20     942.00
     942.40     945.40     950.70     957.30     963.30     967.70     969.80     970.10     969.40     968.10
     966.20     963.30     959.10
     968.90     968.20     967.80     967.80     968.00     967.80     966.70     964.50     961.70     959.50
     958.70     959.60     961.50     963.50     964.70     964.80     964.30     963.60     962.80     961.70
     960.10     958.00     956.10     954.90     954.50     954.70     955.10     955.40     955.90     956.60
     957.30     957.60     957.20     956.80     957.30     959.70     963.50     967.60     970.30     970.70
     969.10     966.40     963.30     960.30     957.20     954.20     951.60     949.90     949.70     951.10
     953.50     956.10     958.10     959.00     958.80     957.80     956.20     954.10     952.00     951.00
     952.00     955.30     960.20     965.30     969.40     972.00     973.30     973.60     973.40     972.40
     970.50     967.40     962.90
     968.40     967.40     966.70     966.70     967.30     968.10     968.50     968.20     967.60     967.20
     967.40     968.40     969.80     971.10     971.70     971.60     971.00     970.20     969.30     968.20
     966.90     965.40     964.20     963.40     963.10     963.10     963.00     962.60     962.40     962.70
     963.50     964.60     965.40     965.90     966.40     967.70     969.90     972.30     974.20     974.70
     974.10     972.70     971.00     969.10     967.00     964.80     962.70     960.90     959.90     959.90
     960.80     962.20     963.60     964.50     964.90     964.80     964.00     962.60     961.00     960.10
     960.90     963.40     967.00     970.20     972.60     974.20     975.30     976.10     976.20     975.30
     973.30     970.30     966.30
     967.40     966.60     966.40     967.10     968.40     970.00     971.40     972.40     973.00     973.60
     974.30     975.10     975.90     976.50     976.80     976.60     976.00     975.20     974.20     973.30
     972.40     971.60     970.80     970.30     970.20     970.30     970.10     969.60     968.90     968.50
     968.70     969.60     970.70     971.60     972.30     973.10     974.20     975.50     976.40     976.70
     976.50     976.10     975.70     975.30     974.60     973.70     972.50     971.10     969.90     969.10
     968.80     968.70     968.50     968.30     968.10     968.30     968.50     968.20     967.30     966.60
     967.00     968.80     971.10     973.20     974.70     975.90     977.00     977.60     977.40     976.10
     974.10     971.80     969.20
     966.60     966.30     967.00     968.40     970.40     972.30     973.90     975.00     975.90     976.80
     977.60     978.40     979.10     979.60     979.90     979.90     979.40     978.70     977.90     977.20
     976.60     975.90     975.20     974.70     974.50     974.60     974.70     974.60     974.00     973.30
     972.90     973.20     973.90     974.60     975.20     975.80     976.50     977.10     977.30     977.10
     976.90     977.00     977.40     977.70     977.70     977.30     976.50     975.70     975.00     974.50
     974.20     973.70     972.70     971.40     970.50     970.40     970.70     970.80     970.20     969.50
     969.80     971.30     973.50     975.30     976.70     977.60     978.30     978.50     977.60     975.90
     974.10     972.60     971.40
     967.00     967.40     968.60     970.30     972.20     973.80     975.20     976.10     977.00     977.80
     978.80     979.70     980.50     981.20     981.60     981.60     981.20     980.60     979.90     979.40
     978.80     978.10     977.20     976.50     976.10     976.00     976.10     976.20     976.10     975.80
     975.50     975.30     975.50     975.80     976.20     976.60     977.10     977.40     977.30     977.00
     976.90     977.30     978.00     978.30     978.10     977.40     976.60     976.00     975.80     976.00
     976.30     976.30     975.50     974.20     973.00     972.50     972.20     971.60     970.40     969.50
     969.90     971.70     974.20     976.30     977.60     978.20     978.50     978.30     977.20     975.70
     974.20     973.20     972.40
     969.10     969.80     971.00     972.30     973.50     974.60     975.50     976.30     977.20     978.10
     979.10     980.00     980.80     981.40     981.80     981.70     981.20     980.60     980.10     979.70
     979.20     978.50     977.70     977.10     976.60     976.10     975.70     975.60     975.70     975.90
     975.90     975.70     975.60     975.50     975.60     975.90     976.30     976.50     976.40     976.30
     976.50     977.20     977.90     978.20     977.80     977.10     976.50     976.20     976.10     976.20
     976.40     976.50     976.20     975.50     974.70     974.00     973.00     971.40     969.50     968.50
     969.20     971.50     974.20     976.10     977.00     977.10     977.00     976.70     976.10     975.20
     974.30     973.50     972.60
     971.70     972.20     973.00     973.70     974.20     974.60     975.10     975.80     976.60     977.50
     978.40     979.10     979.60     980.10     980.30     980.30     979.80     979.40     979.20     979.10
     978.80     978.20     977.70     977.30     976.90     976.30     975.40     974.90     974.80     975.10
     975.20     975.00     974.70     974.40     974.30     974.50     974.60     974.50     974.40     974.40
     974.90     975.70     976.60     976.90     976.90     977.00     977.20     977.30     977.10     976.60
     976.00     975.60     975.30     974.90     974.60     974.00     972.90     971.00     969.10     968.30
     969.40     971.90     974.40     975.80     976.00     975.50     974.80     974.20     973.70     973.50
     973.40     973.00     972.30
     973.50     973.60     973.90     974.00     974.10     974.30     974.50     974.80     975.40     976.10
     976.70     977.10     977.30     977.70     978.10     978.30     978.20     978.20     978.30     978.50
     978.30     977.70     977.10     976.90     976.70     976.10     975.20     974.50     974.20     974.30
     974.30     974.10     973.70     973.40     973.30     973.10     972.80     972.30     971.80     971.70
     972.30     973.20     974.10     974.70     975.30     976.10     976.90     977.30     977.00     976.20
     975.30     974.60     974.10     973.70     973.50     973.20     972.40     971.00     969.60     969.20
     970.60     972.90     974.80     975.70     975.40     974.50     973.10     971.70     970.80     970.70
     971.30     972.00     972.20
     974.30     974.00     973.80     973.80     973.90     974.00     973.90     973.90     974.10     974.50
     974.90     975.00     975.10     975.30     975.90     976.60     976.90     977.20     977.50     977.80
     977.60     976.90     976.20     975.80     975.70     975.20     974.30     973.50     973.10     973.10
     973.10     973.10     973.00     973.00     972.70     972.30     971.50     970.60     969.80     969.70
     970.30     971.20     972.00     972.70     973.40     974.40     975.20     975.40     974.90     974.30
     973.90     973.70     973.50     973.10     972.70     972.60     972.30     971.50     970.60     970.40
     971.50     973.20     974.60     975.10     974.70     973.60     971.80     969.80     968.30     968.20
     969.50     971.10     972.30
     974.40     973.90     973.60     973.70     973.70     973.70     973.50     973.30     973.30     973.50
     973.70     973.70     973.50     973.70     974.40     975.10     975.60     975.80     976.00     976.30
     976.20     975.60     974.90     974.60     974.40     973.90     973.00     972.00     971.40     971.20
     971.40     971.90     972.30     972.50     972.20     971.50     970.60     969.70     969.00     968.90
     969.50     970.40     971.10     971.60     972.20     972.90     973.30     973.10     972.50     972.20
     972.40     973.00     973.30     973.10     972.80     972.60     972.50     972.10     971.50     971.10
     971.60     972.70     973.60     973.90     973.40     972.20     970.30     968.20     966.80     967.00
     968.80     970.90     972.40
     974.20     973.80     973.50     973.50     973.40     973.10     972.90     972.70     972.60     972.80
     972.90     972.80     972.50     972.70     973.20     973.90     974.10     974.00     974.00     974.20
     974.30     974.00     973.70     973.60     973.50     973.00     972.00     971.00     970.40     970.30
     970.60     971.10     971.60     971.60     971.20     970.60     969.90     969.20     968.70     968.70
     969.30     970.10     970.80     971.20     971.60     972.10     972.40     972.10     971.60     971.20
     971.50     972.30     973.00     973.20     973.10     972.90     972.90     972.60     972.00     971.50
     971.70     972.40     972.90     972.90     972.20     970.90     969.10     967.20     966.30     967.10
     969.10     971.10     972.20
     973.60     973.30     973.10     972.90     972.60     972.20     972.00     971.80     971.80     971.80
     971.90     971.80     971.70     971.90     972.40     972.90     972.90     972.50     972.40     972.50
     972.50     972.40     972.30     972.40     972.30     971.90     971.30     970.80     970.70     970.80
     971.00     971.10     971.10     970.80     970.30     969.80     969.50     969.00     968.60     968.60
     969.10     969.90     970.60     971.10     971.40     971.80     972.10     972.20     971.90     971.50
     971.40     971.80     972.50     972.90     973.00     972.90     972.90     972.70     972.40     972.10
     972.20     972.70     973.10     972.90     972.10     970.70     969.00     967.50     967.00     967.90
     969.70     971.20     971.90
     972.80     972.60     972.30     972.00     971.70     971.50     971.40     971.30     971.00     970.90
     970.90     971.00     971.10     971.40     971.90     972.20     972.00     971.60     971.40     971.50
     971.40     971.20     970.90     970.70     970.50     970.30     970.20     970.60     971.20     971.60
     971.50     971.10     970.60     970.20     969.80     969.60     969.50     969.20     968.70     968.60
     969.00     969.90     970.80     971.30     971.40     971.50     971.60     971.80     971.90     971.80
     971.50     971.50     971.90     972.30     972.40     972.40     972.50     972.60     972.60     972.50
     972.50     972.90     973.20     973.00     972.40     971.40     970.20     969.00     968.50     969.10
     970.20     971.20     971.70
     972.10     971.90     971.50     971.20     971.10     971.40     971.50     971.30     970.90     970.60
     970.80     971.00     971.00     971.10     971.30     971.40     971.10     970.80     970.70     970.90
     970.90     970.50     970.00     969.60     969.20     969.00     969.10     969.80     970.60     971.00
     970.70     970.20     969.80     969.70     969.80     969.80     969.70     969.40     969.00     968.90
     969.20     970.00     970.90     971.40     971.40     971.00     970.70     970.80     971.30     971.60
     971.60     971.50     971.50     971.50     971.30     971.30     971.60     972.20     972.40     972.30
     972.20     972.40     972.60     972.50     972.20     971.80     971.30     970.60     970.20     970.20
     970.70     971.20     971.70
     971.70     971.40     971.00     970.80     971.00     971.50     971.70     971.50     971.10     971.00
     971.30     971.50     971.40     971.10     970.80     970.50     970.20     969.90     970.00     970.40
     970.60     970.40     970.00     969.70     969.30     969.00     968.90     969.20     969.60     969.70
     969.30     969.10     969.30     969.70     970.00     970.00     969.80     969.60     969.40     969.40
     969.60     969.90     970.40     970.80     970.80     970.40     970.00     970.10     970.80     971.40
     971.60     971.40     971.10     970.70     970.30     970.10     970.60     971.40     971.90     971.80
     971.70     971.80     972.00     972.10     971.90     971.70     971.60     971.40     971.10     971.00
     971.00     971.20     971.70
     971.30     971.10     970.80     970.70     970.90     971.30     971.50     971.40     971.20     971.40
     971.70     971.90     971.70     971.20     970.70     970.20     969.70     969.50     969.60     970.00
     970.30     970.30     970.10     970.10     969.90     969.70     969.50     969.40     969.40     969.20
     969.00     969.10     969.70     970.20     970.50     970.30     969.90     969.70     969.70     969.80
     969.80     969.70     969.60     969.70     969.70     969.70     969.80     970.20     970.90     971.50
     971.60     971.40     971.00     970.50     969.90     969.70     970.10     970.80     971.30     971.40
     971.50     971.80     972.20     972.30     972.00     971.60     971.30     971.20     971.10     971.10
     971.00     971.10     971.50
