diamond 4 20年06月28日20时300百帕高度场
20 06 28  20  300 
2.500 -2.500  .0  180.0   90.0  .0
73  37
     906.90     906.90     906.90     906.90     906.90     906.90     906.90     906.90     906.90     906.90
     906.90     906.90     906.90     906.90     906.90     906.90     906.90     906.90     906.90     906.90
     906.90     906.90     906.90     906.90     906.90     906.90     906.90     906.90     906.90     906.90
     906.90     906.90     906.90     906.90     906.90     906.90     906.90     906.90     906.90     906.90
     906.90     906.90     906.90     906.90     906.90     906.90     906.90     906.90     906.90     906.90
     906.90     906.90     906.90     906.90     906.90     906.90     906.90     906.90     906.90     906.90
     906.90     906.90     906.90     906.90     906.90     906.90     906.90     906.90     906.90     906.90
     906.90     906.90     906.90
     906.40     906.00     905.70     905.30     905.00     904.70     904.40     904.00     903.70     903.50
     903.20     902.90     902.70     902.40     902.20     901.90     901.70     901.50     901.30     901.10
     900.90     900.70     900.60     900.40     900.20     900.10     900.00     899.80     899.70     899.60
     899.50     899.40     899.30     899.20     899.20     899.10     899.10     899.00     899.00     899.00
     899.00     899.10     899.10     899.20     899.20     899.30     899.40     899.60     899.70     899.90
     900.10     900.20     900.50     900.70     900.90     901.20     901.50     901.80     902.10     902.40
     902.70     903.10     903.40     903.80     904.20     904.50     904.90     905.30     905.70     906.10
     906.50     906.90     907.30
     904.10     903.50     902.90     902.30     901.80     901.30     900.90     900.50     900.20     899.90
     899.60     899.40     899.20     899.00     898.80     898.70     898.60     898.40     898.30     898.20
     898.00     897.90     897.80     897.60     897.50     897.30     897.10     897.00     896.80     896.60
     896.40     896.20     896.10     895.90     895.70     895.60     895.40     895.30     895.20     895.10
     895.00     894.90     894.90     894.90     894.90     895.00     895.00     895.20     895.30     895.50
     895.80     896.00     896.40     896.70     897.10     897.60     898.10     898.60     899.20     899.80
     900.40     901.10     901.80     902.50     903.20     903.90     904.60     905.40     906.10     906.90
     907.60     908.30     909.00
     900.80     900.00     899.20     898.60     898.00     897.50     897.20     896.90     896.80     896.70
     896.70     896.70     896.80     897.00     897.10     897.30     897.50     897.70     897.90     898.10
     898.20     898.30     898.30     898.40     898.40     898.30     898.30     898.20     898.20     898.10
     898.00     897.90     897.80     897.70     897.60     897.50     897.40     897.30     897.20     897.10
     896.90     896.80     896.70     896.60     896.50     896.40     896.30     896.30     896.30     896.30
     896.40     896.60     896.80     897.10     897.40     897.90     898.40     899.00     899.60     900.30
     901.10     901.90     902.70     903.60     904.40     905.30     906.20     907.10     908.00     908.80
     909.60     910.40     911.20
     900.40     899.40     898.50     897.70     897.00     896.50     896.10     895.90     895.80     895.80
     896.00     896.20     896.60     897.00     897.50     897.90     898.40     898.90     899.30     899.70
     900.00     900.30     900.50     900.80     900.90     901.10     901.30     901.50     901.80     902.10
     902.40     902.70     903.10     903.60     904.00     904.40     904.80     905.10     905.40     905.60
     905.70     905.80     905.70     905.50     905.30     904.90     904.60     904.20     903.80     903.40
     903.00     902.70     902.50     902.40     902.40     902.60     902.80     903.10     903.50     904.00
     904.60     905.30     906.00     906.70     907.40     908.10     908.80     909.50     910.10     910.70
     911.30     911.80     912.30
     905.80     904.80     903.80     902.90     901.90     901.10     900.40     899.80     899.40     899.20
     899.10     899.10     899.30     899.60     900.00     900.40     900.80     901.20     901.50     901.80
     902.10     902.30     902.50     902.80     903.10     903.50     904.00     904.70     905.60     906.60
     907.70     909.00     910.30     911.70     913.20     914.60     915.90     917.00     918.00     918.80
     919.40     919.70     919.80     919.60     919.10     918.50     917.70     916.80     915.80     914.70
     913.70     912.80     912.00     911.30     910.70     910.30     910.00     909.90     909.80     909.80
     909.90     910.00     910.20     910.30     910.50     910.60     910.70     910.70     910.80     910.80
     910.90     911.00     911.10
     916.20     915.30     914.40     913.30     912.10     910.80     909.50     908.30     907.20     906.20
     905.50     904.90     904.50     904.20     904.10     904.00     903.90     903.80     903.70     903.60
     903.50     903.40     903.40     903.60     904.10     904.70     905.80     907.10     908.70     910.70
     912.90     915.20     917.70     920.20     922.70     925.00     927.20     929.10     930.70     932.00
     933.00     933.60     933.80     933.60     933.00     932.10     930.90     929.50     928.00     926.40
     924.80     923.30     921.90     920.70     919.70     918.80     918.00     917.40     916.70     916.10
     915.40     914.70     913.90     913.00     912.00     911.00     910.00     909.10     908.20     907.40
     906.90     906.50     906.50
     926.90     926.50     925.80     924.80     923.40     921.80     920.00     918.20     916.30     914.50
     912.90     911.50     910.40     909.30     908.40     907.60     906.80     906.10     905.30     904.60
     903.90     903.50     903.30     903.50     904.20     905.30     906.90     909.10     911.60     914.50
     917.70     920.90     924.10     927.20     930.10     932.70     935.10     937.10     938.70     940.10
     941.20     941.90     942.30     942.30     941.90     941.10     940.00     938.50     936.80     935.00
     933.20     931.50     929.90     928.50     927.30     926.30     925.30     924.30     923.20     921.90
     920.40     918.60     916.60     914.30     911.90     909.30     906.60     904.10     901.80     899.90
     898.50     897.60     897.50
     933.60     933.70     933.50     932.90     931.80     930.30     928.40     926.20     923.90     921.50
     919.30     917.10     915.10     913.30     911.60     909.90     908.40     906.80     905.40     904.20
     903.20     902.60     902.40     902.90     904.00     905.70     908.10     911.00     914.30     918.00
     921.70     925.40     928.80     931.90     934.50     936.60     938.20     939.50     940.50     941.40
     942.20     942.90     943.60     944.10     944.30     944.10     943.50     942.50     941.10     939.50
     937.90     936.30     935.00     933.80     932.90     932.10     931.30     930.30     929.00     927.30
     925.20     922.50     919.30     915.70     911.60     907.20     902.70     898.20     894.10     890.50
     887.80     886.20     885.80
     933.80     934.50     935.10     935.50     935.40     934.80     933.50     931.70     929.40     926.80
     924.10     921.30     918.60     915.90     913.30     910.70     908.30     905.90     903.90     902.20
     901.00     900.40     900.50     901.40     903.00     905.40     908.30     911.80     915.70     919.70
     923.70     927.50     931.00     933.90     936.20     937.70     938.60     938.90     939.00     939.00
     939.20     939.60     940.40     941.30     942.10     942.70     942.80     942.50     941.70     940.60
     939.40     938.40     937.50     936.90     936.50     936.20     935.80     935.10     934.00     932.30
     929.90     926.80     922.90     918.40     913.20     907.40     901.30     895.20     889.30     884.10
     880.00     877.40     876.60
     927.20     928.90     931.00     933.20     935.10     936.20     936.40     935.60     933.80     931.50
     928.60     925.50     922.20     918.80     915.20     911.70     908.20     904.90     902.00     899.60
     897.90     897.10     897.20     898.30     900.20     902.90     906.10     909.70     913.60     917.50
     921.50     925.50     929.30     932.80     935.70     937.80     939.00     939.20     938.80     938.10
     937.40     937.10     937.30     938.00     938.80     939.60     940.10     940.30     940.00     939.50
     939.00     938.50     938.30     938.20     938.30     938.30     938.30     937.90     937.10     935.60
     933.40     930.50     926.70     922.00     916.60     910.40     903.80     896.90     890.30     884.30
     879.60     876.70     875.70
     915.90     919.10     923.40     928.10     932.50     936.00     938.00     938.60     937.80     936.00
     933.40     930.50     927.20     923.50     919.60     915.40     911.00     906.70     902.50     898.90
     896.10     894.30     893.60     894.10     895.80     898.30     901.40     904.70     908.00     911.30
     914.90     918.80     923.30     928.20     933.00     937.10     940.10     941.60     941.70     940.60
     939.10     937.70     936.80     936.40     936.50     936.80     937.20     937.40     937.50     937.60
     937.70     937.90     938.00     938.00     937.80     937.50     937.20     936.70     936.10     935.10
     933.70     931.60     928.60     924.80     920.10     914.70     908.80     902.70     896.80     891.50
     887.50     885.10     884.70
     904.30     909.00     915.40     922.60     929.60     935.20     939.00     940.70     940.70     939.50
     937.60     935.30     932.80     930.00     926.50     922.50     918.00     913.00     907.90     902.90
     898.40     894.80     892.40     891.60     892.40     894.50     897.30     900.20     902.70     905.00
     907.50     910.90     915.60     921.70     928.70     935.40     940.90     944.20     945.20     944.30
     942.20     939.80     937.80     936.40     935.60     935.30     935.20     935.30     935.60     936.10
     936.60     937.00     936.90     936.20     934.90     933.30     931.80     930.80     930.40     930.30
     930.20     929.60     928.20     925.80     922.60     918.70     914.50     910.20     906.10     902.70
     900.30     899.10     899.30
     897.50     903.00     910.90     919.90     928.60     935.70     940.40     942.60     942.70     941.60
     940.10     938.70     937.40     935.90     933.80     931.00     927.30     922.80     917.80     912.30
     906.80     901.50     897.30     894.80     894.40     895.80     898.30     900.90     902.80     903.80
     904.80     906.80     910.90     917.40     925.60     934.10     941.10     945.50     946.90     945.90
     943.50     940.80     938.60     937.10     936.20     935.70     935.30     935.10     935.20     935.60
     936.00     936.20     935.60     933.80     931.00     927.80     924.90     923.20     923.00     924.00
     925.40     926.70     927.00     926.30     924.60     922.40     920.10     917.70     915.70     914.10
     913.30     913.00     913.30
     898.80     904.30     912.60     922.30     931.80     939.40     944.10     945.80     945.20     943.50
     941.80     940.70     940.20     939.90     939.30     937.90     935.70     932.80     929.20     924.80
     919.70     914.10     908.90     905.20     903.60     904.30     906.40     908.50     909.50     909.20
     908.50     909.20     912.40     918.70     927.10     935.60     942.50     946.30     947.00     945.40
     942.90     940.60     939.20     938.70     938.70     938.70     938.30     937.50     936.70     936.10
     935.80     935.40     934.40     932.30     929.00     925.10     921.60     919.50     919.40     921.00
     923.50     925.90     927.30     927.70     927.20     926.30     925.30     924.30     923.60     923.10
     923.00     923.10     923.00
     908.40     913.40     921.20     930.40     939.30     946.20     950.00     950.80     949.20     946.70
     944.40     943.20     942.90     943.10     943.10     942.50     941.40     939.90     938.20     935.90
     932.60     928.30     923.60     919.60     917.30     917.20     918.30     919.20     918.90     917.20
     915.30     915.20     918.30     924.70     932.90     940.60     946.10     948.20     947.60     945.30
     942.90     941.40     941.20     941.90     942.90     943.50     943.00     941.50     939.40     937.20
     935.50     934.60     934.00     933.00     930.90     928.00     924.90     922.70     922.20     923.40
     925.60     927.90     929.50     930.20     930.30     930.20     930.00     929.80     929.40     929.00
     928.70     928.50     928.20
     923.90     928.10     934.40     941.60     948.30     953.00     955.20     954.90     952.90     950.40
     948.30     947.10     946.90     947.00     946.80     945.90     944.70     943.50     942.70     942.00
     940.90     938.70     935.60     932.50     930.30     929.50     929.20     928.30     926.00     922.70
     920.10     920.30     924.20     931.30     939.40     946.20     950.00     950.60     949.00     946.70
     944.80     944.00     944.30     945.40     946.70     947.60     947.40     945.60     942.50     938.90
     936.00     934.60     934.70     935.20     935.20     934.00     931.80     929.50     928.30     928.40
     929.60     931.10     932.30     933.10     933.70     934.20     934.60     934.50     933.90     932.90
     931.90     931.20     930.60
     941.10     944.00     948.00     952.00     955.10     956.60     956.60     955.60     954.10     952.70
     951.80     951.40     951.40     951.30     950.50     949.00     946.90     944.90     943.70     943.40
     943.40     943.00     941.80     940.30     938.90     937.90     936.40     933.70     929.40     924.80
     921.90     922.80     927.90     935.80     943.70     949.40     951.70     951.50     949.90     948.40
     947.40     946.80     946.60     946.90     947.70     948.80     949.40     948.50     945.90     942.10
     938.50     936.40     936.30     937.30     938.10     937.60     935.80     933.60     932.10     931.90
     932.90     934.50     935.90     937.10     938.20     939.10     939.80     939.80     938.90     937.20
     935.20     933.40     932.20
     955.00     956.60     958.20     958.90     958.20     956.60     954.80     953.50     953.20     953.50
     954.10     954.60     954.80     954.60     953.60     951.80     949.20     946.40     944.40     943.60
     943.60     943.90     944.00     943.80     943.30     942.50     940.50     936.70     931.40     926.20
     923.70     925.50     931.40     939.20     946.20     950.40     951.60     951.00     950.20     949.70
     949.30     948.40     947.20     946.20     946.30     947.80     949.70     950.70     949.90     947.10
     943.60     940.50     938.80     938.10     937.50     936.10     934.30     932.80     932.70     934.20
     936.80     939.60     942.00     943.70     944.90     945.90     946.30     946.10     944.90     942.70
     940.00     937.10     934.80
     962.80     963.20     963.10     961.90     959.30     956.10     953.50     952.40     953.10     954.80
     956.40     957.40     957.60     957.40     956.60     955.20     953.00     950.30     948.00     946.50
     946.10     946.30     946.50     946.50     946.30     945.60     943.50     939.70     934.70     930.30
     928.80     931.30     937.20     944.10     949.50     952.10     952.60     952.20     952.00     952.10
     951.70     950.30     948.20     946.60     946.50     948.20     951.10     953.60     954.40     953.10
     950.00     946.10     942.20     938.70     935.50     932.90     931.40     931.70     934.40     938.70
     943.60     947.90     951.00     952.80     953.70     954.00     953.60     952.80     951.30     949.20
     946.40     943.00     939.90
     965.20     964.90     964.30     962.80     960.40     957.70     955.60     955.10     956.30     958.40
     960.30     961.40     961.70     961.60     961.40     960.80     959.50     957.60     955.50     954.00
     953.10     952.70     952.30     951.60     950.90     949.70     947.80     944.60     940.70     937.80
     937.50     940.50     945.70     950.90     954.60     956.30     956.70     957.00     957.40     957.50
     956.70     954.90     952.90     951.50     951.60     953.10     955.60     957.90     959.10     958.60
     956.00     951.70     946.50     941.10     936.50     933.70     933.50     936.20     941.40     947.60
     953.50     957.80     960.50     961.80     962.20     961.90     960.90     959.30     957.50     955.50
     953.30     950.60     947.80
     965.30     964.80     964.20     963.50     962.40     961.30     960.60     960.90     962.20     964.10
     965.90     967.10     967.80     968.20     968.50     968.60     968.10     966.90     965.40     964.00
     963.00     962.00     960.80     959.30     957.80     956.20     954.30     951.90     949.40     947.80
     948.30     951.00     954.80     958.20     960.50     961.80     963.00     964.20     965.20     965.20
     964.10     962.40     961.10     960.60     960.90     961.60     962.50     963.40     963.90     963.30
     961.10     957.10     952.00     946.80     942.90     941.40     942.90     947.00     952.80     958.50
     963.10     965.90     967.30     968.10     968.50     968.40     967.30     965.40     963.30     961.50
     960.00     958.50     956.90
     965.70     965.30     964.90     964.80     965.00     965.50     966.10     967.00     968.20     969.80
     971.40     972.80     974.00     974.90     975.70     976.10     976.00     975.20     974.10     973.10
     972.10     970.90     969.40     967.60     965.90     964.30     962.80     961.10     959.60     958.70
     959.20     960.90     963.00     964.70     966.00     967.20     968.80     970.60     971.80     971.80
     970.90     970.00     969.60     969.80     970.00     969.80     969.40     969.10     968.80     968.00
     966.10     962.80     959.00     955.50     953.50     953.70     955.90     959.70     963.80     967.20
     969.30     970.30     970.90     971.60     972.40     972.90     972.40     970.80     968.80     967.20
     966.10     965.40     964.90
     966.50     966.60     966.60     966.90     967.80     969.20     970.60     971.80     972.90     974.00
     975.40     976.80     978.10     979.20     980.00     980.50     980.60     980.20     979.50     978.70
     977.80     976.70     975.40     974.00     972.70     971.60     970.60     969.60     968.70     968.10
     968.10     968.80     969.50     970.10     970.70     971.60     972.90     974.30     975.20     975.20
     974.90     974.80     975.20     975.50     975.30     974.60     973.90     973.60     973.40     972.80
     971.20     968.80     966.50     965.00     964.60     965.40     967.00     969.00     970.60     971.50
     971.90     972.20     972.80     973.70     974.80     975.60     975.60     974.60     973.20     971.90
     971.00     970.70     970.50
     967.60     968.20     968.80     969.60     970.70     972.20     973.80     975.00     975.80     976.70
     977.80     979.00     980.10     981.00     981.60     982.00     982.20     982.00     981.50     980.80
     980.00     979.10     978.10     977.30     976.50     975.90     975.30     974.70     974.20     973.80
     973.60     973.60     973.70     973.90     974.20     974.80     975.30     975.80     975.90     976.00
     976.20     976.90     977.50     977.60     977.00     976.30     976.10     976.40     976.60     976.20
     975.00     973.60     972.60     972.20     972.20     972.60     973.00     973.10     972.70     972.20
     972.00     972.60     973.80     975.10     976.10     976.60     976.60     976.20     975.60     974.80
     974.30     973.90     973.60
     969.30     970.10     971.10     972.00     973.10     974.40     975.60     976.50     977.20     978.10
     979.10     980.30     981.20     981.90     982.30     982.60     982.60     982.40     981.90     981.20
     980.40     979.50     978.70     978.10     977.60     977.10     976.50     976.10     975.90     975.80
     975.60     975.30     975.30     975.50     975.90     976.30     976.30     976.10     975.90     976.00
     976.60     977.50     978.10     977.90     977.30     976.80     977.00     977.60     977.80     977.30
     976.40     975.80     975.60     975.50     975.20     974.70     974.30     973.50     972.20     970.70
     970.10     971.00     973.00     975.00     976.10     976.40     976.40     976.40     976.20     975.90
     975.50     975.10     974.70
     971.50     972.00     972.70     973.50     974.30     975.20     976.00     976.60     977.40     978.30
     979.50     980.60     981.60     982.30     982.70     982.90     982.70     982.30     981.80     981.10
     980.30     979.50     978.70     978.20     977.60     976.90     976.20     975.80     975.70     975.80
     975.60     975.30     975.10     975.30     975.80     976.10     976.10     975.80     975.60     975.90
     976.60     977.40     977.70     977.60     977.20     977.10     977.50     977.90     977.70     977.00
     976.30     976.00     976.00     975.60     974.70     973.80     973.30     972.70     971.10     968.80
     967.20     967.80     970.50     973.40     975.30     975.90     976.00     976.20     976.00     975.50
     974.90     974.50     974.30
     973.20     973.20     973.30     973.60     974.10     974.70     975.40     976.10     976.80     977.70
     978.70     979.60     980.50     981.30     981.80     981.90     981.70     981.30     981.00     980.70
     980.20     979.50     978.80     978.30     977.70     976.90     976.10     975.60     975.40     975.40
     975.20     974.90     974.70     974.80     975.10     975.20     975.10     974.90     974.80     975.10
     975.60     976.00     976.30     976.50     976.60     976.90     977.40     977.60     977.40     976.60
     975.90     975.50     975.20     974.40     973.20     972.30     972.30     972.20     970.60     967.70
     965.30     965.60     968.60     972.20     974.70     975.70     975.90     975.80     975.30     974.20
     973.10     972.70     973.00
     973.40     973.10     973.00     973.00     973.30     974.00     974.70     975.50     976.20     976.70
     977.20     977.70     978.30     978.90     979.40     979.50     979.30     979.20     979.30     979.30
     979.20     978.70     978.40     978.10     977.60     976.90     976.10     975.40     975.00     974.70
     974.50     974.40     974.50     974.70     974.80     974.50     974.10     973.60     973.40     973.40
     973.60     973.80     974.10     974.70     975.30     975.90     976.50     977.00     977.00     976.40
     975.50     974.70     974.00     973.10     972.10     971.70     971.90     972.10     970.80     968.20
     966.10     966.50     969.40     972.80     974.90     975.50     975.40     975.00     974.00     972.40
     971.00     970.60     971.20
     972.70     972.50     972.50     972.70     973.00     973.70     974.40     975.20     975.60     975.80
     975.90     976.00     976.40     976.80     977.10     977.10     977.00     977.00     977.20     977.30
     977.10     976.80     976.70     976.70     976.50     975.90     975.10     974.40     973.80     973.40
     973.20     973.50     974.10     974.50     974.60     974.10     973.20     972.40     971.90     971.70
     971.70     971.90     972.40     973.10     974.00     974.70     975.30     975.80     976.00     975.60
     974.40     973.20     972.50     972.10     971.80     971.70     971.80     971.80     971.00     969.50
     968.70     969.60     972.00     974.20     975.20     975.00     974.40     973.60     972.20     970.50
     969.10     969.00     969.90
     972.30     972.40     972.80     973.10     973.50     973.90     974.30     974.80     975.10     975.20
     975.20     975.30     975.50     975.80     975.90     975.80     975.70     975.70     975.70     975.40
     974.80     974.40     974.30     974.50     974.50     973.90     973.20     972.60     972.20     971.90
     971.90     972.40     973.20     973.80     973.80     973.30     972.40     971.60     971.00     970.80
     970.90     971.20     971.70     972.50     973.40     974.00     974.30     974.60     974.60     974.10
     973.00     971.90     971.50     971.60     971.90     971.90     971.80     971.50     971.10     970.70
     970.90     972.10     973.60     974.60     974.60     974.10     973.50     972.50     970.90     969.10
     968.00     968.20     969.40
     972.40     972.80     973.40     973.90     974.10     974.10     974.20     974.40     974.70     974.80
     974.90     974.90     974.80     974.80     974.90     974.90     974.80     974.80     974.60     974.10
     973.30     972.70     972.50     972.70     972.60     972.10     971.50     971.20     971.00     971.00
     971.20     971.70     972.40     972.70     972.70     972.30     971.70     971.20     970.80     970.80
     971.10     971.40     971.80     972.30     973.00     973.50     973.60     973.60     973.40     973.00
     972.30     971.60     971.60     972.00     972.40     972.40     972.00     971.70     971.50     971.50
     971.90     972.60     973.40     973.70     973.60     973.50     973.20     972.30     970.60     968.80
     967.90     968.40     969.60
     972.60     973.00     973.70     974.20     974.20     974.10     974.00     974.20     974.40     974.60
     974.50     974.10     973.60     973.30     973.30     973.40     973.40     973.30     973.40     973.20
     972.70     972.10     971.70     971.60     971.50     971.00     970.60     970.50     970.60     970.70
     970.90     971.40     971.80     972.10     972.00     971.70     971.40     971.10     970.90     971.00
     971.30     971.50     971.70     972.00     972.50     972.80     972.70     972.60     972.60     972.50
     972.30     972.10     972.30     972.60     972.70     972.70     972.60     972.60     972.50     972.30
     972.20     972.50     972.80     973.00     973.10     973.30     973.20     972.50     971.00     969.40
     968.70     969.20     970.20
     972.30     972.80     973.40     973.80     973.80     973.80     973.80     974.00     974.20     974.20
     973.90     973.20     972.40     972.00     972.10     972.10     971.90     971.70     971.90     972.20
     972.20     971.70     971.20     970.90     970.70     970.50     970.30     970.40     970.50     970.50
     970.50     970.90     971.30     971.60     971.70     971.60     971.40     971.10     970.80     970.80
     971.00     971.20     971.30     971.50     971.70     971.70     971.50     971.50     971.80     972.10
     972.20     972.20     972.20     972.30     972.40     972.50     972.90     973.30     973.30     972.90
     972.60     972.70     973.10     973.40     973.40     973.30     973.10     972.50     971.50     970.40
     969.90     970.10     970.60
     972.00     972.30     972.70     973.00     973.20     973.50     973.70     973.80     973.80     973.60
     973.30     972.70     972.10     971.90     972.00     971.90     971.30     970.70     970.70     971.20
     971.30     970.80     970.20     969.90     969.80     969.80     969.90     970.10     970.30     970.30
     970.20     970.30     970.70     971.00     971.20     971.20     971.10     970.80     970.60     970.60
     970.70     970.80     971.00     971.20     971.20     970.70     970.30     970.40     970.90     971.40
     971.50     971.50     971.50     971.50     971.60     972.00     972.60     973.20     973.20     973.00
     972.90     973.20     973.60     973.90     973.70     973.30     972.70     972.20     971.80     971.30
     970.90     970.60     970.70
     971.60     971.80     972.00     972.30     972.80     973.30     973.60     973.60     973.20     972.90
     972.80     972.60     972.40     972.40     972.40     972.10     971.20     970.40     970.30     970.50
     970.40     969.70     969.10     969.00     969.10     969.20     969.30     969.60     970.10     970.30
     970.20     970.10     970.20     970.50     970.70     970.60     970.50     970.40     970.50     970.60
     970.50     970.40     970.60     970.90     970.80     970.20     969.60     969.60     970.20     970.80
     970.90     970.90     971.00     971.20     971.40     971.70     972.20     972.70     972.90     972.90
     973.00     973.20     973.50     973.60     973.50     973.00     972.40     972.10     971.90     971.70
     971.30     970.90     970.80
     971.00     971.10     971.40     971.80     972.40     973.00     973.40     973.20     972.70     972.30
     972.30     972.40     972.40     972.20     971.90     971.30     970.60     970.30     970.30     970.50
     970.10     969.40     968.90     969.00     969.10     968.90     968.80     969.20     969.90     970.40
     970.50     970.30     970.30     970.50     970.50     970.40     970.20     970.20     970.50     970.70
     970.40     970.00     969.90     970.30     970.50     970.10     969.50     969.50     969.90     970.40
     970.70     970.90     971.30     971.70     971.90     972.00     972.30     972.60     973.00     973.20
     973.30     973.20     973.00     972.80     972.80     972.70     972.30     971.90     971.80     971.70
     971.40     971.10     971.20
