diamond 4 20年06月30日8时300百帕高度场
20 06 30  8  300 
2.500 -2.500  .0  180.0   90.0  .0
73  37
     913.50     913.50     913.50     913.50     913.50     913.50     913.50     913.50     913.50     913.50
     913.50     913.50     913.50     913.50     913.50     913.50     913.50     913.50     913.50     913.50
     913.50     913.50     913.50     913.50     913.50     913.50     913.50     913.50     913.50     913.50
     913.50     913.50     913.50     913.50     913.50     913.50     913.50     913.50     913.50     913.50
     913.50     913.50     913.50     913.50     913.50     913.50     913.50     913.50     913.50     913.50
     913.50     913.50     913.50     913.50     913.50     913.50     913.50     913.50     913.50     913.50
     913.50     913.50     913.50     913.50     913.50     913.50     913.50     913.50     913.50     913.50
     913.50     913.50     913.50
     914.20     913.90     913.60     913.30     913.10     912.80     912.60     912.30     912.10     911.90
     911.70     911.50     911.30     911.10     911.00     910.80     910.60     910.50     910.30     910.20
     910.00     909.90     909.80     909.70     909.50     909.40     909.30     909.20     909.10     909.00
     908.90     908.80     908.70     908.60     908.50     908.40     908.30     908.20     908.20     908.10
     908.00     908.00     907.90     907.90     907.80     907.80     907.70     907.70     907.70     907.70
     907.70     907.70     907.80     907.80     907.90     907.90     908.00     908.10     908.30     908.40
     908.50     908.70     908.90     909.10     909.30     909.60     909.80     910.10     910.40     910.70
     911.00     911.30     911.70
     912.80     912.30     911.90     911.50     911.10     910.80     910.50     910.30     910.10     909.90
     909.80     909.70     909.70     909.70     909.70     909.70     909.80     909.90     909.90     910.00
     910.10     910.20     910.20     910.30     910.40     910.40     910.40     910.40     910.50     910.50
     910.40     910.40     910.40     910.30     910.30     910.20     910.10     910.10     910.00     909.90
     909.80     909.60     909.50     909.30     909.20     909.00     908.80     908.60     908.40     908.20
     907.90     907.70     907.50     907.30     907.20     907.00     906.90     906.80     906.70     906.70
     906.70     906.80     906.90     907.10     907.30     907.50     907.80     908.20     908.60     909.00
     909.50     910.00     910.60
     910.40     909.50     908.80     908.20     907.60     907.20     906.90     906.70     906.70     906.70
     906.90     907.10     907.50     908.00     908.50     909.10     909.70     910.30     910.90     911.50
     912.10     912.70     913.20     913.60     914.10     914.40     914.70     915.00     915.30     915.50
     915.70     915.90     916.10     916.30     916.50     916.80     917.00     917.20     917.40     917.50
     917.60     917.70     917.70     917.70     917.50     917.30     917.00     916.60     916.10     915.60
     915.00     914.40     913.70     913.00     912.30     911.60     910.90     910.30     909.80     909.30
     909.00     908.70     908.50     908.40     908.50     908.60     908.80     909.10     909.40     909.80
     910.30     910.80     911.30
     907.10     905.70     904.50     903.30     902.40     901.60     901.10     900.80     900.70     900.90
     901.30     901.90     902.70     903.70     904.90     906.20     907.50     908.90     910.20     911.50
     912.70     913.80     914.80     915.60     916.30     916.90     917.50     917.90     918.30     918.80
     919.20     919.70     920.30     921.00     921.70     922.60     923.40     924.30     925.20     926.00
     926.70     927.40     927.80     928.10     928.30     928.20     927.90     927.40     926.60     925.70
     924.70     923.50     922.20     920.80     919.40     918.00     916.70     915.50     914.40     913.40
     912.60     912.00     911.50     911.20     911.10     911.10     911.30     911.60     911.90     912.20
     912.60     913.00     913.30
     902.40     900.30     898.50     896.90     895.50     894.40     893.60     893.10     892.90     893.10
     893.60     894.50     895.70     897.20     898.80     900.70     902.60     904.50     906.40     908.20
     909.80     911.20     912.40     913.30     914.00     914.60     915.10     915.50     916.00     916.60
     917.40     918.30     919.50     920.90     922.50     924.30     926.20     928.10     929.90     931.70
     933.20     934.50     935.60     936.30     936.70     936.70     936.50     935.90     935.00     933.80
     932.30     930.70     928.90     927.00     925.00     923.10     921.20     919.50     917.90     916.50
     915.40     914.60     913.90     913.60     913.40     913.40     913.50     913.70     914.00     914.30
     914.60     914.80     914.90
     897.40     895.10     893.00     891.20     889.80     888.70     888.00     887.60     887.70     888.10
     888.80     889.90     891.30     892.90     894.60     896.50     898.40     900.20     901.90     903.50
     904.90     906.00     906.80     907.40     907.80     908.00     908.30     908.60     909.10     910.00
     911.20     912.90     915.00     917.40     920.30     923.30     926.40     929.40     932.30     934.80
     937.00     938.80     940.20     941.10     941.60     941.70     941.50     940.90     940.00     938.80
     937.30     935.60     933.60     931.50     929.20     927.00     924.80     922.70     920.80     919.10
     917.70     916.60     915.70     915.00     914.50     914.20     913.90     913.70     913.60     913.50
     913.50     913.40     913.40
     897.10     894.80     892.90     891.30     890.10     889.50     889.20     889.40     890.00     890.90
     892.10     893.30     894.60     895.90     897.10     898.10     899.00     899.80     900.40     900.80
     901.20     901.30     901.40     901.30     901.20     901.10     901.20     901.40     902.10     903.20
     905.00     907.40     910.50     914.10     918.10     922.30     926.50     930.50     934.10     937.20
     939.70     941.60     942.90     943.80     944.40     944.60     944.60     944.40     943.90     943.10
     941.90     940.30     938.30     936.00     933.40     930.60     927.80     925.20     922.80     920.60
     918.80     917.30     915.90     914.70     913.40     912.20     911.00     909.80     908.70     907.80
     907.10     906.60     906.40
     904.70     902.50     900.60     899.10     898.10     897.70     897.90     898.60     899.70     901.20
     902.60     904.00     905.00     905.60     905.70     905.30     904.40     903.40     902.20     901.10
     900.10     899.30     898.70     898.20     897.90     897.70     897.70     898.00     898.70     899.90
     901.80     904.60     908.10     912.30     917.10     922.10     927.10     931.70     935.70     939.00
     941.60     943.50     944.70     945.60     946.20     946.70     947.10     947.50     947.60     947.40
     946.70     945.20     943.00     940.00     936.50     932.70     928.70     925.00     921.60     918.80
     916.40     914.40     912.60     910.90     909.10     907.00     904.80     902.50     900.20     898.30
     896.70     895.80     895.40
     915.40     913.20     911.20     909.50     908.40     907.90     908.20     909.20     910.70     912.50
     914.20     915.60     916.30     916.20     915.10     913.20     910.70     907.80     905.00     902.50
     900.50     899.20     898.50     898.20     898.20     898.30     898.30     898.30     898.50     899.10
     900.50     902.80     906.10     910.50     915.60     921.20     926.70     932.00     936.50     940.10
     942.80     944.60     945.70     946.30     946.80     947.40     948.00     948.70     949.40     949.70
     949.30     947.90     945.50     941.90     937.40     932.30     927.00     922.00     917.60     914.00
     911.20     909.10     907.30     905.50     903.60     901.30     898.70     895.90     893.10     890.70
     888.90     887.70     887.20
     919.00     917.10     915.40     914.10     913.30     913.20     914.00     915.50     917.50     919.80
     922.00     923.50     924.20     923.70     921.90     919.00     915.30     911.20     907.10     903.70
     901.10     899.70     899.10     899.20     899.50     899.60     899.30     898.50     897.70     897.10
     897.40     899.10     902.20     906.80     912.60     919.10     925.70     931.90     937.20     941.40
     944.20     945.90     946.60     946.60     946.40     946.20     946.30     946.80     947.50     948.10
     948.20     947.40     945.30     941.90     937.30     931.90     926.10     920.50     915.70     911.80
     909.00     906.90     905.30     903.90     902.30     900.50     898.30     895.90     893.60     891.60
     890.10     889.20     888.80
     911.40     910.20     909.60     909.60     910.40     912.00     914.40     917.30     920.60     923.90
     926.70     928.80     929.70     929.20     927.20     923.80     919.40     914.30     909.30     904.80
     901.40     899.40     898.60     898.60     898.80     898.70     897.90     896.30     894.40     893.00
     892.70     894.20     897.90     903.50     910.70     918.60     926.50     933.80     939.80     944.20
     947.00     948.30     948.30     947.40     946.00     944.70     943.80     943.50     943.80     944.50
     945.20     945.30     944.40     942.10     938.50     933.90     928.90     923.90     919.50     916.10
     913.50     911.80     910.50     909.30     908.20     907.00     905.60     904.30     903.00     901.90
     901.10     900.60     900.40
     900.70     900.20     900.80     902.60     905.50     909.20     913.60     918.30     923.00     927.40
     931.10     933.70     935.00     934.80     932.80     929.30     924.30     918.40     912.00     906.10
     901.30     898.00     896.50     896.20     896.50     896.60     896.00     894.50     892.70     891.40
     891.60     894.00     898.80     905.80     914.10     923.00     931.40     938.70     944.40     948.30
     950.40     950.90     950.10     948.50     946.40     944.40     942.80     942.00     941.90     942.50
     943.40     943.90     943.60     942.10     939.40     935.80     932.00     928.40     925.40     923.20
     921.60     920.50     919.50     918.70     917.90     917.30     916.90     916.60     916.30     916.00
     915.70     915.30     915.00
     899.10     898.70     899.90     902.40     906.10     910.60     915.50     920.70     925.90     930.70
     935.00     938.10     939.90     940.00     938.20     934.60     929.30     922.60     915.20     907.90
     901.60     897.30     895.20     895.20     896.50     897.90     898.70     898.70     898.30     898.40
     899.80     903.30     908.90     916.10     924.20     932.20     939.50     945.30     949.40     951.80
     952.50     951.90     950.30     948.40     946.30     944.50     943.20     942.50     942.30     942.50
     942.70     942.40     941.20     939.00     936.00     932.60     929.60     927.40     926.40     926.20
     926.40     926.50     926.20     925.60     925.20     925.20     925.70     926.60     927.40     927.70
     927.50     926.90     926.10
     910.40     909.90     910.60     912.40     914.90     917.80     921.00     924.60     928.70     933.10
     937.40     941.00     943.20     943.60     941.90     938.40     933.20     926.60     919.00     911.50
     905.00     900.60     898.90     899.80     902.60     905.90     908.80     910.70     912.00     913.40
     915.70     919.50     924.40     930.30     936.30     942.00     946.90     950.70     953.10     953.90
     953.10     951.20     948.70     946.30     944.40     943.20     942.70     942.50     942.30     941.90
     941.00     939.20     936.40     932.60     928.50     924.60     922.00     921.20     922.10     924.10
     926.20     927.50     927.60     927.10     926.80     927.40     929.30     931.70     934.00     935.40
     935.50     934.60     933.50
     927.70     927.30     927.60     928.20     928.70     928.90     929.20     930.10     932.30     935.70
     939.80     943.50     945.80     946.10     944.30     940.90     936.30     930.80     924.70     918.60
     913.40     910.10     909.30     911.10     914.70     918.90     922.50     925.10     927.00     928.80
     931.00     933.90     937.10     940.30     943.30     946.40     949.50     952.40     954.40     954.90
     953.60     950.60     947.00     943.80     941.60     940.80     940.70     941.00     940.80     939.90
     938.20     935.50     931.80     927.50     922.90     918.90     916.60     916.60     918.70     922.00
     925.00     926.50     926.30     925.10     924.50     925.70     929.10     933.70     938.20     941.30
     942.40     941.80     940.50
     942.40     942.60     943.00     943.30     942.80     941.40     939.60     938.40     938.70     940.90
     944.10     947.20     948.70     948.30     946.00     942.60     939.00     935.30     931.60     928.10
     925.10     923.20     923.00     924.70     927.50     930.60     933.10     934.90     936.10     937.40
     939.00     940.50     941.60     942.10     942.40     943.60     946.10     949.70     953.30     955.20
     954.50     951.40     947.10     943.30     940.80     940.10     940.40     940.80     940.60     939.50
     937.50     935.00     931.90     928.40     924.60     921.30     919.10     918.90     920.80     923.80
     926.20     926.80     925.40     923.20     922.20     924.10     929.10     935.90     942.70     947.50
     949.80     949.70     948.40
     951.90     952.70     953.70     954.50     954.30     953.00     950.80     948.80     947.80     948.20
     949.60     950.70     950.60     948.80     946.10     943.10     940.60     938.90     937.60     936.30
     934.90     933.80     933.40     933.80     934.90     936.10     937.00     937.60     938.40     939.50
     940.70     941.50     940.90     939.30     937.60     937.50     940.10     945.00     950.60     954.60
     955.30     953.00     949.10     945.40     943.30     942.90     943.60     944.10     943.80     942.50
     940.60     938.50     936.60     934.70     932.40     929.80     927.50     926.40     926.70     928.20
     929.40     929.00     926.80     924.20     923.40     926.00     932.30     940.60     948.50     954.00
     956.70     956.80     955.30
     958.60     959.60     960.70     961.80     962.30     961.90     960.50     958.40     956.30     954.50
     953.00     951.40     949.40     946.90     944.50     942.70     941.80     941.50     941.50     941.20
     940.40     939.10     937.70     936.50     935.90     935.90     936.30     937.10     938.50     940.30
     941.90     942.50     941.40     938.60     935.80     935.00     937.50     943.00     949.50     954.60
     956.40     955.00     951.90     948.90     947.30     947.00     947.50     947.70     947.20     945.80
     944.00     942.40     941.50     941.00     940.30     938.70     936.50     934.40     933.20     933.30
     933.80     933.30     931.60     929.80     929.80     933.20     939.90     948.00     955.30     960.00
     962.00     961.80     960.10
     964.00     964.60     965.10     965.80     966.60     967.00     966.40     964.60     961.60     957.90
     953.90     950.10     947.10     945.10     944.30     944.40     945.00     945.50     945.70     945.30
     944.00     942.00     939.60     937.30     935.80     935.60     936.60     938.50     941.00     943.50
     945.60     946.40     945.50     943.20     940.60     939.80     942.00     947.00     953.00     957.60
     959.30     958.20     955.50     952.70     950.40     949.00     948.00     947.20     946.20     945.10
     943.90     943.20     943.40     944.30     945.30     945.40     944.20     942.20     940.60     940.30
     940.80     941.00     940.40     939.70     940.50     944.10     950.20     956.90     962.30     965.30
     966.20     965.50     963.50
     967.20     967.20     967.00     967.00     967.60     968.40     968.60     967.30     964.30     959.90
     955.10     950.90     948.30     947.70     948.70     950.40     951.90     952.50     952.30     951.40
     949.80     947.50     944.60     941.80     940.10     940.00     941.50     944.10     946.70     948.90
     950.60     951.60     951.60     950.80     949.80     949.90     952.00     955.90     960.30     963.40
     964.30     962.90     960.20     956.80     953.20     949.50     946.10     943.70     942.40     942.00
     942.20     942.90     944.40     946.80     949.50     951.60     952.10     951.30     950.30     950.00
     950.70     951.40     951.60     951.60     952.60     955.70     960.40     965.20     968.50     969.80
     969.80     968.80     966.50
     968.00     967.60     966.90     966.70     967.30     968.40     969.10     968.60     966.40     962.90
     959.10     956.20     955.00     955.70     957.50     959.60     960.80     961.10     960.50     959.40
     958.00     956.00     953.60     951.10     949.40     949.30     950.60     952.40     954.00     954.90
     955.60     956.40     957.40     958.30     959.10     960.20     962.10     964.80     967.50     969.20
     969.30     968.00     965.60     962.30     957.90     952.70     947.70     944.20     942.70     943.10
     944.60     946.50     949.00     952.10     955.70     958.80     960.70     961.00     960.50     960.20
     960.60     961.20     961.50     961.80     962.90     965.30     968.70     971.70     973.30     973.40
     972.60     971.30     968.50
     968.10     967.30     966.80     966.90     967.90     969.20     970.20     970.30     969.20     967.20
     965.30     964.20     964.30     965.40     966.90     968.10     968.60     968.40     967.60     966.70
     965.70     964.50     962.80     961.10     959.90     959.70     960.30     961.00     961.20     960.90
     960.80     961.50     962.90     964.70     966.20     967.40     968.70     970.30     971.70     972.50
     972.50     971.90     970.70     968.70     965.40     960.90     956.10     952.50     951.00     951.60
     953.40     955.60     957.80     960.30     963.00     965.70     967.50     968.10     967.80     967.30
     967.30     967.70     968.20     968.90     970.10     972.10     974.40     976.10     976.40     975.60
     974.20     972.30     969.00
     968.50     968.00     968.10     968.90     970.30     971.80     972.80     973.00     972.50     971.80
     971.40     971.60     972.30     973.10     973.70     974.00     973.90     973.50     972.80     972.10
     971.20     970.30     969.40     968.50     967.90     967.70     967.70     967.60     967.30     966.70
     966.60     967.10     968.30     969.70     970.80     971.50     972.10     972.90     973.60     974.10
     974.30     974.40     974.40     974.10     972.80     970.30     967.20     964.60     963.20     963.30
     964.50     965.80     967.00     968.00     969.10     970.30     971.20     971.40     971.00     970.50
     970.50     971.20     972.30     973.60     974.90     976.40     977.60     978.20     977.70     976.40
     974.70     972.40     969.00
     969.30     969.30     970.40     972.00     973.70     975.10     975.80     975.90     975.70     975.60
     975.80     976.50     977.20     977.60     977.60     977.50     977.20     977.00     976.50     975.80
     974.90     974.00     973.40     973.00     972.70     972.50     972.10     971.80     971.40     971.20
     971.20     971.50     972.10     972.70     973.20     973.60     974.10     974.70     975.30     975.70
     975.80     976.00     976.40     976.80     976.80     976.00     974.70     973.20     972.10     971.80
     972.00     972.50     972.80     972.80     972.80     972.80     972.60     972.20     971.60     971.30
     971.70     973.10     974.80     976.40     977.60     978.20     978.40     978.10     977.30     976.10
     974.60     972.60     969.80
     969.90     970.80     972.60     974.70     976.30     977.20     977.70     977.90     978.00     978.10
     978.50     978.90     979.30     979.50     979.40     979.20     979.10     978.90     978.60     978.00
     977.30     976.60     976.10     975.80     975.50     975.00     974.40     973.90     973.50     973.40
     973.40     973.40     973.40     973.70     974.10     974.60     975.30     975.90     976.40     976.60
     976.70     976.70     976.80     977.00     977.10     977.00     976.50     976.00     975.40     975.00
     974.90     975.00     975.00     974.90     974.70     974.30     973.50     972.30     971.20     970.90
     971.90     973.80     975.90     977.30     977.80     977.70     977.20     976.50     975.80     975.10
     974.30     973.10     971.10
     970.90     972.20     974.30     976.10     977.20     977.50     977.70     978.00     978.50     978.80
     979.00     979.10     979.20     979.20     979.20     979.10     979.10     979.00     978.80     978.50
     978.10     977.70     977.40     977.10     976.70     976.10     975.40     974.80     974.30     974.00
     973.80     973.50     973.40     973.60     974.10     974.70     975.10     975.40     975.70     975.90
     976.00     976.10     976.20     976.30     976.20     976.00     975.90     975.80     975.70     975.60
     975.60     975.60     975.60     975.70     975.80     975.40     974.20     972.20     970.30     969.90
     971.20     973.50     975.40     976.20     976.10     975.70     975.20     974.70     974.20     973.80
     973.40     972.90     971.80
     972.40     973.60     975.30     976.40     976.70     976.40     976.30     976.70     977.20     977.60
     977.60     977.40     977.40     977.50     977.50     977.60     977.60     977.70     977.70     977.60
     977.40     977.30     977.00     976.60     976.20     975.80     975.20     974.70     974.30     974.00
     973.70     973.40     973.40     973.60     973.80     973.90     973.70     973.50     973.60     973.90
     974.40     974.90     975.30     975.60     975.60     975.50     975.40     975.40     975.50     975.70
     975.80     975.80     975.80     975.90     976.10     975.80     974.40     972.00     969.80     969.30
     970.80     973.00     974.50     974.60     974.00     973.40     973.20     973.00     972.60     972.20
     972.00     971.90     971.60
     973.70     974.60     975.40     975.80     975.50     975.00     974.80     975.00     975.30     975.40
     975.20     975.10     975.10     975.20     975.30     975.50     975.90     976.30     976.50     976.50
     976.30     975.90     975.60     975.20     974.80     974.50     974.10     973.80     973.60     973.50
     973.40     973.30     973.10     973.00     972.90     972.60     972.10     971.80     972.00     972.70
     973.40     973.90     974.20     974.50     974.70     975.00     975.10     975.00     975.00     975.10
     975.30     975.40     975.40     975.40     975.40     975.20     974.20     972.20     970.40     970.10
     971.40     973.20     974.20     973.60     972.40     971.20     970.60     970.30     970.30     970.40
     970.60     971.00     971.20
     974.00     974.40     974.70     974.60     974.20     973.80     973.50     973.50     973.60     973.50
     973.30     973.20     973.40     973.40     973.40     973.60     974.30     975.10     975.70     975.70
     975.30     974.80     974.40     974.10     973.70     973.30     972.70     972.40     972.40     972.60
     972.70     972.40     971.80     971.40     971.20     971.20     971.10     971.30     971.70     972.30
     972.80     972.70     972.50     972.50     972.80     973.40     973.90     974.00     973.90     973.90
     974.10     974.50     974.60     974.50     974.30     974.10     973.60     972.60     971.50     971.30
     972.10     973.30     973.90     973.20     971.40     969.30     967.50     966.80     967.10     968.30
     969.60     970.70     971.40
     973.40     973.60     973.50     973.20     972.90     972.50     972.20     972.10     972.10     972.00
     971.90     971.90     972.00     972.00     971.80     971.90     972.70     973.80     974.60     974.70
     974.20     973.80     973.70     973.60     973.20     972.50     971.80     971.30     971.40     971.70
     971.60     971.00     970.10     969.50     969.70     970.30     970.90     971.40     971.60     971.80
     971.70     971.30     970.70     970.40     970.70     971.50     972.40     972.90     972.90     972.90
     973.10     973.60     973.90     973.80     973.40     973.10     972.70     972.30     971.80     971.50
     971.80     972.40     972.90     972.70     971.10     968.30     965.50     964.10     964.80     966.90
     969.20     970.70     971.70
     972.80     972.80     972.50     972.10     971.60     971.10     970.60     970.40     970.60     970.70
     970.70     970.60     970.60     970.60     970.50     970.60     971.20     972.30     973.10     973.20
     972.80     972.60     972.70     972.80     972.50     971.90     971.20     970.90     971.00     971.10
     970.90     970.10     969.20     968.80     969.20     970.10     970.90     971.20     971.00     970.80
     970.50     970.30     969.90     969.70     969.90     970.60     971.50     972.20     972.50     972.50
     972.80     973.20     973.60     973.50     973.00     972.40     971.90     971.50     971.20     970.90
     970.80     971.20     971.90     972.10     971.20     968.70     965.80     964.20     964.80     966.90
     969.20     970.70     971.60
     972.50     972.30     971.70     971.10     970.50     969.80     969.10     968.90     969.10     969.40
     969.30     969.20     969.30     969.50     969.70     970.00     970.50     971.30     971.80     971.80
     971.40     971.10     971.10     971.10     971.00     970.70     970.50     970.50     970.60     970.60
     970.30     969.70     969.20     969.00     969.30     970.00     970.50     970.60     970.40     970.10
     970.10     970.20     970.30     970.30     970.40     970.70     971.10     971.60     972.10     972.40
     972.70     973.10     973.30     973.30     972.90     972.30     971.60     971.10     970.80     970.70
     970.80     971.20     971.60     971.90     971.40     969.80     967.90     966.70     966.80     968.00
     969.40     970.50     971.30
     972.00     971.60     970.80     970.10     969.60     969.10     968.60     968.20     968.20     968.20
     968.20     968.30     968.60     969.20     969.70     970.00     970.30     970.80     971.00     970.70
     970.10     969.60     969.40     969.30     969.20     969.10     969.30     969.50     969.60     969.40
     969.20     969.00     969.00     969.10     969.10     969.30     969.70     970.00     970.20     970.30
     970.40     970.50     970.50     970.60     970.60     970.60     970.70     970.90     971.50     972.10
     972.60     972.80     972.90     972.90     972.70     972.30     971.80     971.20     971.00     971.30
     971.70     972.10     972.10     971.80     971.20     970.50     969.70     969.20     969.10     969.30
     969.80     970.50     971.30
     971.20     970.60     969.80     969.30     969.20     969.20     969.00     968.50     968.00     967.60
     967.60     968.00     968.70     969.40     969.80     969.90     970.00     970.10     970.00     969.70
     969.00     968.40     968.00     967.80     967.70     967.80     968.00     968.30     968.30     968.00
     967.80     968.00     968.40     968.60     968.70     968.70     969.00     969.60     970.10     970.30
     970.10     969.80     969.70     969.90     970.20     970.40     970.40     970.50     971.10     971.80
     972.40     972.50     972.40     972.20     972.10     972.00     971.80     971.50     971.40     971.60
     972.10     972.40     972.20     971.60     970.90     970.60     970.60     970.50     970.40     970.20
     970.30     970.80     971.40
     970.40     969.90     969.20     968.90     969.20     969.60     969.50     968.80     968.00     967.50
     967.60     968.30     969.20     969.80     969.90     969.70     969.50     969.40     969.20     968.80
     968.30     967.70     967.30     967.10     967.00     967.10     967.30     967.50     967.50     967.20
     967.10     967.40     968.00     968.60     968.90     969.00     969.20     969.50     969.70     969.70
     969.30     968.80     968.60     969.00     969.80     970.30     970.60     970.70     971.10     971.70
     972.10     972.10     971.90     971.70     971.50     971.40     971.50     971.50     971.40     971.40
     971.60     971.80     971.80     971.60     971.30     971.10     971.00     970.90     970.80     970.80
     970.90     971.10     971.40
     970.30     969.80     969.20     969.10     969.30     969.50     969.30     968.70     968.00     967.60
     967.80     968.70     969.60     970.00     969.90     969.50     969.30     969.20     969.10     968.70
     968.20     967.70     967.20     967.00     966.90     967.00     967.20     967.40     967.40     967.20
     967.30     967.70     968.50     969.40     970.00     970.20     970.00     969.80     969.60     969.30
     969.00     968.70     968.70     969.20     969.90     970.50     970.70     970.80     971.10     971.50
     971.70     971.70     971.70     971.50     971.30     971.10     971.30     971.50     971.50     971.20
     971.10     971.30     971.60     971.90     972.00     971.90     971.50     971.10     970.90     971.10
     971.30     971.30     971.10
