diamond 4 20年06月25日8时300百帕高度场
20 06 25  8  300 
2.500 -2.500  .0  180.0   90.0  .0
73  37
     909.80     909.80     909.80     909.80     909.80     909.80     909.80     909.80     909.80     909.80
     909.80     909.80     909.80     909.80     909.80     909.80     909.80     909.80     909.80     909.80
     909.80     909.80     909.80     909.80     909.80     909.80     909.80     909.80     909.80     909.80
     909.80     909.80     909.80     909.80     909.80     909.80     909.80     909.80     909.80     909.80
     909.80     909.80     909.80     909.80     909.80     909.80     909.80     909.80     909.80     909.80
     909.80     909.80     909.80     909.80     909.80     909.80     909.80     909.80     909.80     909.80
     909.80     909.80     909.80     909.80     909.80     909.80     909.80     909.80     909.80     909.80
     909.80     909.80     909.80
     913.90     913.90     913.80     913.70     913.60     913.50     913.40     913.30     913.20     913.10
     913.00     912.80     912.70     912.50     912.40     912.20     912.10     911.90     911.70     911.60
     911.40     911.20     911.00     910.80     910.70     910.50     910.30     910.10     909.90     909.80
     909.60     909.40     909.20     909.10     908.90     908.70     908.60     908.40     908.20     908.10
     907.90     907.70     907.60     907.40     907.20     907.10     906.90     906.70     906.50     906.40
     906.20     906.00     905.80     905.60     905.40     905.20     905.10     904.90     904.70     904.50
     904.40     904.20     904.10     903.90     903.80     903.70     903.60     903.50     903.40     903.30
     903.30     903.30     903.20
     916.70     916.70     916.70     916.60     916.60     916.50     916.50     916.30     916.20     916.00
     915.80     915.60     915.30     915.00     914.70     914.30     913.90     913.50     913.10     912.70
     912.20     911.80     911.30     910.90     910.50     910.10     909.70     909.40     909.10     908.80
     908.50     908.30     908.00     907.90     907.70     907.50     907.40     907.30     907.20     907.00
     906.90     906.80     906.60     906.50     906.30     906.00     905.80     905.50     905.20     904.80
     904.40     903.90     903.40     902.90     902.40     901.80     901.20     900.50     899.90     899.20
     898.60     897.90     897.30     896.70     896.10     895.60     895.10     894.60     894.20     893.80
     893.60     893.30     893.20
     916.90     917.20     917.60     917.90     918.20     918.40     918.60     918.60     918.60     918.50
     918.40     918.10     917.70     917.20     916.60     916.00     915.30     914.50     913.70     912.90
     912.10     911.30     910.50     909.70     909.00     908.40     907.90     907.40     907.10     906.80
     906.70     906.60     906.60     906.70     906.90     907.10     907.40     907.70     908.00     908.30
     908.60     908.80     909.00     909.10     909.20     909.10     909.00     908.70     908.30     907.80
     907.20     906.40     905.50     904.50     903.40     902.20     900.90     899.50     898.00     896.60
     895.10     893.60     892.10     890.70     889.40     888.10     886.90     885.80     884.90     884.10
     883.40     882.80     882.40
     914.00     914.90     915.80     916.60     917.40     918.00     918.60     919.00     919.20     919.30
     919.20     918.90     918.40     917.80     917.00     916.00     914.90     913.70     912.50     911.20
     910.00     908.80     907.60     906.60     905.80     905.10     904.60     904.30     904.30     904.40
     904.80     905.30     906.00     906.80     907.80     908.80     909.80     910.90     912.00     913.00
     913.90     914.80     915.50     916.10     916.60     916.90     917.00     916.90     916.60     916.10
     915.40     914.40     913.30     911.90     910.30     908.50     906.50     904.40     902.20     899.90
     897.50     895.10     892.80     890.40     888.20     886.10     884.20     882.40     880.80     879.40
     878.20     877.30     876.50
     910.10     911.50     912.90     914.20     915.40     916.40     917.30     918.00     918.50     918.80
     918.80     918.50     917.90     917.10     915.90     914.60     913.10     911.50     909.80     908.00
     906.30     904.70     903.30     902.00     901.10     900.50     900.20     900.30     900.70     901.60
     902.70     904.20     905.80     907.70     909.70     911.70     913.70     915.70     917.50     919.30
     920.80     922.20     923.40     924.40     925.20     925.80     926.20     926.40     926.40     926.10
     925.60     924.80     923.80     922.40     920.80     919.00     916.80     914.50     911.90     909.20
     906.40     903.50     900.60     897.70     894.80     892.00     889.40     886.90     884.60     882.60
     880.80     879.20     878.00
     907.70     909.50     911.30     913.10     914.90     916.40     917.80     919.00     919.80     920.20
     920.20     919.80     919.00     917.80     916.30     914.40     912.40     910.10     907.80     905.50
     903.30     901.20     899.40     897.80     896.70     896.00     895.70     896.00     896.80     898.20
     900.00     902.30     904.80     907.60     910.60     913.60     916.50     919.20     921.70     923.90
     925.80     927.50     928.80     930.00     930.90     931.70     932.30     932.70     933.00     933.20
     933.10     932.80     932.20     931.30     930.20     928.70     927.00     925.10     922.90     920.50
     917.90     915.10     912.20     909.10     905.90     902.70     899.40     896.30     893.20     890.30
     887.70     885.30     883.30
     907.40     910.00     912.60     915.30     918.00     920.50     922.60     924.40     925.60     926.10
     926.00     925.20     923.90     921.90     919.60     917.00     914.20     911.20     908.30     905.40
     902.70     900.20     898.00     896.00     894.50     893.50     893.00     893.10     893.80     895.20
     897.10     899.60     902.60     906.00     909.60     913.30     916.90     920.30     923.30     925.90
     928.10     929.80     931.10     932.10     933.00     933.70     934.40     935.10     935.70     936.20
     936.50     936.60     936.50     936.10     935.50     934.60     933.40     932.10     930.60     928.90
     927.00     924.80     922.20     919.40     916.20     912.70     909.00     905.10     901.10     897.30
     893.60     890.30     887.50
     909.50     913.20     917.20     921.10     925.00     928.50     931.50     933.80     935.10     935.50
     934.90     933.40     931.10     928.20     924.80     921.20     917.50     913.80     910.30     907.00
     904.00     901.20     898.80     896.80     895.10     893.90     893.10     892.80     893.10     894.10
     895.60     897.90     900.80     904.30     908.20     912.40     916.60     920.60     924.10     927.10
     929.40     931.00     932.10     932.80     933.30     933.80     934.40     935.20     936.10     937.00
     937.70     938.20     938.40     938.20     937.70     937.00     936.20     935.20     934.30     933.20
     931.90     930.30     928.30     925.80     922.70     919.00     914.90     910.40     905.70     901.00
     896.50     892.50     889.10
     915.40     920.20     925.10     929.90     934.40     938.30     941.50     943.80     944.90     944.90
     943.60     941.30     938.10     934.30     930.00     925.40     920.90     916.50     912.30     908.50
     905.00     902.10     899.60     897.70     896.20     895.10     894.50     894.20     894.40     895.10
     896.30     898.20     900.80     904.20     908.20     912.70     917.40     921.90     925.80     928.90
     931.00     932.20     932.50     932.30     932.10     932.00     932.40     933.30     934.50     935.90
     937.30     938.20     938.70     938.80     938.40     937.80     937.10     936.40     935.70     935.00
     934.20     933.00     931.30     928.90     925.80     922.10     917.70     912.80     907.80     902.70
     897.80     893.50     889.80
     925.50     930.50     935.20     939.60     943.60     946.90     949.50     951.20     951.80     951.40
     949.80     947.30     943.80     939.70     935.10     930.00     924.80     919.40     914.20     909.20
     904.90     901.20     898.40     896.40     895.20     894.60     894.60     894.90     895.50     896.50
     897.90     899.80     902.40     905.80     910.00     914.70     919.70     924.40     928.40     931.10
     932.50     932.40     931.30     929.70     928.20     927.20     927.10     928.00     929.60     931.70
     933.70     935.30     936.40     936.90     936.90     936.70     936.40     936.20     936.10     935.90
     935.40     934.50     932.90     930.60     927.50     923.70     919.30     914.50     909.50     904.50
     899.70     895.30     891.50
     937.10     941.20     944.80     948.00     950.60     952.80     954.50     955.50     955.70     955.10
     953.70     951.50     948.50     944.90     940.50     935.30     929.50     923.10     916.50     910.10
     904.30     899.60     896.00     893.70     892.60     892.50     893.10     894.20     895.70     897.40
     899.50     902.00     905.00     908.80     913.20     918.10     923.00     927.40     930.80     932.70
     932.80     931.40     928.80     925.70     922.90     921.00     920.40     921.20     923.00     925.30
     927.60     929.50     930.90     931.70     932.20     932.70     933.20     933.90     934.60     935.10
     935.20     934.70     933.40     931.40     928.50     925.10     921.10     916.90     912.30     907.70
     903.10     898.80     894.90
     945.50     948.70     951.30     953.40     955.10     956.50     957.50     958.10     958.10     957.40
     956.10     954.30     951.90     948.80     944.80     939.90     933.90     926.90     919.40     912.00
     905.40     900.10     896.30     894.00     893.00     893.10     893.90     895.40     897.30     899.70
     902.50     905.80     909.50     913.60     918.10     922.70     927.00     930.60     933.00     933.80
     933.00     930.70     927.50     923.90     920.80     918.70     917.90     918.40     919.80     921.50
     923.10     924.20     925.00     925.50     926.20     927.10     928.40     929.90     931.40     932.60
     933.30     933.40     932.70     931.30     929.20     926.60     923.60     920.10     916.30     912.30
     908.10     904.00     900.20
     949.40     952.30     954.50     956.20     957.50     958.40     959.00     959.30     959.00     958.20
     956.80     955.00     952.80     950.10     946.60     942.20     936.60     930.00     922.90     916.00
     910.00     905.50     902.60     901.10     900.50     900.70     901.40     902.50     904.20     906.50
     909.30     912.60     916.40     920.40     924.40     928.20     931.40     933.80     935.10     935.20
     934.20     932.20     929.50     926.80     924.40     922.80     922.20     922.30     922.90     923.40
     923.50     923.30     922.80     922.60     922.90     923.90     925.50     927.20     928.80     930.10
     931.00     931.30     931.30     930.80     929.90     928.30     926.20     923.60     920.50     917.10
     913.50     910.00     906.70
     951.20     954.00     955.80     956.80     957.10     957.10     957.00     956.90     956.70     956.20
     955.20     953.70     951.80     949.50     946.70     943.10     938.60     933.20     927.50     922.30
     918.20     915.50     914.20     913.90     914.00     914.30     914.70     915.30     916.20     917.60
     919.40     921.60     924.20     927.10     930.00     932.70     934.80     936.20     936.80     936.60
     935.90     934.80     933.50     932.00     930.70     929.80     929.30     929.20     929.10     928.70
     927.80     926.40     925.20     924.50     924.70     925.80     927.30     928.70     929.60     930.00
     930.10     930.00     930.10     930.10     929.90     929.20     927.80     925.80     923.20     920.30
     917.30     914.60     912.30
     953.40     955.60     956.30     955.50     953.70     951.80     950.50     950.40     951.10     952.10
     952.60     952.20     951.00     949.20     947.00     944.40     941.20     937.40     933.50     930.00
     927.60     926.50     926.40     926.80     927.30     927.80     928.20     928.50     928.90     929.00
     929.10     929.30     929.80     930.90     932.60     934.40     936.00     937.00     937.40     937.30
     937.00     936.60     935.90     935.10     934.20     933.50     933.20     933.40     933.50     933.30
     932.30     930.90     929.70     929.20     929.90     931.30     932.90     933.90     933.90     932.90
     931.50     930.10     929.20     928.70     928.30     927.70     926.50     924.80     922.70     920.40
     918.20     916.20     914.70
     955.90     957.00     956.00     953.20     949.20     945.50     943.30     943.50     945.70     948.80
     951.20     952.20     951.50     949.90     947.90     945.90     943.80     941.50     939.10     937.00
     935.60     935.00     935.00     935.30     935.60     936.10     936.70     937.30     937.60     936.90
     935.40     933.50     932.00     931.60     932.50     934.10     935.90     937.10     937.70     937.70
     937.30     936.60     935.60     934.30     933.10     932.50     932.90     934.10     935.50     936.40
     936.20     935.30     934.30     934.20     935.40     937.50     939.50     940.50     939.90     937.80
     934.90     931.70     928.90     926.70     925.00     923.60     922.30     921.00     919.70     918.20
     916.70     915.20     913.90
     957.10     957.30     955.70     952.30     947.80     943.70     941.30     941.80     944.90     949.00
     952.20     953.40     952.50     950.40     948.30     946.70     945.50     944.50     943.40     942.40
     941.60     941.20     940.80     940.40     940.20     940.30     940.90     941.70     941.90     940.90
     938.50     935.60     933.30     932.40     933.20     935.10     937.10     938.60     939.20     939.00
     938.20     936.70     934.70     932.40     930.70     930.30     931.70     934.60     937.80     940.10
     940.70     940.00     939.10     939.20     940.70     943.20     945.60     946.80     946.20     943.80
     940.10     935.60     930.90     926.50     922.70     919.90     918.10     917.20     916.80     916.50
     915.80     914.50     913.00
     957.00     956.90     956.00     954.20     951.30     948.20     946.00     946.10     948.30     951.50
     953.90     954.30     952.80     950.50     948.80     948.00     947.90     948.20     948.20     948.20
     948.10     947.90     947.50     946.70     945.90     945.30     945.20     945.20     944.70     943.20
     940.80     938.20     936.50     936.30     937.50     939.50     941.40     942.60     943.00     942.50
     941.20     939.10     936.20     933.00     930.70     930.40     932.70     936.90     941.40     944.60
     945.80     945.40     944.90     945.40     947.20     949.80     952.20     953.40     952.90     950.80
     947.30     942.50     936.90     931.10     925.60     921.40     918.80     917.70     917.70     918.00
     917.90     917.00     915.50
     957.00     957.00     957.40     957.60     956.90     955.00     952.70     951.40     951.70     953.00
     954.20     954.40     953.70     952.80     952.50     953.20     954.30     955.40     956.10     956.60
     957.00     957.20     956.90     956.10     954.90     953.60     952.20     950.50     948.60     946.30
     944.00     942.50     942.20     943.10     944.80     946.50     947.80     948.40     948.40     947.90
     946.70     944.40     941.10     937.30     934.20     933.40     935.40     939.70     944.50     948.30
     950.30     951.10     951.80     953.40     955.90     958.30     960.10     960.60     960.00     958.30
     955.60     951.80     946.70     940.90     935.10     930.10     926.70     924.80     924.30     924.40
     924.50     924.10     923.10
     958.30     958.20     959.20     960.40     960.70     959.20     956.50     953.80     952.50     952.90
     954.20     955.90     957.40     959.00     960.90     962.90     964.60     965.80     966.50     966.90
     967.10     967.30     967.10     966.40     965.10     963.30     960.80     957.70     954.30     951.10
     948.80     948.10     948.80     950.40     952.20     953.50     954.30     954.70     954.80     954.50
     953.70     951.80     948.50     944.30     940.50     938.50     939.20     942.50     947.00     951.20
     954.40     956.90     959.30     962.10     964.80     966.90     967.70     967.30     966.30     965.00
     963.20     960.70     957.10     952.60     947.80     943.30     939.80     937.30     935.80     935.10
     935.00     934.90     934.70
     960.70     960.50     961.10     962.10     962.20     960.60     957.60     954.70     953.30     954.00
     956.70     960.30     964.20     967.70     970.60     972.90     974.50     975.30     975.60     975.60
     975.50     975.20     974.70     974.00     972.90     971.30     968.80     965.30     961.30     957.70
     955.30     954.60     955.40     956.80     958.20     959.40     960.20     960.80     961.20     961.20
     960.60     959.00     956.20     952.30     948.30     945.60     945.20     947.40     951.40     955.80
     959.90     963.30     966.40     969.10     971.30     972.50     972.60     971.90     970.90     969.90
     968.70     967.10     964.90     962.10     959.00     955.90     953.20     950.80     948.90     947.70
     947.20     947.20     947.40
     963.50     963.10     963.30     963.70     963.50     962.00     959.70     957.60     957.10     958.90
     962.50     967.10     971.40     974.90     977.30     978.90     979.80     980.30     980.60     980.50
     980.20     979.60     978.90     978.20     977.40     976.30     974.50     971.80     968.50     965.30
     963.00     961.90     961.90     962.60     963.50     964.60     965.60     966.50     966.90     966.70
     965.90     964.60     962.60     959.90     956.90     954.60     954.00     955.60     959.00     963.10
     966.90     969.80     971.70     973.00     973.80     974.20     974.30     974.10     973.70     973.10
     972.20     971.00     969.50     967.90     966.20     964.70     963.10     961.50     960.00     958.80
     958.10     957.90     958.00
     966.10     965.60     965.50     965.70     965.70     965.00     964.00     963.30     963.90     966.10
     969.60     973.40     976.60     978.70     979.90     980.60     981.20     981.80     982.20     982.10
     981.80     981.20     980.70     980.20     979.80     979.10     978.00     976.40     974.20     971.90
     970.10     968.90     968.40     968.50     968.90     969.60     970.60     971.30     971.40     970.80
     969.80     968.80     967.60     966.30     964.70     963.60     963.50     964.90     967.50     970.40
     972.90     974.20     974.40     974.00     973.80     974.00     974.60     975.30     975.50     975.10
     974.30     973.30     972.20     971.30     970.40     969.60     968.80     968.00     967.10     966.30
     965.70     965.30     965.00
     968.50     967.70     967.40     967.60     967.90     968.20     968.50     969.10     970.40     972.40
     974.90     977.30     979.00     979.90     980.40     980.90     981.60     982.20     982.40     982.00
     981.50     981.20     981.10     981.10     980.90     980.40     979.60     978.50     977.20     975.80
     974.70     974.00     973.70     973.70     973.70     974.00     974.40     974.60     974.40     973.80
     973.00     972.30     971.70     971.00     970.50     970.30     970.80     971.90     973.30     974.70
     975.60     975.70     974.90     974.00     973.50     974.00     975.10     976.20     976.50     976.10
     975.30     974.50     973.90     973.20     972.60     972.00     971.50     971.10     970.70     970.30
     969.90     969.70     969.40
     970.80     969.80     969.40     969.40     969.80     970.60     971.70     973.00     974.40     975.90
     977.40     978.70     979.60     980.10     980.50     981.10     981.90     982.20     981.80     981.00
     980.20     980.00     980.40     980.70     980.70     980.20     979.50     978.60     977.70     976.80
     976.30     976.30     976.60     976.90     976.90     976.70     976.50     976.40     976.20     976.10
     975.70     975.20     974.60     974.00     973.70     973.90     974.60     975.20     975.70     975.90
     975.90     975.60     974.90     974.20     974.10     974.80     975.90     976.70     976.80     976.10
     975.30     974.50     973.90     973.30     972.80     972.50     972.30     972.30     972.20     972.00
     972.00     972.20     972.30
     972.70     972.10     971.80     971.70     971.90     972.80     974.00     975.20     976.20     977.00
     977.70     978.40     978.90     979.20     979.60     980.20     980.60     980.70     980.10     979.10
     978.40     978.30     978.60     979.00     979.10     978.80     978.30     977.80     977.20     976.60
     976.30     976.60     977.20     977.80     977.80     977.50     977.10     976.90     976.90     977.00
     977.00     976.50     975.70     974.90     974.60     975.00     975.70     976.00     975.80     975.60
     975.40     975.30     975.00     974.60     974.60     975.30     976.20     976.70     976.40     975.60
     974.50     973.30     972.20     971.30     970.90     971.20     972.00     972.60     972.90     972.90
     973.10     973.50     974.00
     974.20     974.20     974.20     974.10     974.30     974.80     975.70     976.30     976.60     976.60
     976.70     976.90     977.20     977.30     977.30     977.40     977.50     977.50     977.30     976.90
     976.60     976.50     976.50     976.50     976.50     976.50     976.50     976.60     976.40     976.10
     975.80     976.00     976.60     977.00     977.00     976.80     976.60     976.50     976.60     976.50
     976.20     975.70     974.90     974.30     974.30     974.80     975.40     975.40     975.10     974.90
     974.90     974.80     974.40     974.00     974.10     974.90     975.80     976.20     975.90     975.00
     973.60     971.90     970.00     968.70     968.60     969.80     971.50     972.90     973.40     973.50
     973.60     973.90     974.00
     975.00     975.30     975.60     975.60     975.70     976.00     976.30     976.30     975.90     975.40
     975.10     975.10     975.10     974.80     974.40     974.10     974.00     974.20     974.60     974.90
     975.00     974.70     974.30     974.00     973.80     973.80     974.20     974.60     974.90     974.80
     974.70     974.80     975.10     975.40     975.30     975.30     975.50     975.70     975.60     975.30
     974.70     974.10     973.60     973.30     973.60     974.20     974.50     974.40     974.10     974.00
     974.10     973.70     973.00     972.40     972.80     974.10     975.40     975.90     975.50     974.50
     973.20     971.30     969.30     968.00     968.30     969.90     972.00     973.50     974.00     973.90
     973.80     973.70     973.00
     975.30     975.50     975.70     975.70     975.60     975.60     975.60     975.30     974.80     974.20
     973.80     973.60     973.30     972.90     972.30     971.90     971.80     972.10     972.70     973.20
     973.20     972.90     972.40     972.00     971.70     971.50     971.70     972.20     972.60     972.80
     972.70     972.90     973.20     973.40     973.50     973.70     974.10     974.60     974.70     974.30
     973.70     973.20     972.90     972.90     973.10     973.50     973.70     973.60     973.40     973.50
     973.40     972.70     971.60     971.10     972.00     973.80     975.20     975.60     975.00     974.20
     973.20     972.00     970.70     970.00     970.50     972.00     973.50     974.30     974.40     974.20
     974.10     973.60     972.40
     975.30     975.40     975.40     975.20     974.90     974.70     974.60     974.50     974.20     973.70
     973.20     972.70     972.20     971.60     971.20     970.80     970.70     970.90     971.30     971.60
     971.50     971.30     971.00     970.80     970.40     970.00     969.90     970.20     970.60     970.80
     970.70     970.70     971.10     971.60     971.90     972.20     972.80     973.40     973.70     973.60
     973.30     973.00     972.80     972.60     972.60     972.80     973.10     973.30     973.50     973.60
     973.40     972.50     971.40     971.10     972.00     973.70     975.00     975.20     974.80     974.30
     974.00     973.60     973.30     973.20     973.60     974.40     974.80     974.80     974.50     974.30
     974.10     973.70     972.50
     975.00     975.20     975.20     974.90     974.40     974.00     973.90     974.00     973.90     973.50
     972.80     972.00     971.40     970.90     970.60     970.30     970.10     970.10     970.20     970.30
     970.10     970.10     970.10     970.00     969.60     969.00     968.80     969.30     969.80     969.80
     969.40     969.30     969.70     970.20     970.60     971.00     971.60     972.30     972.60     972.70
     972.60     972.50     972.20     971.90     971.80     972.10     972.60     973.20     973.70     973.90
     973.70     973.10     972.20     971.90     972.40     973.50     974.40     974.70     974.80     974.80
     975.00     975.00     975.00     975.20     975.40     975.50     975.30     974.80     974.30     974.10
     973.90     973.60     972.70
     974.50     974.80     974.90     974.60     973.90     973.40     973.10     973.10     973.00     972.60
     972.00     971.30     970.80     970.60     970.40     970.20     969.90     969.60     969.50     969.30
     969.10     968.90     969.00     968.90     968.50     968.00     968.00     968.60     969.20     969.20
     968.90     968.70     968.90     969.30     969.60     970.00     970.60     971.30     971.60     971.60
     971.40     971.40     971.30     971.20     971.20     971.60     972.30     972.90     973.30     973.50
     973.40     973.20     972.90     972.70     972.80     973.10     973.70     974.40     974.90     975.30
     975.30     975.20     975.20     975.30     975.50     975.40     975.00     974.60     974.20     973.90
     973.70     973.50     972.90
     973.70     974.00     974.10     973.70     973.00     972.40     972.00     971.70     971.50     971.20
     971.00     970.80     970.70     970.60     970.50     970.20     969.70     969.30     969.00     968.50
     967.90     967.50     967.30     967.30     967.10     966.90     967.00     967.40     967.80     967.90
     967.90     968.00     968.40     968.60     968.70     969.00     969.80     970.60     970.90     970.80
     970.70     970.60     970.70     970.80     971.00     971.50     972.00     972.40     972.60     972.60
     972.60     972.80     973.00     973.20     973.10     973.10     973.50     974.20     974.90     975.00
     974.70     974.30     974.40     974.70     975.00     975.00     974.80     974.50     974.20     974.00
     973.80     973.70     973.60
     973.20     973.30     973.10     972.60     972.10     971.60     971.20     970.80     970.50     970.50
     970.60     970.60     970.50     970.40     970.10     969.70     969.20     968.80     968.40     967.70
     966.80     966.10     965.80     965.90     966.10     966.10     966.10     966.20     966.10     966.10
     966.30     967.00     967.60     967.80     967.90     968.20     969.00     969.80     970.30     970.50
     970.50     970.40     970.40     970.60     970.90     971.40     971.90     972.20     972.20     972.10
     972.10     972.40     972.90     973.30     973.40     973.40     973.60     974.10     974.50     974.30
     973.70     973.50     973.80     974.50     974.90     974.90     974.70     974.40     974.10     973.80
     973.90     974.10     974.40
     973.00     973.00     972.60     972.20     971.90     971.80     971.40     970.90     970.60     970.60
     970.60     970.40     970.00     969.50     969.10     968.70     968.30     968.10     967.70     967.10
     966.20     965.40     965.20     965.40     965.80     966.00     966.00     965.80     965.30     965.10
     965.30     966.00     966.70     967.20     967.30     967.60     968.20     968.80     969.40     969.90
     970.20     970.20     970.00     970.10     970.60     971.20     971.70     972.00     972.20     972.30
     972.40     972.50     972.80     973.10     973.40     973.60     973.80     974.00     974.00     973.80
     973.40     973.30     973.80     974.40     974.70     974.70     974.40     974.00     973.60     973.40
     973.60     974.00     974.40
     973.10     973.10     972.80     972.40     972.30     972.20     971.80     971.30     970.90     970.70
     970.40     969.90     969.30     968.90     968.60     968.20     967.80     967.60     967.40     967.00
     966.30     965.60     965.50     965.60     965.90     966.20     966.40     966.30     966.00     965.60
     965.50     965.80     966.40     966.80     967.20     967.40     967.60     967.80     968.20     968.90
     969.50     969.70     969.60     969.70     970.20     970.90     971.50     971.90     972.20     972.60
     972.80     972.80     972.80     973.00     973.30     973.50     973.60     973.70     973.70     973.60
     973.40     973.30     973.50     973.90     974.10     974.10     973.90     973.60     973.30     973.10
     973.20     973.40     973.50
