diamond 4 20年06月24日8时300百帕高度场
20 06 24  8  300 
2.500 -2.500  .0  180.0   90.0  .0
73  37
     905.40     905.40     905.40     905.40     905.40     905.40     905.40     905.40     905.40     905.40
     905.40     905.40     905.40     905.40     905.40     905.40     905.40     905.40     905.40     905.40
     905.40     905.40     905.40     905.40     905.40     905.40     905.40     905.40     905.40     905.40
     905.40     905.40     905.40     905.40     905.40     905.40     905.40     905.40     905.40     905.40
     905.40     905.40     905.40     905.40     905.40     905.40     905.40     905.40     905.40     905.40
     905.40     905.40     905.40     905.40     905.40     905.40     905.40     905.40     905.40     905.40
     905.40     905.40     905.40     905.40     905.40     905.40     905.40     905.40     905.40     905.40
     905.40     905.40     905.40
     910.70     910.80     910.90     911.00     911.00     911.10     911.10     911.20     911.20     911.20
     911.30     911.30     911.30     911.30     911.30     911.30     911.20     911.20     911.20     911.10
     911.10     911.00     911.00     910.90     910.80     910.80     910.70     910.60     910.50     910.40
     910.30     910.10     910.00     909.80     909.70     909.50     909.30     909.10     908.90     908.70
     908.50     908.20     908.00     907.70     907.40     907.10     906.80     906.50     906.20     905.80
     905.40     905.10     904.70     904.30     903.90     903.50     903.10     902.70     902.30     901.90
     901.50     901.10     900.80     900.40     900.00     899.70     899.30     899.00     898.70     898.40
     898.10     897.90     897.70
     916.30     916.50     916.60     916.70     916.70     916.70     916.70     916.70     916.60     916.50
     916.40     916.20     916.10     915.90     915.70     915.50     915.30     915.10     914.90     914.70
     914.60     914.40     914.20     914.10     914.00     913.90     913.80     913.70     913.60     913.60
     913.50     913.50     913.50     913.40     913.40     913.40     913.30     913.20     913.10     913.00
     912.80     912.60     912.30     912.00     911.60     911.20     910.80     910.20     909.60     909.00
     908.30     907.50     906.70     905.90     905.00     904.10     903.10     902.10     901.10     900.10
     899.10     898.00     897.00     896.00     895.00     894.00     893.10     892.20     891.30     890.50
     889.80     889.10     888.40
     922.90     923.10     923.30     923.30     923.30     923.20     922.90     922.60     922.20     921.70
     921.10     920.50     919.80     919.10     918.30     917.50     916.80     916.00     915.30     914.60
     913.90     913.40     912.90     912.50     912.10     911.90     911.80     911.80     911.80     912.00
     912.30     912.60     913.00     913.50     914.00     914.60     915.10     915.70     916.20     916.70
     917.10     917.40     917.60     917.70     917.70     917.60     917.30     916.90     916.30     915.60
     914.70     913.70     912.60     911.30     910.00     908.50     907.00     905.30     903.60     901.90
     900.10     898.30     896.50     894.80     893.00     891.30     889.70     888.10     886.60     885.20
     883.90     882.70     881.60
     926.60     927.10     927.60     927.80     927.90     927.80     927.50     926.90     926.20     925.20
     924.10     922.80     921.40     919.80     918.30     916.70     915.10     913.50     912.00     910.60
     909.30     908.20     907.20     906.40     905.80     905.40     905.20     905.20     905.40     905.90
     906.60     907.50     908.60     909.90     911.30     912.80     914.40     916.10     917.70     919.30
     920.70     922.00     923.20     924.10     924.90     925.30     925.60     925.60     925.30     924.80
     924.00     923.10     921.80     920.40     918.80     917.00     914.90     912.70     910.40     908.00
     905.40     902.90     900.30     897.70     895.20     892.70     890.40     888.20     886.20     884.30
     882.60     881.00     879.60
     923.50     924.90     926.20     927.20     928.00     928.50     928.50     928.20     927.50     926.40
     924.90     923.10     921.10     918.90     916.50     914.10     911.80     909.60     907.50     905.50
     903.80     902.30     901.00     900.00     899.10     898.60     898.30     898.20     898.50     899.10
     900.00     901.30     903.00     905.00     907.20     909.80     912.40     915.20     918.00     920.70
     923.20     925.60     927.60     929.40     930.80     931.80     932.60     933.00     933.10     933.00
     932.60     931.90     931.00     929.80     928.30     926.60     924.50     922.20     919.60     916.70
     913.60     910.40     907.00     903.70     900.40     897.20     894.10     891.30     888.80     886.50
     884.40     882.70     881.10
     915.50     918.20     920.80     923.20     925.30     926.90     928.10     928.50     928.30     927.40
     925.90     923.80     921.20     918.30     915.20     912.20     909.30     906.60     904.20     902.10
     900.40     899.00     897.90     897.00     896.30     895.80     895.40     895.30     895.40     895.80
     896.60     897.90     899.60     901.80     904.50     907.60     911.00     914.50     918.10     921.60
     924.80     927.70     930.20     932.30     933.90     935.10     936.00     936.60     936.90     937.00
     936.90     936.70     936.30     935.70     934.90     933.80     932.40     930.50     928.20     925.50
     922.40     918.90     915.20     911.30     907.40     903.60     899.90     896.50     893.40     890.60
     888.10     885.90     883.90
     909.40     913.10     916.90     920.60     924.10     927.10     929.40     930.90     931.30     930.70
     929.10     926.60     923.40     919.70     915.80     911.90     908.30     905.20     902.50     900.50
     899.10     898.20     897.60     897.30     897.10     896.90     896.70     896.50     896.40     896.50
     896.90     897.90     899.50     901.70     904.60     908.00     911.70     915.70     919.60     923.30
     926.70     929.60     932.00     933.90     935.30     936.30     936.90     937.30     937.50     937.60
     937.80     937.90     938.00     938.10     938.10     937.80     937.20     936.20     934.60     932.50
     929.80     926.70     923.10     919.30     915.40     911.40     907.50     903.80     900.20     896.80
     893.60     890.60     887.80
     910.00     913.90     918.20     922.50     926.70     930.50     933.60     935.60     936.50     936.00
     934.20     931.30     927.50     923.00     918.20     913.40     908.90     904.90     901.70     899.30
     897.80     897.00     896.80     897.00     897.40     897.70     897.80     897.70     897.60     897.70
     898.10     899.10     900.80     903.40     906.70     910.60     914.90     919.10     923.10     926.70
     929.60     932.00     933.80     935.10     936.00     936.70     937.10     937.40     937.70     937.90
     938.20     938.50     938.90     939.20     939.60     939.80     939.80     939.40     938.50     937.00
     935.00     932.40     929.50     926.30     922.90     919.40     915.90     912.30     908.60     904.90
     901.00     897.10     893.20
     916.30     920.10     924.10     928.20     932.40     936.10     939.10     941.00     941.70     941.00
     939.00     936.00     932.00     927.30     922.20     916.80     911.60     906.60     902.20     898.70
     896.10     894.60     893.90     894.00     894.60     895.20     895.70     896.00     896.20     896.50
     897.30     899.00     901.60     905.20     909.60     914.50     919.40     924.00     927.70     930.60
     932.40     933.40     933.90     934.10     934.30     934.70     935.20     936.00     936.80     937.60
     938.30     938.90     939.40     939.80     940.20     940.60     940.80     940.70     940.20     939.20
     937.70     935.70     933.40     930.80     928.30     925.60     922.90     919.90     916.50     912.70
     908.40     904.00     899.50
     924.70     928.40     932.10     935.90     939.50     942.50     944.70     945.90     945.80     944.70
     942.50     939.60     936.10     932.10     927.60     922.60     917.10     911.40     905.70     900.40
     896.00     892.80     891.00     890.40     890.80     891.60     892.40     893.10     893.70     894.50
     896.00     898.40     902.10     906.90     912.60     918.50     924.10     928.60     931.70     933.20
     933.20     932.20     930.70     929.30     928.40     928.40     929.10     930.50     932.30     934.00
     935.40     936.40     937.20     937.70     938.20     938.80     939.40     939.80     939.90     939.60
     938.60     937.10     935.30     933.30     931.30     929.40     927.40     925.00     922.20     918.60
     914.40     909.90     905.50
     932.60     936.80     940.60     944.10     947.10     949.30     950.40     950.40     949.40     947.50
     945.10     942.50     939.70     936.80     933.40     929.40     924.40     918.60     912.10     905.50
     899.60     895.00     892.10     890.90     891.00     892.00     893.10     894.10     895.00     896.00
     897.70     900.50     904.70     910.10     916.20     922.40     927.90     931.90     934.10     934.20
     932.60     929.80     926.60     923.60     921.70     921.00     921.70     923.50     925.80     928.10
     929.90     931.10     931.80     932.20     932.70     933.60     934.80     936.30     937.50     938.30
     938.40     937.70     936.40     934.90     933.40     931.90     930.30     928.50     926.10     922.90
     919.10     914.90     910.90
     940.00     944.50     948.20     951.20     953.30     954.40     954.40     953.40     951.60     949.40
     947.00     944.70     942.50     940.30     937.80     934.70     930.80     925.70     919.90     913.60
     907.70     902.90     899.80     898.50     898.60     899.50     900.60     901.50     902.10     902.80
     904.30     906.90     910.80     915.70     921.20     926.50     930.90     934.00     935.30     934.90
     932.80     929.70     926.00     922.70     920.20     919.00     919.30     920.80     922.90     924.90
     926.30     926.90     926.80     926.60     926.60     927.30     928.90     931.10     933.40     935.40
     936.60     936.90     936.50     935.70     934.70     933.60     932.50     931.10     929.00     926.30
     922.90     919.20     915.70
     946.90     950.80     953.50     955.20     955.60     955.10     953.70     952.10     950.40     949.00
     947.70     946.30     944.60     942.60     940.30     937.70     934.80     931.40     927.50     923.30
     919.10     915.60     913.20     912.10     911.90     912.10     912.20     912.00     911.70     911.80
     912.80     915.10     918.50     922.60     926.80     930.50     933.30     935.10     936.00     935.80
     934.60     932.70     930.20     927.60     925.50     924.20     924.00     924.60     925.80     926.80
     927.30     927.10     926.20     925.20     924.40     924.30     925.30     927.00     929.20     931.20
     932.80     933.70     934.00     933.90     933.60     933.20     932.70     931.70     930.10     927.80
     925.00     921.90     919.00
     952.20     954.90     956.10     955.70     953.80     951.00     948.00     946.00     945.40     946.00
     947.00     947.50     946.80     944.90     942.30     939.80     937.70     936.00     934.60     933.10
     931.40     929.70     928.20     926.90     925.80     924.50     922.80     920.80     919.00     918.20
     918.90     921.20     924.60     928.30     931.50     933.80     935.10     935.80     936.20     936.30
     936.20     935.70     934.70     933.40     932.10     931.10     930.50     930.40     930.50     930.70
     930.60     930.20     929.40     928.40     927.50     926.90     926.70     927.00     927.50     928.10
     928.50     928.70     928.90     929.10     929.40     929.60     929.60     929.10     927.90     926.20
     924.00     921.70     919.40
     955.20     957.00     957.20     955.30     951.40     946.40     942.00     939.70     940.10     942.80
     946.20     948.60     949.10     947.50     944.80     942.20     940.60     940.20     940.50     941.00
     941.10     940.60     939.50     938.00     935.80     933.00     929.60     925.90     922.90     921.40
     921.90     924.40     928.00     931.70     934.50     936.10     936.60     936.40     936.00     935.70
     935.40     935.00     934.70     934.40     934.10     933.90     933.60     933.40     933.00     932.70
     932.60     932.70     933.00     933.40     933.60     933.40     932.80     931.80     930.40     928.80
     927.20     925.80     924.90     924.60     924.80     925.10     925.20     924.60     923.60     922.10
     920.60     919.00     917.40
     956.30     958.10     958.40     956.50     952.10     946.30     941.20     938.50     939.00     942.00
     945.80     948.60     949.40     948.40     946.30     944.40     943.50     943.70     944.60     945.70
     946.30     946.20     945.20     943.50     940.90     937.50     933.50     929.40     926.00     924.40
     924.80     927.20     930.70     934.30     937.00     938.30     938.40     937.50     936.00     934.20
     932.40     931.00     930.40     930.60     931.60     932.90     933.90     934.30     934.20     933.80
     933.90     934.70     936.30     938.20     939.90     940.80     940.60     939.30     937.10     934.30
     931.30     928.60     926.50     925.20     924.60     924.10     923.40     922.20     920.50     918.80
     917.40     916.10     914.60
     956.80     958.90     960.00     958.90     955.40     950.50     946.00     943.30     942.90     943.90
     945.30     946.20     946.20     945.70     945.30     945.40     945.90     946.80     947.80     948.70
     949.10     948.90     948.00     946.20     943.60     940.40     936.90     933.60     931.00     929.80
     930.30     932.30     935.20     938.20     940.40     941.50     941.30     939.90     937.30     933.90
     930.40     927.50     926.30     927.00     929.30     932.30     934.80     936.40     937.00     937.20
     937.70     939.10     941.20     943.80     946.10     947.70     948.00     947.10     945.20     942.60
     939.70     936.70     934.20     932.20     930.60     929.10     927.20     924.70     921.90     919.20
     917.00     915.00     912.60
     957.70     959.70     960.90     960.20     957.80     954.50     951.60     949.60     948.20     946.60
     944.40     942.10     940.90     941.50     943.70     946.60     949.30     951.30     952.50     953.20
     953.50     953.20     952.00     949.90     947.10     944.10     941.30     939.00     937.50     937.10
     937.90     939.50     941.70     943.80     945.50     946.30     945.80     944.00     940.80     936.40
     931.90     928.30     926.80     927.70     930.50     934.20     937.50     940.00     941.60     943.00
     944.60     946.70     949.10     951.50     953.50     954.70     955.00     954.30     952.90     951.10
     949.00     946.70     944.50     942.50     940.50     938.40     935.70     932.30     928.30     924.50
     920.90     917.50     913.50
     959.20     960.80     961.20     959.90     957.40     955.00     953.60     952.90     951.50     948.40
     943.90     939.80     938.40     940.50     945.40     950.90     955.40     958.10     959.60     960.50
     960.90     960.50     959.00     956.40     953.00     949.70     947.20     945.50     944.80     944.90
     945.60     947.00     948.70     950.40     951.60     952.10     951.40     949.50     946.20     941.90
     937.50     934.00     932.50     933.10     935.40     938.20     941.00     943.50     946.00     949.00
     952.20     955.50     958.40     960.60     962.00     962.60     962.40     961.40     960.00     958.50
     957.00     955.50     954.00     952.40     950.70     948.80     946.20     942.70     938.50     934.00
     929.60     925.00     919.90
     960.80     962.20     962.00     959.70     956.40     953.70     952.70     952.80     952.20     949.70
     945.70     942.50     942.40     946.20     952.50     958.90     963.60     966.30     967.70     968.60
     969.20     968.80     967.20     964.30     960.80     957.60     955.20     953.80     953.20     953.10
     953.40     954.30     955.60     957.00     958.00     958.10     957.30     955.30     952.40     948.80
     945.20     942.40     941.10     941.30     942.60     944.10     945.80     947.80     950.80     954.70
     959.20     963.20     966.10     968.10     969.20     969.60     969.30     968.20     966.70     965.10
     963.80     962.80     961.80     960.80     959.60     958.20     956.30     953.70     950.20     946.20
     942.00     937.50     932.60
     962.20     963.70     963.40     960.90     957.10     953.70     952.20     952.40     952.80     952.20
     950.70     950.00     951.90     956.60     962.70     968.00     971.50     973.30     974.30     975.10
     975.60     975.40     974.00     971.70     969.00     966.60     964.80     963.60     962.70     962.00
     961.70     961.90     962.60     963.50     964.10     963.90     962.80     961.00     958.60     955.80
     953.10     951.10     950.10     950.20     951.10     952.20     953.30     955.00     957.90     961.70
     965.70     969.00     971.10     972.20     972.90     973.40     973.60     973.10     972.10     970.90
     970.00     969.30     968.80     968.10     967.20     966.30     965.10     963.50     961.10     958.30
     955.30     951.90     948.30
     963.40     964.60     964.70     962.90     959.60     956.20     954.20     954.20     955.40     956.60
     957.70     959.50     962.70     967.30     971.80     975.10     976.90     977.80     978.40     979.10
     979.60     979.50     978.70     977.50     976.00     974.60     973.30     972.10     971.10     970.10
     969.30     968.90     969.00     969.40     969.60     969.10     968.00     966.50     964.60     962.60
     960.60     959.00     958.30     958.70     959.90     961.30     962.70     964.30     966.40     969.10
     971.70     973.30     973.60     973.40     973.30     973.70     974.50     975.10     975.20     975.00
     974.80     974.70     974.50     974.10     973.40     972.70     971.90     970.90     969.50     967.70
     965.80     963.80     961.50
     965.20     965.20     965.20     964.30     962.20     959.70     958.20     958.50     960.20     962.50
     964.90     967.70     971.10     974.50     977.30     978.90     979.60     980.10     980.70     981.30
     981.60     981.50     981.30     981.00     980.40     979.30     978.10     976.90     975.80     974.90
     974.10     973.70     973.60     973.80     973.90     973.50     972.70     971.70     970.50     969.10
     967.60     966.40     965.90     966.40     967.60     969.10     970.50     971.80     973.10     974.40
     975.50     975.70     974.90     973.60     972.80     972.90     974.00     975.30     976.40     977.10
     977.40     977.70     977.80     977.70     977.40     976.90     976.30     975.40     974.30     973.10
     972.00     970.80     969.50
     967.70     966.60     965.90     965.20     964.30     963.20     962.90     963.80     965.80     968.20
     970.60     973.10     975.60     977.90     979.40     980.20     980.70     981.20     981.60     981.80
     981.70     981.70     981.90     982.00     981.70     980.70     979.40     978.10     977.10     976.40
     975.90     975.70     975.80     976.20     976.50     976.40     976.20     975.70     975.10     974.40
     973.50     972.80     972.50     972.70     973.40     974.30     975.00     975.50     976.00     976.50
     976.80     976.50     975.60     974.20     973.10     973.10     974.00     975.60     977.00     977.80
     978.10     978.20     978.30     978.50     978.50     978.30     977.80     977.00     976.10     975.30
     974.60     973.90     973.10
     970.50     968.80     967.60     966.80     966.40     966.50     967.20     968.60     970.50     972.30
     973.90     975.50     977.10     978.60     979.50     980.20     980.80     981.30     981.40     981.00
     980.40     980.20     980.50     980.90     980.80     980.10     979.00     977.90     977.00     976.40
     976.00     976.10     976.50     977.10     977.50     977.60     977.60     977.60     977.40     977.10
     976.80     976.50     976.50     976.50     976.60     976.60     976.70     976.80     976.80     976.80
     976.70     976.40     975.80     974.80     974.00     974.00     974.90     976.30     977.50     977.90
     977.80     977.50     977.30     977.30     977.20     977.00     976.60     976.20     975.70     975.40
     975.20     975.20     974.80
     972.50     971.20     969.90     969.10     969.00     969.60     970.70     972.00     973.30     974.20
     975.00     976.00     977.00     978.00     978.70     979.30     980.00     980.40     980.10     979.30
     978.40     978.00     978.20     978.70     978.80     978.60     978.00     977.40     976.60     975.90
     975.60     975.90     976.70     977.40     977.50     977.40     977.30     977.40     977.50     977.40
     977.10     977.10     977.10     977.10     977.00     976.90     976.90     977.00     977.00     976.80
     976.40     975.90     975.20     974.40     974.00     974.20     975.10     976.30     977.20     977.30
     977.00     976.40     975.80     975.10     974.30     973.80     973.70     973.90     974.30     974.70
     975.00     975.40     975.40
     973.40     972.60     971.60     971.20     971.30     972.10     973.10     974.00     974.50     974.70
     975.00     975.60     976.20     976.60     976.90     977.40     978.00     978.40     978.10     977.30
     976.40     976.00     976.10     976.30     976.40     976.30     976.00     975.70     975.10     974.60
     974.50     975.20     976.20     976.80     976.70     976.20     976.10     976.50     976.80     976.60
     976.20     975.90     975.80     975.70     975.60     975.80     976.10     976.40     976.50     976.20
     975.70     975.00     974.10     973.20     972.80     973.10     974.10     975.20     975.80     975.90
     975.60     975.00     974.00     972.50     971.00     970.20     970.70     972.00     973.40     974.40
     974.80     975.00     974.90
     973.60     973.10     972.60     972.50     973.00     973.80     974.60     975.00     975.00     974.80
     974.80     974.90     974.90     974.70     974.50     974.60     975.00     975.40     975.30     974.90
     974.50     974.20     974.10     974.00     973.80     973.50     973.20     972.90     972.70     972.60
     972.90     973.60     974.50     975.00     974.80     974.60     974.80     975.50     976.10     976.10
     975.50     974.90     974.50     974.20     974.30     974.60     975.10     975.40     975.40     975.10
     974.80     974.30     973.50     972.40     971.80     972.00     972.90     973.80     974.30     974.30
     974.00     973.40     972.30     970.50     968.90     968.40     969.70     972.00     974.10     975.20
     975.30     975.00     974.40
     973.50     973.40     973.30     973.60     974.10     974.70     975.20     975.40     975.20     974.90
     974.50     974.10     973.40     972.60     972.10     971.90     972.00     972.20     972.30     972.30
     972.20     972.10     972.00     971.90     971.60     971.20     970.90     970.80     971.00     971.30
     971.50     971.70     972.10     972.50     972.70     972.90     973.50     974.30     975.10     975.20
     974.90     974.30     973.90     973.60     973.70     974.20     974.80     975.00     974.80     974.50
     974.60     974.60     973.80     972.60     971.70     971.80     972.60     973.40     973.70     973.60
     973.20     972.60     971.60     970.20     969.10     969.30     971.00     973.50     975.50     976.40
     976.30     975.80     974.90
     973.20     973.40     973.80     974.10     974.50     974.80     975.00     975.10     975.00     974.60
     973.90     972.90     971.90     971.10     970.60     970.30     970.10     970.00     970.10     970.20
     970.20     970.00     970.00     970.10     970.20     970.10     970.00     970.20     970.70     971.00
     970.80     970.30     970.20     970.60     971.30     971.80     972.30     972.90     973.30     973.60
     973.50     973.40     973.20     973.00     973.30     974.10     975.00     975.30     975.10     975.00
     975.30     975.40     974.60     973.30     972.20     972.10     972.80     973.50     973.90     973.90
     973.50     972.90     972.20     971.60     971.30     971.70     973.10     974.80     976.00     976.50
     976.40     976.30     975.80
     972.50     972.90     973.40     973.70     973.80     973.90     974.00     974.00     974.00     973.70
     972.90     971.90     971.00     970.40     970.20     969.90     969.50     969.10     969.00     969.00
     968.80     968.50     968.40     968.80     969.30     969.60     969.80     970.10     970.50     970.60
     970.00     969.20     969.10     969.80     970.70     971.30     971.60     971.70     971.90     972.00
     972.00     972.00     971.90     972.00     972.50     973.50     974.70     975.20     975.10     975.10
     975.40     975.50     974.70     973.40     972.50     972.30     972.80     973.30     973.80     974.10
     974.00     973.60     973.30     973.20     973.50     973.90     974.40     974.90     975.20     975.30
     975.40     975.70     975.80
     971.80     972.10     972.30     972.40     972.40     972.40     972.40     972.40     972.40     972.20
     971.70     971.00     970.30     970.00     969.90     969.70     969.20     968.70     968.40     968.10
     967.70     967.30     967.20     967.60     968.30     968.80     968.90     969.10     969.40     969.30
     968.80     968.20     968.40     969.30     970.40     970.90     971.10     971.20     971.40     971.30
     971.10     971.00     970.90     971.10     971.70     972.70     973.70     974.10     974.10     974.10
     974.40     974.50     974.00     973.30     972.70     972.60     972.60     972.60     973.10     973.70
     974.00     973.90     973.70     973.90     974.50     974.80     974.70     974.40     974.20     974.20
     974.30     974.70     974.90
     971.70     971.70     971.60     971.40     971.30     971.20     971.00     970.80     970.70     970.60
     970.50     970.20     969.70     969.30     969.10     969.00     968.70     968.30     967.90     967.30
     966.70     966.20     966.10     966.60     967.20     967.60     967.70     967.80     967.90     967.90
     967.70     967.50     967.80     968.70     969.50     970.00     970.40     970.90     971.30     971.20
     970.90     970.60     970.60     971.00     971.70     972.40     972.90     973.00     972.80     972.80
     973.20     973.50     973.40     973.20     973.20     973.10     972.70     972.30     972.60     973.30
     973.80     973.70     973.50     973.80     974.40     974.80     974.60     974.20     973.90     973.90
     974.00     974.10     974.10
     971.80     971.80     971.60     971.20     970.90     970.70     970.30     969.80     969.40     969.30
     969.40     969.30     969.00     968.60     968.40     968.30     968.30     968.10     967.70     967.00
     966.30     965.80     965.70     966.10     966.60     966.90     967.00     967.10     967.20     967.40
     967.40     967.30     967.40     967.80     968.40     969.00     969.60     970.20     970.60     970.60
     970.30     970.20     970.40     970.90     971.60     972.20     972.50     972.50     972.30     972.40
     972.90     973.20     973.30     973.40     973.60     973.60     973.30     972.80     972.90     973.50
     973.70     973.50     973.30     973.60     974.30     974.60     974.40     973.90     973.70     973.80
     973.90     973.90     973.80
     971.70     971.90     971.90     971.50     971.00     970.50     969.90     969.20     968.60     968.40
     968.50     968.80     968.80     968.70     968.40     968.30     968.30     968.20     968.00     967.50
     966.90     966.40     966.10     966.20     966.60     966.90     967.00     966.90     966.90     967.20
     967.30     967.20     967.10     967.20     967.80     968.40     968.90     969.20     969.40     969.50
     969.60     969.70     969.90     970.30     970.90     971.50     971.90     972.10     972.10     972.30
     972.80     973.10     973.10     973.10     973.30     973.60     973.60     973.50     973.60     973.90
     973.80     973.40     973.20     973.60     974.10     974.30     973.80     973.20     972.90     973.10
     973.40     973.60     973.60
     971.30     971.80     971.90     971.60     970.90     970.30     969.80     969.20     968.50     968.00
     968.00     968.40     968.90     969.30     969.10     968.70     968.40     968.30     968.30     968.10
     967.60     967.00     966.40     966.20     966.60     967.10     967.10     966.80     966.50     966.70
     967.00     967.10     967.00     967.20     967.80     968.30     968.60     968.70     968.80     969.20
     969.60     969.80     969.80     969.80     970.10     970.60     971.10     971.50     971.60     971.70
     972.00     972.30     972.40     972.40     972.60     973.00     973.30     973.60     973.70     973.80
     973.50     973.10     973.10     973.40     973.80     973.70     973.20     972.60     972.40     972.50
     972.90     973.20     973.40
