diamond 4 20年06月30日20时300百帕高度场
20 06 30  20  300 
2.500 -2.500  .0  180.0   90.0  .0
73  37
     913.20     913.20     913.20     913.20     913.20     913.20     913.20     913.20     913.20     913.20
     913.20     913.20     913.20     913.20     913.20     913.20     913.20     913.20     913.20     913.20
     913.20     913.20     913.20     913.20     913.20     913.20     913.20     913.20     913.20     913.20
     913.20     913.20     913.20     913.20     913.20     913.20     913.20     913.20     913.20     913.20
     913.20     913.20     913.20     913.20     913.20     913.20     913.20     913.20     913.20     913.20
     913.20     913.20     913.20     913.20     913.20     913.20     913.20     913.20     913.20     913.20
     913.20     913.20     913.20     913.20     913.20     913.20     913.20     913.20     913.20     913.20
     913.20     913.20     913.20
     913.30     913.10     912.90     912.70     912.50     912.30     912.20     912.00     911.90     911.80
     911.70     911.60     911.50     911.40     911.40     911.30     911.30     911.30     911.30     911.30
     911.30     911.30     911.30     911.30     911.40     911.40     911.40     911.50     911.50     911.60
     911.60     911.70     911.70     911.70     911.80     911.80     911.90     911.90     911.90     912.00
     912.00     912.00     912.00     912.10     912.10     912.10     912.10     912.10     912.10     912.10
     912.10     912.20     912.20     912.20     912.20     912.20     912.30     912.30     912.40     912.40
     912.50     912.60     912.70     912.80     912.90     913.00     913.10     913.30     913.40     913.60
     913.80     914.00     914.20
     913.00     912.60     912.30     912.00     911.70     911.40     911.20     911.10     911.00     910.90
     910.80     910.80     910.90     910.90     911.10     911.20     911.40     911.50     911.80     912.00
     912.30     912.60     912.90     913.20     913.50     913.90     914.20     914.60     914.90     915.30
     915.60     916.00     916.30     916.70     917.00     917.20     917.50     917.70     917.90     918.10
     918.20     918.30     918.40     918.40     918.30     918.30     918.20     918.00     917.90     917.70
     917.40     917.20     916.90     916.60     916.30     916.10     915.80     915.50     915.20     915.00
     914.80     914.60     914.50     914.40     914.30     914.30     914.30     914.40     914.50     914.70
     914.90     915.10     915.40
     911.30     910.70     910.20     909.80     909.50     909.20     909.10     908.90     908.90     908.90
     909.00     909.10     909.30     909.50     909.80     910.10     910.40     910.80     911.20     911.60
     912.10     912.70     913.30     913.90     914.60     915.30     916.10     916.90     917.70     918.60
     919.50     920.40     921.40     922.30     923.20     924.00     924.80     925.60     926.30     926.90
     927.50     927.90     928.30     928.50     928.60     928.60     928.50     928.30     927.90     927.50
     926.90     926.20     925.50     924.70     923.90     923.00     922.10     921.20     920.40     919.50
     918.80     918.00     917.40     916.80     916.30     915.90     915.60     915.30     915.20     915.20
     915.20     915.30     915.50
     907.80     907.00     906.40     905.80     905.40     905.20     905.00     905.00     905.10     905.20
     905.40     905.60     905.90     906.10     906.40     906.60     906.80     907.10     907.40     907.70
     908.10     908.50     909.10     909.70     910.50     911.50     912.50     913.70     915.10     916.50
     918.10     919.70     921.30     923.10     924.80     926.50     928.20     929.80     931.30     932.70
     934.00     935.20     936.10     936.90     937.50     937.80     937.90     937.70     937.30     936.70
     935.90     934.90     933.70     932.30     930.90     929.40     927.80     926.30     924.80     923.40
     922.00     920.70     919.60     918.60     917.80     917.00     916.40     915.90     915.50     915.30
     915.10     915.00     914.90
     902.60     901.30     900.20     899.50     898.90     898.70     898.70     898.90     899.30     899.80
     900.30     900.90     901.40     901.90     902.20     902.30     902.40     902.30     902.20     902.10
     902.00     902.00     902.30     902.70     903.30     904.20     905.40     906.80     908.50     910.40
     912.40     914.70     917.00     919.50     922.00     924.50     927.00     929.50     931.90     934.10
     936.20     938.10     939.70     941.10     942.20     943.00     943.40     943.40     943.10     942.30
     941.30     939.90     938.30     936.50     934.50     932.50     930.40     928.40     926.50     924.80
     923.20     921.80     920.50     919.50     918.60     917.90     917.30     916.80     916.40     916.10
     915.90     915.60     915.40
     895.80     893.90     892.30     891.20     890.50     890.40     890.80     891.60     892.80     894.20
     895.70     897.10     898.40     899.50     900.20     900.60     900.60     900.30     899.80     899.20
     898.60     898.10     897.90     897.90     898.30     899.00     900.10     901.60     903.40     905.40
     907.70     910.20     912.90     915.80     918.70     921.80     924.80     927.80     930.80     933.60
     936.20     938.60     940.70     942.50     943.90     944.90     945.60     945.70     945.40     944.60
     943.30     941.60     939.60     937.40     934.90     932.50     930.10     927.90     925.90     924.10
     922.60     921.30     920.20     919.30     918.60     917.90     917.40     917.00     916.60     916.40
     916.10     915.90     915.60
     890.20     887.80     886.00     884.90     884.50     884.80     885.90     887.60     889.80     892.30
     895.00     897.60     899.90     901.70     903.00     903.60     903.60     903.10     902.30     901.20
     900.10     899.10     898.40     898.20     898.30     898.80     899.70     900.90     902.40     904.10
     906.00     908.20     910.70     913.50     916.50     919.80     923.30     926.70     930.20     933.40
     936.40     939.00     941.30     943.10     944.60     945.80     946.50     946.70     946.50     945.70
     944.30     942.40     940.00     937.30     934.40     931.50     928.80     926.40     924.40     922.60
     921.20     919.90     918.80     917.60     916.50     915.40     914.40     913.50     912.70     912.10
     911.70     911.40     911.30
     889.90     887.90     886.50     885.90     886.10     887.10     888.80     891.20     894.10     897.30
     900.60     903.80     906.50     908.70     910.00     910.50     910.20     909.20     907.70     906.00
     904.40     903.00     902.00     901.50     901.40     901.70     902.10     902.70     903.30     904.00
     904.90     906.10     907.80     910.20     913.30     917.00     921.20     925.70     930.00     934.00
     937.50     940.30     942.50     944.20     945.50     946.40     947.20     947.60     947.60     947.10
     945.80     943.80     941.10     937.80     934.20     930.70     927.40     924.60     922.30     920.50
     918.90     917.40     915.80     914.00     912.00     909.80     907.60     905.60     903.90     902.70
     902.00     901.80     901.90
     895.80     894.50     893.90     893.90     894.70     896.00     898.00     900.50     903.50     906.60
     909.80     912.80     915.40     917.30     918.30     918.30     917.40     915.80     913.50     911.10
     908.80     906.90     905.50     904.80     904.40     904.40     904.30     904.10     903.60     903.00
     902.50     902.40     903.20     905.10     908.40     912.90     918.40     924.40     930.30     935.50
     939.70     942.70     944.50     945.60     946.20     946.60     947.20     947.80     948.30     948.40
     947.50     945.60     942.60     938.60     934.10     929.50     925.20     921.70     919.00     917.00
     915.40     913.80     912.00     909.70     907.00     904.00     900.90     898.20     896.10     894.70
     894.00     894.10     894.60
     903.00     901.80     901.20     901.30     902.10     903.40     905.20     907.40     910.10     912.90
     916.00     919.00     921.70     923.70     924.90     925.00     923.90     921.80     918.90     915.60
     912.40     909.70     907.70     906.50     905.90     905.60     905.40     904.90     904.00     902.70
     901.40     900.40     900.60     902.20     905.80     911.10     917.80     925.30     932.60     938.80
     943.40     946.20     947.30     947.10     946.50     945.90     945.90     946.60     947.50     948.20
     948.10     946.50     943.40     938.90     933.40     927.70     922.50     918.30     915.20     913.20
     911.80     910.70     909.30     907.40     905.10     902.60     900.10     898.00     896.60     896.00
     896.00     896.60     897.50
     906.00     903.90     902.50     901.80     902.00     902.90     904.40     906.60     909.30     912.50
     916.10     920.00     923.90     927.20     929.50     930.40     929.70     927.40     923.90     919.60
     915.20     911.20     908.10     906.20     905.40     905.40     905.80     906.30     906.40     906.10
     905.50     905.10     905.40     907.20     910.70     916.10     923.00     930.70     938.10     944.30
     948.50     950.40     950.30     948.80     946.70     945.00     944.20     944.40     945.50     946.80
     947.30     946.40     943.70     939.20     933.50     927.30     921.60     917.00     913.80     912.00
     911.10     910.70     910.20     909.40     908.30     907.20     906.40     906.10     906.30     907.10
     908.10     909.30     910.40
     905.30     902.30     900.00     898.70     898.40     899.10     900.60     902.90     906.00     909.80
     914.40     919.60     924.90     929.70     933.30     935.10     934.70     932.20     927.70     922.00
     915.90     910.40     906.10     903.50     902.80     903.70     905.80     908.40     911.10     913.30
     915.10     916.50     918.10     920.30     923.70     928.30     933.90     940.10     945.90     950.60
     953.40     954.10     953.00     950.50     947.60     945.10     943.70     943.50     944.30     945.60
     946.50     946.20     944.30     940.50     935.30     929.40     923.90     919.40     916.50     915.10
     914.70     914.90     915.10     915.00     914.80     914.80     915.10     916.10     917.70     919.60
     921.50     923.20     924.50
     907.00     904.40     902.40     901.20     901.10     901.90     903.60     905.90     908.90     912.70
     917.30     922.70     928.30     933.40     937.30     939.10     938.40     935.00     929.30     922.10
     914.50     907.70     902.60     900.00     900.00     902.40     906.50     911.60     917.00     921.90
     926.20     929.70     932.70     935.50     938.50     942.00     945.90     949.80     953.30     955.70
     956.70     956.10     954.30     951.70     948.90     946.60     945.20     944.70     945.00     945.80
     946.40     946.30     944.80     941.70     937.20     931.90     926.90     922.90     920.50     919.80
     920.20     921.10     921.60     921.50     921.00     920.40     920.30     921.10     922.70     925.10
     927.70     930.30     932.40
     915.50     914.50     913.70     913.40     913.90     914.90     916.30     918.00     920.10     922.70
     926.10     930.10     934.50     938.50     941.30     942.30     940.80     936.70     930.30     922.40
     914.20     907.10     902.20     900.30     901.50     905.20     910.80     917.20     923.60     929.50
     934.70     938.90     942.30     945.20     947.80     950.40     953.10     955.50     957.40     958.20
     957.80     956.20     953.80     951.30     949.20     947.60     946.60     946.10     946.00     946.00
     945.80     945.20     943.50     940.50     936.30     931.30     926.60     923.10     921.60     922.00
     923.60     925.30     926.20     925.90     924.30     922.30     920.50     919.90     920.80     923.30
     926.90     931.10     935.10
     928.90     929.20     929.40     929.90     930.70     931.60     932.40     933.20     933.90     935.00
     936.60     938.80     941.30     943.60     945.10     945.20     943.50     939.50     933.60     926.30
     918.80     912.60     908.80     908.00     910.10     914.40     919.80     925.50     930.70     935.40
     939.30     942.40     944.80     946.70     948.50     950.40     952.60     954.90     956.70     957.50
     956.80     954.80     952.00     949.20     947.20     946.10     945.70     945.60     945.30     944.70
     943.70     942.20     939.90     936.70     932.50     927.80     923.50     920.60     920.00     921.40
     924.10     926.70     928.00     927.40     925.10     922.00     919.20     917.70     918.30     921.10
     926.00     932.00     938.10
     941.20     941.90     942.50     943.20     944.00     944.50     944.80     944.80     944.70     944.70
     945.10     945.90     946.80     947.60     948.10     947.70     946.30     943.40     939.00     933.60
     928.00     923.50     921.00     921.00     923.10     926.40     930.10     933.50     936.40     938.90
     940.90     942.60     943.50     943.90     944.10     944.80     946.50     949.20     952.10     954.30
     954.70     953.10     950.10     946.80     944.30     943.30     943.30     943.80     943.80     943.10
     941.60     939.60     937.00     933.80     930.10     926.20     922.90     921.10     921.20     923.00
     925.70     928.00     928.90     928.10     925.80     923.10     920.80     920.00     921.30     924.80
     930.40     937.30     944.30
     949.10     950.00     950.90     951.80     952.50     952.90     952.90     952.60     952.10     951.70
     951.30     951.00     950.60     950.00     949.30     948.50     947.40     945.70     943.20     940.00
     936.70     934.00     932.70     932.80     934.00     935.40     936.70     937.70     938.60     939.90
     941.50     942.80     943.20     942.40     940.90     939.90     940.40     942.90     946.90     950.80
     953.00     952.70     950.10     946.60     943.80     942.60     942.90     943.90     944.40     943.90
     942.30     940.10     937.70     935.20     932.80     930.60     929.00     928.40     929.10     930.60
     932.20     933.00     932.60     931.10     929.30     927.90     927.50     928.50     930.90     934.80
     940.00     946.10     951.90
     953.90     955.30     956.70     957.90     958.80     959.30     959.40     959.10     958.40     957.50
     956.20     954.50     952.50     950.30     948.30     946.90     946.00     945.30     944.50     943.30
     941.80     940.60     939.80     939.60     939.50     939.10     938.50     938.20     938.70     940.40
     942.90     945.20     946.10     945.20     942.80     940.40     939.60     941.30     945.30     950.00
     953.60     954.60     953.10     950.00     947.20     945.80     945.90     946.80     947.30     946.70
     945.20     943.20     941.40     940.10     939.30     939.10     939.30     940.10     941.20     942.30
     942.70     942.10     940.50     938.60     937.30     937.30     938.60     940.90     943.80     947.20
     951.00     955.20     958.90
     958.00     959.70     961.20     962.30     963.30     964.10     964.60     964.60     963.90     962.30
     959.90     956.70     953.00     949.40     946.60     945.00     944.70     945.20     945.70     945.90
     945.60     945.10     944.40     943.60     942.50     941.20     940.00     939.70     940.80     943.40
     946.80     949.80     951.40     951.00     949.10     946.80     945.70     946.70     949.70     953.90
     957.40     959.00     958.20     955.70     953.00     951.10     950.20     949.80     949.10     947.70
     946.00     944.60     944.10     944.50     945.60     947.00     948.70     950.40     952.00     953.10
     953.50     952.90     951.50     950.00     949.20     949.70     951.40     953.60     956.00     958.20
     960.60     963.00     964.80
     962.10     963.10     963.60     964.00     964.70     966.00     967.20     967.90     967.40     965.60
     962.40     958.40     953.90     949.90     947.30     946.50     947.30     949.10     950.80     951.80
     952.00     951.50     950.60     949.30     947.70     946.20     945.50     945.90     947.60     950.30
     953.30     955.70     957.10     957.20     956.50     955.70     955.50     956.40     958.50     961.20
     963.50     964.60     963.80     961.60     958.80     956.10     953.50     950.70     947.70     944.90
     943.00     942.90     944.50     947.30     950.40     953.20     955.70     957.70     959.50     961.00
     962.10     962.60     962.40     961.90     961.60     961.90     962.90     964.20     965.30     966.40
     967.60     968.80     969.30
     965.40     964.90     964.00     963.70     964.40     966.20     968.20     969.50     969.40     967.90
     965.10     961.40     957.50     954.30     952.50     952.80     954.70     957.20     959.40     960.60
     960.70     960.10     959.00     957.60     956.00     954.80     954.60     955.40     957.10     959.00
     960.80     961.90     962.50     962.80     963.20     963.80     964.80     966.00     967.30     968.60
     969.60     969.70     968.80     966.80     964.10     960.80     956.70     951.90     946.70     942.60
     940.80     942.10     946.00     951.10     956.00     959.90     962.60     964.40     965.90     967.20
     968.60     969.70     970.50     970.80     970.80     970.90     971.20     971.60     971.80     971.90
     972.20     972.40     971.70
     967.10     965.70     964.60     964.40     965.60     967.80     970.10     971.40     971.50     970.50
     968.70     966.40     964.00     962.10     961.30     962.00     963.90     966.20     967.80     968.60
     968.50     967.90     967.10     965.90     964.70     963.80     963.70     964.40     965.50     966.60
     967.40     967.90     968.20     968.50     969.00     970.00     971.20     972.30     973.20     973.80
     974.00     973.70     972.90     971.40     969.30     966.50     962.50     957.20     951.40     946.80
     945.30     947.40     952.30     958.30     963.70     967.60     970.00     971.20     971.80     972.40
     973.30     974.20     975.00     975.50     975.70     975.90     976.10     976.20     976.00     975.50
     974.90     973.80     971.70
     967.80     967.00     966.80     967.70     969.50     971.70     973.50     974.20     974.00     973.30
     972.60     971.90     971.10     970.50     970.30     970.80     971.90     973.00     973.60     973.60
     973.20     972.80     972.30     971.70     971.00     970.50     970.40     970.70     971.10     971.60
     972.20     972.90     973.60     974.00     974.20     974.40     974.90     975.50     976.10     976.40
     976.50     976.30     975.80     975.00     974.00     972.40     969.90     966.00     961.50     957.90
     956.70     958.60     962.50     967.20     971.10     973.70     974.90     975.20     975.20     975.40
     975.90     976.60     977.10     977.50     977.80     978.20     978.60     978.80     978.40     977.50
     976.10     974.10     970.90
     968.70     969.00     970.10     971.70     973.60     975.30     976.40     976.60     976.30     975.90
     975.80     976.00     976.40     976.60     976.80     977.00     977.30     977.40     977.10     976.50
     975.90     975.40     975.10     974.70     974.40     974.30     974.40     974.60     974.60     974.70
     975.10     976.00     977.00     977.50     977.20     976.80     976.60     976.80     977.20     977.40
     977.50     977.50     977.30     977.00     976.60     976.20     975.30     973.60     971.30     969.50
     968.80     969.70     971.60     973.70     975.20     975.70     975.40     974.80     974.70     975.30
     976.50     977.60     978.30     978.70     979.00     979.30     979.60     979.40     978.80     977.70
     976.20     974.10     970.80
     970.50     971.50     972.90     974.30     975.70     976.80     977.60     978.00     978.00     978.00
     978.20     978.60     979.10     979.70     980.00     980.00     979.80     979.50     979.10     978.50
     977.80     977.10     976.50     976.10     975.80     975.80     976.20     976.60     976.60     976.20
     976.10     976.60     977.30     977.70     977.40     977.00     976.80     977.00     977.30     977.40
     977.40     977.40     977.40     977.30     977.00     976.90     976.70     976.50     976.10     975.70
     975.60     975.70     976.00     976.10     975.80     974.90     973.60     972.50     972.40     973.80
     976.00     977.90     978.90     979.20     979.30     979.30     979.00     978.30     977.30     976.30
     975.40     973.90     971.40
     972.80     973.80     974.80     975.60     976.30     977.00     977.80     978.60     979.20     979.60
     979.70     979.80     980.00     980.40     980.50     980.30     979.90     979.60     979.40     979.20
     978.70     978.00     977.20     976.50     976.10     975.90     976.20     976.70     976.80     976.50
     975.90     975.80     976.00     976.20     976.10     976.00     976.10     976.30     976.40     976.30
     976.20     976.30     976.60     976.60     976.40     976.20     976.00     976.10     976.30     976.60
     976.80     976.70     976.30     975.80     975.20     974.30     972.70     971.30     971.20     972.90
     975.40     977.40     978.20     978.20     977.90     977.70     977.00     976.00     974.90     974.40
     974.10     973.40     971.80
     974.70     975.50     976.10     976.40     976.70     977.00     977.60     978.40     979.10     979.60
     979.70     979.60     979.50     979.60     979.60     979.30     978.80     978.50     978.40     978.50
     978.20     977.60     977.00     976.30     975.70     975.20     975.00     975.30     975.60     975.50
     975.10     974.90     975.00     975.10     975.10     975.00     975.00     975.00     974.90     974.60
     974.50     974.80     975.30     975.60     975.70     975.60     975.40     975.30     975.40     975.60
     975.70     975.60     975.20     975.00     974.80     974.30     973.00     971.70     971.40     972.80
     974.80     976.20     976.30     975.80     975.20     974.70     973.90     973.00     972.50     972.50
     972.70     972.50     971.60
     975.70     976.20     976.60     976.60     976.50     976.50     976.60     976.90     977.30     977.80
     978.00     978.00     978.00     978.10     978.20     978.10     977.70     977.50     977.40     977.40
     977.00     976.40     975.90     975.40     974.80     974.00     973.50     973.50     973.80     974.00
     974.00     974.00     974.20     974.40     974.40     974.10     973.90     973.60     973.20     973.00
     973.00     973.30     973.70     974.00     974.40     974.90     975.20     975.00     974.80     974.60
     974.70     974.60     974.40     974.20     974.20     973.80     972.80     971.60     971.50     972.50
     974.00     974.80     974.40     973.30     972.20     971.20     970.30     969.90     970.20     971.00
     971.70     971.80     971.50
     975.80     976.00     976.00     975.70     975.30     975.00     974.80     974.80     975.00     975.50
     975.90     976.10     976.10     976.30     976.70     977.00     977.10     977.10     977.00     976.80
     976.20     975.30     974.60     974.00     973.40     972.70     972.10     971.90     972.10     972.20
     972.30     972.40     972.60     972.80     972.90     972.70     972.60     972.30     972.00     971.90
     971.90     972.10     972.10     972.20     972.70     973.60     974.30     974.40     974.00     973.80
     973.90     973.90     973.80     973.40     973.00     972.40     971.50     970.80     971.00     972.10
     973.40     973.90     973.20     971.70     970.00     968.20     967.00     967.00     968.10     969.80
     971.00     971.50     971.60
     975.40     975.30     974.80     974.20     973.70     973.60     973.60     973.60     973.90     974.40
     974.90     975.00     974.90     974.90     975.30     975.90     976.30     976.40     976.40     976.10
     975.50     974.60     973.60     972.70     971.90     971.30     971.00     970.80     970.70     970.50
     970.30     970.30     970.40     970.50     970.80     971.10     971.50     971.50     971.30     971.10
     971.10     971.30     971.20     971.20     971.60     972.40     973.10     973.30     973.00     972.90
     973.20     973.40     973.20     972.60     971.90     971.30     970.70     970.40     970.80     971.90
     972.90     973.20     972.50     970.80     968.60     966.50     965.30     965.50     967.20     969.30
     970.80     971.50     971.70
     974.70     974.30     973.70     973.20     972.90     973.10     973.40     973.50     973.70     974.20
     974.60     974.70     974.30     974.10     974.30     974.70     974.90     974.90     974.80     974.70
     974.40     973.80     972.90     971.90     971.00     970.40     970.10     969.90     969.70     969.40
     969.20     969.10     969.10     969.20     969.60     970.30     971.00     971.10     970.70     970.30
     970.40     970.90     971.30     971.50     971.70     972.10     972.50     972.60     972.50     972.60
     972.90     973.00     972.70     972.20     971.70     971.30     971.10     971.00     971.30     971.90
     972.50     972.50     971.60     970.00     968.10     966.50     965.70     966.30     967.80     969.50
     970.70     971.20     971.40
     973.60     973.20     972.80     972.50     972.60     973.00     973.20     973.20     973.20     973.40
     973.80     973.90     973.70     973.50     973.50     973.60     973.60     973.20     972.90     972.80
     972.70     972.50     972.10     971.50     970.70     970.10     969.60     969.40     969.20     969.20
     969.30     969.30     969.30     969.40     969.70     970.30     970.90     970.80     970.20     969.70
     969.90     970.70     971.70     972.20     972.30     972.30     972.30     972.30     972.50     972.70
     972.90     972.80     972.40     972.00     971.80     971.90     971.90     971.80     971.70     971.80
     971.90     971.70     970.90     969.90     968.80     968.10     968.00     968.40     969.10     969.70
     970.20     970.70     971.00
     972.30     971.90     971.70     971.60     971.90     972.30     972.50     972.30     972.00     972.10
     972.40     972.60     972.60     972.70     972.80     972.90     972.70     972.20     971.70     971.40
     971.00     970.90     970.80     970.70     970.30     969.60     969.10     968.80     968.90     969.10
     969.40     969.60     969.70     969.70     969.90     970.20     970.40     970.20     969.80     969.50
     969.80     970.70     971.60     972.20     972.20     972.00     971.80     971.90     972.20     972.60
     972.70     972.60     972.30     972.10     972.10     972.30     972.40     972.20     971.90     971.60
     971.40     971.20     970.80     970.40     970.20     970.20     970.20     970.20     970.00     969.70
     969.70     970.10     970.60
     971.10     970.80     970.60     970.50     970.80     971.20     971.50     971.60     971.40     971.50
     971.60     971.70     971.70     971.80     972.00     972.00     971.70     971.40     971.00     970.50
     969.90     969.50     969.50     969.60     969.40     968.80     968.30     968.10     968.30     968.50
     968.70     968.80     969.00     969.30     969.60     969.80     969.90     969.80     969.80     969.90
     970.20     970.60     971.10     971.50     971.50     971.40     971.30     971.40     971.70     972.10
     972.50     972.60     972.50     972.40     972.40     972.50     972.40     972.20     971.90     971.70
     971.40     971.10     971.00     971.10     971.40     971.50     971.30     970.90     970.40     970.00
     969.80     970.00     970.40
     970.40     970.20     970.00     969.90     970.10     970.60     971.20     971.60     971.70     971.70
     971.70     971.50     971.30     971.30     971.20     971.00     970.60     970.30     970.10     969.80
     969.30     968.90     968.80     968.80     968.60     968.10     967.60     967.50     967.70     967.80
     967.80     967.80     968.20     969.00     969.60     969.90     969.90     970.00     970.30     970.50
     970.50     970.40     970.60     970.90     971.10     971.10     971.00     971.00     971.30     971.70
     972.20     972.60     972.70     972.60     972.60     972.50     972.40     972.30     972.20     972.00
     971.60     971.10     970.90     971.20     971.60     971.60     971.30     971.00     970.90     970.80
     970.50     970.20     970.00
     970.20     970.00     970.10     970.10     970.20     970.70     971.30     971.70     971.70     971.70
     971.60     971.40     971.30     971.20     971.00     970.60     970.00     969.60     969.50     969.40
     969.20     969.00     968.90     968.80     968.50     967.90     967.50     967.50     967.80     967.90
     967.80     967.90     968.60     969.70     970.50     970.80     970.70     970.60     970.70     970.70
     970.40     970.20     970.40     970.80     971.20     971.20     971.00     970.80     971.00     971.50
     972.00     972.40     972.50     972.40     972.40     972.40     972.30     972.20     972.20     972.10
     971.60     971.00     970.70     970.90     971.20     971.20     971.00     971.00     971.30     971.50
     971.10     970.30     969.50
