diamond 4 20年06月27日8时300百帕高度场
20 06 27  8  300 
2.500 -2.500  .0  180.0   90.0  .0
73  37
     897.50     897.50     897.50     897.50     897.50     897.50     897.50     897.50     897.50     897.50
     897.50     897.50     897.50     897.50     897.50     897.50     897.50     897.50     897.50     897.50
     897.50     897.50     897.50     897.50     897.50     897.50     897.50     897.50     897.50     897.50
     897.50     897.50     897.50     897.50     897.50     897.50     897.50     897.50     897.50     897.50
     897.50     897.50     897.50     897.50     897.50     897.50     897.50     897.50     897.50     897.50
     897.50     897.50     897.50     897.50     897.50     897.50     897.50     897.50     897.50     897.50
     897.50     897.50     897.50     897.50     897.50     897.50     897.50     897.50     897.50     897.50
     897.50     897.50     897.50
     899.10     898.80     898.50     898.10     897.80     897.50     897.20     896.80     896.50     896.20
     895.90     895.60     895.30     895.00     894.70     894.50     894.20     893.90     893.70     893.40
     893.20     893.00     892.80     892.50     892.40     892.20     892.00     891.80     891.70     891.60
     891.40     891.30     891.30     891.20     891.10     891.10     891.00     891.00     891.00     891.00
     891.10     891.10     891.20     891.20     891.30     891.40     891.60     891.70     891.90     892.00
     892.20     892.40     892.70     892.90     893.20     893.40     893.70     894.00     894.40     894.70
     895.00     895.40     895.80     896.20     896.60     897.00     897.40     897.80     898.30     898.70
     899.20     899.60     900.10
     904.80     904.40     903.90     903.40     902.90     902.40     901.90     901.40     900.90     900.40
     899.90     899.30     898.80     898.30     897.80     897.30     896.70     896.20     895.70     895.30
     894.80     894.40     894.00     893.60     893.20     892.80     892.50     892.20     891.90     891.60
     891.40     891.20     891.00     890.80     890.70     890.60     890.50     890.40     890.30     890.30
     890.30     890.40     890.40     890.50     890.60     890.70     890.80     891.00     891.20     891.40
     891.60     891.90     892.20     892.40     892.80     893.10     893.40     893.80     894.20     894.70
     895.10     895.60     896.10     896.70     897.30     897.90     898.50     899.20     900.00     900.70
     901.50     902.40     903.20
     910.40     910.00     909.60     909.20     908.80     908.30     907.80     907.30     906.70     906.00
     905.30     904.60     903.80     903.00     902.20     901.30     900.50     899.70     899.00     898.20
     897.50     896.90     896.30     895.80     895.30     894.90     894.60     894.30     894.00     893.80
     893.60     893.50     893.40     893.30     893.30     893.30     893.30     893.40     893.40     893.60
     893.70     893.90     894.10     894.30     894.60     894.90     895.10     895.40     895.70     896.00
     896.30     896.50     896.70     896.90     897.00     897.20     897.30     897.40     897.40     897.50
     897.60     897.70     897.90     898.10     898.40     898.70     899.20     899.70     900.30     901.00
     901.80     902.70     903.60
     912.40     912.40     912.40     912.30     912.10     911.90     911.50     911.10     910.50     909.80
     908.90     907.90     906.90     905.70     904.50     903.20     902.00     900.80     899.70     898.70
     897.80     897.00     896.40     895.90     895.60     895.40     895.30     895.30     895.40     895.50
     895.70     896.00     896.20     896.50     896.80     897.20     897.60     898.00     898.40     898.90
     899.50     900.10     900.80     901.50     902.20     902.90     903.70     904.40     905.00     905.60
     906.00     906.30     906.50     906.50     906.40     906.10     905.70     905.10     904.50     903.70
     902.90     902.20     901.40     900.70     900.10     899.70     899.40     899.20     899.30     899.60
     900.00     900.70     901.50
     912.30     912.60     912.80     913.00     913.10     913.10     912.90     912.60     912.00     911.30
     910.20     909.00     907.50     905.90     904.20     902.50     900.80     899.30     897.90     896.70
     895.80     895.20     894.80     894.70     894.80     895.00     895.50     896.00     896.60     897.30
     898.00     898.70     899.40     900.20     900.90     901.70     902.50     903.40     904.30     905.20
     906.30     907.40     908.70     910.00     911.30     912.60     913.90     915.20     916.30     917.30
     918.00     918.40     918.60     918.40     917.90     917.10     916.00     914.60     913.00     911.20
     909.30     907.30     905.40     903.60     901.90     900.40     899.20     898.30     897.70     897.40
     897.50     897.80     898.50
     914.20     914.40     914.50     914.60     914.70     914.60     914.30     913.70     912.90     911.80
     910.30     908.60     906.60     904.40     902.20     900.00     898.00     896.20     894.80     893.90
     893.30     893.10     893.30     893.80     894.50     895.40     896.40     897.40     898.50     899.50
     900.60     901.70     902.80     904.00     905.20     906.40     907.70     909.00     910.30     911.60
     913.00     914.50     916.00     917.60     919.20     920.90     922.50     924.10     925.40     926.60
     927.40     927.90     928.00     927.70     926.90     925.70     924.10     922.10     919.70     917.10
     914.20     911.30     908.30     905.30     902.50     900.00     897.90     896.10     894.90     894.20
     893.90     894.10     894.80
     919.90     920.00     920.00     919.80     919.40     918.70     917.80     916.60     914.90     913.00
     910.60     908.00     905.20     902.20     899.30     896.60     894.40     892.60     891.40     890.80
     890.80     891.30     892.20     893.30     894.60     895.80     897.00     898.20     899.30     900.50
     901.80     903.20     904.90     906.70     908.60     910.50     912.50     914.30     916.00     917.50
     918.90     920.30     921.60     922.90     924.40     925.80     927.30     928.70     930.00     931.00
     931.80     932.30     932.30     932.00     931.20     930.10     928.50     926.50     924.10     921.30
     918.00     914.50     910.70     906.80     902.90     899.10     895.80     893.00     890.80     889.40
     888.70     888.80     889.50
     927.30     927.80     928.00     927.70     927.10     925.90     924.30     922.20     919.70     916.80
     913.60     910.00     906.30     902.60     899.00     895.70     893.00     890.90     889.60     889.00
     889.20     889.90     890.90     892.10     893.30     894.40     895.30     896.20     897.20     898.30
     899.90     902.00     904.50     907.40     910.50     913.70     916.60     919.20     921.20     922.70
     923.80     924.60     925.20     925.80     926.60     927.50     928.60     929.80     930.90     931.90
     932.60     933.10     933.20     933.10     932.70     932.10     931.20     929.90     928.20     925.90
     923.10     919.60     915.40     910.70     905.70     900.60     895.60     891.30     887.70     885.20
     883.70     883.50     884.20
     932.80     934.30     935.10     935.40     935.00     934.00     932.40     930.20     927.60     924.50
     921.10     917.40     913.50     909.50     905.60     901.80     898.50     895.70     893.50     892.10
     891.30     891.00     891.10     891.30     891.60     891.80     892.00     892.40     893.20     894.60
     896.80     899.80     903.50     907.90     912.50     916.90     920.70     923.70     925.80     927.00
     927.30     927.20     926.90     926.80     926.90     927.40     928.30     929.50     930.70     931.70
     932.60     933.20     933.50     933.60     933.50     933.50     933.30     933.00     932.40     931.20
     929.30     926.50     922.70     918.00     912.50     906.50     900.40     894.70     889.70     886.00
     883.60     882.70     883.30
     935.40     937.40     938.90     939.90     940.40     940.20     939.50     938.30     936.70     934.60
     932.30     929.50     926.50     923.10     919.40     915.70     911.90     908.30     905.00     902.00
     899.40     897.10     895.20     893.50     892.20     891.20     890.70     890.80     891.70     893.70
     896.70     900.70     905.50     910.90     916.20     921.20     925.20     928.10     929.80     930.30
     929.80     928.90     927.80     927.00     926.70     926.90     927.80     929.00     930.30     931.60
     932.60     933.20     933.40     933.40     933.40     933.40     933.50     933.80     934.00     933.80
     933.10     931.70     929.20     925.70     921.20     915.80     910.00     904.20     898.80     894.30
     891.20     889.60     889.60
     936.00     938.00     939.70     941.20     942.30     943.10     943.60     943.80     943.70     943.30
     942.60     941.30     939.60     937.30     934.50     931.30     927.70     923.90     919.80     915.70
     911.40     907.10     903.00     899.30     896.30     894.20     893.30     893.60     895.20     898.00
     901.90     906.60     911.80     917.10     922.10     926.50     929.80     932.10     933.10     933.10
     932.40     931.20     929.80     928.60     927.80     927.50     927.80     928.60     929.70     930.80
     931.70     932.10     932.10     931.70     931.10     930.60     930.40     930.50     930.90     931.40
     931.90     932.00     931.50     930.20     928.00     924.90     921.00     916.50     911.90     907.70
     904.40     902.30     901.60
     935.90     937.90     939.70     941.30     942.60     943.70     944.70     945.80     946.80     947.60
     948.10     948.10     947.30     945.90     943.90     941.30     938.40     935.10     931.30     927.00
     922.00     916.50     910.70     905.40     901.00     898.20     897.40     898.50     901.30     905.40
     910.20     915.20     920.00     924.40     928.10     931.10     933.30     934.70     935.50     935.80
     935.60     935.00     934.00     932.70     931.20     929.80     928.80     928.40     928.60     929.20
     929.80     930.10     929.80     928.90     927.60     926.40     925.40     925.10     925.40     926.20
     927.40     928.80     930.10     930.90     931.10     930.40     928.70     926.10     923.00     919.80
     916.90     914.90     913.80
     935.00     938.10     940.40     941.80     942.60     943.10     943.70     944.70     946.00     947.60
     949.00     949.70     949.70     948.70     947.00     944.90     942.40     939.80     936.60     932.70
     927.60     921.30     914.40     907.70     902.30     899.10     898.80     901.20     905.70     911.30
     917.10     922.30     926.50     929.70     931.80     933.30     934.40     935.30     936.20     937.20
     938.20     938.90     938.90     937.90     935.90     933.20     930.60     928.60     927.60     927.60
     928.10     928.40     928.20     927.10     925.50     923.80     922.40     921.80     922.00     922.90
     924.50     926.40     928.40     930.20     931.50     931.90     931.40     930.00     927.90     925.70
     923.70     922.30     921.60
     933.40     938.30     941.50     942.90     942.90     942.20     941.80     942.20     943.60     945.80
     948.10     949.80     950.50     950.00     948.60     946.50     944.20     941.70     938.80     934.80
     929.40     922.40     914.20     906.20     899.70     896.10     896.30     900.10     906.30     913.70
     920.60     926.10     929.90     932.10     933.00     933.40     933.60     934.00     935.00     936.70
     938.90     941.00     942.20     941.80     939.80     936.30     932.50     929.30     927.40     927.10
     927.80     928.60     928.80     928.00     926.60     925.00     923.80     923.30     923.50     924.40
     925.80     927.40     929.00     930.30     931.20     931.20     930.50     929.00     927.30     925.60
     924.20     923.40     923.40
     932.80     939.00     943.00     944.40     943.80     942.20     941.00     940.90     942.40     945.10
     948.10     950.60     952.10     952.20     951.10     949.30     947.00     944.50     941.30     936.90
     930.80     922.80     913.50     904.20     896.70     892.70     893.20     897.80     905.40     913.90
     921.70     927.70     931.30     933.10     933.60     933.40     933.10     933.10     934.00     935.80
     938.50     941.40     943.50     944.00     942.30     938.80     934.60     930.90     928.80     928.50
     929.50     930.70     931.50     931.40     930.60     929.60     928.90     928.80     929.20     929.80
     930.40     931.10     931.60     931.90     931.50     930.50     928.70     926.60     924.50     922.70
     921.30     920.50     920.40
     935.50     941.50     945.40     946.80     946.20     944.60     943.40     943.30     944.60     946.90
     949.50     951.60     952.90     953.00     952.30     951.00     949.30     947.10     944.00     939.50
     933.20     924.90     915.20     905.60     897.80     893.50     893.80     898.40     906.10     914.80
     922.90     929.00     932.90     934.90     935.60     935.50     935.10     934.90     935.50     937.10
     939.80     942.80     945.20     946.00     944.60     941.40     937.30     933.70     931.60     931.30
     932.30     933.60     934.70     935.00     934.90     934.70     934.80     935.10     935.40     935.50
     935.40     935.10     934.70     934.00     932.70     930.60     927.90     925.00     922.30     919.90
     917.90     916.20     915.40
     941.30     945.60     948.60     950.10     950.20     949.60     949.00     949.00     949.70     950.70
     951.60     952.00     951.70     951.10     950.30     949.70     948.90     947.70     945.50     941.80
     936.40     929.10     920.70     912.20     905.10     900.90     900.60     904.10     910.50     918.10
     925.40     931.30     935.50     938.00     939.10     939.30     939.00     938.80     939.30     940.90
     943.50     946.30     948.40     948.70     947.10     943.80     940.00     936.60     934.60     934.10
     934.60     935.50     936.30     936.60     936.80     937.20     937.80     938.50     939.10     939.20
     938.90     938.40     937.80     936.70     934.90     932.10     928.50     924.60     920.90     917.60
     914.80     912.40     911.20
     947.80     949.80     951.70     953.20     954.10     954.40     954.40     954.40     954.40     954.20
     953.60     952.40     950.70     949.20     948.20     948.00     948.20     948.20     947.30     944.90
     941.10     935.80     929.70     923.40     917.90     914.30     913.20     914.80     918.80     924.10
     929.70     934.80     938.80     941.50     942.70     942.80     942.20     941.80     942.30     944.20
     947.00     949.90     951.60     951.30     949.10     945.50     941.70     938.50     936.50     935.70
     935.70     935.90     936.10     936.20     936.40     937.00     938.00     939.20     940.40     941.20
     941.60     941.80     941.80     941.10     939.20     935.80     930.90     925.50     920.20     915.80
     912.50     910.40     910.40
     952.40     952.70     953.90     955.40     956.60     957.10     956.80     956.30     956.00     955.90
     955.50     954.50     953.00     951.60     950.90     951.10     952.00     952.80     952.70     951.40
     948.90     945.50     941.60     937.60     933.90     930.90     929.10     928.90     930.20     932.90
     936.20     939.70     942.70     944.80     945.50     944.90     943.60     942.60     943.00     945.30
     948.70     952.00     953.80     953.40     950.80     947.10     943.30     940.10     938.00     937.00
     936.80     936.90     937.00     937.20     937.60     938.40     939.60     941.20     942.90     944.40
     945.80     946.90     947.50     947.30     945.60     941.80     936.00     928.90     921.80     916.10
     912.60     911.90     914.40
     955.20     955.00     956.10     957.60     958.70     958.50     957.30     956.20     956.00     956.90
     958.20     959.00     959.10     958.90     959.00     959.80     961.00     961.90     962.10     961.20
     959.50     957.30     954.80     952.20     949.70     947.20     945.20     943.80     943.30     943.70
     944.80     946.30     947.70     948.50     948.40     947.30     945.70     944.40     944.70     946.90
     950.60     954.20     956.50     956.40     954.40     951.00     947.40     944.30     942.30     941.30
     941.20     941.70     942.40     943.30     944.30     945.40     946.70     948.10     949.70     951.20
     952.50     953.60     954.30     954.30     953.00     949.60     943.80     936.00     927.80     921.20
     917.80     918.70     923.60
     958.00     958.30     959.70     961.40     962.00     961.10     959.30     957.90     958.10     960.00
     962.70     965.10     966.70     967.70     968.60     969.70     970.90     971.60     971.60     971.00
     969.80     968.30     966.60     964.70     962.70     960.70     958.80     957.10     955.90     955.10
     954.60     954.20     953.90     953.70     953.30     952.50     951.40     950.60     950.90     952.70
     955.70     958.90     961.00     961.60     960.50     958.20     955.40     952.70     950.90     950.00
     950.20     951.10     952.30     953.80     955.40     956.80     957.90     958.70     959.30     959.90
     960.40     960.70     960.80     960.50     959.70     957.40     952.90     946.20     938.60     932.30
     929.50     931.20     936.90
     962.30     963.30     964.70     966.10     966.30     965.30     963.70     962.90     963.60     965.90
     968.80     971.30     973.20     974.40     975.50     976.60     977.30     977.60     977.40     977.10
     976.50     975.70     974.60     973.30     971.80     970.20     968.60     967.20     966.10     965.00
     963.80     962.40     961.10     960.20     960.00     960.20     960.30     960.30     960.70     961.80
     963.40     965.20     966.50     967.10     967.00     966.10     964.60     962.80     961.50     961.00
     961.20     961.80     962.60     963.80     965.30     966.60     967.20     967.30     967.00     966.90
     966.80     966.60     966.10     965.60     965.10     964.00     961.50     957.20     951.90     947.30
     945.40     947.00     951.70
     967.50     968.40     969.20     969.70     969.50     968.90     968.40     968.70     970.10     972.10
     974.20     975.90     977.20     978.20     979.10     979.70     980.00     979.80     979.50     979.30
     979.20     979.10     978.60     977.70     976.80     975.70     974.60     973.60     972.70     971.80
     970.60     969.00     967.50     966.60     966.70     967.50     968.30     968.80     969.20     969.60
     970.00     970.30     970.50     970.90     971.30     971.50     971.10     970.40     969.80     969.60
     969.60     969.40     969.30     969.50     970.20     970.90     971.10     970.70     970.30     970.30
     970.70     970.80     970.40     969.80     969.40     969.00     968.10     966.20     963.60     961.40
     960.60     961.60     964.10
     971.60     971.80     971.70     971.30     971.00     971.00     971.70     972.90     974.30     975.60
     976.70     977.70     978.60     979.50     980.30     980.70     980.70     980.30     979.90     979.80
     979.80     979.70     979.40     979.00     978.50     978.00     977.40     976.60     975.80     974.90
     973.90     972.70     971.60     971.10     971.40     972.10     972.70     973.00     973.20     973.40
     973.40     973.10     972.70     972.70     973.30     973.90     974.10     973.90     973.70     973.70
     973.50     972.90     972.10     971.70     971.80     971.90     971.60     971.10     971.00     971.60
     972.50     973.00     972.90     972.40     972.20     972.10     971.90     971.40     970.80     970.50
     970.60     970.90     971.40
     973.50     973.00     972.50     972.00     972.00     972.70     973.90     975.00     975.70     975.90
     976.20     977.00     978.10     979.20     979.90     980.30     980.40     980.20     980.00     979.70
     979.50     979.10     978.80     978.50     978.30     978.20     977.80     977.10     976.20     975.30
     974.40     973.70     973.30     973.40     973.90     974.40     974.50     974.30     974.40     974.60
     974.80     974.60     974.20     974.10     974.50     975.00     975.00     974.80     974.60     974.70
     974.60     974.10     973.60     973.40     973.40     973.20     972.50     971.90     971.90     972.60
     973.10     973.00     972.60     972.40     972.70     973.10     973.30     973.30     973.30     973.60
     974.00     973.90     973.40
     973.60     972.90     972.50     972.50     973.10     974.20     975.30     975.80     975.40     974.70
     974.50     975.20     976.40     977.50     978.20     978.60     978.90     979.10     979.00     978.70
     978.30     977.90     977.60     977.40     977.50     977.40     977.10     976.40     975.60     974.70
     974.00     973.60     973.60     974.10     974.90     975.50     975.50     975.30     975.30     975.60
     975.70     975.50     975.20     975.20     975.60     975.70     975.50     975.10     974.90     975.00
     975.00     974.80     974.70     974.80     975.00     974.60     973.70     973.10     973.20     973.30
     972.50     970.90     969.60     969.80     971.20     972.70     973.60     973.60     973.50     973.40
     973.40     973.10     972.60
     973.20     972.60     972.40     972.70     973.50     974.40     975.00     974.80     973.90     973.00
     972.80     973.50     974.60     975.30     975.70     976.10     976.50     976.80     976.80     976.50
     976.20     976.10     976.20     976.40     976.50     976.30     975.90     975.30     974.70     974.20
     973.80     973.60     973.80     974.40     975.20     975.80     976.00     976.10     976.20     976.10
     975.80     975.30     975.00     975.10     975.40     975.50     975.30     975.00     975.10     975.40
     975.30     974.90     974.60     974.70     974.70     974.10     973.30     972.90     973.10     972.70
     970.80     967.90     966.20     966.90     969.60     972.30     973.90     974.20     973.80     973.00
     972.20     971.50     971.20
     973.00     972.50     972.20     972.20     972.30     972.60     972.50     972.20     971.60     971.30
     971.50     972.20     972.90     973.30     973.60     973.80     974.10     974.30     974.10     973.90
     973.80     974.10     974.60     975.00     975.10     974.80     974.20     973.80     973.70     973.70
     973.60     973.60     973.80     974.20     974.50     974.80     975.10     975.30     975.40     975.10
     974.40     973.80     973.50     973.80     974.20     974.40     974.30     974.50     975.00     975.40
     975.10     974.30     973.60     973.20     972.90     972.30     971.60     971.50     971.80     971.30
     969.00     966.20     964.80     966.20     969.50     972.60     974.50     975.00     974.60     973.50
     972.00     970.80     970.50
     972.90     972.40     971.90     971.30     970.80     970.30     969.90     969.70     969.70     970.00
     970.60     971.10     971.50     971.70     972.00     972.30     972.40     972.40     972.20     972.10
     972.10     972.20     972.40     972.70     972.70     972.40     972.10     972.10     972.30     972.50
     972.60     972.70     972.80     973.10     973.10     973.00     973.00     973.10     973.10     972.90
     972.40     972.10     972.20     972.70     973.10     973.30     973.50     973.90     974.60     975.00
     974.70     973.80     973.00     972.50     972.30     971.80     971.20     971.00     971.00     970.30
     968.50     966.60     966.10     967.80     970.70     973.10     974.50     975.00     974.80     973.80
     972.20     970.80     970.40
     972.50     972.10     971.60     971.00     970.20     969.50     969.00     968.90     969.20     969.70
     970.20     970.40     970.40     970.50     970.80     971.10     971.20     971.10     971.00     971.00
     970.90     970.50     970.10     970.00     970.00     970.10     970.20     970.60     971.00     971.10
     970.80     970.60     970.80     971.20     971.40     971.30     971.20     971.30     971.40     971.30
     971.20     971.40     971.80     972.20     972.60     972.90     973.30     973.70     974.10     974.30
     974.10     973.60     973.30     973.30     973.40     973.20     972.60     972.00     971.40     970.70
     969.50     968.60     968.80     970.20     972.10     973.30     973.90     974.10     974.20     973.50
     972.30     971.10     970.80
     971.80     971.60     971.40     970.90     970.30     969.80     969.50     969.50     969.70     970.00
     970.10     969.90     969.70     969.70     969.90     970.10     970.00     969.90     969.90     970.00
     969.80     969.10     968.40     968.20     968.50     968.80     969.20     969.80     970.20     970.10
     969.40     968.80     968.80     969.30     970.00     970.40     970.70     970.90     971.00     971.00
     971.00     971.20     971.50     971.70     972.00     972.50     973.10     973.50     973.50     973.40
     973.20     973.20     973.40     973.80     974.20     974.30     973.80     973.10     972.30     971.80
     971.40     971.20     971.50     972.20     973.00     973.40     973.40     973.40     973.50     973.20
     972.40     971.70     971.50
     971.10     971.20     971.10     970.90     970.40     970.00     969.80     969.80     969.90     970.00
     969.80     969.50     969.20     969.20     969.40     969.50     969.20     968.90     968.70     968.80
     968.60     968.10     967.70     967.70     968.20     968.60     969.00     969.40     969.80     969.60
     968.90     968.10     967.80     968.30     969.00     969.80     970.50     970.90     971.00     970.80
     970.60     970.70     970.80     970.80     970.90     971.40     972.30     972.80     972.70     972.30
     972.20     972.30     972.60     973.00     973.50     973.80     973.70     973.30     972.90     973.00
     973.20     973.30     973.20     973.20     973.40     973.60     973.60     973.60     973.50     973.30
     972.90     972.40     972.10
     970.40     970.70     970.80     970.60     970.30     970.00     969.90     969.90     969.80     969.70
     969.50     969.20     968.90     968.90     969.10     969.20     968.90     968.30     968.00     967.90
     967.90     967.70     967.50     967.60     968.10     968.40     968.50     968.60     968.90     969.10
     968.70     968.20     967.80     968.00     968.50     969.20     969.90     970.40     970.40     970.10
     969.90     969.90     970.10     970.10     970.10     970.60     971.30     971.80     971.80     971.60
     971.60     971.70     971.90     972.10     972.60     973.10     973.30     973.10     973.10     973.40
     974.00     974.10     973.70     973.30     973.30     973.70     973.90     973.80     973.60     973.40
     973.10     972.80     972.40
     969.80     970.00     970.20     970.20     970.10     970.00     970.10     970.10     969.90     969.70
     969.30     969.00     968.80     968.90     969.10     969.10     968.80     968.20     967.80     967.80
     967.90     967.70     967.30     967.10     967.20     967.50     967.50     967.60     967.70     967.90
     967.90     967.80     967.80     967.90     968.10     968.60     969.10     969.50     969.50     969.30
     969.20     969.40     969.80     970.10     970.30     970.50     970.80     971.20     971.30     971.40
     971.60     971.80     972.00     972.20     972.60     973.10     973.20     973.00     972.80     973.00
     973.40     973.50     973.20     972.80     972.90     973.40     973.70     973.50     973.20     972.90
     972.80     972.70     972.30
     969.50     969.40     969.50     969.50     969.70     970.00     970.20     970.20     969.90     969.50
     969.10     968.90     968.80     968.90     969.00     968.90     968.60     968.20     968.00     968.10
     968.20     967.80     967.00     966.40     966.30     966.60     966.90     966.90     966.80     966.70
     966.80     967.00     967.30     967.60     967.90     968.30     968.60     968.90     969.00     969.00
     969.00     969.20     969.70     970.10     970.50     970.80     971.00     971.10     971.30     971.50
     971.70     971.90     972.10     972.40     972.80     973.10     973.10     972.70     972.30     972.30
     972.40     972.60     972.50     972.50     972.60     973.00     973.20     973.00     972.70     972.40
     972.30     972.30     972.30
     969.80     969.50     969.30     969.10     969.20     969.50     969.70     969.60     969.20     968.70
     968.30     968.20     968.30     968.50     968.50     968.50     968.40     968.20     968.20     968.30
     968.30     967.90     967.10     966.30     966.10     966.40     966.70     966.60     966.40     966.20
     966.30     966.70     967.10     967.60     967.90     968.20     968.40     968.60     968.90     969.10
     969.20     969.20     969.40     969.80     970.40     970.90     971.30     971.40     971.40     971.40
     971.40     971.50     971.80     972.20     972.50     972.60     972.50     972.40     972.20     972.20
     972.30     972.40     972.40     972.50     972.70     972.80     972.90     972.90     972.70     972.50
     972.40     972.30     972.40
