diamond 4 20年06月27日20时400百帕相对湿度
20 06 27  20  400 
2.500 -2.500  .0  180.0   90.0  .0
73  37
      32.00      32.00      32.00      32.00      32.00      32.00      32.00      32.00      32.00      32.00
      32.00      32.00      32.00      32.00      32.00      32.00      32.00      32.00      32.00      32.00
      32.00      32.00      32.00      32.00      32.00      32.00      32.00      32.00      32.00      32.00
      32.00      32.00      32.00      32.00      32.00      32.00      32.00      32.00      32.00      32.00
      32.00      32.00      32.00      32.00      32.00      32.00      32.00      32.00      32.00      32.00
      32.00      32.00      32.00      32.00      32.00      32.00      32.00      32.00      32.00      32.00
      32.00      32.00      32.00      32.00      32.00      32.00      32.00      32.00      32.00      32.00
      32.00      32.00      32.00
      57.00      59.00      59.00      60.00      61.00      61.00      61.00      60.00      59.00      58.00
      57.00      57.00      56.00      55.00      54.00      53.00      52.00      51.00      50.00      49.00
      49.00      48.00      47.00      47.00      46.00      46.00      46.00      46.00      46.00      46.00
      46.00      47.00      47.00      48.00      49.00      49.00      50.00      51.00      52.00      52.00
      53.00      53.00      53.00      54.00      54.00      54.00      54.00      54.00      53.00      52.00
      51.00      50.00      49.00      48.00      46.00      44.00      42.00      40.00      38.00      36.00
      34.00      32.00      30.00      29.00      27.00      25.00      24.00      22.00      21.00      21.00
      20.00      20.00      20.00
      45.00      45.00      44.00      43.00      40.00      38.00      34.00      30.00      26.00      22.00
      19.00      17.00      16.00      14.00      12.00      11.00      10.00       9.00       8.00       7.00
       7.00       6.00       6.00       6.00       7.00       7.00       7.00       8.00       9.00       9.00
      10.00      11.00      12.00      13.00      14.00      16.00      20.00      23.00      26.00      30.00
      33.00      36.00      39.00      41.00      44.00      46.00      48.00      49.00      50.00      51.00
      52.00      52.00      52.00      51.00      50.00      49.00      47.00      45.00      43.00      40.00
      37.00      34.00      30.00      27.00      23.00      21.00      19.00      17.00      15.00      14.00
      12.00      13.00      15.00
      20.00      21.00      21.00      20.00      18.00      15.00      12.00       7.00       5.00       2.00
       0.00       0.00       0.00       0.00       0.00       0.00       0.00       0.00       0.00       1.00
       3.00       5.00       7.00      10.00      12.00      13.00      14.00      15.00      16.00      16.00
      16.00      16.00      16.00      16.00      16.00      16.00      16.00      16.00      16.00      16.00
      16.00      16.00      15.00      14.00      13.00      13.00      12.00      11.00      10.00      10.00
       9.00       9.00      10.00      10.00      12.00      14.00      17.00      20.00      22.00      24.00
      25.00      25.00      24.00      22.00      19.00      18.00      16.00      14.00      12.00      11.00
       9.00       9.00      11.00
      41.00      44.00      46.00      48.00      49.00      49.00      46.00      42.00      36.00      30.00
      23.00      16.00      11.00       7.00       4.00       4.00       4.00       5.00       7.00       9.00
      10.00      10.00      10.00      10.00      10.00      10.00      11.00      12.00      14.00      16.00
      18.00      20.00      22.00      22.00      23.00      22.00      21.00      19.00      17.00      14.00
      11.00       9.00       7.00       6.00       4.00       3.00       2.00       2.00       2.00       2.00
       3.00       5.00       8.00      12.00      16.00      21.00      26.00      31.00      36.00      40.00
      42.00      43.00      41.00      38.00      31.00      23.00      14.00      11.00       9.00       7.00
       6.00       6.00       8.00
      26.00      27.00      32.00      39.00      46.00      53.00      58.00      59.00      58.00      54.00
      48.00      41.00      35.00      30.00      25.00      21.00      18.00      15.00      13.00      10.00
       9.00       8.00       6.00       5.00       6.00      11.00      18.00      26.00      33.00      39.00
      44.00      47.00      48.00      47.00      45.00      43.00      41.00      38.00      34.00      30.00
      26.00      21.00      16.00      13.00      12.00      14.00      20.00      28.00      37.00      46.00
      55.00      62.00      68.00      74.00      78.00      83.00      87.00      90.00      91.00      91.00
      88.00      83.00      75.00      66.00      55.00      43.00      30.00      18.00      10.00       7.00
       6.00       5.00       6.00
      19.00      11.00       7.00       5.00       6.00       8.00      11.00      16.00      23.00      30.00
      37.00      43.00      47.00      49.00      49.00      45.00      40.00      33.00      27.00      24.00
      24.00      28.00      34.00      42.00      52.00      61.00      68.00      73.00      74.00      73.00
      69.00      62.00      54.00      47.00      41.00      38.00      38.00      41.00      44.00      47.00
      48.00      47.00      45.00      42.00      40.00      41.00      45.00      51.00      59.00      66.00
      72.00      75.00      77.00      78.00      80.00      83.00      87.00      93.00      97.00      98.00
      95.00      88.00      77.00      62.00      46.00      31.00      20.00      17.00      20.00      27.00
      34.00      38.00      37.00
      77.00      69.00      59.00      48.00      36.00      25.00      15.00       9.00       8.00      13.00
      21.00      32.00      43.00      51.00      54.00      51.00      41.00      28.00      19.00      19.00
      30.00      47.00      66.00      81.00      88.00      89.00      82.00      71.00      55.00      38.00
      21.00       9.00       4.00       3.00       8.00      18.00      29.00      38.00      45.00      48.00
      46.00      40.00      34.00      29.00      27.00      28.00      33.00      38.00      44.00      49.00
      50.00      49.00      44.00      38.00      34.00      33.00      38.00      47.00      58.00      69.00
      74.00      73.00      65.00      51.00      33.00      17.00      11.00      17.00      39.00      64.00
      83.00      91.00      91.00
      97.00      92.00      85.00      77.00      71.00      66.00      60.00      52.00      40.00      27.00
      18.00      17.00      23.00      35.00      46.00      50.00      44.00      31.00      18.00      15.00
      26.00      48.00      71.00      87.00      93.00      91.00      83.00      67.00      44.00      20.00
       7.00       0.00       2.00      10.00      27.00      45.00      61.00      70.00      72.00      67.00
      56.00      40.00      26.00      17.00      17.00      23.00      31.00      38.00      42.00      42.00
      42.00      40.00      34.00      26.00      18.00      13.00      12.00      15.00      22.00      31.00
      39.00      44.00      45.00      41.00      33.00      26.00      26.00      42.00      71.00      91.00
      98.00      97.00      91.00
      59.00      52.00      46.00      42.00      44.00      50.00      56.00      55.00      46.00      32.00
      19.00      11.00      11.00      21.00      36.00      50.00      55.00      48.00      33.00      17.00
      10.00      15.00      26.00      36.00      43.00      49.00      51.00      46.00      34.00      21.00
      14.00      15.00      20.00      26.00      32.00      38.00      47.00      57.00      63.00      63.00
      54.00      39.00      26.00      24.00      34.00      50.00      62.00      63.00      55.00      43.00
      33.00      29.00      26.00      22.00      16.00      11.00       8.00       8.00      10.00      13.00
      17.00      23.00      30.00      33.00      31.00      24.00      17.00      21.00      38.00      63.00
      76.00      66.00      38.00
      24.00      19.00      16.00      19.00      27.00      37.00      44.00      45.00      42.00      38.00
      34.00      33.00      30.00      25.00      18.00      11.00       6.00       7.00      10.00      13.00
      14.00      19.00      25.00      28.00      25.00      17.00       9.00       7.00       8.00      19.00
      36.00      49.00      55.00      52.00      43.00      31.00      21.00      16.00      18.00      20.00
      18.00      12.00       8.00      15.00      37.00      63.00      71.00      59.00      41.00      27.00
      22.00      24.00      26.00      24.00      20.00      18.00      18.00      20.00      24.00      27.00
      28.00      34.00      46.00      55.00      58.00      50.00      35.00      16.00       3.00       0.00
       0.00       0.00       0.00
      28.00      21.00      21.00      32.00      44.00      49.00      47.00      43.00      39.00      35.00
      36.00      39.00      40.00      33.00      20.00      10.00      11.00      25.00      40.00      42.00
      33.00      28.00      32.00      39.00      38.00      21.00       4.00       4.00      21.00      46.00
      68.00      80.00      77.00      62.00      42.00      27.00      20.00      18.00      18.00      17.00
      14.00      14.00      22.00      37.00      55.00      66.00      56.00      35.00      18.00      13.00
      22.00      36.00      43.00      37.00      28.00      24.00      23.00      18.00      14.00      11.00
      12.00      18.00      28.00      36.00      38.00      39.00      39.00      37.00      31.00      24.00
      21.00      23.00      29.00
      56.00      48.00      43.00      39.00      40.00      41.00      37.00      32.00      25.00      16.00
      12.00      15.00      22.00      26.00      26.00      28.00      38.00      52.00      63.00      62.00
      51.00      40.00      34.00      32.00      20.00       0.00       0.00       7.00      37.00      68.00
      86.00      81.00      55.00      24.00       8.00      11.00      29.00      47.00      50.00      37.00
      15.00       5.00      16.00      40.00      61.00      69.00      58.00      40.00      28.00      29.00
      38.00      42.00      37.00      26.00      20.00      26.00      38.00      45.00      38.00      25.00
      18.00      20.00      23.00      19.00      12.00       8.00      13.00      24.00      35.00      48.00
      65.00      81.00      83.00
      47.00      56.00      66.00      64.00      47.00      30.00      23.00      24.00      25.00      20.00
      13.00      11.00      13.00      15.00      14.00      13.00      15.00      23.00      34.00      43.00
      47.00      46.00      45.00      43.00      30.00      11.00       7.00      26.00      51.00      68.00
      70.00      59.00      42.00      27.00      19.00      24.00      43.00      63.00      66.00      50.00
      25.00       4.00       2.00       1.00      23.00      40.00      46.00      47.00      53.00      66.00
      73.00      66.00      49.00      31.00      28.00      39.00      51.00      55.00      49.00      39.00
      37.00      46.00      53.00      43.00      19.00       1.00       1.00       8.00      22.00      41.00
      61.00      73.00      64.00
      14.00      35.00      53.00      56.00      46.00      32.00      24.00      26.00      35.00      42.00
      43.00      36.00      27.00      20.00      17.00      14.00      13.00      13.00      19.00      29.00
      34.00      33.00      31.00      32.00      29.00      17.00      13.00      37.00      63.00      63.00
      45.00      35.00      44.00      54.00      49.00      34.00      28.00      46.00      69.00      68.00
      47.00      31.00      27.00      28.00      22.00      14.00      10.00      13.00      37.00      69.00
      88.00      85.00      71.00      54.00      45.00      42.00      39.00      39.00      40.00      35.00
      31.00      38.00      55.00      60.00      36.00      10.00       2.00       4.00      13.00      23.00
      26.00      21.00      19.00
      23.00      18.00      26.00      43.00      47.00      38.00      27.00      26.00      40.00      57.00
      60.00      48.00      29.00      17.00      12.00      14.00      16.00      17.00      19.00      23.00
      24.00      26.00      29.00      37.00      39.00      21.00      11.00      39.00      78.00      75.00
      39.00      27.00      45.00      61.00      58.00      24.00       6.00      21.00      29.00      18.00
      24.00      41.00      52.00      59.00      51.00      35.00      23.00      25.00      48.00      80.00
      96.00      90.00      71.00      43.00      21.00      19.00      21.00      20.00      15.00       9.00
       5.00       8.00      23.00      44.00      42.00      24.00       9.00       6.00      15.00      25.00
      29.00      35.00      55.00
      47.00      26.00      20.00      38.00      48.00      34.00      22.00      33.00      54.00      64.00
      56.00      40.00      24.00      16.00      15.00      16.00      18.00      20.00      20.00      21.00
      27.00      38.00      52.00      64.00      59.00      37.00      32.00      73.00     100.00      86.00
      34.00      24.00      55.00      73.00      64.00      18.00       8.00      30.00      31.00       4.00
      19.00      55.00      77.00      84.00      73.00      54.00      41.00      35.00      36.00      50.00
      69.00      74.00      68.00      43.00      14.00       8.00      20.00      29.00      25.00      20.00
      18.00       9.00       4.00      17.00      27.00      28.00      17.00      11.00      17.00      26.00
      36.00      59.00      94.00
      58.00      26.00      16.00      30.00      27.00      10.00      19.00      36.00      43.00      42.00
      32.00      22.00      14.00      15.00      19.00      18.00      13.00       9.00       9.00      10.00
      17.00      33.00      57.00      75.00      61.00      21.00      19.00      45.00      51.00      32.00
      18.00      31.00      60.00      72.00      62.00      47.00      30.00      12.00       8.00      34.00
      72.00      85.00      85.00      78.00      61.00      39.00      31.00      26.00      20.00      28.00
      45.00      70.00      84.00      71.00      49.00      42.00      51.00      59.00      60.00      64.00
      70.00      60.00      45.00      39.00      42.00      40.00      26.00      15.00      19.00      26.00
      36.00      60.00      92.00
      34.00      16.00      18.00      25.00      15.00      16.00      27.00      31.00      25.00      20.00
      19.00      14.00       6.00       2.00       5.00       5.00       6.00       7.00       6.00       2.00
       0.00       1.00      18.00      38.00      39.00      26.00      26.00      24.00       9.00      17.00
      31.00      28.00      38.00      58.00      57.00      36.00      28.00      24.00      28.00      64.00
      88.00      80.00      59.00      39.00      20.00       9.00      14.00      13.00       7.00      15.00
      38.00      82.00     100.00      99.00      86.00      77.00      75.00      67.00      59.00      67.00
      87.00     100.00      99.00      93.00      87.00      74.00      45.00      10.00       0.00       9.00
      45.00      76.00      87.00
      25.00      38.00      52.00      54.00      37.00      21.00      18.00      17.00      16.00      21.00
      21.00      17.00      10.00       4.00      10.00      22.00      34.00      56.00      61.00      51.00
      32.00      20.00      10.00      12.00      14.00      18.00      30.00      33.00      23.00      48.00
      88.00      66.00      51.00      59.00      54.00      20.00       9.00      23.00      41.00      66.00
      89.00      98.00      85.00      50.00      15.00       0.00       8.00      12.00       6.00      23.00
      56.00      81.00      84.00      80.00      64.00      50.00      46.00      43.00      45.00      54.00
      62.00      71.00      86.00      97.00     100.00      99.00      84.00      42.00       7.00       0.00
      16.00      65.00      65.00
      51.00      56.00      57.00      52.00      37.00      19.00       7.00       8.00      18.00      21.00
      12.00       5.00       4.00       4.00       1.00       5.00      29.00      65.00      61.00      45.00
      38.00      40.00      38.00      34.00      31.00      26.00      26.00      28.00      41.00      33.00
      67.00      53.00      27.00      34.00      38.00      27.00      12.00      12.00      13.00      25.00
      55.00      85.00      93.00      75.00      38.00       6.00       0.00       0.00      10.00      49.00
      74.00      40.00      24.00      30.00      22.00      18.00      28.00      44.00      62.00      74.00
      75.00      75.00      78.00      81.00      83.00      95.00      99.00      89.00      57.00      19.00
       0.00      15.00      20.00
      38.00      38.00      34.00      29.00      25.00      20.00       9.00       4.00       6.00       6.00
       2.00       1.00       2.00       2.00       2.00       1.00       3.00       8.00      11.00       9.00
      11.00      15.00      22.00      26.00      28.00      27.00      25.00      26.00      31.00      42.00
      58.00      37.00      21.00      39.00      71.00       8.00       0.00       7.00       0.00       0.00
       4.00      39.00      53.00      66.00      79.00      61.00      29.00       6.00       0.00       2.00
       4.00       1.00      21.00      57.00      69.00      68.00      57.00      56.00      60.00      69.00
      78.00      84.00      78.00      60.00      50.00      65.00      87.00      99.00      89.00      55.00
      23.00      10.00       0.00
      21.00      43.00      60.00      52.00      32.00      17.00       7.00       1.00       0.00       0.00
       1.00       3.00       2.00       3.00       6.00       4.00       2.00       3.00       8.00       0.00
       0.00       4.00       6.00      10.00      12.00      15.00      18.00      14.00      13.00      18.00
       2.00       0.00       0.00       0.00       4.00       0.00       0.00      22.00      44.00      71.00
      67.00      52.00      54.00      59.00      87.00      99.00      92.00      74.00      45.00      23.00
      21.00      39.00      70.00      90.00      93.00      84.00      67.00      49.00      39.00      43.00
      51.00      51.00      39.00      30.00      42.00      72.00      94.00     100.00      97.00      83.00
      63.00      45.00      22.00
      40.00      59.00      64.00      54.00      29.00       8.00       1.00       1.00       2.00       2.00
       2.00       3.00       3.00       3.00       4.00       4.00       2.00       3.00       3.00       7.00
       2.00       0.00       8.00      10.00       7.00       7.00       1.00       0.00      11.00       9.00
      18.00      25.00       0.00       0.00       0.00      14.00      43.00      66.00      84.00      99.00
      86.00      87.00      71.00      74.00      89.00      88.00      84.00      91.00      84.00      73.00
      78.00      89.00      89.00      80.00      77.00      79.00      68.00      50.00      41.00      40.00
      36.00      25.00      17.00      25.00      58.00      94.00     100.00     100.00     100.00     100.00
      97.00      90.00      80.00
      23.00      34.00      37.00      27.00      11.00       4.00       5.00       6.00       7.00       6.00
       6.00       4.00       5.00       7.00      11.00      11.00       6.00       2.00       0.00       1.00
       1.00       0.00       6.00      10.00       7.00       5.00       2.00       4.00      12.00       9.00
       7.00       7.00      16.00      11.00       0.00       0.00      36.00      79.00      62.00      65.00
      72.00      79.00      64.00      79.00      87.00      58.00      40.00      53.00      67.00      76.00
      87.00      85.00      75.00      72.00      85.00      91.00      76.00      57.00      44.00      31.00
      17.00      11.00      17.00      32.00      52.00      70.00      81.00      87.00      91.00      95.00
      98.00     100.00      94.00
      14.00      19.00      21.00      15.00       8.00       7.00      10.00      12.00      10.00       8.00
      10.00      11.00      12.00      15.00      16.00      10.00       4.00       1.00       0.00       0.00
       3.00       4.00       8.00       8.00       5.00       3.00       2.00       7.00      10.00       8.00
       4.00       4.00       7.00      12.00      21.00      29.00      30.00      32.00      35.00      51.00
      65.00      66.00      55.00      58.00      55.00      42.00      43.00      55.00      63.00      65.00
      75.00      79.00      75.00      78.00      80.00      68.00      47.00      32.00      25.00      14.00
       6.00      10.00      22.00      30.00      30.00      33.00      40.00      46.00      53.00      66.00
      78.00      76.00      56.00
      10.00      11.00      11.00      11.00      14.00       7.00       3.00       7.00       9.00      11.00
      19.00      22.00      18.00      17.00      15.00      14.00       9.00      10.00      13.00       6.00
       1.00       2.00       4.00       6.00       7.00       6.00       5.00       5.00       3.00       2.00
       2.00       3.00       2.00       2.00      12.00      29.00      35.00      39.00      45.00      52.00
      49.00      42.00      43.00      41.00      32.00      36.00      48.00      67.00      77.00      74.00
      76.00      73.00      61.00      50.00      36.00      22.00      12.00       7.00       8.00       9.00
      14.00      30.00      49.00      52.00      37.00      27.00      23.00      20.00      25.00      40.00
      46.00      34.00      14.00
      11.00      10.00       8.00      12.00      14.00       2.00       0.00       0.00       6.00      14.00
      23.00      25.00      17.00      14.00      21.00      26.00      33.00      27.00      35.00      27.00
      12.00       4.00       1.00       4.00      10.00      11.00       8.00       7.00      10.00      14.00
      21.00      26.00      25.00      21.00      25.00      39.00      46.00      59.00      73.00      66.00
      47.00      35.00      37.00      34.00      36.00      32.00      34.00      50.00      65.00      62.00
      52.00      38.00      23.00      15.00      10.00      10.00      10.00      14.00      16.00      16.00
      30.00      63.00      81.00      67.00      44.00      30.00      25.00      22.00      20.00      24.00
      25.00      16.00      11.00
       6.00       3.00       8.00      13.00      12.00       2.00       0.00       4.00       7.00      12.00
      17.00      24.00      21.00      16.00      22.00      36.00      39.00      43.00      45.00      37.00
      26.00      15.00       9.00      10.00      16.00      21.00      26.00      29.00      29.00      39.00
      56.00      55.00      43.00      40.00      46.00      49.00      53.00      71.00      79.00      70.00
      53.00      36.00      24.00      25.00      32.00      28.00      21.00      32.00      43.00      35.00
      28.00      27.00      27.00      24.00      17.00      13.00      14.00      23.00      28.00      28.00
      45.00      73.00      72.00      49.00      27.00      18.00      22.00      25.00      20.00      18.00
      25.00      30.00      37.00
       0.00       0.00       7.00      13.00      12.00       5.00       5.00      10.00      12.00      10.00
      14.00      27.00      30.00      22.00      24.00      41.00      33.00      44.00      47.00      49.00
      44.00      34.00      25.00      21.00      19.00      23.00      32.00      41.00      46.00      50.00
      59.00      55.00      44.00      46.00      48.00      49.00      60.00      80.00      81.00      65.00
      48.00      36.00      29.00      32.00      33.00      26.00      23.00      31.00      33.00      26.00
      26.00      41.00      52.00      43.00      29.00      18.00      13.00      18.00      27.00      32.00
      37.00      43.00      48.00      37.00      19.00      13.00      19.00      23.00      19.00      20.00
      32.00      38.00      47.00
       0.00       3.00       9.00      10.00       7.00       7.00      11.00      13.00      14.00      18.00
      24.00      35.00      39.00      28.00      34.00      50.00      47.00      35.00      40.00      52.00
      52.00      47.00      44.00      43.00      39.00      39.00      42.00      45.00      46.00      47.00
      45.00      35.00      37.00      45.00      48.00      49.00      57.00      68.00      64.00      57.00
      52.00      43.00      42.00      50.00      48.00      40.00      40.00      47.00      52.00      47.00
      42.00      51.00      50.00      42.00      39.00      35.00      21.00      11.00      16.00      23.00
      22.00      25.00      36.00      30.00      16.00      16.00      21.00      22.00      20.00      22.00
      31.00      33.00      37.00
       4.00      11.00      13.00      10.00      11.00      19.00      26.00      23.00      20.00      24.00
      31.00      34.00      35.00      30.00      43.00      39.00      61.00      50.00      39.00      33.00
      36.00      42.00      46.00      52.00      53.00      56.00      63.00      66.00      64.00      61.00
      57.00      43.00      38.00      46.00      53.00      51.00      51.00      52.00      46.00      46.00
      50.00      46.00      49.00      56.00      54.00      50.00      54.00      65.00      72.00      64.00
      51.00      46.00      38.00      36.00      48.00      53.00      37.00      16.00      14.00      24.00
      28.00      33.00      36.00      26.00      18.00      21.00      22.00      23.00      24.00      24.00
      27.00      24.00      22.00
      13.00      18.00      20.00      17.00      25.00      40.00      43.00      33.00      28.00      29.00
      31.00      29.00      26.00      29.00      43.00      48.00      72.00      70.00      58.00      48.00
      38.00      34.00      34.00      39.00      39.00      42.00      53.00      69.00      78.00      85.00
      86.00      72.00      57.00      49.00      51.00      53.00      57.00      57.00      50.00      46.00
      45.00      46.00      52.00      56.00      55.00      59.00      65.00      69.00      72.00      67.00
      57.00      50.00      46.00      47.00      54.00      57.00      45.00      32.00      33.00      38.00
      36.00      34.00      31.00      25.00      23.00      22.00      22.00      24.00      23.00      21.00
      18.00      11.00      11.00
      31.00      29.00      28.00      30.00      41.00      59.00      62.00      41.00      27.00      28.00
      37.00      34.00      26.00      25.00      34.00      47.00      60.00      80.00      84.00      68.00
      48.00      41.00      40.00      37.00      34.00      31.00      31.00      39.00      50.00      65.00
      82.00      85.00      68.00      42.00      40.00      61.00      74.00      69.00      62.00      57.00
      52.00      58.00      57.00      54.00      61.00      74.00      73.00      61.00      58.00      65.00
      68.00      68.00      68.00      62.00      53.00      48.00      41.00      39.00      39.00      32.00
      26.00      25.00      27.00      27.00      25.00      23.00      22.00      21.00      17.00      16.00
      13.00       8.00      10.00
      58.00      51.00      43.00      45.00      51.00      61.00      74.00      56.00      34.00      29.00
      41.00      49.00      38.00      25.00      20.00      25.00      45.00      70.00      67.00      55.00
      50.00      58.00      62.00      53.00      46.00      38.00      31.00      28.00      29.00      42.00
      61.00      70.00      59.00      38.00      41.00      64.00      71.00      63.00      65.00      70.00
      74.00      77.00      69.00      63.00      71.00      86.00      81.00      64.00      57.00      64.00
      71.00      70.00      66.00      59.00      50.00      44.00      41.00      43.00      36.00      22.00
      20.00      27.00      34.00      30.00      26.00      26.00      24.00      19.00      15.00      17.00
      17.00      17.00      17.00
      57.00      54.00      47.00      48.00      40.00      43.00      60.00      53.00      37.00      33.00
      39.00      54.00      58.00      37.00      25.00      32.00      46.00      62.00      69.00      54.00
      44.00      50.00      57.00      50.00      42.00      42.00      37.00      31.00      27.00      34.00
      48.00      57.00      54.00      49.00      55.00      53.00      44.00      45.00      54.00      67.00
      80.00      87.00      86.00      79.00      75.00      88.00      87.00      77.00      68.00      67.00
      65.00      56.00      49.00      48.00      45.00      40.00      39.00      44.00      44.00      33.00
      23.00      26.00      35.00      28.00      20.00      20.00      22.00      19.00      17.00      21.00
      23.00      24.00      21.00
      27.00      33.00      31.00      26.00      20.00      27.00      47.00      44.00      31.00      29.00
      38.00      58.00      64.00      43.00      38.00      43.00      48.00      63.00      66.00      45.00
      39.00      47.00      51.00      41.00      39.00      45.00      41.00      29.00      19.00      22.00
      36.00      49.00      50.00      58.00      64.00      44.00      38.00      51.00      56.00      58.00
      76.00      95.00      96.00      84.00      75.00      82.00      78.00      68.00      66.00      62.00
      54.00      48.00      48.00      48.00      42.00      33.00      30.00      35.00      43.00      44.00
      32.00      25.00      34.00      30.00      16.00      13.00      20.00      22.00      18.00      19.00
      22.00      24.00      22.00
