diamond 4 20年06月28日20时400百帕相对湿度
20 06 28  20  400 
2.500 -2.500  .0  180.0   90.0  .0
73  37
      26.00      26.00      26.00      26.00      26.00      26.00      26.00      26.00      26.00      26.00
      26.00      26.00      26.00      26.00      26.00      26.00      26.00      26.00      26.00      26.00
      26.00      26.00      26.00      26.00      26.00      26.00      26.00      26.00      26.00      26.00
      26.00      26.00      26.00      26.00      26.00      26.00      26.00      26.00      26.00      26.00
      26.00      26.00      26.00      26.00      26.00      26.00      26.00      26.00      26.00      26.00
      26.00      26.00      26.00      26.00      26.00      26.00      26.00      26.00      26.00      26.00
      26.00      26.00      26.00      26.00      26.00      26.00      26.00      26.00      26.00      26.00
      26.00      26.00      26.00
      34.00      34.00      35.00      35.00      35.00      36.00      36.00      36.00      36.00      37.00
      37.00      37.00      37.00      38.00      38.00      38.00      38.00      38.00      38.00      38.00
      37.00      37.00      37.00      36.00      36.00      36.00      35.00      34.00      34.00      33.00
      33.00      32.00      31.00      31.00      30.00      29.00      29.00      28.00      28.00      27.00
      27.00      26.00      26.00      25.00      25.00      25.00      25.00      25.00      24.00      24.00
      24.00      24.00      24.00      24.00      24.00      25.00      25.00      25.00      25.00      25.00
      25.00      25.00      25.00      25.00      24.00      24.00      24.00      24.00      24.00      24.00
      24.00      23.00      23.00
      40.00      37.00      34.00      31.00      28.00      26.00      23.00      21.00      19.00      18.00
      17.00      16.00      15.00      15.00      14.00      13.00      12.00      11.00      10.00       8.00
       7.00       6.00       5.00       4.00       3.00       2.00       2.00       1.00       1.00       1.00
       1.00       1.00       1.00       1.00       1.00       1.00       1.00       2.00       2.00       2.00
       2.00       3.00       3.00       3.00       4.00       4.00       5.00       5.00       6.00       7.00
       7.00       8.00       9.00      10.00      11.00      12.00      13.00      14.00      15.00      16.00
      17.00      20.00      21.00      23.00      25.00      26.00      27.00      28.00      29.00      29.00
      30.00      30.00      31.00
      59.00      54.00      48.00      42.00      35.00      29.00      23.00      18.00      15.00      14.00
      14.00      14.00      14.00      14.00      14.00      14.00      13.00      11.00       8.00       4.00
       2.00       0.00       0.00       0.00       0.00       0.00       0.00       0.00       0.00       1.00
       3.00       5.00       8.00      10.00      12.00      13.00      14.00      15.00      15.00      15.00
      14.00      13.00      12.00      11.00       9.00       7.00       6.00       5.00       4.00       2.00
       1.00       0.00       0.00       0.00       0.00       0.00       0.00       0.00       1.00       2.00
       4.00       6.00       8.00      11.00      15.00      19.00      23.00      26.00      29.00      32.00
      34.00      36.00      39.00
      52.00      51.00      48.00      43.00      36.00      29.00      21.00      14.00      10.00      10.00
      11.00      13.00      19.00      24.00      29.00      32.00      33.00      32.00      29.00      25.00
      21.00      18.00      17.00      17.00      20.00      23.00      27.00      31.00      34.00      35.00
      35.00      33.00      29.00      25.00      21.00      18.00      15.00      14.00      14.00      14.00
      14.00      15.00      17.00      19.00      20.00      22.00      23.00      24.00      26.00      27.00
      29.00      29.00      28.00      27.00      24.00      21.00      18.00      15.00      13.00      13.00
      15.00      18.00      23.00      28.00      33.00      38.00      41.00      43.00      43.00      42.00
      40.00      39.00      38.00
      23.00      24.00      27.00      30.00      31.00      30.00      25.00      18.00      10.00       5.00
       4.00       4.00       6.00       8.00      14.00      18.00      19.00      19.00      17.00      15.00
      12.00      11.00      11.00      13.00      15.00      16.00      16.00      15.00      12.00      10.00
       8.00       6.00       5.00       4.00       4.00       5.00       9.00      12.00      16.00      19.00
      21.00      23.00      23.00      23.00      22.00      21.00      20.00      21.00      25.00      31.00
      40.00      50.00      60.00      68.00      71.00      70.00      65.00      58.00      51.00      46.00
      43.00      44.00      49.00      55.00      61.00      65.00      67.00      65.00      61.00      54.00
      48.00      41.00      36.00
      55.00      55.00      59.00      64.00      68.00      69.00      65.00      55.00      42.00      29.00
      18.00      11.00       8.00       8.00      10.00      11.00      12.00      13.00      13.00      14.00
      15.00      16.00      16.00      14.00      11.00       6.00       3.00       1.00       1.00       5.00
      14.00      25.00      35.00      44.00      50.00      53.00      53.00      50.00      47.00      44.00
      42.00      40.00      39.00      36.00      32.00      27.00      22.00      18.00      17.00      20.00
      28.00      40.00      55.00      68.00      76.00      78.00      73.00      65.00      56.00      49.00
      47.00      49.00      53.00      58.00      62.00      63.00      62.00      59.00      56.00      54.00
      54.00      57.00      62.00
      85.00      85.00      87.00      89.00      88.00      84.00      76.00      65.00      52.00      40.00
      31.00      26.00      24.00      22.00      18.00      14.00      12.00      14.00      20.00      27.00
      34.00      36.00      34.00      28.00      21.00      17.00      19.00      26.00      36.00      48.00
      59.00      68.00      75.00      78.00      75.00      68.00      56.00      43.00      31.00      23.00
      21.00      24.00      29.00      35.00      39.00      39.00      36.00      31.00      27.00      27.00
      30.00      37.00      45.00      51.00      52.00      50.00      46.00      44.00      47.00      56.00
      67.00      75.00      78.00      76.00      69.00      62.00      57.00      56.00      61.00      66.00
      69.00      71.00      74.00
      56.00      57.00      57.00      57.00      58.00      60.00      62.00      62.00      58.00      53.00
      48.00      44.00      41.00      35.00      23.00      10.00       4.00       7.00      20.00      35.00
      46.00      50.00      46.00      37.00      31.00      33.00      42.00      53.00      61.00      64.00
      63.00      58.00      51.00      43.00      34.00      24.00      12.00       3.00       0.00       0.00
       0.00       4.00      15.00      25.00      32.00      36.00      36.00      32.00      28.00      26.00
      27.00      30.00      32.00      30.00      25.00      20.00      19.00      25.00      40.00      60.00
      78.00      89.00      91.00      82.00      63.00      41.00      27.00      29.00      43.00      56.00
      55.00      37.00      16.00
      46.00      43.00      39.00      37.00      39.00      46.00      57.00      66.00      69.00      65.00
      57.00      49.00      42.00      32.00      19.00       6.00       3.00       8.00      26.00      45.00
      57.00      56.00      42.00      25.00      17.00      25.00      39.00      50.00      55.00      53.00
      47.00      37.00      26.00      16.00      10.00       5.00       1.00       0.00       1.00       9.00
      19.00      25.00      26.00      26.00      27.00      28.00      29.00      26.00      22.00      18.00
      18.00      24.00      32.00      34.00      31.00      26.00      24.00      29.00      39.00      51.00
      64.00      77.00      85.00      81.00      63.00      39.00      22.00      22.00      32.00      39.00
      31.00       8.00       0.00
      78.00      78.00      77.00      75.00      74.00      71.00      71.00      70.00      68.00      63.00
      58.00      50.00      40.00      28.00      17.00      10.00      11.00      25.00      47.00      66.00
      73.00      62.00      38.00      16.00      11.00      21.00      35.00      47.00      57.00      63.00
      63.00      56.00      45.00      35.00      27.00      22.00      20.00      19.00      19.00      22.00
      29.00      34.00      36.00      38.00      42.00      46.00      47.00      41.00      32.00      26.00
      27.00      33.00      39.00      40.00      36.00      30.00      26.00      25.00      26.00      27.00
      32.00      44.00      58.00      66.00      63.00      52.00      40.00      37.00      44.00      50.00
      49.00      43.00      41.00
      61.00      71.00      87.00     100.00     100.00      85.00      61.00      45.00      42.00      45.00
      46.00      41.00      32.00      22.00      14.00       8.00       9.00      20.00      36.00      49.00
      47.00      32.00      18.00      19.00      25.00      25.00      24.00      32.00      50.00      67.00
      75.00      69.00      55.00      43.00      37.00      35.00      34.00      34.00      31.00      27.00
      25.00      29.00      35.00      43.00      47.00      45.00      40.00      34.00      28.00      27.00
      30.00      33.00      32.00      24.00      14.00       7.00       7.00      13.00      17.00      17.00
      20.00      32.00      49.00      59.00      58.00      48.00      36.00      34.00      39.00      41.00
      37.00      37.00      47.00
      10.00      28.00      63.00      94.00      99.00      85.00      54.00      28.00      13.00      12.00
      18.00      22.00      23.00      20.00      16.00      16.00      18.00      21.00      25.00      27.00
      23.00      18.00      26.00      49.00      60.00      45.00      25.00      19.00      31.00      47.00
      51.00      40.00      27.00      23.00      25.00      28.00      34.00      40.00      40.00      32.00
      16.00       9.00      19.00      33.00      41.00      37.00      28.00      24.00      25.00      26.00
      26.00      25.00      25.00      23.00      22.00      23.00      25.00      27.00      26.00      25.00
      28.00      39.00      48.00      49.00      44.00      38.00      36.00      39.00      42.00      42.00
      42.00      45.00      52.00
      22.00       9.00      15.00      61.00      87.00      90.00      74.00      46.00      20.00      10.00
      15.00      29.00      38.00      34.00      26.00      23.00      26.00      27.00      23.00      17.00
      13.00      14.00      28.00      53.00      67.00      56.00      38.00      38.00      54.00      68.00
      63.00      39.00      17.00      16.00      19.00      16.00      18.00      27.00      35.00      33.00
      19.00       4.00       5.00      23.00      36.00      35.00      30.00      31.00      36.00      39.00
      36.00      29.00      22.00      21.00      27.00      37.00      42.00      39.00      29.00      24.00
      28.00      33.00      33.00      29.00      29.00      37.00      47.00      49.00      46.00      44.00
      43.00      43.00      40.00
      59.00       1.00       0.00      36.00      78.00      92.00      86.00      61.00      31.00      12.00
      15.00      36.00      53.00      50.00      36.00      29.00      30.00      28.00      18.00       9.00
       5.00       5.00       7.00      16.00      21.00      15.00      15.00      36.00      69.00      89.00
      86.00      61.00      29.00      24.00      32.00      32.00      28.00      28.00      29.00      28.00
      24.00      21.00      24.00      33.00      37.00      40.00      37.00      28.00      24.00      37.00
      57.00      64.00      46.00      10.00       0.00      10.00      32.00      44.00      41.00      36.00
      38.00      38.00      28.00      18.00      24.00      39.00      46.00      43.00      38.00      29.00
      20.00      16.00      13.00
      27.00       5.00      18.00      54.00      68.00      69.00      62.00      49.00      30.00      12.00
       7.00      24.00      47.00      53.00      48.00      43.00      43.00      40.00      36.00      36.00
      35.00      30.00      28.00      30.00      27.00      20.00      26.00      47.00      69.00      81.00
      84.00      67.00      36.00      29.00      39.00      48.00      49.00      37.00      25.00      23.00
      33.00      34.00      33.00      38.00      43.00      49.00      44.00      28.00      12.00      22.00
      55.00      79.00      84.00      61.00      35.00      31.00      40.00      40.00      26.00      18.00
      27.00      33.00      23.00      10.00       6.00       8.00      12.00      18.00      18.00      13.00
       8.00      14.00      22.00
      18.00      49.00      62.00      60.00      48.00      37.00      32.00      32.00      34.00      32.00
      26.00      29.00      41.00      49.00      50.00      47.00      41.00      34.00      32.00      38.00
      39.00      32.00      28.00      29.00      26.00      25.00      40.00      59.00      58.00      38.00
      25.00      39.00      53.00      53.00      45.00      41.00      49.00      35.00      27.00      10.00
       4.00      31.00      47.00      48.00      46.00      49.00      48.00      45.00      40.00      39.00
      47.00      63.00      78.00      79.00      63.00      46.00      41.00      38.00      36.00      46.00
      70.00      80.00      69.00      57.00      54.00      47.00      39.00      40.00      37.00      21.00
      10.00      24.00      44.00
      51.00      69.00      71.00      46.00      15.00       8.00      13.00      17.00      25.00      42.00
      43.00      31.00      25.00      27.00      27.00      22.00      16.00       6.00       3.00      10.00
      18.00      17.00      18.00      27.00      30.00      31.00      42.00      54.00      39.00       5.00
       0.00      43.00      83.00      78.00      67.00      42.00      20.00      19.00      22.00      12.00
      20.00      58.00      81.00      77.00      64.00      67.00      69.00      65.00      53.00      34.00
      18.00      17.00      36.00      52.00      43.00      29.00      37.00      52.00      59.00      70.00
      89.00      90.00      76.00      74.00      90.00     100.00      98.00      91.00      79.00      54.00
      22.00      13.00      27.00
      49.00      57.00      51.00      30.00      16.00      15.00      12.00       4.00      13.00      35.00
      34.00      18.00      14.00      14.00       4.00       0.00       4.00       6.00       6.00      15.00
      45.00      51.00      31.00      16.00      19.00      31.00      44.00      47.00      29.00       6.00
      19.00      72.00      79.00      76.00      63.00      46.00      25.00      23.00      27.00      11.00
       8.00      42.00      69.00      60.00      43.00      56.00      71.00      53.00      36.00      28.00
      25.00      26.00      37.00      52.00      53.00      54.00      63.00      65.00      56.00      54.00
      62.00      61.00      51.00      48.00      61.00      78.00      89.00      96.00      96.00      79.00
      40.00       1.00       3.00
      27.00      23.00      16.00      14.00      15.00      15.00      13.00      13.00      21.00      30.00
      18.00       9.00      14.00       9.00       3.00       8.00      22.00      15.00      28.00      61.00
      87.00     100.00      72.00      31.00       5.00       4.00      16.00      23.00      14.00      14.00
      46.00      50.00      54.00      75.00      69.00      52.00      29.00      25.00      42.00      38.00
      19.00      24.00      46.00      44.00      26.00      44.00      75.00      66.00      43.00      39.00
      36.00      29.00      10.00      25.00      51.00      64.00      58.00      47.00      59.00      79.00
      87.00      88.00      83.00      78.00      79.00      83.00      87.00      94.00      98.00      90.00
      59.00      14.00       0.00
      23.00      19.00      12.00      13.00      13.00      14.00      26.00      36.00      29.00      13.00
       6.00       5.00       6.00       1.00       2.00       6.00      13.00      47.00      63.00      44.00
      50.00      70.00      87.00      68.00      44.00      21.00       4.00       2.00      16.00      17.00
      60.00      45.00      31.00      37.00      55.00      57.00      29.00      24.00      50.00      59.00
      33.00      25.00      38.00      26.00      10.00      43.00      94.00      90.00      67.00      41.00
      17.00       8.00       4.00      34.00      66.00      62.00      23.00      30.00      74.00      94.00
      98.00     100.00     100.00     100.00     100.00      96.00      94.00      93.00      93.00      90.00
      69.00      36.00      18.00
      28.00      23.00      20.00      20.00      21.00      23.00      28.00      26.00      17.00       8.00
       5.00       3.00       1.00       0.00       2.00       1.00       2.00      12.00      25.00      16.00
      13.00      22.00      39.00      51.00      54.00      52.00      42.00      27.00      18.00       3.00
      29.00      67.00      56.00      45.00      52.00      24.00      16.00      40.00      58.00      55.00
      33.00      28.00      11.00       1.00      13.00      67.00      95.00      91.00      77.00      41.00
      11.00       2.00      17.00      36.00      42.00      22.00      16.00      61.00      89.00      96.00
      97.00      94.00      87.00      79.00      71.00      72.00      82.00      86.00      84.00      84.00
      77.00      66.00      64.00
      26.00      24.00      27.00      34.00      31.00      21.00      14.00       8.00       5.00       4.00
       3.00       1.00       1.00       3.00       7.00       7.00       3.00       4.00       9.00       0.00
       0.00       3.00       1.00       3.00      14.00      34.00      48.00      17.00      16.00      20.00
      15.00      45.00      62.00      28.00       5.00       0.00       6.00      45.00      66.00      70.00
      55.00      36.00      18.00      24.00      51.00      74.00      84.00      81.00      67.00      38.00
       9.00       1.00       0.00       0.00       0.00       7.00      46.00      84.00      97.00      89.00
      77.00      64.00      47.00      33.00      26.00      37.00      59.00      71.00      70.00      77.00
      91.00      96.00      98.00
      43.00      44.00      33.00      27.00      24.00      11.00       3.00       2.00       1.00       0.00
       0.00       2.00       5.00       4.00       7.00      11.00       7.00       4.00       4.00       8.00
       9.00       0.00       0.00       1.00       0.00       3.00      10.00       3.00      15.00      15.00
      16.00      20.00      18.00       1.00      21.00      29.00      46.00      59.00      65.00      72.00
      84.00      54.00      47.00      64.00      74.00      70.00      76.00      79.00      75.00      67.00
      58.00      53.00      47.00      38.00      41.00      59.00      81.00      93.00      80.00      53.00
      32.00      17.00      12.00      12.00      12.00      20.00      34.00      44.00      51.00      71.00
      97.00     100.00     100.00
      42.00      42.00      25.00      19.00      16.00       5.00       2.00       2.00       3.00       4.00
       5.00       8.00      12.00      11.00       8.00       5.00       3.00       3.00       0.00       0.00
       1.00       0.00       0.00       3.00       0.00       1.00       4.00       2.00      10.00       7.00
       4.00       3.00      13.00      17.00       0.00       0.00      30.00      81.00      48.00      43.00
      65.00      71.00      61.00      71.00      71.00      69.00      85.00      96.00      91.00      88.00
      88.00      86.00      86.00      88.00      95.00      98.00      91.00      68.00      42.00      27.00
      20.00      20.00      26.00      26.00      20.00      21.00      28.00      35.00      49.00      74.00
     100.00     100.00      97.00
      27.00      24.00      17.00      18.00      13.00       3.00       6.00      13.00      13.00      17.00
      19.00      14.00      11.00      12.00      12.00      11.00       9.00       8.00       2.00       0.00
       2.00       5.00       6.00       7.00       4.00       2.00       1.00       1.00       8.00      11.00
       6.00       4.00       7.00      19.00      41.00      36.00      39.00      45.00      41.00      50.00
      66.00      64.00      58.00      55.00      53.00      61.00      68.00      59.00      53.00      51.00
      54.00      68.00      84.00      91.00      91.00      81.00      58.00      35.00      23.00      26.00
      33.00      38.00      42.00      35.00      25.00      25.00      32.00      41.00      59.00      82.00
      93.00      84.00      65.00
      13.00      11.00      10.00       8.00       5.00       0.00       9.00      20.00      20.00      21.00
      20.00      16.00      12.00      15.00      21.00      24.00      24.00      16.00       8.00       1.00
       1.00       4.00       4.00       4.00       3.00       5.00       6.00       3.00       2.00       2.00
       0.00       0.00       3.00       8.00      13.00      27.00      47.00      51.00      49.00      57.00
      55.00      31.00      32.00      34.00      34.00      37.00      30.00      33.00      46.00      49.00
      48.00      62.00      78.00      72.00      54.00      37.00      21.00      13.00      15.00      29.00
      46.00      48.00      43.00      37.00      27.00      19.00      20.00      35.00      58.00      73.00
      64.00      38.00      21.00
      10.00      12.00      12.00       4.00       0.00       2.00      10.00      16.00      19.00      19.00
      19.00      20.00      19.00      26.00      28.00      27.00      26.00      14.00       6.00       8.00
       8.00       7.00       2.00       0.00       2.00       9.00      14.00       9.00       7.00      12.00
      17.00      23.00      29.00      30.00      28.00      35.00      48.00      55.00      64.00      61.00
      46.00      32.00      34.00      31.00      33.00      28.00      29.00      46.00      61.00      55.00
      45.00      43.00      39.00      23.00       9.00       9.00      12.00       9.00      11.00      24.00
      47.00      53.00      43.00      35.00      24.00      11.00      11.00      29.00      44.00      41.00
      25.00      17.00      24.00
       8.00      13.00      12.00       4.00       0.00       4.00      10.00      10.00      14.00      19.00
      23.00      28.00      26.00      25.00      25.00      29.00      26.00      19.00      10.00      18.00
      22.00      18.00      12.00      10.00      10.00      16.00      20.00      24.00      40.00      52.00
      49.00      46.00      50.00      55.00      47.00      41.00      50.00      57.00      58.00      55.00
      36.00      27.00      29.00      28.00      28.00      26.00      24.00      32.00      41.00      36.00
      25.00      19.00      16.00       9.00       7.00      20.00      29.00      21.00      15.00      18.00
      27.00      35.00      36.00      32.00      24.00      14.00      16.00      28.00      29.00      22.00
      25.00      46.00      52.00
       6.00      13.00      10.00       2.00       1.00       7.00      13.00      12.00      12.00      16.00
      27.00      33.00      33.00      23.00      22.00      34.00      35.00      29.00      31.00      33.00
      39.00      40.00      33.00      30.00      29.00      32.00      37.00      46.00      56.00      52.00
      42.00      37.00      37.00      40.00      47.00      59.00      70.00      70.00      63.00      52.00
      35.00      34.00      32.00      25.00      30.00      39.00      32.00      27.00      36.00      36.00
      27.00      30.00      38.00      32.00      20.00      16.00      22.00      22.00      17.00      16.00
      20.00      29.00      33.00      32.00      26.00      16.00      15.00      21.00      20.00      30.00
      59.00      76.00      62.00
      10.00      17.00      11.00      11.00      16.00      20.00      22.00      18.00      15.00      17.00
      26.00      33.00      37.00      31.00      25.00      37.00      41.00      37.00      43.00      45.00
      47.00      47.00      39.00      31.00      28.00      36.00      48.00      55.00      51.00      35.00
      30.00      30.00      36.00      40.00      53.00      69.00      73.00      69.00      62.00      52.00
      44.00      46.00      45.00      36.00      44.00      63.00      57.00      41.00      44.00      42.00
      38.00      50.00      55.00      47.00      34.00      26.00      25.00      24.00      16.00      14.00
      25.00      31.00      28.00      26.00      26.00      19.00      15.00      18.00      23.00      43.00
      68.00      64.00      50.00
      15.00      21.00      23.00      31.00      39.00      34.00      31.00      28.00      29.00      31.00
      31.00      33.00      50.00      49.00      35.00      29.00      44.00      32.00      32.00      32.00
      37.00      40.00      31.00      22.00      27.00      38.00      55.00      68.00      69.00      51.00
      43.00      39.00      37.00      42.00      54.00      60.00      58.00      56.00      53.00      53.00
      54.00      56.00      59.00      51.00      47.00      61.00      66.00      59.00      57.00      55.00
      53.00      57.00      58.00      56.00      57.00      57.00      50.00      38.00      24.00      22.00
      32.00      35.00      29.00      28.00      30.00      25.00      19.00      19.00      25.00      36.00
      46.00      38.00      29.00
      24.00      30.00      37.00      48.00      55.00      43.00      34.00      33.00      37.00      33.00
      24.00      27.00      52.00      66.00      52.00      49.00      53.00      28.00      25.00      30.00
      35.00      34.00      31.00      30.00      39.00      48.00      59.00      77.00      89.00      77.00
      63.00      52.00      40.00      41.00      52.00      54.00      48.00      50.00      51.00      49.00
      49.00      48.00      50.00      51.00      48.00      52.00      63.00      73.00      73.00      76.00
      70.00      61.00      63.00      62.00      61.00      66.00      60.00      44.00      33.00      30.00
      36.00      35.00      29.00      30.00      32.00      30.00      25.00      22.00      24.00      26.00
      30.00      26.00      15.00
      45.00      43.00      50.00      55.00      54.00      54.00      40.00      37.00      37.00      32.00
      23.00      18.00      35.00      51.00      51.00      62.00      60.00      33.00      32.00      39.00
      37.00      35.00      40.00      42.00      39.00      32.00      38.00      58.00      68.00      63.00
      58.00      54.00      47.00      42.00      49.00      53.00      47.00      47.00      50.00      46.00
      45.00      53.00      50.00      52.00      56.00      57.00      68.00      80.00      85.00      92.00
      85.00      75.00      73.00      63.00      56.00      56.00      46.00      33.00      27.00      30.00
      39.00      36.00      27.00      29.00      34.00      33.00      30.00      27.00      26.00      26.00
      29.00      24.00      14.00
      66.00      55.00      57.00      53.00      39.00      45.00      45.00      41.00      39.00      41.00
      46.00      25.00      18.00      35.00      41.00      46.00      52.00      52.00      51.00      55.00
      48.00      44.00      45.00      46.00      38.00      24.00      24.00      46.00      47.00      41.00
      42.00      43.00      46.00      45.00      45.00      49.00      51.00      50.00      51.00      53.00
      60.00      66.00      66.00      70.00      68.00      70.00      86.00      90.00      89.00      87.00
      79.00      72.00      63.00      51.00      51.00      53.00      44.00      32.00      27.00      35.00
      45.00      39.00      29.00      29.00      30.00      26.00      22.00      21.00      22.00      25.00
      26.00      21.00      18.00
      57.00      50.00      44.00      34.00      25.00      42.00      40.00      33.00      36.00      48.00
      58.00      42.00      18.00      20.00      32.00      47.00      45.00      50.00      55.00      60.00
      59.00      50.00      45.00      46.00      44.00      30.00      25.00      36.00      36.00      28.00
      34.00      41.00      43.00      46.00      42.00      39.00      45.00      49.00      52.00      59.00
      67.00      72.00      82.00      89.00      77.00      78.00      87.00      80.00      71.00      62.00
      57.00      54.00      42.00      34.00      41.00      52.00      56.00      47.00      38.00      41.00
      44.00      39.00      31.00      29.00      27.00      21.00      17.00      17.00      18.00      21.00
      23.00      18.00      17.00
      33.00      29.00      22.00      12.00      22.00      57.00      49.00      29.00      30.00      43.00
      51.00      44.00      22.00      12.00      17.00      34.00      33.00      44.00      46.00      43.00
      52.00      51.00      43.00      40.00      36.00      23.00      17.00      25.00      26.00      21.00
      25.00      32.00      31.00      36.00      41.00      40.00      45.00      48.00      47.00      51.00
      62.00      73.00      85.00      85.00      73.00      69.00      68.00      67.00      56.00      45.00
      43.00      46.00      42.00      40.00      40.00      40.00      41.00      36.00      33.00      36.00
      35.00      36.00      36.00      33.00      30.00      25.00      21.00      21.00      19.00      19.00
      22.00      19.00      22.00
