diamond 4 20年06月29日20时400百帕相对湿度
20 06 29  20  400 
2.500 -2.500  .0  180.0   90.0  .0
73  37
      17.00      17.00      17.00      17.00      17.00      17.00      17.00      17.00      17.00      17.00
      17.00      17.00      17.00      17.00      17.00      17.00      17.00      17.00      17.00      17.00
      17.00      17.00      17.00      17.00      17.00      17.00      17.00      17.00      17.00      17.00
      17.00      17.00      17.00      17.00      17.00      17.00      17.00      17.00      17.00      17.00
      17.00      17.00      17.00      17.00      17.00      17.00      17.00      17.00      17.00      17.00
      17.00      17.00      17.00      17.00      17.00      17.00      17.00      17.00      17.00      17.00
      17.00      17.00      17.00      17.00      17.00      17.00      17.00      17.00      17.00      17.00
      17.00      17.00      17.00
      34.00      33.00      32.00      31.00      30.00      29.00      28.00      27.00      25.00      24.00
      23.00      21.00      20.00      18.00      17.00      15.00      14.00      13.00      11.00      10.00
       8.00       7.00       6.00       5.00       5.00       4.00       3.00       3.00       3.00       2.00
       2.00       2.00       1.00       1.00       1.00       1.00       1.00       1.00       1.00       1.00
       1.00       1.00       1.00       1.00       1.00       1.00       1.00       1.00       1.00       2.00
       2.00       2.00       2.00       2.00       2.00       3.00       3.00       3.00       3.00       4.00
       4.00       5.00       5.00       5.00       6.00       6.00       7.00       8.00       9.00      10.00
      12.00      13.00      15.00
      71.00      69.00      66.00      64.00      60.00      57.00      53.00      49.00      46.00      42.00
      38.00      34.00      30.00      27.00      23.00      19.00      16.00      12.00      10.00       8.00
       6.00       4.00       3.00       1.00       0.00       0.00       0.00       0.00       0.00       0.00
       0.00       0.00       0.00       0.00       0.00       0.00       0.00       0.00       0.00       0.00
       0.00       0.00       0.00       0.00       0.00       0.00       0.00       0.00       0.00       0.00
       0.00       0.00       0.00       0.00       0.00       0.00       0.00       0.00       0.00       0.00
       1.00       1.00       2.00       3.00       4.00       5.00       6.00       7.00       8.00       9.00
      11.00      14.00      16.00
      75.00      72.00      67.00      62.00      56.00      50.00      43.00      36.00      29.00      23.00
      18.00      13.00      10.00       8.00       8.00       8.00       8.00       8.00       7.00       5.00
       3.00       1.00       0.00       0.00       0.00       0.00       0.00       2.00       4.00       6.00
       9.00      12.00      15.00      17.00      20.00      21.00      22.00      23.00      23.00      22.00
      21.00      18.00      16.00      12.00       8.00       4.00       2.00       0.00       0.00       0.00
       0.00       0.00       0.00       0.00       0.00       0.00       0.00       0.00       0.00       1.00
       2.00       3.00       4.00       4.00       5.00       6.00       6.00       7.00       8.00      10.00
      11.00      13.00      18.00
      63.00      60.00      55.00      48.00      40.00      31.00      22.00      15.00       9.00       5.00
       3.00       4.00       6.00       9.00      11.00      12.00      13.00      13.00      13.00      14.00
      15.00      16.00      19.00      23.00      28.00      34.00      40.00      46.00      51.00      56.00
      60.00      63.00      65.00      66.00      67.00      68.00      68.00      68.00      69.00      69.00
      69.00      69.00      67.00      65.00      62.00      57.00      51.00      44.00      37.00      28.00
      20.00      12.00       5.00       1.00       2.00       4.00       6.00       8.00      10.00      11.00
      12.00      13.00      16.00      20.00      23.00      25.00      27.00      27.00      27.00      26.00
      25.00      24.00      24.00
      46.00      43.00      40.00      37.00      36.00      35.00      34.00      33.00      30.00      27.00
      23.00      20.00      18.00      16.00      15.00      14.00      13.00      11.00       9.00       8.00
       8.00      11.00      16.00      24.00      32.00      40.00      47.00      52.00      56.00      57.00
      57.00      55.00      52.00      49.00      45.00      42.00      40.00      40.00      42.00      45.00
      50.00      54.00      58.00      59.00      58.00      55.00      50.00      45.00      41.00      37.00
      34.00      32.00      31.00      31.00      31.00      33.00      34.00      34.00      34.00      34.00
      35.00      38.00      42.00      48.00      54.00      59.00      63.00      65.00      65.00      62.00
      57.00      50.00      42.00
      31.00      28.00      25.00      23.00      23.00      26.00      31.00      35.00      35.00      31.00
      24.00      16.00      11.00       9.00      10.00      12.00      12.00       9.00       6.00       3.00
       3.00       8.00      16.00      26.00      35.00      44.00      51.00      55.00      56.00      54.00
      50.00      44.00      38.00      31.00      24.00      18.00      13.00      11.00       9.00      10.00
      15.00      21.00      25.00      28.00      27.00      24.00      20.00      17.00      16.00      17.00
      21.00      27.00      35.00      44.00      51.00      55.00      55.00      51.00      44.00      39.00
      38.00      41.00      48.00      55.00      61.00      65.00      67.00      66.00      64.00      60.00
      57.00      53.00      49.00
      18.00      15.00      11.00       9.00      10.00      14.00      22.00      31.00      36.00      34.00
      28.00      20.00      17.00      18.00      24.00      32.00      36.00      34.00      26.00      17.00
      13.00      16.00      24.00      34.00      44.00      53.00      58.00      59.00      57.00      51.00
      44.00      39.00      36.00      35.00      36.00      38.00      38.00      37.00      35.00      33.00
      32.00      32.00      33.00      33.00      31.00      26.00      20.00      15.00      12.00      14.00
      20.00      32.00      46.00      59.00      69.00      72.00      69.00      60.00      49.00      39.00
      36.00      40.00      50.00      60.00      67.00      69.00      66.00      61.00      56.00      54.00
      55.00      59.00      64.00
      14.00      17.00      20.00      20.00      20.00      22.00      27.00      35.00      41.00      42.00
      37.00      30.00      24.00      24.00      31.00      41.00      47.00      44.00      34.00      23.00
      17.00      21.00      33.00      48.00      62.00      72.00      76.00      72.00      61.00      46.00
      29.00      16.00      10.00      11.00      17.00      26.00      35.00      42.00      44.00      41.00
      37.00      34.00      34.00      37.00      39.00      38.00      33.00      26.00      19.00      16.00
      16.00      22.00      33.00      44.00      52.00      57.00      57.00      53.00      44.00      35.00
      30.00      31.00      35.00      38.00      38.00      35.00      30.00      28.00      30.00      35.00
      41.00      47.00      53.00
      75.00      83.00      87.00      86.00      82.00      79.00      78.00      78.00      77.00      72.00
      63.00      51.00      41.00      36.00      38.00      41.00      40.00      33.00      20.00       9.00
       6.00      11.00      22.00      36.00      50.00      59.00      62.00      58.00      50.00      40.00
      31.00      25.00      22.00      23.00      29.00      39.00      48.00      54.00      54.00      47.00
      37.00      28.00      23.00      22.00      25.00      28.00      28.00      26.00      23.00      22.00
      20.00      19.00      19.00      22.00      29.00      38.00      48.00      55.00      57.00      55.00
      52.00      51.00      50.00      45.00      36.00      25.00      17.00      18.00      24.00      28.00
      26.00      20.00      19.00
      95.00      99.00     100.00      99.00      98.00      99.00     100.00     100.00     100.00      97.00
      83.00      66.00      53.00      45.00      41.00      38.00      31.00      20.00      12.00      10.00
       7.00       5.00       7.00      11.00      19.00      26.00      30.00      30.00      31.00      37.00
      50.00      61.00      65.00      63.00      60.00      59.00      59.00      59.00      58.00      54.00
      47.00      39.00      33.00      28.00      25.00      23.00      20.00      17.00      18.00      22.00
      27.00      29.00      27.00      27.00      33.00      51.00      73.00      90.00      92.00      80.00
      69.00      64.00      64.00      63.00      57.00      47.00      41.00      42.00      47.00      50.00
      47.00      40.00      33.00
      56.00      71.00      81.00      85.00      81.00      76.00      80.00      89.00      92.00      91.00
      86.00      77.00      61.00      45.00      36.00      33.00      29.00      25.00      24.00      28.00
      30.00      25.00      18.00      15.00      21.00      29.00      32.00      29.00      24.00      26.00
      33.00      38.00      31.00      22.00      25.00      40.00      52.00      57.00      54.00      48.00
      39.00      30.00      27.00      27.00      26.00      24.00      20.00      16.00      14.00      15.00
      19.00      24.00      27.00      28.00      31.00      43.00      62.00      77.00      77.00      66.00
      59.00      61.00      68.00      69.00      63.00      55.00      47.00      40.00      30.00      16.00
       4.00       2.00       6.00
      81.00      98.00      99.00      97.00      51.00       7.00      12.00      40.00      64.00      82.00
      90.00      81.00      59.00      35.00      24.00      24.00      26.00      20.00      12.00      12.00
      21.00      32.00      36.00      34.00      32.00      30.00      28.00      26.00      21.00      20.00
      28.00      34.00      26.00      21.00      36.00      62.00      78.00      76.00      63.00      44.00
      28.00      19.00      21.00      29.00      37.00      41.00      41.00      35.00      27.00      22.00
      21.00      24.00      27.00      25.00      21.00      17.00      18.00      21.00      25.00      26.00
      26.00      30.00      42.00      52.00      58.00      61.00      61.00      62.00      59.00      48.00
      32.00      19.00      11.00
      83.00      81.00      75.00      63.00      45.00      25.00      20.00      33.00      56.00      80.00
      91.00      77.00      47.00      17.00       9.00      14.00      20.00      14.00       3.00       9.00
      27.00      61.00      85.00      82.00      57.00      36.00      35.00      48.00      55.00      50.00
      45.00      38.00      28.00      28.00      44.00      67.00      79.00      73.00      54.00      33.00
      23.00      24.00      29.00      33.00      39.00      49.00      60.00      63.00      51.00      30.00
      15.00      11.00      16.00      26.00      34.00      32.00      25.00      22.00      22.00      24.00
      22.00      15.00      10.00      16.00      27.00      32.00      34.00      41.00      52.00      63.00
      69.00      69.00      67.00
      47.00      52.00      51.00      43.00      39.00      47.00      57.00      61.00      69.00      82.00
      88.00      75.00      46.00      18.00      10.00      14.00      19.00      14.00       9.00       9.00
       7.00       6.00      15.00      26.00      22.00      19.00      29.00      46.00      50.00      45.00
      39.00      24.00       6.00       6.00      27.00      59.00      76.00      73.00      58.00      39.00
      27.00      26.00      25.00      20.00      20.00      39.00      62.00      70.00      54.00      28.00
      13.00      10.00       8.00       7.00      17.00      28.00      27.00      22.00      27.00      44.00
      53.00      42.00      20.00      11.00      16.00      20.00      22.00      20.00      20.00      21.00
      24.00      32.00      41.00
      42.00      45.00      40.00      35.00      46.00      72.00      82.00      75.00      69.00      66.00
      63.00      55.00      40.00      21.00      11.00      14.00      18.00      17.00      20.00      26.00
      21.00      11.00      15.00      37.00      58.00      65.00      60.00      45.00      33.00      44.00
      64.00      56.00      28.00      15.00      31.00      65.00      76.00      50.00      25.00       7.00
       4.00      28.00      40.00      36.00      34.00      51.00      75.00      72.00      43.00      19.00
      20.00      29.00      25.00       5.00       3.00      31.00      51.00      40.00      28.00      43.00
      66.00      70.00      60.00      61.00      73.00      82.00      81.00      75.00      66.00      48.00
      28.00      22.00      26.00
      29.00      29.00      25.00      22.00      26.00      49.00      70.00      71.00      61.00      42.00
      31.00      28.00      25.00      18.00      15.00      26.00      38.00      46.00      56.00      67.00
      73.00      71.00      69.00      73.00      76.00      74.00      65.00      45.00      21.00      25.00
      55.00      62.00      38.00      25.00      48.00      83.00      64.00      14.00       0.00       1.00
       1.00      34.00      38.00      20.00      15.00      45.00      71.00      71.00      56.00      39.00
      39.00      49.00      48.00      38.00      38.00      59.00      74.00      55.00      23.00      21.00
      58.00      90.00      95.00      96.00     100.00     100.00     100.00     100.00     100.00     100.00
      93.00      87.00      75.00
      34.00      37.00      33.00      25.00       5.00      13.00      49.00      57.00      54.00      33.00
      21.00      27.00      32.00      34.00      32.00      37.00      43.00      45.00      46.00      51.00
      56.00      57.00      57.00      53.00      42.00      39.00      42.00      33.00      19.00      16.00
      19.00      22.00      30.00      48.00      62.00      74.00      70.00      41.00       5.00      11.00
      15.00      30.00      29.00      25.00      42.00      60.00      61.00      56.00      51.00      34.00
      21.00      19.00      38.00      58.00      63.00      64.00      65.00      46.00      16.00      16.00
      61.00      94.00      85.00      75.00      81.00      98.00     100.00     100.00     100.00     100.00
     100.00      99.00      78.00
      43.00      42.00      32.00      14.00       2.00      12.00      31.00      40.00      33.00      20.00
      24.00      32.00      38.00      35.00      27.00      21.00      19.00      19.00      19.00      16.00
       8.00       9.00      35.00      66.00      69.00      58.00      46.00      27.00      16.00      19.00
      21.00      19.00      32.00      55.00      53.00      47.00      70.00      85.00      41.00       1.00
       0.00      18.00      37.00      55.00      68.00      65.00      48.00      38.00      42.00      37.00
      16.00       3.00      15.00      34.00      37.00      49.00      69.00      56.00      28.00      28.00
      45.00      34.00      12.00      17.00      40.00      67.00      91.00     100.00     100.00      99.00
     100.00      95.00      68.00
      33.00      29.00      27.00      23.00      15.00      16.00      25.00      24.00      10.00      11.00
      21.00      22.00      19.00      14.00      10.00      11.00      17.00      23.00      18.00      11.00
       6.00      17.00      61.00      95.00      99.00      84.00      45.00      13.00       0.00      22.00
      42.00      19.00      19.00      15.00       0.00      28.00      79.00      86.00      56.00      23.00
      10.00       0.00       4.00      38.00      62.00      70.00      74.00      87.00      91.00      85.00
      70.00      50.00      29.00      16.00       1.00       4.00      27.00      33.00      28.00      29.00
      17.00       0.00       8.00      45.00      65.00      67.00      70.00      86.00      99.00     100.00
     100.00     100.00      79.00
      14.00      14.00      13.00      12.00      10.00      12.00      13.00       9.00       5.00       9.00
      13.00      12.00      18.00      13.00       5.00       1.00       6.00       7.00       2.00       5.00
       6.00      16.00      61.00      91.00      94.00      90.00      71.00      49.00      50.00      35.00
      11.00      13.00      21.00      21.00      20.00      36.00      61.00      63.00      63.00      50.00
      40.00      14.00       4.00      20.00      34.00      37.00      57.00      65.00      56.00      69.00
      87.00      95.00      80.00      67.00      48.00      29.00      17.00      19.00      26.00      15.00
       0.00       0.00      41.00      72.00      67.00      35.00      27.00      57.00      91.00     100.00
     100.00      94.00      81.00
      13.00      13.00       5.00       1.00       2.00       5.00       4.00       2.00       2.00       5.00
       6.00       8.00       8.00       4.00       1.00       0.00       0.00       1.00       1.00       1.00
      11.00      20.00      52.00      85.00      85.00      77.00      74.00      67.00      46.00      30.00
       7.00       8.00      26.00      19.00      11.00       0.00      12.00      69.00      80.00      59.00
      45.00      27.00       7.00       4.00       0.00       3.00      37.00      49.00      37.00      51.00
      74.00      90.00      91.00      93.00      96.00      66.00      34.00      43.00      32.00       4.00
       2.00      41.00      64.00      55.00      26.00       4.00       6.00      32.00      68.00      89.00
      93.00      84.00      76.00
      24.00      31.00      30.00      20.00      12.00       7.00       3.00       1.00       0.00       0.00
       0.00       0.00       0.00       0.00       1.00       2.00       1.00       1.00       5.00       0.00
       0.00      11.00      24.00      38.00      43.00      43.00      31.00      20.00      23.00      47.00
      65.00      15.00       0.00       1.00       5.00       0.00       4.00      52.00      71.00      54.00
      40.00      43.00      21.00      15.00      22.00      34.00      40.00      35.00      28.00      21.00
      33.00      67.00      89.00      94.00      88.00      46.00      27.00      22.00       7.00       5.00
      33.00      70.00      63.00      35.00      22.00      19.00      11.00      14.00      40.00      70.00
      79.00      71.00      61.00
      41.00      45.00      33.00      21.00      11.00       2.00       0.00       0.00       0.00       0.00
       0.00       0.00       3.00       4.00       2.00       1.00       3.00       3.00       4.00       5.00
       5.00       0.00       8.00      12.00      14.00      22.00      18.00       2.00      14.00      10.00
      16.00      27.00       0.00       0.00       6.00      22.00      36.00      53.00      70.00      72.00
      77.00      75.00      62.00      49.00      45.00      42.00      27.00      24.00      27.00      13.00
      12.00      51.00      89.00      99.00      82.00      41.00      11.00       0.00       8.00      41.00
      64.00      54.00      32.00      26.00      31.00      27.00      11.00       7.00      30.00      61.00
      66.00      56.00      50.00
      33.00      29.00      15.00       6.00       1.00       0.00       1.00       2.00       2.00       4.00
       6.00       8.00       9.00       8.00       5.00       5.00       7.00       8.00       4.00       3.00
       6.00       3.00       0.00       3.00       7.00       9.00       6.00       0.00      11.00       8.00
       4.00       6.00       8.00       4.00       0.00       0.00      10.00      53.00      59.00      61.00
      70.00      86.00      58.00      59.00      55.00      48.00      45.00      63.00      78.00      65.00
      57.00      74.00      92.00      96.00      90.00      60.00      21.00      18.00      52.00      72.00
      54.00      31.00      34.00      41.00      33.00      21.00      12.00      13.00      31.00      54.00
      63.00      65.00      73.00
      20.00      16.00      10.00       2.00       1.00       6.00      12.00      15.00      14.00      14.00
      16.00      15.00      10.00       6.00       9.00       9.00       7.00       8.00       5.00       0.00
       3.00       3.00       3.00       8.00       6.00       3.00       1.00       0.00       2.00       7.00
       3.00       0.00       2.00      10.00      39.00      37.00      31.00      50.00      47.00      56.00
      58.00      64.00      45.00      46.00      54.00      61.00      71.00      82.00      83.00      75.00
      73.00      77.00      80.00      89.00     100.00      92.00      75.00      79.00      82.00      50.00
      24.00      34.00      46.00      34.00      18.00      16.00      18.00      25.00      43.00      58.00
      69.00      80.00      94.00
      13.00      12.00       4.00       0.00       3.00      11.00      18.00      23.00      23.00      21.00
      22.00      21.00      17.00      15.00      14.00      10.00       5.00       7.00       8.00       0.00
       0.00       4.00       3.00       3.00       3.00       2.00       3.00       1.00       0.00       1.00
       1.00       0.00       2.00      10.00      33.00      43.00      40.00      48.00      50.00      56.00
      62.00      30.00      17.00      23.00      33.00      40.00      43.00      39.00      34.00      40.00
      49.00      52.00      61.00      81.00      93.00      93.00      94.00      95.00      68.00      31.00
      37.00      52.00      34.00      12.00      12.00      23.00      32.00      42.00      52.00      51.00
      47.00      49.00      53.00
       7.00       6.00       2.00       1.00       2.00      11.00      15.00      21.00      30.00      28.00
      31.00      31.00      26.00      22.00      13.00       9.00      13.00      14.00      14.00       6.00
       1.00       2.00       1.00       0.00       2.00       7.00       8.00       5.00      12.00      25.00
      28.00      26.00      29.00      38.00      50.00      52.00      45.00      55.00      56.00      51.00
      45.00      32.00      24.00      23.00      23.00      25.00      33.00      36.00      35.00      40.00
      39.00      28.00      28.00      35.00      38.00      36.00      41.00      47.00      37.00      36.00
      56.00      46.00      20.00      13.00      22.00      38.00      52.00      55.00      47.00      36.00
      33.00      29.00      21.00
       1.00       3.00       5.00       4.00       4.00       9.00      13.00      18.00      29.00      24.00
      28.00      34.00      30.00      22.00      14.00      21.00      31.00      22.00      17.00      18.00
      14.00      12.00      10.00       6.00       9.00      16.00      20.00      30.00      56.00      66.00
      56.00      49.00      52.00      53.00      49.00      38.00      33.00      42.00      42.00      37.00
      34.00      28.00      27.00      31.00      32.00      35.00      35.00      37.00      36.00      33.00
      24.00      11.00       4.00       0.00       3.00       5.00       6.00      15.00      23.00      37.00
      46.00      30.00      19.00      21.00      31.00      51.00      59.00      50.00      49.00      55.00
      52.00      41.00      25.00
       5.00       8.00      12.00      12.00       8.00      11.00      11.00      15.00      19.00      23.00
      25.00      30.00      33.00      29.00      27.00      35.00      32.00      28.00      19.00      24.00
      20.00      24.00      25.00      16.00      14.00      22.00      32.00      44.00      63.00      64.00
      48.00      39.00      41.00      44.00      44.00      36.00      32.00      36.00      42.00      36.00
      30.00      30.00      37.00      42.00      39.00      34.00      31.00      33.00      32.00      25.00
      27.00      30.00      23.00       9.00      11.00      19.00      20.00      20.00      22.00      30.00
      33.00      27.00      23.00      23.00      34.00      50.00      49.00      48.00      68.00      75.00
      55.00      38.00      29.00
      18.00      24.00      28.00      28.00      25.00      19.00      11.00      11.00      21.00      31.00
      31.00      25.00      32.00      39.00      36.00      39.00      35.00      31.00      25.00      23.00
      24.00      33.00      39.00      37.00      39.00      41.00      47.00      49.00      51.00      46.00
      39.00      32.00      37.00      46.00      59.00      58.00      45.00      45.00      51.00      45.00
      38.00      42.00      51.00      51.00      48.00      43.00      41.00      44.00      43.00      28.00
      35.00      51.00      49.00      31.00      21.00      23.00      24.00      19.00      19.00      25.00
      26.00      26.00      21.00      17.00      26.00      31.00      34.00      58.00      83.00      74.00
      51.00      36.00      29.00
      38.00      43.00      44.00      47.00      44.00      33.00      21.00      19.00      29.00      41.00
      42.00      35.00      39.00      46.00      39.00      29.00      33.00      35.00      30.00      21.00
      22.00      29.00      26.00      31.00      38.00      38.00      37.00      40.00      50.00      48.00
      46.00      40.00      34.00      47.00      66.00      62.00      46.00      45.00      54.00      53.00
      49.00      47.00      54.00      53.00      48.00      49.00      56.00      62.00      58.00      45.00
      43.00      54.00      59.00      49.00      33.00      29.00      29.00      23.00      26.00      33.00
      31.00      29.00      22.00      24.00      35.00      30.00      29.00      53.00      67.00      65.00
      56.00      39.00      29.00
      46.00      52.00      58.00      66.00      57.00      43.00      33.00      28.00      32.00      37.00
      42.00      42.00      44.00      49.00      42.00      40.00      33.00      31.00      31.00      29.00
      34.00      37.00      20.00      11.00       8.00      15.00      22.00      31.00      44.00      43.00
      39.00      35.00      28.00      40.00      55.00      49.00      39.00      46.00      61.00      62.00
      52.00      43.00      44.00      48.00      51.00      59.00      70.00      75.00      69.00      65.00
      64.00      62.00      59.00      56.00      51.00      52.00      46.00      34.00      36.00      42.00
      37.00      32.00      23.00      27.00      43.00      38.00      27.00      30.00      39.00      49.00
      51.00      42.00      31.00
      57.00      69.00      69.00      68.00      63.00      56.00      50.00      39.00      39.00      43.00
      42.00      36.00      34.00      34.00      33.00      46.00      43.00      33.00      36.00      35.00
      46.00      58.00      51.00      33.00      15.00      13.00      22.00      29.00      30.00      28.00
      29.00      31.00      32.00      37.00      41.00      34.00      30.00      39.00      54.00      53.00
      43.00      43.00      41.00      44.00      61.00      75.00      82.00      81.00      73.00      76.00
      81.00      72.00      56.00      54.00      59.00      56.00      43.00      37.00      45.00      49.00
      43.00      38.00      31.00      25.00      30.00      32.00      29.00      30.00      38.00      42.00
      43.00      43.00      37.00
      74.00      77.00      69.00      71.00      79.00      77.00      63.00      56.00      52.00      53.00
      51.00      38.00      31.00      26.00      27.00      41.00      51.00      47.00      39.00      37.00
      50.00      59.00      63.00      64.00      40.00      23.00      20.00      21.00      22.00      21.00
      25.00      32.00      40.00      40.00      35.00      30.00      29.00      31.00      35.00      40.00
      46.00      54.00      51.00      50.00      64.00      75.00      77.00      77.00      78.00      86.00
      85.00      65.00      49.00      54.00      59.00      47.00      34.00      40.00      53.00      56.00
      47.00      42.00      38.00      30.00      30.00      33.00      33.00      35.00      40.00      39.00
      33.00      34.00      37.00
      61.00      42.00      34.00      56.00      75.00      68.00      48.00      55.00      54.00      46.00
      46.00      44.00      33.00      25.00      24.00      39.00      49.00      55.00      49.00      42.00
      56.00      52.00      39.00      39.00      37.00      34.00      29.00      25.00      26.00      29.00
      33.00      35.00      34.00      32.00      26.00      27.00      36.00      40.00      42.00      49.00
      55.00      67.00      64.00      56.00      59.00      69.00      62.00      54.00      59.00      59.00
      49.00      40.00      46.00      62.00      66.00      55.00      45.00      46.00      46.00      49.00
      44.00      36.00      33.00      26.00      26.00      27.00      29.00      37.00      37.00      34.00
      29.00      30.00      34.00
      28.00       7.00       3.00      30.00      56.00      54.00      30.00      38.00      46.00      37.00
      32.00      28.00      15.00       7.00      12.00      20.00      41.00      58.00      58.00      48.00
      56.00      50.00      36.00      35.00      39.00      42.00      37.00      32.00      30.00      34.00
      43.00      38.00      25.00      17.00      17.00      24.00      34.00      38.00      44.00      49.00
      52.00      60.00      59.00      52.00      56.00      67.00      52.00      42.00      46.00      45.00
      37.00      43.00      59.00      69.00      65.00      54.00      51.00      53.00      49.00      46.00
      41.00      40.00      38.00      27.00      25.00      25.00      30.00      39.00      30.00      23.00
      23.00      27.00      29.00
