diamond 4 20年06月29日8时400百帕相对湿度
20 06 29  8  400 
2.500 -2.500  .0  180.0   90.0  .0
73  37
      26.00      26.00      26.00      26.00      26.00      26.00      26.00      26.00      26.00      26.00
      26.00      26.00      26.00      26.00      26.00      26.00      26.00      26.00      26.00      26.00
      26.00      26.00      26.00      26.00      26.00      26.00      26.00      26.00      26.00      26.00
      26.00      26.00      26.00      26.00      26.00      26.00      26.00      26.00      26.00      26.00
      26.00      26.00      26.00      26.00      26.00      26.00      26.00      26.00      26.00      26.00
      26.00      26.00      26.00      26.00      26.00      26.00      26.00      26.00      26.00      26.00
      26.00      26.00      26.00      26.00      26.00      26.00      26.00      26.00      26.00      26.00
      26.00      26.00      26.00
      46.00      45.00      43.00      42.00      40.00      38.00      36.00      34.00      32.00      30.00
      27.00      25.00      23.00      21.00      18.00      16.00      14.00      12.00      10.00      10.00
       9.00       8.00       7.00       7.00       6.00       5.00       5.00       4.00       4.00       4.00
       4.00       3.00       3.00       3.00       3.00       3.00       3.00       3.00       3.00       3.00
       3.00       3.00       3.00       3.00       3.00       3.00       3.00       3.00       3.00       3.00
       3.00       4.00       4.00       4.00       4.00       4.00       4.00       5.00       5.00       5.00
       6.00       6.00       6.00       7.00       8.00       9.00      11.00      12.00      14.00      15.00
      17.00      18.00      20.00
      66.00      66.00      65.00      63.00      61.00      58.00      55.00      51.00      46.00      42.00
      37.00      32.00      26.00      22.00      17.00      13.00       9.00       7.00       5.00       4.00
       3.00       2.00       1.00       0.00       0.00       0.00       0.00       0.00       0.00       0.00
       0.00       0.00       0.00       0.00       0.00       0.00       0.00       0.00       0.00       1.00
       1.00       2.00       2.00       2.00       3.00       3.00       3.00       3.00       3.00       3.00
       3.00       3.00       3.00       2.00       2.00       2.00       1.00       1.00       1.00       1.00
       1.00       1.00       2.00       2.00       3.00       4.00       5.00       6.00       9.00      12.00
      16.00      19.00      23.00
      70.00      72.00      73.00      71.00      69.00      64.00      58.00      51.00      44.00      36.00
      28.00      21.00      14.00      10.00       8.00       7.00       6.00       5.00       7.00       9.00
      11.00      13.00      15.00      15.00      15.00      14.00      12.00      10.00       7.00       4.00
       2.00       1.00       0.00       0.00       0.00       0.00       0.00       0.00       0.00       0.00
       0.00       0.00       0.00       0.00       0.00       0.00       0.00       0.00       0.00       0.00
       0.00       0.00       0.00       0.00       0.00       0.00       1.00       3.00       5.00       7.00
       9.00      12.00      14.00      15.00      15.00      15.00      15.00      15.00      16.00      17.00
      20.00      24.00      29.00
      62.00      62.00      62.00      59.00      55.00      50.00      43.00      36.00      28.00      20.00
      13.00       9.00       9.00       9.00       9.00       9.00      14.00      20.00      25.00      28.00
      29.00      28.00      24.00      19.00      13.00       7.00       4.00       2.00       1.00       0.00
       0.00       0.00       0.00       0.00       2.00       5.00      10.00      15.00      21.00      27.00
      33.00      38.00      43.00      47.00      49.00      49.00      47.00      43.00      37.00      28.00
      17.00       6.00       0.00       0.00       0.00       0.00       0.00       2.00       7.00      17.00
      30.00      41.00      48.00      52.00      53.00      50.00      44.00      38.00      32.00      27.00
      24.00      24.00      27.00
      24.00      22.00      21.00      19.00      19.00      19.00      19.00      18.00      16.00      14.00
      12.00      11.00      11.00      11.00      11.00      12.00      15.00      17.00      18.00      17.00
      14.00      11.00       9.00       6.00       4.00       2.00       1.00       5.00      13.00      21.00
      29.00      36.00      41.00      45.00      47.00      48.00      49.00      51.00      53.00      56.00
      60.00      65.00      70.00      76.00      81.00      86.00      88.00      90.00      91.00      91.00
      85.00      75.00      61.00      43.00      26.00      11.00       7.00      10.00      15.00      28.00
      45.00      60.00      71.00      77.00      77.00      72.00      64.00      54.00      45.00      38.00
      34.00      32.00      33.00
      22.00      21.00      20.00      19.00      17.00      16.00      14.00      14.00      14.00      16.00
      19.00      20.00      20.00      18.00      16.00      13.00      11.00       8.00       9.00       9.00
      10.00      10.00      10.00      12.00      21.00      32.00      44.00      56.00      66.00      73.00
      76.00      75.00      70.00      62.00      53.00      43.00      35.00      29.00      25.00      23.00
      22.00      21.00      21.00      22.00      24.00      28.00      34.00      42.00      50.00      58.00
      64.00      66.00      63.00      55.00      45.00      34.00      27.00      29.00      38.00      54.00
      70.00      83.00      89.00      90.00      84.00      77.00      70.00      66.00      66.00      69.00
      73.00      76.00      77.00
      55.00      55.00      53.00      50.00      47.00      45.00      46.00      52.00      62.00      74.00
      83.00      86.00      82.00      72.00      58.00      44.00      32.00      24.00      20.00      20.00
      22.00      28.00      36.00      45.00      53.00      61.00      66.00      69.00      71.00      70.00
      66.00      58.00      48.00      35.00      22.00      10.00       3.00       0.00       0.00       2.00
       5.00       6.00       6.00       4.00       2.00       1.00       7.00      16.00      28.00      39.00
      48.00      51.00      49.00      42.00      35.00      29.00      29.00      35.00      49.00      64.00
      76.00      80.00      76.00      67.00      56.00      48.00      47.00      52.00      63.00      76.00
      87.00      93.00      95.00
      55.00      53.00      47.00      39.00      33.00      31.00      37.00      50.00      69.00      87.00
      98.00      98.00      90.00      74.00      56.00      40.00      31.00      29.00      31.00      35.00
      40.00      46.00      51.00      55.00      57.00      56.00      54.00      51.00      47.00      44.00
      40.00      36.00      30.00      26.00      22.00      19.00      16.00      14.00      16.00      22.00
      29.00      34.00      35.00      35.00      33.00      32.00      35.00      41.00      48.00      54.00
      58.00      56.00      49.00      41.00      34.00      32.00      34.00      42.00      51.00      57.00
      56.00      50.00      40.00      31.00      24.00      24.00      29.00      37.00      46.00      52.00
      55.00      59.00      63.00
      85.00      84.00      75.00      63.00      53.00      45.00      42.00      46.00      52.00      57.00
      59.00      55.00      46.00      33.00      22.00      17.00      24.00      37.00      48.00      51.00
      47.00      41.00      38.00      39.00      41.00      41.00      39.00      34.00      28.00      25.00
      24.00      26.00      28.00      31.00      34.00      37.00      40.00      39.00      34.00      31.00
      31.00      33.00      35.00      36.00      33.00      30.00      28.00      28.00      29.00      30.00
      29.00      26.00      24.00      23.00      22.00      25.00      31.00      42.00      49.00      48.00
      40.00      32.00      24.00      17.00      11.00       7.00       7.00      13.00      20.00      22.00
      19.00      18.00      24.00
      97.00     100.00      98.00      94.00      90.00      84.00      77.00      69.00      60.00      52.00
      48.00      43.00      37.00      29.00      22.00      20.00      28.00      42.00      53.00      53.00
      40.00      23.00      15.00      20.00      34.00      44.00      45.00      37.00      26.00      17.00
      14.00      17.00      21.00      24.00      25.00      26.00      29.00      32.00      32.00      31.00
      33.00      35.00      36.00      34.00      27.00      23.00      22.00      23.00      24.00      23.00
      22.00      20.00      20.00      21.00      20.00      19.00      22.00      30.00      38.00      42.00
      40.00      39.00      42.00      42.00      38.00      28.00      19.00      17.00      21.00      25.00
      26.00      26.00      27.00
      59.00      68.00      71.00      79.00      91.00      95.00      87.00      74.00      61.00      51.00
      45.00      43.00      45.00      50.00      52.00      45.00      31.00      23.00      30.00      41.00
      37.00      15.00       0.00       5.00      36.00      62.00      69.00      61.00      47.00      38.00
      38.00      42.00      40.00      31.00      24.00      24.00      29.00      36.00      40.00      40.00
      36.00      33.00      32.00      33.00      31.00      27.00      25.00      27.00      30.00      32.00
      31.00      28.00      25.00      24.00      23.00      20.00      17.00      14.00      14.00      13.00
      18.00      35.00      60.00      80.00      88.00      86.00      78.00      67.00      59.00      51.00
      47.00      46.00      42.00
      85.00      63.00      19.00      11.00      52.00      85.00      88.00      79.00      67.00      52.00
      34.00      21.00      26.00      47.00      65.00      62.00      38.00      22.00      39.00      73.00
      86.00      62.00      27.00      21.00      47.00      67.00      65.00      47.00      32.00      39.00
      63.00      73.00      58.00      29.00      14.00      21.00      37.00      47.00      48.00      41.00
      26.00      13.00      15.00      25.00      33.00      31.00      20.00      13.00      14.00      18.00
      19.00      19.00      17.00      14.00      10.00       7.00       9.00      14.00      14.00      10.00
      13.00      30.00      56.00      76.00      87.00      91.00      90.00      81.00      68.00      53.00
      38.00      29.00      32.00
     100.00      98.00      64.00      34.00      45.00      70.00      84.00      88.00      85.00      70.00
      43.00      17.00      12.00      29.00      44.00      35.00      10.00       3.00      27.00      64.00
      69.00      49.00      36.00      49.00      73.00      82.00      64.00      27.00       7.00      33.00
      71.00      79.00      52.00      21.00      17.00      36.00      49.00      49.00      42.00      33.00
      23.00      14.00      14.00      28.00      42.00      41.00      30.00      20.00      16.00      14.00
      12.00      11.00      11.00      12.00      13.00      15.00      19.00      21.00      18.00      13.00
      12.00      17.00      27.00      38.00      47.00      56.00      65.00      67.00      64.00      62.00
      62.00      58.00      51.00
      63.00      83.00      79.00      43.00      31.00      55.00      75.00      81.00      80.00      74.00
      58.00      37.00      28.00      40.00      54.00      47.00      30.00      31.00      54.00      67.00
      52.00      34.00      34.00      42.00      46.00      49.00      44.00      15.00       0.00      18.00
      57.00      69.00      46.00      30.00      44.00      60.00      58.00      41.00      22.00      14.00
      18.00      21.00      14.00       9.00      24.00      45.00      56.00      52.00      42.00      35.00
      33.00      34.00      33.00      25.00      19.00      20.00      24.00      29.00      34.00      32.00
      29.00      27.00      18.00       5.00       2.00      12.00      22.00      19.00      14.00      22.00
      42.00      55.00      52.00
      54.00      63.00      43.00      15.00      35.00      74.00      87.00      73.00      52.00      43.00
      41.00      32.00      28.00      44.00      71.00      79.00      74.00      77.00      86.00      83.00
      66.00      51.00      44.00      32.00      17.00      16.00      23.00       8.00       0.00      13.00
      46.00      58.00      46.00      42.00      57.00      76.00      70.00      40.00      16.00       2.00
       5.00      22.00      16.00       8.00      20.00      44.00      56.00      47.00      34.00      34.00
      45.00      51.00      51.00      37.00      16.00      11.00      16.00      22.00      33.00      46.00
      55.00      57.00      51.00      40.00      34.00      39.00      40.00      32.00      21.00      15.00
      15.00      15.00      12.00
      46.00      54.00      45.00      41.00      66.00      92.00      85.00      47.00      18.00      18.00
      28.00      26.00      23.00      34.00      55.00      66.00      65.00      66.00      71.00      67.00
      51.00      35.00      28.00      21.00      16.00      24.00      33.00      26.00      20.00      37.00
      54.00      43.00      25.00      32.00      53.00      80.00      75.00      37.00      19.00      21.00
      40.00      51.00      38.00      37.00      44.00      52.00      51.00      49.00      42.00      29.00
      28.00      44.00      55.00      45.00      34.00      36.00      36.00      23.00      22.00      43.00
      69.00      80.00      76.00      71.00      71.00      79.00      90.00      94.00      88.00      71.00
      50.00      30.00      15.00
      56.00      84.00      99.00     100.00      96.00      74.00      37.00      17.00      18.00      32.00
      41.00      36.00      38.00      40.00      35.00      30.00      33.00      39.00      40.00      36.00
      32.00      33.00      33.00      28.00      22.00      28.00      41.00      48.00      53.00      53.00
      42.00      18.00      17.00      45.00      54.00      62.00      58.00      34.00      20.00      24.00
      27.00      43.00      51.00      78.00      94.00      82.00      73.00      78.00      64.00      22.00
       4.00      20.00      47.00      49.00      46.00      50.00      46.00      31.00      35.00      64.00
      93.00     100.00      92.00      85.00      87.00      97.00     100.00     100.00     100.00      99.00
      87.00      62.00      35.00
      52.00      64.00      65.00      56.00      45.00      28.00      13.00      13.00      29.00      46.00
      38.00      27.00      29.00      28.00      16.00      12.00      20.00      22.00       9.00       6.00
      20.00      50.00      77.00      74.00      49.00      28.00      27.00      38.00      45.00      44.00
      35.00      32.00      44.00      65.00      52.00      38.00      33.00      25.00      21.00      11.00
       2.00      10.00      32.00      72.00      96.00      83.00      68.00      65.00      45.00      20.00
       6.00      12.00      24.00      32.00      43.00      47.00      41.00      42.00      63.00      82.00
      82.00      84.00      89.00      92.00      97.00     100.00     100.00     100.00     100.00     100.00
      96.00      73.00      38.00
      27.00      25.00      22.00      19.00      17.00      15.00      11.00       9.00      25.00      39.00
      26.00      12.00       7.00       5.00       4.00       9.00      15.00      10.00       1.00      16.00
      39.00      77.00      98.00      99.00      84.00      42.00       5.00       2.00      17.00      35.00
      17.00      18.00      61.00      99.00      88.00      66.00      45.00      19.00       6.00       8.00
      20.00      25.00      22.00      29.00      42.00      56.00      72.00      77.00      56.00      53.00
      44.00      20.00      11.00      26.00      37.00      36.00      36.00      45.00      48.00      40.00
      46.00      67.00      87.00      97.00      98.00     100.00     100.00     100.00     100.00      98.00
      96.00      92.00      66.00
       9.00      10.00       8.00       9.00       9.00       6.00       5.00      11.00      29.00      34.00
      20.00      11.00       5.00       1.00       2.00       3.00       2.00       9.00      47.00      71.00
      64.00      91.00     100.00      97.00      89.00      67.00      19.00       0.00      34.00      29.00
      24.00       1.00      35.00      55.00      66.00      80.00      63.00      31.00      10.00      15.00
      27.00      34.00      24.00       4.00      16.00      44.00      70.00      70.00      66.00      74.00
      71.00      45.00      34.00      33.00      14.00      14.00      37.00      35.00       5.00      17.00
      58.00      83.00      91.00      90.00      90.00      97.00      99.00     100.00      99.00      94.00
      96.00      95.00      84.00
      14.00      16.00      13.00      12.00      12.00      10.00       6.00       9.00      15.00      13.00
       6.00       6.00       3.00       2.00       3.00       2.00       1.00       8.00      33.00      51.00
      40.00      49.00      63.00      63.00      52.00      52.00      45.00      33.00      16.00       0.00
       0.00      17.00      68.00      68.00      77.00      32.00       0.00      20.00      35.00      32.00
      30.00      46.00      56.00      43.00      33.00      26.00      25.00      39.00      72.00      87.00
      78.00      63.00      47.00      27.00       3.00      23.00      49.00       7.00       0.00      48.00
      96.00      93.00      60.00      42.00      49.00      62.00      73.00      84.00      95.00      95.00
      87.00      82.00      72.00
      35.00      45.00      38.00      21.00      16.00      11.00       6.00       5.00       4.00       2.00
       1.00       0.00       0.00       1.00       3.00       6.00       4.00       5.00      13.00      11.00
      12.00      19.00      23.00      17.00      12.00      17.00      24.00      10.00      31.00      52.00
      12.00       0.00       0.00      20.00      27.00       8.00       0.00      27.00      37.00      35.00
      60.00      81.00      67.00      33.00      12.00       1.00       1.00      28.00      77.00      98.00
      93.00      69.00      30.00       4.00       0.00      15.00       8.00       0.00      26.00      85.00
      96.00      59.00      19.00       9.00      11.00      13.00      19.00      41.00      70.00      77.00
      66.00      65.00      79.00
      57.00      56.00      31.00      12.00       5.00       4.00       2.00       0.00       0.00       0.00
       0.00       0.00       1.00       2.00       4.00       8.00       6.00       5.00       7.00      11.00
       8.00       8.00       8.00       5.00       2.00       1.00       0.00       1.00      11.00       8.00
      24.00      23.00      22.00      22.00      20.00      22.00      31.00      43.00      45.00      54.00
      86.00      92.00      60.00      30.00      17.00      29.00      35.00      55.00      73.00      88.00
      94.00      72.00      33.00       0.00       0.00       0.00       7.00      35.00      81.00      93.00
      57.00      21.00      22.00      28.00      20.00      10.00      11.00      27.00      50.00      56.00
      55.00      71.00      95.00
      40.00      35.00      22.00      10.00       3.00       0.00       0.00       1.00       2.00       5.00
      10.00       9.00       7.00       7.00       6.00       6.00       8.00       7.00       3.00       2.00
       5.00       2.00       1.00       4.00       5.00       4.00       2.00       0.00       4.00      10.00
      12.00       9.00       7.00      26.00       0.00       0.00      17.00      72.00      64.00      61.00
      78.00      90.00      60.00      58.00      62.00      66.00      73.00      81.00      79.00      86.00
      88.00      71.00      56.00      48.00      39.00      45.00      69.00      93.00      90.00      55.00
      19.00      22.00      39.00      39.00      26.00      20.00      20.00      26.00      37.00      47.00
      60.00      86.00     100.00
      24.00      25.00      18.00       8.00       4.00       5.00      10.00      13.00      14.00      19.00
      20.00      14.00       9.00      11.00      14.00      14.00      12.00       9.00       1.00       0.00
       2.00       3.00       6.00       9.00       5.00       2.00       0.00       0.00       4.00      14.00
      12.00       4.00       5.00      23.00      56.00      15.00      26.00      55.00      56.00      63.00
      71.00      71.00      51.00      54.00      61.00      61.00      61.00      56.00      57.00      65.00
      64.00      58.00      72.00      91.00      95.00      97.00      91.00      69.00      41.00      27.00
      36.00      47.00      42.00      32.00      24.00      21.00      23.00      31.00      44.00      61.00
      77.00      82.00      74.00
      12.00      13.00       7.00       0.00       1.00       7.00      15.00      20.00      20.00      20.00
      18.00      14.00      14.00      21.00      24.00      21.00      12.00       5.00       7.00       5.00
       2.00       3.00       2.00       5.00       5.00       4.00       3.00       2.00       2.00       2.00
       1.00       3.00      12.00      19.00      28.00      37.00      46.00      53.00      54.00      59.00
      62.00      26.00      17.00      25.00      34.00      36.00      30.00      30.00      36.00      40.00
      42.00      47.00      61.00      73.00      73.00      63.00      36.00      15.00      20.00      50.00
      64.00      58.00      50.00      38.00      21.00      15.00      29.00      51.00      65.00      68.00
      61.00      44.00      28.00
       9.00       9.00       5.00       1.00       0.00       7.00      13.00      16.00      18.00      23.00
      27.00      23.00      26.00      31.00      27.00      16.00      12.00      16.00      21.00      16.00
       7.00       5.00       0.00       0.00       2.00       7.00       4.00       2.00       6.00      12.00
      19.00      30.00      40.00      46.00      42.00      46.00      51.00      63.00      67.00      56.00
      42.00      32.00      28.00      23.00      25.00      24.00      28.00      41.00      49.00      45.00
      42.00      40.00      35.00      26.00      19.00      12.00       4.00       9.00      33.00      45.00
      42.00      51.00      54.00      36.00      13.00      14.00      35.00      58.00      60.00      44.00
      29.00      26.00      24.00
       9.00       9.00       6.00       2.00       2.00       7.00      10.00      12.00      18.00      27.00
      32.00      27.00      29.00      35.00      34.00      28.00      28.00      35.00      35.00      28.00
      20.00      16.00      12.00       8.00       9.00      15.00      14.00      19.00      43.00      57.00
      53.00      51.00      52.00      54.00      55.00      60.00      59.00      56.00      52.00      45.00
      31.00      26.00      20.00      26.00      33.00      34.00      36.00      46.00      44.00      34.00
      29.00      25.00      13.00       2.00       1.00       7.00      14.00      18.00      21.00      25.00
      33.00      44.00      45.00      29.00      18.00      27.00      43.00      49.00      44.00      40.00
      47.00      52.00      39.00
       9.00       8.00      10.00      11.00       9.00      11.00      12.00      12.00      14.00      24.00
      34.00      30.00      36.00      43.00      44.00      46.00      42.00      46.00      41.00      46.00
      43.00      35.00      30.00      25.00      22.00      29.00      35.00      39.00      57.00      67.00
      51.00      46.00      49.00      53.00      58.00      67.00      66.00      49.00      43.00      39.00
      29.00      26.00      24.00      38.00      55.00      52.00      47.00      45.00      32.00      19.00
      25.00      34.00      27.00      16.00      13.00      18.00      21.00      17.00      16.00      24.00
      32.00      36.00      37.00      29.00      20.00      26.00      37.00      37.00      39.00      60.00
      73.00      57.00      36.00
       7.00      14.00      23.00      30.00      31.00      28.00      24.00      20.00      19.00      24.00
      36.00      38.00      42.00      48.00      51.00      56.00      46.00      49.00      54.00      52.00
      45.00      33.00      33.00      35.00      38.00      44.00      54.00      54.00      49.00      44.00
      41.00      42.00      50.00      57.00      67.00      75.00      70.00      52.00      41.00      42.00
      40.00      39.00      41.00      47.00      65.00      60.00      49.00      44.00      44.00      33.00
      35.00      51.00      51.00      40.00      26.00      20.00      23.00      22.00      17.00      20.00
      26.00      31.00      33.00      26.00      17.00      18.00      26.00      29.00      42.00      69.00
      65.00      41.00      34.00
      14.00      28.00      39.00      49.00      51.00      44.00      41.00      40.00      34.00      38.00
      49.00      55.00      51.00      46.00      59.00      57.00      44.00      34.00      43.00      43.00
      42.00      33.00      27.00      32.00      48.00      60.00      72.00      75.00      65.00      48.00
      46.00      47.00      49.00      59.00      69.00      68.00      58.00      45.00      40.00      49.00
      50.00      46.00      48.00      48.00      51.00      55.00      53.00      55.00      59.00      50.00
      42.00      52.00      56.00      51.00      39.00      33.00      36.00      31.00      24.00      28.00
      32.00      28.00      28.00      27.00      18.00      16.00      18.00      20.00      31.00      47.00
      49.00      33.00      24.00
      28.00      38.00      49.00      67.00      68.00      56.00      53.00      55.00      46.00      36.00
      47.00      62.00      58.00      45.00      61.00      75.00      51.00      32.00      42.00      50.00
      52.00      39.00      24.00      21.00      24.00      38.00      48.00      54.00      64.00      62.00
      55.00      45.00      41.00      51.00      60.00      58.00      49.00      45.00      46.00      51.00
      51.00      45.00      47.00      45.00      40.00      47.00      60.00      70.00      69.00      60.00
      54.00      58.00      59.00      58.00      54.00      54.00      48.00      36.00      34.00      38.00
      33.00      25.00      30.00      33.00      20.00      17.00      16.00      15.00      24.00      28.00
      38.00      37.00      19.00
      49.00      53.00      64.00      67.00      71.00      64.00      56.00      59.00      52.00      39.00
      33.00      39.00      44.00      38.00      47.00      78.00      54.00      41.00      51.00      49.00
      44.00      37.00      33.00      26.00      15.00      18.00      22.00      24.00      36.00      49.00
      54.00      49.00      46.00      48.00      51.00      54.00      46.00      42.00      44.00      47.00
      51.00      57.00      58.00      52.00      46.00      56.00      77.00      85.00      80.00      68.00
      64.00      65.00      60.00      56.00      55.00      53.00      38.00      29.00      31.00      36.00
      42.00      34.00      29.00      33.00      25.00      25.00      22.00      21.00      37.00      36.00
      40.00      46.00      30.00
      65.00      70.00      72.00      60.00      66.00      75.00      51.00      47.00      54.00      55.00
      47.00      30.00      29.00      35.00      37.00      41.00      37.00      45.00      53.00      45.00
      43.00      42.00      53.00      55.00      32.00      24.00      19.00      18.00      29.00      36.00
      45.00      53.00      59.00      56.00      48.00      46.00      39.00      38.00      50.00      60.00
      67.00      72.00      73.00      66.00      54.00      69.00      94.00      91.00      82.00      74.00
      68.00      62.00      52.00      49.00      55.00      49.00      29.00      26.00      33.00      43.00
      61.00      50.00      30.00      32.00      28.00      24.00      20.00      22.00      37.00      37.00
      36.00      40.00      30.00
      62.00      57.00      42.00      35.00      60.00      85.00      49.00      36.00      53.00      63.00
      55.00      38.00      24.00      28.00      38.00      38.00      26.00      38.00      54.00      51.00
      45.00      45.00      50.00      46.00      27.00      19.00      15.00      17.00      33.00      35.00
      37.00      45.00      49.00      47.00      42.00      41.00      38.00      43.00      62.00      71.00
      67.00      68.00      74.00      75.00      67.00      83.00      91.00      74.00      63.00      58.00
      51.00      45.00      39.00      44.00      62.00      62.00      40.00      38.00      45.00      46.00
      53.00      46.00      33.00      32.00      22.00      17.00      20.00      21.00      28.00      29.00
      27.00      26.00      25.00
      37.00      28.00      13.00      11.00      39.00      72.00      50.00      36.00      53.00      59.00
      40.00      27.00      17.00      17.00      24.00      25.00      24.00      37.00      50.00      48.00
      42.00      40.00      37.00      29.00      21.00      22.00      23.00      29.00      40.00      38.00
      36.00      38.00      35.00      32.00      34.00      39.00      43.00      50.00      63.00      64.00
      61.00      68.00      72.00      70.00      74.00      80.00      74.00      59.00      48.00      48.00
      45.00      47.00      46.00      46.00      54.00      52.00      38.00      38.00      47.00      47.00
      41.00      40.00      37.00      30.00      22.00      22.00      26.00      27.00      30.00      31.00
      26.00      24.00      28.00
