diamond 4 20年06月24日8时400百帕相对湿度
20 06 24  8  400 
2.500 -2.500  .0  180.0   90.0  .0
73  37
      46.00      46.00      46.00      46.00      46.00      46.00      46.00      46.00      46.00      46.00
      46.00      46.00      46.00      46.00      46.00      46.00      46.00      46.00      46.00      46.00
      46.00      46.00      46.00      46.00      46.00      46.00      46.00      46.00      46.00      46.00
      46.00      46.00      46.00      46.00      46.00      46.00      46.00      46.00      46.00      46.00
      46.00      46.00      46.00      46.00      46.00      46.00      46.00      46.00      46.00      46.00
      46.00      46.00      46.00      46.00      46.00      46.00      46.00      46.00      46.00      46.00
      46.00      46.00      46.00      46.00      46.00      46.00      46.00      46.00      46.00      46.00
      46.00      46.00      46.00
      38.00      39.00      40.00      41.00      42.00      43.00      43.00      44.00      45.00      46.00
      46.00      47.00      47.00      48.00      48.00      48.00      49.00      49.00      49.00      49.00
      49.00      49.00      49.00      49.00      49.00      49.00      48.00      48.00      48.00      47.00
      47.00      46.00      46.00      45.00      45.00      44.00      43.00      43.00      42.00      42.00
      41.00      40.00      40.00      39.00      38.00      38.00      37.00      37.00      36.00      36.00
      35.00      35.00      35.00      34.00      34.00      34.00      34.00      34.00      34.00      34.00
      34.00      34.00      34.00      34.00      34.00      35.00      35.00      35.00      35.00      35.00
      35.00      36.00      36.00
      51.00      52.00      52.00      52.00      52.00      52.00      52.00      52.00      52.00      52.00
      52.00      51.00      51.00      51.00      51.00      51.00      51.00      51.00      51.00      51.00
      51.00      51.00      51.00      51.00      51.00      50.00      50.00      50.00      49.00      48.00
      48.00      47.00      46.00      44.00      43.00      42.00      40.00      39.00      37.00      35.00
      34.00      32.00      31.00      30.00      28.00      27.00      26.00      25.00      24.00      23.00
      22.00      22.00      21.00      20.00      20.00      19.00      19.00      19.00      19.00      19.00
      20.00      21.00      22.00      24.00      26.00      28.00      30.00      33.00      35.00      37.00
      38.00      40.00      40.00
      65.00      64.00      62.00      61.00      59.00      58.00      56.00      55.00      53.00      52.00
      51.00      50.00      50.00      49.00      49.00      49.00      49.00      50.00      51.00      52.00
      53.00      54.00      54.00      55.00      55.00      54.00      53.00      52.00      49.00      47.00
      44.00      40.00      37.00      34.00      32.00      29.00      27.00      26.00      25.00      24.00
      23.00      22.00      22.00      21.00      21.00      21.00      21.00      22.00      22.00      23.00
      24.00      25.00      26.00      26.00      26.00      25.00      24.00      23.00      21.00      19.00
      18.00      17.00      17.00      18.00      20.00      24.00      30.00      36.00      43.00      50.00
      56.00      61.00      64.00
      75.00      72.00      69.00      66.00      61.00      57.00      52.00      48.00      43.00      40.00
      36.00      33.00      31.00      29.00      28.00      28.00      29.00      32.00      35.00      40.00
      45.00      50.00      54.00      57.00      59.00      58.00      55.00      50.00      43.00      35.00
      26.00      18.00      12.00       8.00       7.00       8.00      10.00      14.00      19.00      22.00
      25.00      27.00      28.00      27.00      26.00      24.00      23.00      21.00      21.00      22.00
      24.00      26.00      29.00      32.00      34.00      36.00      36.00      34.00      31.00      26.00
      21.00      16.00      10.00       6.00       4.00       4.00       6.00      10.00      17.00      26.00
      34.00      43.00      50.00
      75.00      74.00      72.00      67.00      62.00      57.00      51.00      46.00      41.00      36.00
      32.00      27.00      23.00      19.00      17.00      17.00      19.00      23.00      28.00      36.00
      44.00      53.00      62.00      68.00      72.00      72.00      68.00      60.00      49.00      37.00
      25.00      14.00       6.00       4.00       4.00      10.00      20.00      32.00      44.00      54.00
      61.00      64.00      64.00      60.00      53.00      46.00      38.00      31.00      25.00      22.00
      22.00      23.00      27.00      31.00      35.00      38.00      40.00      42.00      41.00      40.00
      37.00      34.00      29.00      24.00      19.00      14.00      10.00       8.00       9.00      10.00
      13.00      16.00      20.00
      75.00      76.00      74.00      70.00      65.00      60.00      56.00      52.00      48.00      43.00
      38.00      32.00      26.00      21.00      17.00      17.00      18.00      23.00      31.00      40.00
      50.00      58.00      65.00      69.00      70.00      69.00      64.00      57.00      48.00      39.00
      29.00      20.00      12.00       7.00       6.00      10.00      17.00      28.00      39.00      49.00
      57.00      60.00      59.00      54.00      47.00      38.00      29.00      22.00      16.00      12.00
      10.00       9.00       9.00      10.00      12.00      14.00      16.00      19.00      23.00      27.00
      31.00      34.00      37.00      38.00      38.00      36.00      32.00      26.00      20.00      14.00
      10.00       7.00       4.00
      73.00      76.00      77.00      78.00      79.00      80.00      78.00      73.00      64.00      53.00
      41.00      30.00      22.00      16.00      13.00      12.00      13.00      16.00      21.00      26.00
      32.00      37.00      42.00      48.00      55.00      61.00      64.00      62.00      55.00      44.00
      32.00      23.00      16.00      13.00      13.00      16.00      21.00      27.00      33.00      38.00
      40.00      39.00      35.00      29.00      24.00      19.00      16.00      15.00      14.00      14.00
      13.00      12.00      10.00       7.00       4.00       4.00       4.00       5.00       8.00      11.00
      16.00      23.00      29.00      35.00      42.00      50.00      56.00      61.00      61.00      55.00
      44.00      32.00      22.00
      25.00      21.00      23.00      34.00      52.00      69.00      79.00      79.00      71.00      58.00
      45.00      36.00      33.00      36.00      41.00      42.00      37.00      28.00      19.00      14.00
      12.00      12.00      12.00      15.00      23.00      35.00      47.00      52.00      46.00      30.00
      12.00       0.00       0.00       5.00      17.00      29.00      38.00      45.00      47.00      45.00
      40.00      32.00      24.00      18.00      13.00      12.00      14.00      16.00      19.00      22.00
      23.00      24.00      24.00      23.00      21.00      18.00      16.00      14.00      13.00      13.00
      14.00      16.00      19.00      25.00      34.00      48.00      64.00      80.00      92.00      93.00
      89.00      80.00      70.00
      64.00      55.00      43.00      35.00      36.00      45.00      56.00      60.00      56.00      47.00
      38.00      37.00      45.00      60.00      72.00      74.00      62.00      44.00      31.00      31.00
      38.00      39.00      30.00      18.00      10.00      15.00      28.00      38.00      36.00      20.00
       1.00       0.00       5.00      18.00      35.00      49.00      57.00      58.00      52.00      41.00
      30.00      22.00      15.00      12.00      13.00      16.00      18.00      18.00      18.00      19.00
      20.00      21.00      22.00      22.00      21.00      21.00      21.00      22.00      23.00      23.00
      21.00      18.00      18.00      20.00      23.00      29.00      37.00      49.00      63.00      75.00
      86.00      95.00     100.00
     100.00     100.00      94.00      75.00      62.00      60.00      66.00      71.00      68.00      56.00
      42.00      34.00      37.00      46.00      53.00      52.00      41.00      22.00       8.00      10.00
      26.00      41.00      45.00      37.00      28.00      27.00      32.00      35.00      31.00      20.00
      11.00      16.00      32.00      50.00      61.00      65.00      65.00      62.00      54.00      42.00
      33.00      26.00      19.00      17.00      20.00      24.00      25.00      23.00      21.00      21.00
      25.00      30.00      30.00      23.00      15.00       7.00       6.00      13.00      21.00      24.00
      22.00      21.00      21.00      21.00      21.00      20.00      23.00      30.00      38.00      49.00
      60.00      73.00      79.00
      98.00      99.00      91.00      77.00      68.00      69.00      75.00      79.00      75.00      62.00
      44.00      26.00      15.00      13.00      16.00      22.00      27.00      31.00      30.00      24.00
      18.00      22.00      36.00      54.00      67.00      64.00      49.00      33.00      16.00       3.00
       0.00       7.00      18.00      36.00      47.00      50.00      47.00      43.00      40.00      38.00
      36.00      30.00      21.00      14.00      14.00      22.00      32.00      34.00      32.00      31.00
      32.00      35.00      35.00      30.00      23.00      17.00      12.00      19.00      25.00      23.00
      16.00      13.00      13.00      14.00      12.00       8.00      10.00      21.00      38.00      50.00
      52.00      47.00      36.00
      92.00      85.00      65.00      45.00      36.00      36.00      37.00      36.00      33.00      26.00
      13.00       0.00       0.00       1.00       4.00      16.00      32.00      48.00      59.00      57.00
      48.00      45.00      51.00      58.00      59.00      54.00      45.00      37.00      27.00      16.00
       4.00       1.00       5.00      14.00      30.00      39.00      35.00      26.00      23.00      29.00
      35.00      36.00      30.00      28.00      36.00      52.00      65.00      63.00      53.00      39.00
      27.00      24.00      31.00      39.00      41.00      36.00      28.00      25.00      24.00      19.00
      13.00      12.00      16.00      21.00      21.00      17.00      13.00      18.00      29.00      39.00
      41.00      34.00      19.00
      64.00      47.00      30.00      22.00      23.00      27.00      29.00      33.00      40.00      42.00
      29.00      13.00       3.00       5.00      18.00      25.00      26.00      25.00      21.00      15.00
      16.00      26.00      36.00      36.00      30.00      31.00      39.00      44.00      41.00      35.00
      29.00      22.00      21.00      32.00      44.00      47.00      37.00      22.00      18.00      24.00
      32.00      30.00      22.00      21.00      27.00      30.00      31.00      37.00      47.00      49.00
      39.00      23.00      17.00      26.00      33.00      31.00      32.00      41.00      48.00      44.00
      30.00      15.00      11.00      18.00      32.00      38.00      37.00      32.00      26.00      22.00
      22.00      25.00      27.00
      29.00      16.00      12.00      19.00      34.00      48.00      54.00      58.00      66.00      70.00
      57.00      31.00      13.00       6.00       8.00      11.00      17.00      28.00      37.00      42.00
      49.00      66.00      84.00      88.00      75.00      64.00      60.00      52.00      42.00      40.00
      47.00      53.00      55.00      55.00      54.00      46.00      27.00      12.00      14.00      26.00
      31.00      24.00      13.00      11.00      13.00      14.00      19.00      38.00      68.00      84.00
      71.00      49.00      27.00      12.00       7.00      10.00      17.00      32.00      54.00      69.00
      63.00      41.00      17.00       8.00      18.00      24.00      28.00      30.00      31.00      32.00
      35.00      37.00      40.00
      24.00      24.00      23.00      25.00      36.00      49.00      45.00      25.00      24.00      44.00
      57.00      56.00      43.00      26.00      17.00      23.00      43.00      68.00      78.00      72.00
      66.00      75.00      91.00      91.00      72.00      54.00      44.00      37.00      30.00      32.00
      41.00      44.00      44.00      52.00      63.00      48.00      25.00      16.00      17.00      24.00
      31.00      32.00      25.00      23.00      27.00      33.00      36.00      52.00      81.00      89.00
      76.00      70.00      76.00      77.00      62.00      40.00      19.00       2.00       0.00      12.00
      36.00      50.00      51.00      40.00      29.00      19.00      10.00       7.00       9.00      17.00
      26.00      29.00      29.00
      22.00      29.00      22.00      13.00      21.00      42.00      43.00       8.00       1.00      34.00
      66.00      78.00      64.00      44.00      35.00      45.00      58.00      60.00      51.00      39.00
      35.00      38.00      41.00      35.00      21.00      16.00      20.00      23.00      20.00      10.00
       5.00      21.00      47.00      76.00      76.00       2.00       0.00       4.00      17.00      32.00
      34.00      34.00      29.00      20.00      25.00      23.00      18.00      24.00      35.00      43.00
      43.00      53.00      71.00      86.00      85.00      70.00      49.00      29.00      18.00      14.00
      15.00      21.00      33.00      46.00      47.00      36.00      31.00      28.00      18.00       8.00
       5.00      10.00      17.00
      22.00      23.00      12.00       0.00      11.00      38.00      36.00      14.00      11.00      23.00
      41.00      58.00      59.00      51.00      43.00      40.00      34.00      23.00      18.00      28.00
      40.00      39.00      27.00      15.00       4.00       5.00      14.00      17.00       9.00       9.00
      27.00      45.00      69.00      90.00      93.00      61.00      10.00       0.00       8.00      26.00
      42.00      49.00      53.00      49.00      54.00      47.00      35.00      20.00       2.00       0.00
       3.00       5.00      16.00      34.00      58.00      77.00      74.00      64.00      61.00      63.00
      54.00      38.00      33.00      36.00      28.00      14.00      14.00      31.00      44.00      43.00
      39.00      42.00      51.00
      14.00      18.00      17.00      11.00      15.00      23.00      21.00      20.00      27.00      30.00
      30.00      46.00      71.00      86.00      77.00      55.00      34.00      26.00      30.00      39.00
      46.00      41.00      28.00      18.00      11.00      11.00      19.00      22.00      25.00      44.00
      64.00      63.00      52.00      64.00      72.00      61.00      53.00      44.00      29.00      31.00
      34.00      34.00      48.00      49.00      37.00      37.00      32.00       6.00       0.00       9.00
      28.00      31.00      42.00      61.00      81.00      92.00      87.00      82.00      90.00      99.00
      98.00      86.00      83.00      88.00      82.00      60.00      37.00      26.00      32.00      46.00
      50.00      49.00      61.00
      17.00      13.00      17.00      17.00      14.00      18.00      25.00      36.00      52.00      54.00
      50.00      62.00      87.00      97.00      68.00      37.00      33.00      26.00      25.00      22.00
      18.00      18.00      19.00      19.00      18.00      14.00      14.00      22.00      39.00      68.00
      81.00      60.00      51.00      71.00      83.00      86.00      82.00      71.00      49.00      25.00
      13.00      10.00      13.00      22.00      27.00      32.00      20.00       6.00      28.00      60.00
      74.00      77.00      78.00      88.00      96.00      94.00      89.00      88.00      89.00      83.00
      70.00      66.00      82.00      99.00     100.00     100.00      87.00      68.00      64.00      68.00
      57.00      36.00      36.00
      22.00       7.00       9.00      14.00      16.00      17.00      13.00      13.00      23.00      36.00
      42.00      55.00      63.00      54.00      21.00       4.00       5.00       6.00       5.00       8.00
       5.00       4.00       7.00       9.00      10.00       8.00       4.00       6.00      23.00      72.00
      65.00      37.00      61.00      67.00      74.00      76.00      71.00      64.00      42.00      25.00
      27.00      18.00      17.00      44.00      62.00      60.00      58.00      44.00      56.00      78.00
      87.00      83.00      82.00      89.00      86.00      75.00      62.00      55.00      47.00      35.00
      27.00      41.00      73.00      97.00     100.00     100.00     100.00     100.00      95.00      90.00
      68.00      37.00      22.00
      20.00       7.00       9.00      10.00      12.00      16.00      11.00       6.00      14.00      23.00
      30.00      34.00      20.00       3.00       1.00       0.00       0.00       3.00       4.00       3.00
       3.00       4.00       5.00       7.00       8.00      11.00      16.00      14.00      18.00       5.00
       2.00      20.00      56.00      71.00      72.00      50.00      43.00      32.00      18.00       3.00
       6.00      50.00      52.00      60.00      37.00      11.00      16.00      26.00      44.00      69.00
      84.00      88.00      90.00      84.00      64.00      37.00      27.00      31.00      36.00      44.00
      52.00      65.00      86.00      96.00      96.00      95.00     100.00      97.00      86.00      77.00
      62.00      43.00      30.00
      26.00      13.00      10.00       8.00       8.00      12.00      12.00      12.00      20.00      25.00
      18.00       8.00       0.00       0.00       4.00      11.00      10.00       9.00      12.00       2.00
       0.00       3.00       3.00       3.00       3.00       9.00       8.00      11.00      49.00      66.00
      71.00      40.00      41.00      48.00      28.00       3.00       0.00       2.00      34.00      48.00
       9.00      15.00      43.00      38.00       8.00       5.00      34.00      54.00      53.00      62.00
      79.00      86.00      78.00      52.00      24.00      15.00      25.00      34.00      45.00      59.00
      63.00      57.00      49.00      43.00      48.00      64.00      76.00      77.00      73.00      67.00
      55.00      46.00      42.00
      35.00      20.00      11.00       9.00       6.00       6.00       6.00       3.00       3.00       3.00
       2.00       0.00       3.00       6.00      10.00      14.00       8.00       2.00       5.00      12.00
       4.00       0.00       3.00       3.00       5.00       9.00       0.00      22.00      31.00      19.00
      22.00      60.00      14.00       1.00       0.00       2.00      17.00      34.00      33.00      34.00
      26.00       9.00      10.00      27.00      41.00      52.00      65.00      64.00      52.00      59.00
      73.00      72.00      55.00      27.00      14.00      32.00      46.00      40.00      36.00      35.00
      34.00      32.00      23.00      16.00      26.00      49.00      68.00      75.00      77.00      70.00
      56.00      49.00      50.00
      16.00      18.00       9.00       7.00       7.00       9.00       9.00       5.00       1.00       3.00
       8.00      13.00      15.00      16.00      12.00       1.00       0.00       1.00       2.00       4.00
       5.00       0.00       2.00       3.00       4.00       8.00       5.00       5.00      15.00       6.00
       1.00       1.00      14.00      26.00       7.00      21.00      69.00      82.00      59.00      48.00
      69.00      60.00      46.00      67.00      82.00      75.00      71.00      66.00      57.00      69.00
      71.00      56.00      35.00      12.00      16.00      45.00      52.00      35.00      29.00      30.00
      33.00      35.00      27.00      21.00      31.00      50.00      68.00      73.00      71.00      65.00
      57.00      54.00      53.00
       7.00       8.00       3.00       6.00      12.00      10.00       3.00       3.00      17.00      25.00
      30.00      31.00      20.00       7.00       1.00       0.00       0.00       0.00       0.00       0.00
       2.00       5.00       6.00       5.00       2.00       2.00       3.00       1.00       1.00       6.00
      16.00      27.00      32.00      39.00      42.00      62.00      81.00      89.00      68.00      83.00
      94.00      95.00      90.00      96.00      83.00      65.00      64.00      54.00      52.00      57.00
      45.00      25.00      11.00       6.00      18.00      41.00      37.00      29.00      32.00      33.00
      30.00      22.00      10.00      11.00      22.00      33.00      44.00      46.00      45.00      44.00
      45.00      46.00      44.00
       6.00       4.00       1.00      10.00       2.00       0.00       4.00      22.00      39.00      41.00
      36.00      23.00       4.00       1.00       3.00       7.00       7.00       4.00       0.00       0.00
       1.00       2.00       1.00       4.00       5.00       2.00       0.00       1.00      14.00      43.00
      61.00      62.00      52.00      35.00      22.00      20.00      35.00      52.00      48.00      59.00
      68.00      71.00      68.00      61.00      46.00      40.00      31.00      31.00      38.00      33.00
      16.00       3.00       6.00      28.00      56.00      48.00      28.00      33.00      36.00      25.00
      22.00      24.00      23.00      25.00      29.00      33.00      35.00      31.00      26.00      22.00
      25.00      29.00      28.00
       4.00       2.00       1.00       4.00       0.00       7.00      24.00      41.00      46.00      35.00
      20.00       4.00       3.00       9.00      19.00      14.00      11.00       5.00       2.00       1.00
       2.00       1.00       0.00       0.00       0.00       1.00       4.00      21.00      52.00      64.00
      52.00      45.00      49.00      60.00      78.00      73.00      64.00      57.00      46.00      55.00
      48.00      32.00      22.00      24.00      24.00      22.00      26.00      42.00      45.00      39.00
      22.00       9.00       9.00      54.00      86.00      55.00      30.00      41.00      43.00      27.00
      25.00      32.00      39.00      42.00      49.00      64.00      63.00      42.00      26.00      18.00
      16.00      20.00      24.00
       0.00       0.00       0.00       0.00       9.00      32.00      38.00      38.00      32.00      25.00
      13.00       7.00      15.00      27.00      32.00      14.00       5.00       1.00       3.00       2.00
       2.00       5.00       9.00      12.00      14.00      22.00      45.00      73.00      72.00      51.00
      36.00      23.00      30.00      42.00      71.00      88.00      71.00      49.00      45.00      57.00
      57.00      33.00      16.00      20.00      24.00      26.00      32.00      46.00      52.00      46.00
      37.00      32.00      41.00      79.00      94.00      63.00      37.00      39.00      42.00      34.00
      25.00      25.00      31.00      42.00      61.00      81.00      69.00      36.00      19.00      16.00
      14.00      15.00      22.00
       1.00       0.00       2.00       5.00      26.00      46.00      37.00      26.00      30.00      25.00
      14.00      15.00      22.00      29.00      30.00      22.00      12.00      11.00       5.00       6.00
       1.00       7.00      15.00      22.00      35.00      52.00      75.00      89.00      79.00      51.00
      41.00      32.00      39.00      49.00      74.00      77.00      64.00      53.00      54.00      53.00
      45.00      24.00      15.00      23.00      30.00      30.00      29.00      32.00      42.00      46.00
      47.00      56.00      69.00      88.00      95.00      71.00      40.00      33.00      40.00      40.00
      33.00      31.00      30.00      33.00      45.00      59.00      54.00      29.00      16.00      16.00
      13.00      11.00      17.00
       7.00      14.00      22.00      25.00      36.00      49.00      44.00      30.00      26.00      22.00
      15.00      18.00      26.00      29.00      33.00      37.00      32.00      31.00      29.00      24.00
      19.00      14.00      10.00      19.00      55.00      83.00      85.00      76.00      73.00      59.00
      53.00      47.00      48.00      52.00      57.00      61.00      60.00      55.00      50.00      44.00
      34.00      21.00      18.00      27.00      31.00      28.00      24.00      30.00      47.00      53.00
      55.00      56.00      62.00      77.00      85.00      64.00      39.00      32.00      35.00      34.00
      32.00      34.00      32.00      30.00      41.00      53.00      49.00      31.00      26.00      27.00
      18.00      11.00      12.00
      21.00      36.00      48.00      52.00      51.00      55.00      56.00      42.00      29.00      25.00
      20.00      22.00      31.00      32.00      36.00      26.00      43.00      51.00      54.00      48.00
      41.00      36.00      33.00      42.00      67.00      86.00      86.00      80.00      77.00      74.00
      71.00      70.00      60.00      47.00      49.00      56.00      63.00      57.00      44.00      36.00
      28.00      25.00      29.00      36.00      36.00      27.00      23.00      28.00      44.00      49.00
      39.00      34.00      41.00      58.00      65.00      52.00      41.00      36.00      32.00      25.00
      24.00      26.00      28.00      32.00      40.00      48.00      42.00      32.00      38.00      43.00
      32.00      20.00      16.00
      37.00      49.00      63.00      78.00      74.00      71.00      67.00      51.00      37.00      29.00
      23.00      30.00      42.00      43.00      45.00      35.00      37.00      37.00      47.00      52.00
      55.00      52.00      50.00      49.00      42.00      44.00      62.00      71.00      78.00      91.00
      86.00      76.00      71.00      67.00      61.00      60.00      71.00      73.00      55.00      39.00
      33.00      32.00      35.00      44.00      38.00      23.00      18.00      17.00      21.00      24.00
      22.00      22.00      27.00      38.00      47.00      48.00      45.00      40.00      34.00      24.00
      24.00      27.00      25.00      29.00      31.00      35.00      42.00      46.00      50.00      45.00
      36.00      28.00      22.00
      49.00      55.00      70.00      79.00      80.00      81.00      69.00      49.00      43.00      33.00
      24.00      34.00      42.00      39.00      43.00      55.00      40.00      16.00      32.00      47.00
      52.00      54.00      62.00      59.00      45.00      37.00      47.00      52.00      53.00      71.00
      84.00      77.00      77.00      78.00      64.00      55.00      69.00      79.00      66.00      45.00
      35.00      36.00      34.00      34.00      30.00      21.00      20.00      22.00      19.00      19.00
      24.00      29.00      31.00      33.00      40.00      48.00      45.00      40.00      35.00      27.00
      31.00      34.00      31.00      37.00      37.00      33.00      43.00      54.00      49.00      35.00
      27.00      23.00      21.00
      47.00      59.00      69.00      57.00      58.00      58.00      40.00      40.00      56.00      51.00
      33.00      32.00      38.00      35.00      33.00      40.00      39.00      34.00      31.00      39.00
      46.00      64.00      77.00      67.00      54.00      52.00      58.00      58.00      43.00      40.00
      54.00      64.00      69.00      73.00      65.00      55.00      66.00      80.00      79.00      59.00
      39.00      45.00      53.00      52.00      48.00      43.00      38.00      33.00      33.00      34.00
      35.00      31.00      24.00      24.00      30.00      39.00      42.00      39.00      37.00      33.00
      36.00      37.00      35.00      42.00      41.00      33.00      38.00      48.00      47.00      36.00
      26.00      20.00      21.00
      39.00      57.00      55.00      36.00      38.00      43.00      30.00      39.00      58.00      54.00
      38.00      32.00      40.00      44.00      47.00      59.00      77.00      71.00      62.00      66.00
      72.00      80.00      79.00      57.00      44.00      44.00      56.00      67.00      56.00      41.00
      36.00      43.00      54.00      71.00      77.00      67.00      76.00      89.00      88.00      83.00
      69.00      65.00      74.00      76.00      73.00      65.00      42.00      29.00      35.00      44.00
      45.00      35.00      22.00      20.00      28.00      35.00      37.00      34.00      31.00      35.00
      40.00      41.00      39.00      41.00      39.00      35.00      34.00      37.00      42.00      38.00
      30.00      26.00      27.00
      49.00      58.00      43.00      32.00      40.00      48.00      36.00      38.00      42.00      41.00
      36.00      29.00      28.00      34.00      47.00      60.00      75.00      82.00      77.00      76.00
      76.00      81.00      80.00      71.00      58.00      44.00      47.00      61.00      57.00      50.00
      41.00      41.00      58.00      83.00      95.00      83.00      83.00      94.00      89.00      85.00
      83.00      74.00      70.00      74.00      72.00      57.00      34.00      26.00      35.00      45.00
      46.00      43.00      31.00      22.00      31.00      38.00      36.00      27.00      20.00      26.00
      39.00      45.00      43.00      42.00      39.00      34.00      27.00      25.00      32.00      34.00
      33.00      33.00      31.00
