diamond 4 20年06月24日20时400百帕相对湿度
20 06 24  20  400 
2.500 -2.500  .0  180.0   90.0  .0
73  37
      31.00      31.00      31.00      31.00      31.00      31.00      31.00      31.00      31.00      31.00
      31.00      31.00      31.00      31.00      31.00      31.00      31.00      31.00      31.00      31.00
      31.00      31.00      31.00      31.00      31.00      31.00      31.00      31.00      31.00      31.00
      31.00      31.00      31.00      31.00      31.00      31.00      31.00      31.00      31.00      31.00
      31.00      31.00      31.00      31.00      31.00      31.00      31.00      31.00      31.00      31.00
      31.00      31.00      31.00      31.00      31.00      31.00      31.00      31.00      31.00      31.00
      31.00      31.00      31.00      31.00      31.00      31.00      31.00      31.00      31.00      31.00
      31.00      31.00      31.00
       5.00       5.00       5.00       5.00       5.00       5.00       5.00       5.00       5.00       6.00
       6.00       6.00       7.00       7.00       8.00       8.00       9.00      10.00      10.00      11.00
      12.00      13.00      13.00      14.00      15.00      16.00      16.00      17.00      18.00      19.00
      20.00      22.00      23.00      25.00      26.00      27.00      29.00      30.00      32.00      33.00
      35.00      36.00      37.00      39.00      40.00      41.00      42.00      43.00      44.00      45.00
      46.00      46.00      47.00      47.00      48.00      48.00      48.00      48.00      48.00      47.00
      47.00      46.00      46.00      45.00      44.00      43.00      42.00      41.00      39.00      38.00
      37.00      36.00      35.00
      56.00      57.00      57.00      58.00      58.00      59.00      59.00      60.00      60.00      61.00
      61.00      62.00      62.00      62.00      61.00      61.00      60.00      59.00      58.00      57.00
      55.00      53.00      52.00      50.00      48.00      46.00      44.00      42.00      41.00      39.00
      38.00      36.00      35.00      33.00      32.00      31.00      30.00      29.00      28.00      28.00
      27.00      27.00      27.00      26.00      26.00      26.00      26.00      27.00      27.00      27.00
      27.00      28.00      28.00      28.00      29.00      29.00      29.00      29.00      29.00      29.00
      29.00      28.00      27.00      25.00      24.00      21.00      19.00      16.00      13.00      10.00
       7.00       4.00       1.00
      65.00      64.00      64.00      64.00      64.00      65.00      66.00      68.00      70.00      72.00
      75.00      78.00      80.00      82.00      83.00      84.00      83.00      81.00      79.00      74.00
      70.00      64.00      58.00      52.00      46.00      41.00      37.00      33.00      30.00      27.00
      25.00      24.00      23.00      22.00      21.00      21.00      21.00      21.00      21.00      22.00
      23.00      24.00      25.00      26.00      28.00      29.00      31.00      32.00      32.00      33.00
      33.00      32.00      32.00      30.00      29.00      28.00      26.00      24.00      23.00      22.00
      21.00      21.00      20.00      20.00      20.00      19.00      19.00      18.00      17.00      15.00
      14.00      12.00      11.00
      65.00      65.00      65.00      63.00      61.00      58.00      55.00      53.00      51.00      51.00
      52.00      55.00      59.00      63.00      67.00      70.00      71.00      70.00      66.00      59.00
      49.00      38.00      27.00      16.00       7.00       1.00       0.00       0.00       0.00       0.00
       0.00       0.00       2.00       4.00       7.00       9.00      13.00      17.00      22.00      27.00
      33.00      37.00      42.00      46.00      49.00      52.00      54.00      56.00      58.00      59.00
      60.00      60.00      59.00      58.00      56.00      53.00      49.00      44.00      39.00      34.00
      29.00      24.00      19.00      16.00      14.00      13.00      13.00      13.00      13.00      13.00
      14.00      15.00      16.00
      57.00      62.00      64.00      63.00      60.00      54.00      48.00      42.00      36.00      32.00
      30.00      30.00      32.00      37.00      43.00      50.00      56.00      59.00      60.00      57.00
      51.00      43.00      33.00      24.00      17.00      14.00      12.00      10.00      11.00      11.00
       9.00       7.00       3.00       1.00       2.00       4.00       7.00      14.00      21.00      29.00
      34.00      38.00      40.00      41.00      40.00      40.00      39.00      39.00      40.00      42.00
      44.00      46.00      49.00      50.00      51.00      51.00      50.00      48.00      45.00      41.00
      36.00      30.00      25.00      20.00      16.00      14.00      16.00      18.00      22.00      28.00
      36.00      43.00      49.00
      23.00      25.00      24.00      23.00      21.00      20.00      21.00      22.00      25.00      27.00
      29.00      30.00      29.00      28.00      27.00      27.00      29.00      32.00      36.00      41.00
      44.00      45.00      42.00      38.00      35.00      32.00      32.00      32.00      31.00      28.00
      22.00      14.00       6.00       2.00       2.00       5.00      12.00      22.00      30.00      36.00
      39.00      38.00      34.00      30.00      25.00      21.00      19.00      18.00      18.00      19.00
      21.00      22.00      22.00      21.00      21.00      21.00      21.00      22.00      23.00      24.00
      24.00      24.00      22.00      19.00      17.00      16.00      18.00      21.00      28.00      35.00
      42.00      47.00      49.00
      51.00      40.00      28.00      19.00      15.00      16.00      23.00      34.00      47.00      58.00
      65.00      68.00      65.00      58.00      46.00      33.00      20.00      10.00       8.00      14.00
      27.00      40.00      48.00      50.00      47.00      41.00      36.00      33.00      29.00      24.00
      16.00       6.00       5.00       5.00       8.00      13.00      25.00      40.00      49.00      52.00
      49.00      42.00      33.00      24.00      16.00      11.00       8.00       8.00      10.00      12.00
      14.00      15.00      15.00      12.00       9.00       6.00       4.00       5.00       7.00      10.00
      14.00      17.00      18.00      17.00      17.00      17.00      18.00      20.00      21.00      22.00
      21.00      18.00      14.00
      34.00      30.00      27.00      25.00      26.00      29.00      33.00      38.00      45.00      53.00
      62.00      69.00      71.00      67.00      57.00      42.00      25.00       9.00       2.00       4.00
      16.00      33.00      45.00      50.00      48.00      44.00      39.00      33.00      26.00      16.00
       6.00       1.00       0.00       2.00       6.00      13.00      29.00      46.00      56.00      56.00
      49.00      38.00      27.00      17.00      11.00      10.00      10.00      11.00      13.00      15.00
      19.00      22.00      24.00      24.00      20.00      15.00      10.00       8.00       8.00      10.00
      12.00      14.00      14.00      15.00      16.00      19.00      24.00      28.00      31.00      32.00
      30.00      28.00      27.00
      60.00      63.00      64.00      61.00      55.00      50.00      49.00      51.00      55.00      60.00
      67.00      71.00      71.00      66.00      57.00      45.00      33.00      22.00      17.00      18.00
      23.00      27.00      27.00      22.00      18.00      18.00      21.00      22.00      19.00      14.00
      12.00       9.00       7.00      10.00      14.00      19.00      31.00      46.00      57.00      55.00
      44.00      31.00      19.00      12.00      14.00      21.00      26.00      27.00      25.00      23.00
      22.00      23.00      25.00      25.00      23.00      21.00      19.00      17.00      15.00      12.00
      10.00       9.00      10.00      13.00      18.00      25.00      33.00      43.00      52.00      60.00
      64.00      66.00      67.00
     100.00     100.00      99.00      91.00      76.00      64.00      59.00      62.00      71.00      82.00
      88.00      86.00      75.00      61.00      47.00      35.00      23.00      13.00       7.00      12.00
      23.00      28.00      24.00      13.00       9.00      17.00      32.00      47.00      51.00      46.00
      40.00      35.00      33.00      31.00      31.00      34.00      42.00      53.00      59.00      54.00
      43.00      32.00      23.00      22.00      30.00      38.00      37.00      30.00      25.00      24.00
      23.00      20.00      16.00      15.00      16.00      20.00      27.00      31.00      27.00      20.00
      14.00      11.00      13.00      17.00      20.00      23.00      28.00      36.00      46.00      53.00
      60.00      70.00      83.00
      89.00      86.00      79.00      68.00      55.00      45.00      42.00      47.00      60.00      74.00
      80.00      74.00      62.00      50.00      42.00      34.00      23.00       6.00       0.00       1.00
      16.00      30.00      28.00      20.00      22.00      35.00      50.00      62.00      67.00      63.00
      51.00      34.00      18.00      13.00      21.00      35.00      48.00      54.00      51.00      42.00
      31.00      24.00      26.00      34.00      44.00      45.00      37.00      27.00      23.00      25.00
      27.00      25.00      20.00      18.00      21.00      29.00      34.00      34.00      24.00      13.00
       7.00       9.00      15.00      19.00      18.00      16.00      18.00      25.00      35.00      43.00
      51.00      66.00      90.00
      74.00      59.00      38.00      22.00      17.00      19.00      22.00      27.00      39.00      52.00
      58.00      52.00      41.00      33.00      33.00      32.00      27.00      23.00      29.00      45.00
      54.00      45.00      30.00      27.00      41.00      50.00      49.00      47.00      53.00      61.00
      55.00      30.00       7.00       5.00      22.00      45.00      53.00      47.00      35.00      26.00
      23.00      24.00      28.00      35.00      41.00      42.00      33.00      25.00      25.00      29.00
      33.00      34.00      36.00      39.00      45.00      48.00      42.00      31.00      24.00      19.00
      18.00      17.00      20.00      22.00      22.00      20.00      21.00      27.00      35.00      43.00
      54.00      70.00      87.00
      56.00      29.00       8.00       3.00       9.00      16.00      14.00      11.00      14.00      22.00
      28.00      24.00      14.00       9.00      14.00      19.00      21.00      23.00      33.00      45.00
      42.00      22.00       8.00      23.00      49.00      51.00      38.00      39.00      60.00      80.00
      74.00      40.00      10.00      14.00      43.00      62.00      55.00      34.00      20.00      23.00
      37.00      46.00      42.00      32.00      28.00      31.00      28.00      21.00      21.00      29.00
      39.00      37.00      23.00      15.00      17.00      18.00      18.00      22.00      28.00      30.00
      26.00      21.00      19.00      19.00      19.00      19.00      18.00      18.00      20.00      28.00
      40.00      54.00      61.00
      23.00       7.00       5.00      14.00      30.00      43.00      44.00      37.00      29.00      23.00
      19.00      15.00       8.00       5.00      10.00      17.00      15.00      12.00      20.00      31.00
      30.00      15.00       7.00      22.00      42.00      39.00      29.00      41.00      71.00      86.00
      69.00      29.00       4.00      22.00      54.00      64.00      48.00      15.00       0.00      11.00
      42.00      53.00      43.00      22.00       8.00      13.00      25.00      31.00      41.00      64.00
      84.00      88.00      68.00      38.00      27.00      27.00      30.00      34.00      34.00      32.00
      32.00      33.00      33.00      27.00      16.00      13.00      18.00      23.00      27.00      34.00
      41.00      42.00      36.00
      16.00      21.00      24.00      25.00      30.00      42.00      55.00      60.00      58.00      54.00
      51.00      46.00      32.00      13.00       1.00       3.00       7.00      14.00      34.00      57.00
      61.00      49.00      40.00      47.00      60.00      60.00      58.00      68.00      79.00      71.00
      44.00      19.00      20.00      40.00      58.00      61.00      41.00      17.00       1.00       9.00
      33.00      53.00      53.00      41.00      31.00      32.00      31.00      36.00      56.00      84.00
      87.00      86.00      76.00      63.00      67.00      74.00      73.00      63.00      44.00      21.00
      16.00      28.00      40.00      31.00      12.00       7.00      15.00      26.00      36.00      46.00
      51.00      46.00      35.00
      22.00      29.00      23.00      16.00      18.00      27.00      33.00      42.00      50.00      52.00
      56.00      59.00      52.00      34.00      21.00      21.00      22.00      22.00      35.00      57.00
      67.00      59.00      50.00      53.00      56.00      54.00      56.00      63.00      59.00      31.00
       1.00       0.00      19.00      34.00      38.00      40.00      49.00      55.00      41.00      27.00
      30.00      51.00      60.00      58.00      58.00      48.00      36.00      36.00      44.00      50.00
      34.00      23.00      27.00      46.00      74.00      92.00      86.00      71.00      55.00      35.00
      19.00      14.00      18.00      21.00      18.00      16.00      20.00      24.00      27.00      36.00
      45.00      44.00      33.00
      29.00      26.00      11.00       4.00      24.00      46.00      30.00      13.00      16.00      19.00
      34.00      55.00      56.00      46.00      34.00      30.00      20.00       8.00      11.00      27.00
      36.00      38.00      46.00      52.00      36.00      17.00      19.00      30.00      28.00      12.00
       1.00       1.00      15.00      25.00      24.00      37.00      69.00      81.00      51.00       4.00
       6.00      45.00      57.00      59.00      58.00      59.00      61.00      52.00      33.00      11.00
       0.00       4.00      32.00      69.00      87.00      91.00      83.00      70.00      64.00      53.00
      32.00      11.00       1.00       6.00      10.00      13.00      11.00       9.00       8.00      16.00
      28.00      31.00      26.00
      26.00      25.00      13.00       5.00      15.00      27.00      28.00      25.00      22.00      19.00
      31.00      47.00      48.00      50.00      58.00      64.00      56.00      35.00      32.00      44.00
      38.00      30.00      41.00      52.00      35.00      12.00       8.00      11.00       8.00      12.00
      25.00      30.00      46.00      57.00      59.00      61.00      66.00      71.00      58.00      23.00
      15.00      29.00      38.00      35.00      34.00      52.00      66.00      43.00      21.00      28.00
      35.00      47.00      81.00      95.00      95.00      92.00      86.00      82.00      82.00      78.00
      69.00      58.00      51.00      51.00      55.00      54.00      46.00      37.00      27.00      19.00
      16.00      14.00      17.00
      39.00      21.00      11.00      11.00      13.00      14.00      19.00      26.00      27.00      22.00
      28.00      32.00      37.00      55.00      87.00      95.00      93.00      61.00      36.00      21.00
      16.00       7.00      12.00      22.00      18.00       2.00       1.00       4.00       4.00      29.00
      47.00      44.00      61.00      66.00      66.00      73.00      77.00      69.00      55.00      38.00
      15.00       2.00       9.00      20.00      33.00      71.00      91.00      49.00      35.00      42.00
      61.00      93.00      99.00      92.00      91.00      94.00      94.00      96.00     100.00     100.00
     100.00     100.00     100.00     100.00     100.00     100.00      97.00      85.00      72.00      60.00
      50.00      37.00      24.00
      59.00      18.00       2.00       9.00      18.00      18.00      15.00      17.00      22.00      24.00
      21.00      18.00      18.00      20.00      22.00      23.00      14.00      13.00      19.00       8.00
       3.00       2.00       3.00       8.00       6.00       2.00       1.00       1.00       0.00      14.00
      36.00      44.00      39.00      39.00      37.00      61.00      84.00      83.00      74.00      62.00
      28.00      12.00      24.00      12.00      10.00      79.00      93.00      58.00      27.00      25.00
      43.00      77.00      89.00      92.00      92.00      91.00      81.00      73.00      74.00      80.00
      82.00      83.00      84.00      85.00      93.00      97.00      99.00     100.00      98.00      92.00
      81.00      64.00      46.00
      49.00      21.00       5.00       6.00      12.00      15.00      11.00       8.00      13.00      17.00
      15.00      13.00      12.00       4.00       0.00       0.00       0.00       0.00       3.00       6.00
      14.00      10.00       6.00       3.00       4.00       6.00       6.00       2.00      16.00       2.00
      10.00      72.00      70.00      67.00      52.00      49.00      43.00      63.00      53.00      63.00
      87.00      52.00      62.00      29.00       4.00      41.00      55.00      26.00      22.00      32.00
      33.00      51.00      83.00      92.00      77.00      51.00      33.00      32.00      36.00      42.00
      48.00      51.00      52.00      54.00      66.00      80.00      92.00      99.00      98.00      93.00
      86.00      78.00      72.00
      44.00      30.00      13.00       7.00       8.00      14.00      13.00       4.00       3.00       4.00
       3.00       3.00       3.00       2.00       4.00       6.00       7.00       7.00      15.00       2.00
       0.00       7.00       8.00       2.00       1.00       4.00       0.00       3.00      37.00      69.00
      59.00      82.00      65.00      63.00      48.00       1.00       0.00      16.00      26.00      45.00
      56.00      39.00      53.00      42.00      16.00      14.00      17.00      32.00      53.00      62.00
      59.00      65.00      82.00      75.00      45.00      21.00      22.00      32.00      37.00      40.00
      44.00      51.00      61.00      68.00      71.00      73.00      75.00      77.00      76.00      71.00
      69.00      71.00      75.00
      41.00      29.00      12.00       7.00       6.00       8.00      10.00       4.00       2.00       1.00
       1.00       5.00       6.00       5.00       6.00       8.00       5.00       1.00       3.00      11.00
       3.00       0.00       8.00       6.00       2.00       4.00       0.00       6.00      34.00      35.00
      31.00      23.00      40.00      20.00      16.00      17.00      23.00      40.00      40.00      38.00
      43.00      20.00      28.00      11.00       0.00       9.00      34.00      64.00      74.00      72.00
      74.00      76.00      71.00      50.00      33.00      33.00      41.00      44.00      41.00      35.00
      37.00      47.00      59.00      60.00      48.00      37.00      37.00      45.00      53.00      58.00
      62.00      65.00      64.00
      17.00      22.00       8.00       6.00       6.00       3.00       3.00       2.00       2.00       7.00
      15.00      19.00      17.00      14.00      11.00       3.00       0.00       1.00       1.00       6.00
       4.00       0.00       5.00       3.00       1.00       6.00       6.00       3.00      12.00       8.00
       2.00       8.00      15.00      19.00       7.00       3.00      28.00      55.00      63.00      55.00
      63.00      45.00      11.00      12.00      21.00      40.00      64.00      92.00      82.00      65.00
      65.00      71.00      57.00      20.00      16.00      36.00      42.00      34.00      28.00      25.00
      28.00      35.00      39.00      32.00      24.00      35.00      50.00      60.00      67.00      69.00
      68.00      64.00      58.00
       4.00       8.00       6.00       5.00       3.00       0.00       2.00       3.00       9.00      20.00
      26.00      20.00      12.00       7.00       0.00       0.00       0.00       0.00       0.00       2.00
       3.00       6.00      11.00       8.00       5.00       6.00       2.00       1.00       8.00      15.00
      20.00      27.00      35.00      42.00      56.00      51.00      49.00      55.00      48.00      60.00
      88.00      76.00      46.00      69.00      76.00      69.00      78.00      74.00      56.00      48.00
      42.00      44.00      43.00      23.00      21.00      41.00      38.00      31.00      29.00      24.00
      23.00      22.00      20.00      22.00      34.00      55.00      64.00      61.00      60.00      56.00
      52.00      48.00      43.00
       2.00       5.00       5.00       1.00       0.00       3.00      15.00      18.00      23.00      28.00
      26.00      11.00       4.00       2.00       1.00       1.00       0.00       0.00       0.00       0.00
       2.00       5.00       7.00       3.00       1.00       0.00       0.00       5.00      18.00      28.00
      34.00      42.00      46.00      35.00      25.00      21.00      25.00      27.00      29.00      53.00
      84.00      86.00      85.00      88.00      61.00      53.00      45.00      31.00      30.00      29.00
      14.00      12.00      33.00      49.00      57.00      52.00      34.00      29.00      24.00      15.00
      15.00      13.00      15.00      31.00      49.00      54.00      41.00      30.00      27.00      22.00
      21.00      21.00      22.00
       5.00       6.00       0.00       0.00      13.00      41.00      43.00      36.00      35.00      26.00
      13.00       8.00      11.00      13.00      10.00       8.00       4.00       2.00       0.00       0.00
       0.00       2.00       2.00       0.00       0.00       4.00      14.00      27.00      36.00      29.00
      19.00      22.00      44.00      68.00      70.00      41.00      34.00      37.00      43.00      54.00
      54.00      46.00      41.00      32.00      23.00      27.00      35.00      37.00      32.00      32.00
      21.00      19.00      45.00      75.00      72.00      44.00      29.00      31.00      23.00      15.00
      20.00      22.00      29.00      54.00      79.00      75.00      50.00      31.00      21.00      16.00
      14.00      11.00      13.00
       0.00       0.00       0.00       0.00      35.00      51.00      38.00      29.00      25.00      17.00
       9.00      17.00      17.00      11.00       5.00       4.00       5.00       2.00       0.00       3.00
       5.00       9.00      13.00      17.00      26.00      44.00      57.00      49.00      29.00      26.00
      18.00      26.00      43.00      55.00      50.00      45.00      49.00      51.00      56.00      61.00
      49.00      27.00      16.00      18.00      25.00      35.00      40.00      43.00      45.00      42.00
      40.00      44.00      69.00      95.00      79.00      44.00      37.00      38.00      26.00      21.00
      26.00      29.00      38.00      57.00      76.00      77.00      54.00      28.00      16.00      16.00
      16.00      12.00      15.00
       2.00       5.00       6.00      15.00      43.00      44.00      26.00      22.00      23.00      12.00
      12.00      23.00      20.00       9.00       5.00       9.00      18.00      13.00       6.00      16.00
      11.00      16.00      24.00      36.00      55.00      68.00      68.00      53.00      31.00      31.00
      33.00      37.00      48.00      55.00      45.00      48.00      60.00      61.00      54.00      54.00
      42.00      27.00      22.00      23.00      25.00      31.00      36.00      41.00      43.00      45.00
      46.00      53.00      75.00      95.00      87.00      56.00      41.00      35.00      27.00      26.00
      26.00      27.00      33.00      40.00      50.00      58.00      46.00      26.00      16.00      15.00
      13.00      14.00      17.00
      28.00      41.00      39.00      37.00      50.00      46.00      28.00      22.00      25.00      12.00
      10.00      20.00      17.00      19.00      24.00      25.00      33.00      38.00      30.00      30.00
      14.00      20.00      34.00      53.00      68.00      70.00      63.00      56.00      47.00      40.00
      41.00      36.00      42.00      50.00      43.00      41.00      45.00      40.00      35.00      37.00
      31.00      27.00      30.00      28.00      20.00      22.00      33.00      40.00      39.00      41.00
      55.00      64.00      78.00      89.00      83.00      53.00      34.00      32.00      33.00      34.00
      32.00      31.00      31.00      36.00      47.00      51.00      43.00      35.00      30.00      20.00
      11.00      13.00      18.00
      51.00      66.00      62.00      56.00      58.00      44.00      23.00      16.00      22.00      16.00
      12.00      15.00      15.00      26.00      38.00      28.00      46.00      55.00      51.00      40.00
      38.00      46.00      55.00      64.00      69.00      73.00      73.00      72.00      68.00      57.00
      53.00      41.00      40.00      57.00      57.00      48.00      43.00      34.00      26.00      28.00
      26.00      31.00      38.00      31.00      21.00      19.00      30.00      42.00      43.00      45.00
      52.00      56.00      68.00      76.00      66.00      47.00      36.00      31.00      29.00      34.00
      35.00      31.00      29.00      34.00      46.00      48.00      45.00      46.00      45.00      32.00
      17.00      13.00      19.00
      58.00      63.00      62.00      64.00      61.00      43.00      24.00      18.00      18.00      17.00
      16.00      16.00      17.00      25.00      32.00      34.00      35.00      45.00      52.00      49.00
      49.00      55.00      53.00      52.00      55.00      64.00      75.00      85.00      95.00      93.00
      73.00      49.00      49.00      62.00      60.00      61.00      64.00      52.00      34.00      30.00
      30.00      33.00      38.00      32.00      21.00      16.00      23.00      33.00      30.00      36.00
      47.00      41.00      45.00      50.00      48.00      47.00      43.00      31.00      24.00      28.00
      32.00      29.00      27.00      32.00      41.00      46.00      50.00      53.00      47.00      37.00
      27.00      19.00      22.00
      56.00      55.00      51.00      55.00      59.00      58.00      45.00      37.00      28.00      21.00
      19.00      19.00      25.00      33.00      28.00      30.00      27.00      32.00      44.00      53.00
      52.00      49.00      42.00      41.00      45.00      50.00      56.00      61.00      69.00      79.00
      79.00      67.00      61.00      59.00      54.00      61.00      72.00      62.00      40.00      35.00
      42.00      39.00      36.00      35.00      28.00      22.00      25.00      31.00      27.00      34.00
      46.00      36.00      29.00      34.00      40.00      45.00      39.00      33.00      29.00      29.00
      33.00      35.00      33.00      35.00      37.00      40.00      47.00      46.00      33.00      27.00
      28.00      24.00      24.00
      48.00      56.00      49.00      43.00      51.00      50.00      55.00      54.00      45.00      38.00
      38.00      35.00      38.00      45.00      42.00      50.00      61.00      55.00      48.00      53.00
      57.00      53.00      47.00      50.00      52.00      52.00      48.00      43.00      40.00      43.00
      51.00      53.00      52.00      52.00      50.00      55.00      68.00      69.00      50.00      41.00
      61.00      68.00      61.00      59.00      58.00      52.00      48.00      47.00      44.00      43.00
      43.00      33.00      28.00      31.00      37.00      41.00      36.00      36.00      38.00      36.00
      40.00      46.00      45.00      42.00      38.00      38.00      44.00      44.00      31.00      24.00
      26.00      26.00      28.00
      41.00      54.00      48.00      38.00      38.00      32.00      41.00      46.00      41.00      40.00
      48.00      50.00      41.00      42.00      49.00      67.00      76.00      71.00      74.00      85.00
      85.00      68.00      62.00      65.00      58.00      55.00      48.00      41.00      44.00      45.00
      42.00      42.00      50.00      57.00      55.00      58.00      72.00      78.00      68.00      55.00
      67.00      79.00      85.00      85.00      77.00      72.00      55.00      45.00      44.00      46.00
      44.00      34.00      31.00      32.00      34.00      41.00      38.00      34.00      39.00      43.00
      46.00      51.00      53.00      48.00      39.00      36.00      41.00      44.00      37.00      29.00
      28.00      30.00      32.00
      45.00      44.00      36.00      34.00      30.00      25.00      32.00      32.00      26.00      26.00
      39.00      44.00      31.00      34.00      47.00      51.00      69.00      75.00      76.00      77.00
      74.00      68.00      68.00      70.00      59.00      46.00      37.00      41.00      55.00      62.00
      57.00      52.00      55.00      66.00      68.00      71.00      77.00      83.00      86.00      80.00
      74.00      73.00      81.00      82.00      68.00      60.00      47.00      35.00      38.00      42.00
      42.00      33.00      29.00      34.00      37.00      46.00      39.00      25.00      30.00      38.00
      40.00      46.00      50.00      44.00      34.00      30.00      32.00      39.00      39.00      34.00
      34.00      35.00      33.00
