diamond 4 20年06月30日20时400百帕相对湿度
20 06 30  20  400 
2.500 -2.500  .0  180.0   90.0  .0
73  37
       5.00       5.00       5.00       5.00       5.00       5.00       5.00       5.00       5.00       5.00
       5.00       5.00       5.00       5.00       5.00       5.00       5.00       5.00       5.00       5.00
       5.00       5.00       5.00       5.00       5.00       5.00       5.00       5.00       5.00       5.00
       5.00       5.00       5.00       5.00       5.00       5.00       5.00       5.00       5.00       5.00
       5.00       5.00       5.00       5.00       5.00       5.00       5.00       5.00       5.00       5.00
       5.00       5.00       5.00       5.00       5.00       5.00       5.00       5.00       5.00       5.00
       5.00       5.00       5.00       5.00       5.00       5.00       5.00       5.00       5.00       5.00
       5.00       5.00       5.00
       8.00       8.00       7.00       6.00       5.00       4.00       4.00       3.00       2.00       1.00
       0.00       0.00       0.00       0.00       0.00       0.00       0.00       0.00       0.00       0.00
       0.00       0.00       0.00       0.00       0.00       0.00       0.00       0.00       0.00       0.00
       0.00       0.00       0.00       0.00       0.00       0.00       0.00       0.00       0.00       0.00
       0.00       0.00       0.00       0.00       0.00       0.00       0.00       0.00       0.00       0.00
       0.00       0.00       0.00       0.00       0.00       0.00       0.00       0.00       0.00       0.00
       0.00       0.00       0.00       0.00       0.00       0.00       0.00       0.00       0.00       0.00
       0.00       0.00       0.00
      19.00      16.00      13.00      11.00       9.00       7.00       5.00       2.00       0.00       0.00
       0.00       0.00       0.00       0.00       0.00       0.00       2.00       3.00       4.00       6.00
       8.00      10.00      12.00      14.00      16.00      17.00      18.00      19.00      19.00      19.00
      19.00      19.00      18.00      17.00      17.00      16.00      15.00      14.00      13.00      11.00
      10.00       9.00       8.00       7.00       6.00       4.00       3.00       1.00       0.00       0.00
       0.00       0.00       0.00       0.00       0.00       0.00       0.00       0.00       0.00       0.00
       0.00       0.00       0.00       0.00       0.00       0.00       0.00       0.00       0.00       0.00
       0.00       0.00       0.00
      33.00      30.00      28.00      26.00      24.00      24.00      24.00      26.00      27.00      30.00
      32.00      34.00      37.00      39.00      41.00      42.00      43.00      44.00      45.00      45.00
      45.00      45.00      45.00      45.00      45.00      45.00      45.00      46.00      46.00      47.00
      47.00      48.00      48.00      48.00      49.00      49.00      49.00      50.00      50.00      50.00
      51.00      52.00      52.00      52.00      52.00      51.00      50.00      48.00      45.00      42.00
      38.00      34.00      30.00      25.00      21.00      16.00      12.00       7.00       4.00       2.00
       1.00       0.00       0.00       0.00       0.00       0.00       0.00       0.00       0.00       0.00
       0.00       1.00       2.00
      40.00      37.00      35.00      36.00      40.00      47.00      55.00      65.00      75.00      83.00
      91.00      95.00      97.00      98.00      99.00      98.00      94.00      88.00      79.00      68.00
      56.00      43.00      31.00      20.00      13.00       9.00      10.00      14.00      21.00      30.00
      39.00      48.00      55.00      61.00      65.00      67.00      69.00      70.00      71.00      72.00
      73.00      74.00      75.00      76.00      77.00      78.00      79.00      79.00      78.00      76.00
      74.00      70.00      66.00      61.00      55.00      49.00      42.00      35.00      27.00      20.00
      12.00       7.00       4.00       1.00       0.00       0.00       0.00       0.00       0.00       1.00
       4.00       7.00      12.00
      28.00      19.00      12.00      10.00      14.00      23.00      36.00      52.00      67.00      80.00
      90.00      96.00     100.00     100.00     100.00     100.00     100.00     100.00      95.00      86.00
      69.00      47.00      22.00       7.00       0.00       0.00       0.00       0.00       0.00       7.00
      25.00      41.00      55.00      64.00      71.00      75.00      77.00      78.00      77.00      76.00
      73.00      69.00      65.00      60.00      55.00      51.00      49.00      49.00      51.00      54.00
      58.00      62.00      65.00      67.00      68.00      66.00      63.00      58.00      50.00      42.00
      32.00      24.00      16.00       9.00       5.00       5.00       6.00       7.00      12.00      19.00
      25.00      32.00      39.00
      15.00       6.00       2.00       1.00       2.00       4.00       7.00      15.00      26.00      34.00
      39.00      41.00      42.00      43.00      45.00      49.00      53.00      59.00      63.00      67.00
      68.00      67.00      62.00      54.00      43.00      32.00      21.00      14.00       9.00       8.00
       9.00      12.00      16.00      22.00      31.00      42.00      53.00      64.00      72.00      75.00
      73.00      66.00      55.00      40.00      24.00      10.00       0.00       0.00       1.00       6.00
      16.00      29.00      41.00      51.00      59.00      63.00      64.00      60.00      52.00      42.00
      32.00      23.00      18.00      17.00      19.00      24.00      30.00      35.00      38.00      40.00
      40.00      41.00      41.00
       7.00       6.00       6.00       7.00       8.00      11.00      16.00      28.00      41.00      51.00
      54.00      54.00      50.00      46.00      42.00      38.00      36.00      33.00      31.00      32.00
      36.00      45.00      57.00      70.00      79.00      83.00      80.00      72.00      59.00      43.00
      26.00      10.00       0.00       0.00       0.00       0.00       7.00      20.00      40.00      55.00
      63.00      63.00      56.00      43.00      27.00      11.00       2.00       0.00       0.00       1.00
       9.00      21.00      33.00      44.00      53.00      59.00      61.00      58.00      50.00      37.00
      23.00      13.00      10.00      13.00      20.00      29.00      40.00      50.00      58.00      62.00
      64.00      65.00      66.00
       7.00       3.00       0.00       0.00       0.00       0.00       0.00      14.00      34.00      51.00
      60.00      61.00      57.00      52.00      49.00      50.00      52.00      50.00      44.00      35.00
      29.00      31.00      45.00      64.00      81.00      88.00      86.00      81.00      75.00      71.00
      69.00      68.00      66.00      57.00      40.00      17.00       0.00       0.00       8.00      31.00
      56.00      72.00      77.00      71.00      56.00      36.00      19.00       8.00       6.00       7.00
      10.00      14.00      19.00      24.00      28.00      32.00      34.00      32.00      26.00      19.00
      15.00      17.00      22.00      30.00      37.00      44.00      50.00      57.00      64.00      72.00
      79.00      82.00      83.00
       0.00       0.00       2.00       3.00       5.00       8.00      24.00      48.00      70.00      81.00
      80.00      71.00      56.00      40.00      32.00      34.00      42.00      50.00      52.00      44.00
      30.00      18.00      20.00      32.00      45.00      51.00      53.00      55.00      61.00      69.00
      77.00      82.00      85.00      85.00      79.00      59.00      27.00       0.00       0.00      17.00
      46.00      70.00      83.00      81.00      61.00      32.00      10.00       2.00       5.00      12.00
      18.00      19.00      18.00      18.00      21.00      26.00      28.00      27.00      28.00      34.00
      45.00      55.00      63.00      69.00      70.00      65.00      53.00      39.00      32.00      25.00
      17.00       9.00       6.00
      11.00      18.00      18.00      20.00      31.00      51.00      75.00      90.00      91.00      85.00
      80.00      77.00      71.00      60.00      48.00      41.00      44.00      52.00      58.00      54.00
      40.00      23.00      12.00       9.00      10.00      11.00      17.00      31.00      52.00      70.00
      77.00      74.00      72.00      74.00      76.00      68.00      47.00      27.00      19.00      23.00
      35.00      47.00      56.00      57.00      42.00      21.00      10.00      11.00      15.00      18.00
      16.00      11.00      11.00      18.00      33.00      52.00      62.00      60.00      62.00      66.00
      62.00      58.00      56.00      56.00      58.00      57.00      54.00      49.00      41.00      33.00
      28.00      27.00      31.00
      65.00      76.00      75.00      70.00      71.00      77.00      81.00      81.00      77.00      76.00
      79.00      82.00      80.00      71.00      60.00      51.00      48.00      48.00      46.00      39.00
      28.00      19.00      18.00      21.00      22.00      22.00      24.00      28.00      33.00      35.00
      37.00      43.00      56.00      66.00      58.00      36.00      23.00      25.00      32.00      38.00
      42.00      42.00      43.00      45.00      45.00      39.00      32.00      25.00      18.00      10.00
       4.00       3.00       9.00      22.00      43.00      60.00      43.00      15.00      10.00      21.00
      34.00      42.00      50.00      60.00      67.00      68.00      63.00      56.00      51.00      51.00
      50.00      47.00      46.00
      78.00      90.00      81.00      55.00      48.00      66.00      81.00      84.00      88.00      91.00
      89.00      80.00      69.00      62.00      59.00      56.00      52.00      44.00      35.00      24.00
      14.00      10.00      13.00      19.00      25.00      29.00      27.00      22.00      18.00      18.00
      26.00      40.00      52.00      50.00      26.00       5.00       1.00      17.00      35.00      44.00
      44.00      38.00      33.00      33.00      38.00      39.00      33.00      25.00      21.00      23.00
      25.00      27.00      30.00      33.00      35.00      25.00       3.00       1.00      25.00      54.00
      78.00      90.00      89.00      76.00      59.00      47.00      42.00      45.00      54.00      64.00
      68.00      65.00      59.00
      66.00      52.00      31.00      27.00      48.00      68.00      65.00      45.00      30.00      32.00
      42.00      51.00      58.00      62.00      63.00      57.00      47.00      37.00      27.00      16.00
       9.00      11.00      19.00      25.00      25.00      16.00      11.00      17.00      38.00      59.00
      69.00      63.00      45.00      28.00      19.00      19.00      26.00      35.00      40.00      38.00
      33.00      25.00      19.00      18.00      28.00      41.00      46.00      39.00      32.00      29.00
      28.00      24.00      19.00      17.00      20.00      26.00      27.00      29.00      39.00      51.00
      59.00      54.00      35.00      14.00      12.00      32.00      60.00      83.00      97.00     100.00
     100.00     100.00     100.00
      77.00      72.00      58.00      50.00      61.00      72.00      63.00      38.00      17.00       7.00
       8.00      24.00      46.00      58.00      53.00      39.00      29.00      25.00      17.00       6.00
       0.00       3.00      19.00      32.00      39.00      42.00      40.00      45.00      62.00      79.00
      79.00      57.00      30.00      19.00      26.00      38.00      43.00      40.00      31.00      24.00
      23.00      23.00      18.00      15.00      27.00      54.00      60.00      40.00      10.00       0.00
       8.00      22.00      33.00      44.00      51.00      49.00      39.00      33.00      33.00      35.00
      34.00      27.00      14.00       4.00      20.00      54.00      78.00      85.00      77.00      65.00
      69.00      86.00      99.00
      63.00      76.00      76.00      70.00      70.00      69.00      62.00      54.00      49.00      36.00
      17.00      13.00      30.00      44.00      36.00      23.00      20.00      23.00      20.00      14.00
      20.00      38.00      39.00      10.00       0.00      31.00      58.00      73.00      86.00      85.00
      59.00      31.00      26.00      38.00      52.00      54.00      44.00      25.00      10.00       0.00
       1.00      15.00      25.00      35.00      53.00      69.00      68.00      51.00      27.00      14.00
      18.00      24.00      29.00      30.00      24.00      18.00      19.00      32.00      45.00      45.00
      36.00      33.00      43.00      59.00      73.00      85.00      92.00      79.00      43.00      18.00
      33.00      68.00      92.00
      49.00      51.00      47.00      41.00      38.00      35.00      27.00      26.00      33.00      27.00
       9.00       7.00      26.00      39.00      26.00       8.00       6.00      10.00       7.00       0.00
       8.00      30.00      34.00      22.00      26.00      49.00      65.00      70.00      64.00      41.00
      15.00      10.00      30.00      57.00      62.00      57.00      58.00      55.00      50.00      38.00
      15.00      10.00      27.00      49.00      60.00      72.00      72.00      69.00      58.00      29.00
      12.00      13.00      31.00      50.00      56.00      56.00      65.00      88.00     100.00      99.00
      73.00      51.00      47.00      57.00      64.00      73.00      91.00     100.00      87.00      48.00
      39.00      66.00      88.00
      24.00      24.00      21.00      11.00       2.00       2.00       0.00       3.00      10.00      11.00
       4.00      11.00      29.00      32.00      16.00       5.00      13.00      23.00      19.00       9.00
       9.00      24.00      45.00      67.00      86.00      86.00      68.00      44.00      24.00      15.00
       4.00       1.00       8.00      31.00      42.00      39.00      30.00      38.00      54.00      66.00
      48.00      29.00      30.00      35.00      33.00      32.00      45.00      62.00      63.00      37.00
      21.00      27.00      53.00      73.00      72.00      52.00      35.00      31.00      38.00      44.00
      38.00      25.00      19.00      27.00      33.00      37.00      51.00      67.00      53.00      11.00
       0.00      23.00      72.00
      12.00      18.00      26.00      30.00      27.00      23.00      17.00      15.00      17.00      16.00
      10.00      16.00      26.00      23.00      14.00      16.00      29.00      34.00      26.00      18.00
      24.00      43.00      67.00      84.00      83.00      66.00      51.00      52.00      67.00      71.00
      53.00      29.00      16.00      21.00      37.00      41.00      36.00      20.00       2.00       2.00
      27.00      31.00      20.00      13.00      15.00      24.00      36.00      53.00      57.00      34.00
      28.00      16.00       0.00       5.00      15.00      20.00      28.00      37.00      39.00      27.00
       8.00       0.00       2.00       7.00      12.00      26.00      42.00      47.00      27.00       2.00
       2.00      31.00      80.00
      15.00      13.00      19.00      22.00      20.00      18.00      16.00      16.00      20.00      19.00
      14.00      13.00      19.00      24.00      25.00      27.00      24.00      26.00      27.00      20.00
      12.00      24.00      38.00      37.00      30.00      30.00      42.00      61.00      93.00      95.00
      86.00      76.00      45.00      22.00      14.00       9.00      13.00      17.00       6.00       1.00
      23.00      40.00      26.00      14.00      23.00      46.00      58.00      61.00      55.00      46.00
      48.00      29.00      24.00      44.00      63.00      72.00      79.00      91.00      94.00      80.00
      64.00      52.00      46.00      40.00      36.00      43.00      58.00      54.00      34.00      21.00
      24.00      44.00      75.00
       6.00       6.00      12.00      11.00       6.00       5.00       6.00       9.00      15.00      17.00
      12.00       9.00      14.00      21.00      18.00       7.00      13.00      25.00      32.00      61.00
      18.00       9.00      17.00       9.00       5.00       6.00      14.00      33.00      81.00      85.00
      63.00      49.00      60.00      48.00      33.00      18.00      11.00      21.00      13.00       8.00
      56.00      71.00      53.00      22.00      12.00      26.00      46.00      60.00      65.00      76.00
      89.00      81.00      63.00      56.00      57.00      54.00      57.00      76.00      94.00      98.00
     100.00      99.00      87.00      69.00      47.00      40.00      46.00      45.00      38.00      32.00
      28.00      31.00      55.00
      13.00      17.00      17.00      10.00       3.00       2.00       5.00       6.00       9.00       8.00
       6.00       8.00      13.00      15.00      12.00       2.00       1.00      10.00      23.00      21.00
      22.00      16.00      27.00      20.00       9.00       7.00       7.00      29.00      77.00      80.00
      59.00      40.00      40.00      32.00      35.00      14.00      26.00      34.00      29.00      34.00
      82.00      99.00      76.00      44.00      24.00      15.00      15.00      34.00      59.00      84.00
      96.00      66.00      23.00      17.00      30.00      38.00      52.00      79.00      97.00     100.00
      95.00      78.00      61.00      50.00      40.00      38.00      42.00      45.00      42.00      34.00
      23.00      27.00      51.00
      44.00      48.00      39.00      22.00       9.00       3.00       2.00       2.00       4.00       2.00
       2.00       5.00       5.00       2.00       3.00       3.00       1.00       0.00       0.00       0.00
       0.00       4.00      14.00      26.00      23.00      18.00      32.00      93.00      87.00      53.00
      18.00      27.00      15.00       0.00       0.00       0.00       3.00      51.00      67.00      73.00
      91.00     100.00      79.00      61.00      41.00      24.00      14.00      23.00      42.00      57.00
      55.00      20.00       9.00      41.00      72.00      82.00      83.00      94.00      95.00      80.00
      59.00      43.00      35.00      34.00      35.00      36.00      38.00      33.00      26.00      22.00
      23.00      36.00      54.00
      42.00      54.00      35.00      18.00       9.00       0.00       0.00       1.00       3.00       2.00
       1.00       1.00       1.00       0.00       1.00       2.00       7.00       7.00       5.00       8.00
       0.00       0.00       7.00      21.00      24.00      18.00      17.00      69.00      35.00      12.00
      14.00       9.00      19.00       0.00       0.00       8.00      26.00      51.00      67.00      90.00
      83.00      67.00      61.00      56.00      34.00      22.00      16.00       9.00      11.00      18.00
      20.00      17.00      39.00      76.00      90.00      82.00      80.00      89.00      77.00      49.00
      38.00      36.00      35.00      35.00      34.00      29.00      22.00      17.00      24.00      39.00
      50.00      54.00      50.00
      11.00      16.00      12.00       4.00       0.00       0.00       0.00       1.00       0.00       0.00
       0.00       0.00       2.00       4.00       6.00       4.00       4.00       6.00       3.00       1.00
       2.00       9.00       5.00       2.00       7.00       3.00       6.00       7.00      14.00       4.00
       3.00       2.00       5.00      17.00       0.00       0.00      16.00      50.00      52.00      70.00
      66.00      59.00      51.00      56.00      49.00      34.00      24.00      13.00      20.00      35.00
      39.00      45.00      72.00      93.00      89.00      83.00      91.00      88.00      57.00      39.00
      43.00      34.00      20.00      17.00      17.00      12.00       6.00      11.00      36.00      62.00
      66.00      54.00      36.00
       6.00       5.00       0.00       0.00       1.00       6.00      12.00      12.00       7.00       6.00
       6.00       5.00       5.00       5.00       6.00       4.00       2.00       4.00       3.00       0.00
       0.00       1.00       1.00       2.00       3.00       3.00       0.00       0.00       0.00       0.00
       0.00       0.00       0.00       9.00      25.00      36.00      38.00      50.00      42.00      59.00
      55.00      83.00      72.00      67.00      57.00      56.00      59.00      53.00      56.00      63.00
      58.00      61.00      80.00      92.00      90.00      92.00      93.00      72.00      36.00      32.00
      41.00      28.00      16.00      15.00      13.00       8.00       6.00      20.00      47.00      64.00
      63.00      59.00      50.00
       9.00       9.00       0.00       0.00       7.00      20.00      24.00      24.00      21.00      17.00
      14.00      11.00       9.00       5.00       4.00       4.00       4.00       7.00       8.00       0.00
       0.00       2.00       4.00       7.00       4.00       0.00       3.00       1.00       0.00       0.00
       0.00       3.00      25.00      43.00      46.00      40.00      38.00      41.00      44.00      61.00
      74.00      64.00      45.00      33.00      35.00      46.00      56.00      55.00      56.00      56.00
      50.00      45.00      51.00      65.00      81.00      92.00      90.00      71.00      45.00      37.00
      34.00      25.00      24.00      25.00      23.00      24.00      28.00      39.00      50.00      50.00
      50.00      56.00      61.00
       4.00       5.00       2.00       0.00      14.00      25.00      33.00      32.00      23.00      16.00
      11.00       9.00      11.00      14.00      14.00      10.00      12.00      13.00      16.00       6.00
       1.00       1.00       1.00       1.00       2.00       7.00      35.00      53.00      38.00      24.00
      34.00      52.00      59.00      58.00      54.00      46.00      43.00      50.00      56.00      50.00
      40.00      32.00      21.00      22.00      29.00      32.00      33.00      38.00      42.00      40.00
      33.00      20.00      16.00      36.00      68.00      89.00      88.00      68.00      46.00      37.00
      29.00      27.00      31.00      29.00      29.00      36.00      39.00      42.00      36.00      29.00
      29.00      30.00      35.00
       2.00       7.00       8.00       8.00      15.00      21.00      30.00      36.00      30.00      18.00
      13.00      15.00      21.00      26.00      25.00      19.00      21.00      24.00      24.00      20.00
      10.00       4.00       2.00       3.00       8.00      32.00      79.00      97.00      72.00      58.00
      67.00      76.00      59.00      34.00      24.00      28.00      30.00      35.00      42.00      39.00
      28.00      29.00      32.00      32.00      40.00      38.00      36.00      40.00      36.00      33.00
      30.00      13.00       1.00      15.00      51.00      73.00      75.00      57.00      42.00      35.00
      30.00      37.00      42.00      34.00      31.00      37.00      45.00      51.00      49.00      45.00
      40.00      33.00      31.00
       9.00       9.00      10.00       9.00      14.00      18.00      23.00      29.00      31.00      26.00
      20.00      21.00      28.00      32.00      23.00      19.00      22.00      24.00      27.00      21.00
      16.00      16.00      10.00      13.00      21.00      34.00      58.00      69.00      61.00      58.00
      63.00      60.00      44.00      36.00      29.00      29.00      27.00      29.00      36.00      39.00
      33.00      39.00      45.00      46.00      48.00      46.00      41.00      36.00      25.00      27.00
      39.00      30.00       8.00      11.00      37.00      57.00      62.00      56.00      46.00      36.00
      29.00      38.00      47.00      39.00      34.00      51.00      73.00      78.00      72.00      65.00
      56.00      50.00      43.00
      17.00      18.00      18.00      14.00      10.00      12.00      20.00      27.00      34.00      36.00
      33.00      22.00      25.00      35.00      26.00      22.00      19.00      19.00      27.00      26.00
      29.00      25.00      18.00      21.00      25.00      27.00      30.00      39.00      48.00      50.00
      48.00      45.00      42.00      45.00      49.00      40.00      34.00      33.00      36.00      43.00
      46.00      52.00      55.00      53.00      50.00      55.00      49.00      36.00      25.00      29.00
      43.00      47.00      26.00      14.00      24.00      36.00      41.00      40.00      38.00      34.00
      26.00      32.00      53.00      61.00      54.00      62.00      82.00      70.00      56.00      54.00
      51.00      49.00      40.00
      26.00      33.00      32.00      22.00      13.00      20.00      34.00      41.00      43.00      43.00
      37.00      20.00      20.00      33.00      29.00      20.00      16.00      17.00      18.00      23.00
      22.00      21.00      19.00      20.00      24.00      28.00      30.00      42.00      56.00      49.00
      45.00      42.00      61.00      73.00      68.00      46.00      37.00      41.00      44.00      53.00
      58.00      57.00      53.00      51.00      55.00      59.00      49.00      36.00      29.00      33.00
      42.00      46.00      36.00      22.00      23.00      32.00      32.00      30.00      37.00      39.00
      26.00      29.00      56.00      73.00      61.00      48.00      49.00      47.00      48.00      50.00
      48.00      44.00      36.00
      45.00      49.00      46.00      38.00      32.00      40.00      51.00      52.00      49.00      37.00
      24.00      14.00      18.00      30.00      31.00      25.00      23.00      22.00      21.00      15.00
      12.00      18.00      22.00      22.00      22.00      23.00      28.00      38.00      49.00      48.00
      40.00      44.00      54.00      61.00      55.00      39.00      37.00      51.00      62.00      66.00
      61.00      49.00      47.00      59.00      68.00      56.00      44.00      45.00      44.00      49.00
      50.00      42.00      39.00      38.00      45.00      52.00      44.00      34.00      41.00      40.00
      28.00      30.00      42.00      46.00      45.00      43.00      38.00      40.00      50.00      49.00
      40.00      31.00      28.00
      65.00      61.00      58.00      54.00      56.00      68.00      66.00      51.00      44.00      30.00
      22.00      19.00      25.00      31.00      30.00      40.00      42.00      33.00      29.00      25.00
      35.00      45.00      38.00      27.00      26.00      25.00      25.00      29.00      35.00      42.00
      44.00      46.00      46.00      35.00      26.00      23.00      36.00      56.00      67.00      69.00
      60.00      53.00      58.00      71.00      68.00      52.00      51.00      67.00      65.00      59.00
      50.00      40.00      48.00      57.00      61.00      65.00      59.00      54.00      52.00      44.00
      36.00      39.00      37.00      30.00      35.00      42.00      37.00      37.00      44.00      38.00
      29.00      22.00      21.00
      57.00      64.00      68.00      72.00      87.00      92.00      66.00      49.00      44.00      34.00
      38.00      52.00      51.00      37.00      28.00      39.00      41.00      42.00      44.00      47.00
      60.00      71.00      58.00      37.00      40.00      42.00      37.00      35.00      32.00      35.00
      37.00      41.00      45.00      36.00      25.00      25.00      35.00      44.00      49.00      52.00
      49.00      50.00      61.00      63.00      55.00      52.00      63.00      71.00      61.00      47.00
      41.00      43.00      52.00      52.00      50.00      55.00      61.00      67.00      62.00      50.00
      46.00      46.00      43.00      32.00      26.00      28.00      28.00      30.00      29.00      22.00
      20.00      24.00      23.00
      43.00      66.00      77.00      82.00      93.00      86.00      58.00      52.00      48.00      35.00
      38.00      54.00      57.00      39.00      33.00      51.00      55.00      53.00      53.00      55.00
      67.00      71.00      61.00      46.00      45.00      47.00      44.00      46.00      44.00      41.00
      30.00      22.00      26.00      30.00      31.00      28.00      28.00      26.00      28.00      34.00
      37.00      41.00      49.00      51.00      45.00      48.00      52.00      58.00      46.00      37.00
      39.00      45.00      45.00      37.00      36.00      45.00      61.00      72.00      66.00      52.00
      44.00      42.00      41.00      29.00      23.00      27.00      29.00      27.00      23.00      19.00
      22.00      29.00      26.00
      41.00      61.00      69.00      76.00      74.00      67.00      55.00      46.00      35.00      20.00
      22.00      22.00      19.00      14.00      20.00      35.00      56.00      58.00      51.00      44.00
      52.00      53.00      50.00      48.00      49.00      46.00      44.00      50.00      52.00      52.00
      45.00      34.00      27.00      25.00      27.00      24.00      22.00      19.00      23.00      34.00
      43.00      44.00      40.00      44.00      45.00      44.00      47.00      50.00      50.00      44.00
      46.00      48.00      49.00      49.00      47.00      47.00      59.00      75.00      68.00      49.00
      41.00      41.00      41.00      38.00      41.00      42.00      36.00      30.00      27.00      23.00
      20.00      27.00      25.00
