diamond 4 20年06月28日8时400百帕相对湿度
20 06 28  8  400 
2.500 -2.500  .0  180.0   90.0  .0
73  37
      23.00      23.00      23.00      23.00      23.00      23.00      23.00      23.00      23.00      23.00
      23.00      23.00      23.00      23.00      23.00      23.00      23.00      23.00      23.00      23.00
      23.00      23.00      23.00      23.00      23.00      23.00      23.00      23.00      23.00      23.00
      23.00      23.00      23.00      23.00      23.00      23.00      23.00      23.00      23.00      23.00
      23.00      23.00      23.00      23.00      23.00      23.00      23.00      23.00      23.00      23.00
      23.00      23.00      23.00      23.00      23.00      23.00      23.00      23.00      23.00      23.00
      23.00      23.00      23.00      23.00      23.00      23.00      23.00      23.00      23.00      23.00
      23.00      23.00      23.00
      40.00      38.00      36.00      34.00      32.00      30.00      27.00      25.00      23.00      21.00
      19.00      19.00      18.00      17.00      16.00      16.00      15.00      14.00      14.00      13.00
      13.00      13.00      12.00      12.00      12.00      12.00      12.00      12.00      12.00      12.00
      13.00      13.00      14.00      15.00      15.00      16.00      17.00      18.00      18.00      19.00
      20.00      20.00      20.00      21.00      21.00      21.00      21.00      21.00      21.00      21.00
      20.00      20.00      20.00      19.00      19.00      18.00      18.00      17.00      17.00      16.00
      16.00      16.00      16.00      16.00      16.00      16.00      16.00      16.00      16.00      16.00
      17.00      17.00      18.00
      57.00      54.00      51.00      48.00      45.00      42.00      37.00      33.00      28.00      26.00
      25.00      24.00      22.00      21.00      20.00      18.00      17.00      15.00      14.00      13.00
      12.00      11.00      10.00       9.00       8.00       8.00       8.00       8.00       8.00       8.00
       9.00       9.00      10.00      11.00      13.00      15.00      16.00      18.00      20.00      22.00
      24.00      25.00      27.00      28.00      29.00      29.00      30.00      30.00      30.00      29.00
      29.00      28.00      27.00      26.00      25.00      24.00      23.00      22.00      21.00      20.00
      20.00      19.00      19.00      18.00      18.00      18.00      18.00      18.00      18.00      19.00
      19.00      20.00      21.00
      41.00      40.00      38.00      36.00      33.00      31.00      28.00      25.00      23.00      20.00
      18.00      17.00      16.00      15.00      14.00      13.00      12.00      11.00       9.00       8.00
       6.00       5.00       4.00       3.00       2.00       1.00       0.00       0.00       0.00       0.00
       0.00       0.00       0.00       0.00       0.00       0.00       0.00       0.00       1.00       1.00
       1.00       2.00       2.00       3.00       3.00       4.00       5.00       5.00       5.00       5.00
       5.00       5.00       5.00       6.00       7.00       8.00      10.00      12.00      16.00      21.00
      25.00      29.00      32.00      33.00      34.00      34.00      33.00      32.00      30.00      28.00
      27.00      27.00      27.00
       9.00       7.00       6.00       6.00       7.00       9.00      12.00      15.00      19.00      22.00
      24.00      27.00      29.00      31.00      32.00      32.00      32.00      31.00      29.00      27.00
      24.00      22.00      20.00      18.00      18.00      18.00      19.00      21.00      24.00      27.00
      31.00      35.00      38.00      41.00      41.00      41.00      39.00      35.00      31.00      27.00
      23.00      20.00      18.00      18.00      17.00      17.00      16.00      15.00      11.00       7.00
       2.00       0.00       0.00       0.00       0.00       0.00       1.00       9.00      22.00      36.00
      49.00      60.00      66.00      69.00      67.00      61.00      54.00      45.00      37.00      32.00
      29.00      29.00      32.00
      16.00      15.00      16.00      19.00      24.00      29.00      34.00      38.00      41.00      43.00
      44.00      44.00      43.00      40.00      36.00      31.00      25.00      18.00      12.00       8.00
       6.00       7.00      12.00      19.00      26.00      33.00      39.00      43.00      45.00      47.00
      50.00      53.00      56.00      60.00      63.00      65.00      65.00      65.00      63.00      61.00
      61.00      61.00      62.00      65.00      67.00      68.00      68.00      63.00      56.00      45.00
      31.00      16.00       4.00       0.00       0.00       0.00       4.00      20.00      41.00      62.00
      80.00      90.00      93.00      92.00      84.00      71.00      55.00      38.00      25.00      18.00
      17.00      23.00      34.00
      51.00      49.00      50.00      53.00      56.00      57.00      56.00      53.00      47.00      42.00
      39.00      37.00      37.00      36.00      34.00      28.00      20.00      12.00       7.00       7.00
       8.00      13.00      24.00      37.00      49.00      56.00      56.00      51.00      42.00      31.00
      20.00      13.00       9.00       8.00      10.00      15.00      22.00      32.00      43.00      55.00
      67.00      78.00      88.00      95.00      97.00      95.00      89.00      78.00      64.00      49.00
      35.00      22.00      12.00       8.00      10.00      18.00      32.00      49.00      66.00      81.00
      92.00      97.00      98.00      93.00      83.00      69.00      54.00      38.00      28.00      24.00
      28.00      36.00      45.00
      90.00      89.00      88.00      86.00      83.00      77.00      68.00      56.00      42.00      30.00
      22.00      19.00      21.00      25.00      29.00      30.00      29.00      28.00      29.00      35.00
      45.00      57.00      69.00      76.00      77.00      69.00      51.00      29.00      14.00       6.00
       2.00       2.00       4.00      10.00      15.00      20.00      26.00      35.00      47.00      60.00
      72.00      82.00      86.00      83.00      74.00      61.00      46.00      32.00      22.00      15.00
      13.00      16.00      22.00      28.00      35.00      39.00      44.00      49.00      55.00      61.00
      67.00      69.00      68.00      62.00      54.00      44.00      35.00      31.00      35.00      43.00
      53.00      60.00      63.00
      66.00      69.00      72.00      76.00      80.00      82.00      80.00      71.00      56.00      40.00
      27.00      18.00      15.00      16.00      18.00      19.00      18.00      19.00      26.00      42.00
      63.00      83.00      98.00     100.00      94.00      71.00      36.00      10.00       1.00       0.00
      13.00      27.00      37.00      41.00      40.00      38.00      39.00      44.00      53.00      61.00
      67.00      67.00      60.00      48.00      34.00      23.00      18.00      18.00      21.00      25.00
      30.00      36.00      40.00      41.00      38.00      32.00      26.00      23.00      25.00      32.00
      42.00      51.00      55.00      53.00      44.00      31.00      22.00      25.00      40.00      55.00
      60.00      53.00      38.00
      23.00      25.00      27.00      33.00      44.00      59.00      69.00      69.00      59.00      43.00
      26.00      11.00       8.00      15.00      28.00      38.00      41.00      37.00      34.00      37.00
      48.00      62.00      72.00      72.00      59.00      34.00      14.00      11.00      22.00      38.00
      54.00      65.00      67.00      59.00      44.00      27.00      14.00       8.00       8.00      15.00
      25.00      31.00      30.00      28.00      28.00      29.00      31.00      33.00      33.00      32.00
      31.00      29.00      27.00      21.00      14.00       6.00       0.00       0.00       8.00      23.00
      40.00      53.00      57.00      53.00      40.00      22.00      18.00      40.00      78.00      93.00
      91.00      60.00      16.00
      53.00      48.00      42.00      38.00      39.00      46.00      53.00      56.00      55.00      49.00
      39.00      27.00      19.00      19.00      32.00      49.00      61.00      64.00      58.00      49.00
      44.00      41.00      35.00      21.00       1.00       0.00       2.00      28.00      50.00      66.00
      77.00      81.00      75.00      59.00      38.00      20.00       8.00       5.00       6.00       7.00
       8.00      11.00      17.00      30.00      46.00      54.00      48.00      35.00      24.00      17.00
      16.00      20.00      22.00      20.00      14.00       7.00       4.00       7.00      17.00      29.00
      40.00      45.00      44.00      33.00      14.00       0.00       0.00      21.00      56.00      72.00
      67.00      50.00      26.00
      96.00      96.00      92.00      86.00      77.00      65.00      51.00      43.00      42.00      47.00
      51.00      49.00      42.00      33.00      28.00      27.00      28.00      28.00      30.00      35.00
      47.00      61.00      68.00      55.00      29.00      13.00      24.00      48.00      70.00      81.00
      79.00      65.00      47.00      30.00      18.00      14.00      21.00      34.00      41.00      35.00
      21.00      12.00      16.00      29.00      44.00      50.00      44.00      33.00      22.00      18.00
      21.00      30.00      34.00      31.00      27.00      20.00      13.00       9.00       6.00       4.00
       7.00      17.00      31.00      41.00      44.00      46.00      52.00      58.00      58.00      55.00
      55.00      59.00      58.00
      74.00      76.00      79.00      82.00      88.00      78.00      51.00      24.00       9.00       9.00
      20.00      30.00      30.00      26.00      23.00      24.00      25.00      24.00      25.00      30.00
      36.00      45.00      61.00      67.00      45.00      11.00       3.00      23.00      55.00      74.00
      68.00      51.00      37.00      30.00      28.00      33.00      43.00      52.00      49.00      33.00
      10.00       3.00       7.00      21.00      29.00      32.00      36.00      38.00      32.00      24.00
      19.00      22.00      26.00      24.00      17.00      13.00      13.00      17.00      12.00       5.00
       6.00      19.00      35.00      44.00      44.00      44.00      46.00      49.00      51.00      55.00
      64.00      71.00      67.00
      41.00      47.00      55.00      58.00      54.00      47.00      35.00      20.00      11.00      16.00
      31.00      39.00      31.00      19.00      16.00      25.00      33.00      36.00      40.00      45.00
      38.00      22.00      24.00      52.00      64.00      41.00      16.00      22.00      48.00      58.00
      41.00      24.00      31.00      49.00      60.00      65.00      68.00      66.00      53.00      33.00
      14.00       5.00      10.00      19.00      19.00      16.00      25.00      40.00      47.00      43.00
      36.00      33.00      29.00      19.00       9.00      12.00      23.00      30.00      29.00      26.00
      27.00      33.00      39.00      40.00      33.00      24.00      16.00      11.00       9.00      16.00
      30.00      40.00      39.00
      47.00      72.00      79.00      63.00      36.00      18.00      15.00      17.00      23.00      39.00
      63.00      77.00      65.00      40.00      26.00      28.00      31.00      33.00      38.00      45.00
      41.00      25.00      22.00      53.00      82.00      71.00      41.00      39.00      71.00      85.00
      55.00      19.00      27.00      55.00      65.00      60.00      51.00      49.00      54.00      50.00
      35.00      22.00      19.00      21.00      19.00      18.00      18.00      22.00      38.00      65.00
      81.00      80.00      62.00      37.00      20.00      21.00      29.00      37.00      43.00      42.00
      36.00      26.00      23.00      31.00      39.00      32.00      19.00       9.00       4.00      11.00
      25.00      35.00      37.00
      36.00      72.00      91.00      81.00      49.00      27.00      25.00      26.00      22.00      26.00
      45.00      64.00      65.00      49.00      29.00      21.00      21.00      21.00      23.00      32.00
      35.00      31.00      34.00      60.00      84.00      71.00      28.00       9.00      56.00     100.00
     100.00      64.00      47.00      54.00      63.00      53.00      34.00      21.00      16.00      16.00
      29.00      35.00      25.00      25.00      41.00      50.00      37.00      18.00      15.00      45.00
      77.00      85.00      75.00      54.00      33.00      25.00      26.00      24.00      25.00      25.00
      19.00       7.00       0.00       3.00      16.00      16.00       9.00       9.00      18.00      32.00
      44.00      52.00      55.00
      57.00      64.00      69.00      60.00      39.00      32.00      38.00      39.00      31.00      27.00
      37.00      51.00      53.00      40.00      19.00       9.00      12.00      16.00      17.00      24.00
      36.00      42.00      45.00      54.00      66.00      65.00      40.00      15.00      31.00      73.00
      78.00      50.00      37.00      39.00      38.00      50.00      53.00      29.00      15.00       5.00
       6.00      42.00      49.00      58.00      78.00      74.00      56.00      36.00       8.00       2.00
      38.00      72.00      79.00      62.00      34.00      12.00      12.00      17.00      22.00      30.00
      34.00      29.00      20.00      17.00      18.00      19.00      18.00      11.00       9.00      13.00
      24.00      30.00      35.00
      63.00      61.00      61.00      39.00      12.00       9.00      15.00      21.00      26.00      34.00
      36.00      34.00      32.00      23.00       8.00       7.00      13.00      14.00       8.00      14.00
      32.00      46.00      43.00      34.00      29.00      36.00      49.00      58.00      24.00       0.00
      31.00      57.00      67.00      63.00      52.00      43.00      40.00      31.00      19.00      27.00
      59.00      75.00      74.00      74.00      66.00      52.00      47.00      47.00      30.00       0.00
       9.00      54.00      74.00      52.00      31.00      30.00      46.00      57.00      66.00      79.00
      90.00      92.00      87.00      74.00      62.00      61.00      63.00      43.00      10.00       5.00
      14.00      20.00      22.00
      28.00      33.00      33.00      19.00      14.00      20.00      21.00      17.00      27.00      37.00
      22.00      10.00      10.00       7.00       2.00       5.00      15.00      13.00      17.00      32.00
      41.00      29.00       8.00       8.00      14.00      36.00      65.00      81.00      47.00      29.00
      60.00      76.00      79.00      81.00      62.00      43.00      32.00      27.00      22.00      36.00
      70.00      85.00      73.00      60.00      53.00      39.00      22.00      28.00      31.00      13.00
       0.00      20.00      57.00      60.00      57.00      65.00      70.00      66.00      66.00      74.00
      77.00      82.00      94.00     100.00     100.00      97.00      97.00      79.00      33.00       2.00
      12.00      35.00      55.00
      15.00      18.00      18.00      15.00      26.00      45.00      40.00      23.00      32.00      38.00
      20.00      10.00       9.00       5.00       3.00       9.00      17.00      31.00      60.00      92.00
      96.00      80.00      25.00       0.00       5.00      24.00      45.00      49.00      40.00      55.00
      53.00      50.00      70.00      67.00      50.00      52.00      47.00      31.00      13.00      20.00
      54.00      70.00      52.00      43.00      64.00      64.00      22.00       0.00      13.00      17.00
       6.00      15.00      58.00      78.00      73.00      62.00      49.00      35.00      34.00      39.00
      37.00      35.00      49.00      79.00     100.00      99.00      99.00      97.00      66.00      24.00
       6.00      10.00      48.00
      37.00      26.00      21.00      24.00      40.00      53.00      43.00      19.00      10.00      12.00
       9.00       6.00       6.00       0.00       1.00       1.00       7.00      16.00      48.00      66.00
      86.00     100.00      97.00      58.00      20.00       1.00       3.00      10.00      13.00      42.00
      76.00      60.00      53.00      39.00      33.00      38.00      46.00      39.00      19.00       7.00
      20.00      22.00       6.00      10.00      57.00      83.00      55.00      12.00       1.00       4.00
      24.00      56.00      81.00      62.00      27.00      20.00      42.00      60.00      71.00      77.00
      72.00      53.00      44.00      62.00      92.00      99.00      99.00     100.00      91.00      70.00
      47.00      22.00      14.00
      31.00      26.00      31.00      39.00      41.00      38.00      31.00      19.00       5.00       2.00
       2.00       2.00       2.00       2.00       4.00       4.00       4.00       4.00       0.00      10.00
      30.00      53.00      74.00      52.00      28.00      24.00      21.00      20.00      11.00       2.00
      26.00      44.00      40.00      49.00      70.00      66.00      41.00      38.00      38.00       6.00
       0.00       6.00      26.00      37.00      49.00      63.00      63.00      45.00      10.00       0.00
       0.00       9.00      10.00       0.00       5.00      38.00      74.00      89.00     100.00     100.00
      93.00      74.00      58.00      66.00      91.00      99.00      90.00      84.00      81.00      80.00
      82.00      71.00      59.00
      15.00      25.00      39.00      44.00      34.00      21.00      12.00       7.00       3.00       1.00
       1.00       2.00       2.00       3.00       5.00       6.00       6.00       8.00       6.00       0.00
       0.00       6.00      14.00      13.00      11.00      13.00       9.00       2.00       8.00      21.00
      27.00      32.00       0.00       0.00      30.00      20.00      13.00      26.00      29.00      38.00
      51.00      66.00      76.00      69.00      50.00      47.00      68.00      83.00      68.00      42.00
      21.00       5.00       4.00      20.00      53.00      82.00      89.00      92.00      95.00      80.00
      61.00      50.00      46.00      50.00      57.00      57.00      51.00      59.00      73.00      84.00
      92.00      95.00      93.00
      36.00      46.00      41.00      37.00      34.00      17.00       6.00       3.00       3.00       2.00
       1.00       2.00       3.00       4.00       7.00       9.00       6.00       4.00       4.00       5.00
       2.00       0.00       0.00       3.00       3.00       6.00       4.00       0.00      10.00       9.00
       9.00      30.00       0.00       0.00       4.00      21.00      32.00      69.00      72.00      60.00
      88.00      98.00      76.00      71.00      61.00      64.00      82.00      97.00      96.00      87.00
      77.00      64.00      58.00      68.00      86.00      93.00      85.00      81.00      79.00      62.00
      37.00      25.00      25.00      24.00      24.00      30.00      41.00      64.00      89.00     100.00
     100.00     100.00     100.00
      31.00      33.00      29.00      24.00      18.00       8.00       5.00       3.00       4.00       4.00
       5.00       8.00      10.00      10.00      11.00       8.00       3.00       2.00       0.00       0.00
       4.00       0.00       0.00       5.00       4.00       6.00       5.00       4.00      13.00       7.00
       2.00       6.00      24.00       0.00       0.00       0.00      23.00      98.00      91.00      74.00
      72.00      81.00      64.00      69.00      82.00      82.00      81.00      77.00      68.00      65.00
      70.00      79.00      87.00      93.00      95.00      84.00      64.00      53.00      49.00      40.00
      24.00      14.00      17.00      20.00      23.00      39.00      57.00      74.00      94.00      99.00
     100.00     100.00     100.00
      20.00      16.00      17.00      18.00      11.00       4.00       6.00       8.00       8.00      11.00
      19.00      18.00      15.00      14.00      13.00      10.00       4.00       4.00       0.00       0.00
       3.00       5.00       8.00      10.00       6.00       2.00       2.00       5.00      10.00      12.00
       7.00       8.00      16.00      25.00      36.00      32.00      29.00      46.00      46.00      63.00
      52.00      61.00      59.00      63.00      68.00      57.00      45.00      38.00      40.00      41.00
      52.00      74.00      87.00      87.00      81.00      59.00      35.00      27.00      24.00      21.00
      19.00      20.00      29.00      32.00      28.00      35.00      44.00      53.00      66.00      78.00
      87.00      88.00      67.00
      13.00       9.00      15.00      16.00       9.00       0.00       3.00      11.00      15.00      21.00
      25.00      21.00      15.00      16.00      18.00      23.00      20.00      18.00      14.00       5.00
       2.00       2.00       5.00       6.00       5.00       3.00       4.00       6.00       7.00       6.00
       1.00       1.00       6.00       5.00      13.00      29.00      42.00      47.00      45.00      53.00
      59.00      34.00      34.00      44.00      39.00      32.00      26.00      38.00      54.00      59.00
      62.00      71.00      72.00      61.00      45.00      23.00       9.00      11.00       9.00      10.00
      27.00      41.00      45.00      39.00      25.00      19.00      19.00      23.00      39.00      57.00
      64.00      49.00      19.00
       9.00      10.00      18.00      16.00       2.00       0.00       1.00       9.00      14.00      19.00
      20.00      18.00      18.00      21.00      28.00      34.00      38.00      33.00      31.00      17.00
       4.00       4.00       7.00       4.00       4.00       3.00       4.00       4.00       6.00      11.00
      14.00      14.00      19.00      24.00      27.00      36.00      51.00      61.00      66.00      67.00
      59.00      38.00      38.00      36.00      36.00      31.00      32.00      47.00      61.00      62.00
      50.00      37.00      30.00      20.00      10.00       8.00      11.00      12.00       5.00       9.00
      37.00      61.00      56.00      45.00      29.00      18.00      14.00      14.00      28.00      38.00
      27.00       9.00       9.00
       9.00       6.00      14.00      14.00       3.00       2.00       6.00      10.00      10.00      15.00
      19.00      22.00      25.00      31.00      42.00      43.00      41.00      39.00      33.00      17.00
       3.00       9.00      18.00      14.00      10.00      10.00      13.00      16.00      23.00      40.00
      57.00      51.00      47.00      46.00      45.00      50.00      60.00      67.00      72.00      80.00
      60.00      33.00      30.00      31.00      32.00      27.00      22.00      31.00      39.00      38.00
      32.00      22.00      17.00      13.00       8.00      12.00      24.00      32.00      23.00      17.00
      29.00      45.00      52.00      46.00      31.00      20.00      16.00      16.00      23.00      25.00
      16.00      25.00      52.00
       8.00       9.00      15.00      15.00       5.00       6.00      11.00      16.00      15.00      12.00
      21.00      28.00      33.00      46.00      52.00      48.00      36.00      43.00      41.00      26.00
      13.00      23.00      32.00      32.00      33.00      36.00      39.00      41.00      46.00      54.00
      55.00      52.00      51.00      53.00      54.00      67.00      79.00      78.00      75.00      72.00
      44.00      26.00      34.00      34.00      31.00      33.00      36.00      39.00      34.00      30.00
      37.00      41.00      35.00      31.00      25.00      13.00      16.00      32.00      33.00      24.00
      18.00      25.00      39.00      34.00      26.00      25.00      22.00      18.00      19.00      22.00
      36.00      67.00      76.00
       5.00      10.00      11.00       8.00       5.00      12.00      20.00      25.00      27.00      27.00
      30.00      36.00      46.00      63.00      60.00      48.00      37.00      41.00      56.00      54.00
      45.00      44.00      47.00      48.00      47.00      49.00      53.00      55.00      53.00      47.00
      37.00      32.00      44.00      52.00      57.00      69.00      79.00      72.00      62.00      56.00
      41.00      41.00      56.00      52.00      43.00      53.00      65.00      64.00      49.00      39.00
      43.00      49.00      43.00      45.00      46.00      29.00      19.00      19.00      17.00      25.00
      26.00      28.00      35.00      27.00      24.00      27.00      23.00      19.00      17.00      22.00
      36.00      50.00      54.00
       7.00      11.00       9.00      10.00      20.00      32.00      36.00      36.00      40.00      47.00
      48.00      43.00      50.00      65.00      70.00      42.00      38.00      36.00      40.00      46.00
      51.00      50.00      48.00      41.00      32.00      30.00      47.00      65.00      66.00      51.00
      43.00      42.00      55.00      61.00      58.00      57.00      59.00      55.00      46.00      44.00
      39.00      46.00      62.00      59.00      50.00      59.00      70.00      75.00      64.00      50.00
      43.00      44.00      43.00      45.00      47.00      46.00      51.00      40.00      19.00      26.00
      35.00      33.00      31.00      24.00      23.00      25.00      23.00      21.00      17.00      19.00
      23.00      23.00      29.00
      15.00      19.00      20.00      31.00      51.00      58.00      51.00      40.00      40.00      50.00
      52.00      45.00      48.00      61.00      75.00      57.00      57.00      40.00      34.00      35.00
      39.00      39.00      36.00      30.00      20.00      21.00      40.00      64.00      71.00      66.00
      60.00      66.00      73.00      68.00      61.00      56.00      54.00      53.00      53.00      52.00
      45.00      48.00      57.00      55.00      56.00      62.00      67.00      74.00      68.00      63.00
      56.00      46.00      47.00      51.00      48.00      51.00      58.00      45.00      24.00      24.00
      31.00      31.00      25.00      21.00      22.00      24.00      24.00      24.00      19.00      19.00
      19.00      18.00      19.00
      32.00      29.00      35.00      54.00      68.00      73.00      58.00      40.00      37.00      48.00
      49.00      44.00      42.00      45.00      59.00      64.00      73.00      68.00      53.00      39.00
      39.00      36.00      37.00      34.00      26.00      30.00      39.00      52.00      63.00      67.00
      72.00      80.00      77.00      59.00      56.00      61.00      59.00      59.00      64.00      66.00
      58.00      59.00      57.00      55.00      66.00      72.00      72.00      74.00      69.00      75.00
      72.00      60.00      59.00      64.00      56.00      47.00      39.00      30.00      24.00      23.00
      27.00      29.00      24.00      21.00      21.00      22.00      23.00      24.00      21.00      19.00
      18.00      15.00      14.00
      56.00      45.00      46.00      56.00      51.00      51.00      59.00      52.00      43.00      49.00
      55.00      44.00      34.00      30.00      31.00      40.00      59.00      69.00      55.00      48.00
      50.00      49.00      46.00      39.00      31.00      37.00      37.00      42.00      63.00      70.00
      68.00      68.00      57.00      44.00      48.00      56.00      59.00      68.00      74.00      75.00
      77.00      74.00      66.00      70.00      86.00      89.00      90.00      88.00      74.00      69.00
      67.00      60.00      58.00      55.00      46.00      41.00      39.00      39.00      32.00      24.00
      31.00      35.00      28.00      21.00      21.00      24.00      23.00      21.00      19.00      17.00
      17.00      13.00      12.00
      53.00      49.00      45.00      42.00      28.00      36.00      62.00      62.00      47.00      52.00
      65.00      62.00      39.00      22.00      24.00      32.00      40.00      52.00      48.00      43.00
      50.00      48.00      44.00      36.00      32.00      40.00      33.00      30.00      53.00      64.00
      61.00      56.00      49.00      45.00      51.00      51.00      47.00      54.00      63.00      71.00
      78.00      81.00      83.00      88.00      93.00      92.00      89.00      86.00      69.00      53.00
      49.00      51.00      48.00      41.00      36.00      35.00      42.00      49.00      44.00      31.00
      34.00      40.00      32.00      24.00      25.00      26.00      21.00      17.00      19.00      20.00
      18.00      12.00      12.00
      31.00      34.00      30.00      22.00      14.00      31.00      63.00      59.00      39.00      43.00
      65.00      81.00      49.00      20.00      23.00      31.00      38.00      54.00      44.00      28.00
      37.00      39.00      38.00      36.00      34.00      36.00      30.00      20.00      28.00      48.00
      58.00      62.00      65.00      56.00      51.00      56.00      51.00      48.00      55.00      61.00
      66.00      79.00      90.00      88.00      82.00      78.00      79.00      79.00      67.00      52.00
      45.00      44.00      41.00      38.00      29.00      19.00      23.00      36.00      48.00      46.00
      35.00      33.00      33.00      27.00      24.00      25.00      21.00      18.00      22.00      23.00
      19.00      12.00      13.00
