diamond 4 20年06月29日20时500百帕相对湿度
20 06 29  20  500 
2.500 -2.500  .0  180.0   90.0  .0
73  37
      34.00      34.00      34.00      34.00      34.00      34.00      34.00      34.00      34.00      34.00
      34.00      34.00      34.00      34.00      34.00      34.00      34.00      34.00      34.00      34.00
      34.00      34.00      34.00      34.00      34.00      34.00      34.00      34.00      34.00      34.00
      34.00      34.00      34.00      34.00      34.00      34.00      34.00      34.00      34.00      34.00
      34.00      34.00      34.00      34.00      34.00      34.00      34.00      34.00      34.00      34.00
      34.00      34.00      34.00      34.00      34.00      34.00      34.00      34.00      34.00      34.00
      34.00      34.00      34.00      34.00      34.00      34.00      34.00      34.00      34.00      34.00
      34.00      34.00      34.00
      54.00      53.00      53.00      53.00      52.00      52.00      51.00      51.00      50.00      49.00
      49.00      48.00      47.00      46.00      45.00      44.00      42.00      41.00      40.00      39.00
      37.00      36.00      35.00      33.00      32.00      31.00      30.00      29.00      28.00      27.00
      26.00      25.00      25.00      24.00      23.00      23.00      23.00      22.00      22.00      22.00
      21.00      21.00      21.00      21.00      21.00      21.00      21.00      21.00      21.00      21.00
      21.00      21.00      21.00      21.00      21.00      21.00      21.00      21.00      21.00      22.00
      22.00      22.00      23.00      23.00      24.00      24.00      25.00      25.00      26.00      27.00
      28.00      28.00      29.00
      80.00      81.00      82.00      82.00      83.00      83.00      82.00      82.00      81.00      80.00
      79.00      78.00      76.00      73.00      71.00      67.00      64.00      60.00      55.00      50.00
      45.00      40.00      34.00      29.00      25.00      21.00      18.00      15.00      12.00      10.00
       9.00       8.00       7.00       7.00       7.00       7.00       7.00       8.00       8.00       9.00
       9.00      10.00      11.00      12.00      13.00      14.00      15.00      16.00      17.00      18.00
      20.00      21.00      22.00      23.00      24.00      25.00      26.00      26.00      27.00      27.00
      27.00      27.00      27.00      28.00      28.00      29.00      29.00      30.00      31.00      33.00
      34.00      36.00      37.00
      80.00      79.00      77.00      74.00      70.00      67.00      63.00      60.00      57.00      56.00
      54.00      54.00      54.00      53.00      52.00      51.00      48.00      44.00      39.00      32.00
      26.00      19.00      12.00       6.00       2.00       0.00       0.00       0.00       0.00       0.00
       1.00       2.00       4.00       7.00       8.00       9.00       9.00       8.00       7.00       5.00
       2.00       2.00       1.00       1.00       0.00       0.00       0.00       0.00       0.00       0.00
       0.00       1.00       7.00      12.00      18.00      23.00      27.00      30.00      32.00      34.00
      34.00      34.00      34.00      33.00      32.00      32.00      32.00      33.00      34.00      36.00
      38.00      41.00      45.00
      81.00      79.00      75.00      69.00      61.00      52.00      43.00      35.00      29.00      25.00
      25.00      27.00      30.00      35.00      40.00      43.00      45.00      45.00      43.00      39.00
      35.00      32.00      30.00      30.00      32.00      37.00      43.00      51.00      59.00      66.00
      72.00      78.00      81.00      83.00      84.00      83.00      82.00      80.00      77.00      73.00
      69.00      64.00      59.00      53.00      47.00      40.00      34.00      29.00      25.00      22.00
      21.00      22.00      24.00      28.00      32.00      36.00      40.00      44.00      46.00      48.00
      49.00      50.00      50.00      51.00      51.00      51.00      51.00      52.00      52.00      53.00
      54.00      55.00      56.00
      67.00      65.00      62.00      60.00      59.00      58.00      56.00      52.00      47.00      41.00
      36.00      33.00      33.00      35.00      39.00      41.00      42.00      42.00      40.00      38.00
      37.00      38.00      43.00      50.00      58.00      68.00      77.00      85.00      91.00      95.00
      96.00      96.00      95.00      93.00      90.00      89.00      87.00      86.00      86.00      86.00
      85.00      83.00      80.00      75.00      69.00      63.00      57.00      52.00      48.00      46.00
      46.00      47.00      50.00      53.00      55.00      54.00      52.00      50.00      49.00      49.00
      52.00      56.00      60.00      65.00      69.00      73.00      75.00      75.00      75.00      74.00
      71.00      69.00      66.00
      52.00      49.00      47.00      50.00      56.00      66.00      75.00      79.00      75.00      62.00
      45.00      29.00      19.00      15.00      16.00      18.00      19.00      18.00      16.00      14.00
      16.00      21.00      30.00      41.00      53.00      63.00      71.00      77.00      79.00      79.00
      77.00      73.00      67.00      62.00      56.00      50.00      45.00      40.00      37.00      34.00
      32.00      30.00      27.00      24.00      20.00      16.00      14.00      15.00      18.00      25.00
      34.00      45.00      56.00      65.00      69.00      68.00      61.00      52.00      45.00      41.00
      43.00      50.00      58.00      66.00      71.00      74.00      74.00      72.00      69.00      66.00
      66.00      66.00      67.00
      40.00      39.00      39.00      39.00      43.00      51.00      60.00      67.00      67.00      60.00
      48.00      36.00      28.00      27.00      32.00      37.00      38.00      33.00      24.00      16.00
      15.00      20.00      31.00      45.00      57.00      68.00      75.00      79.00      78.00      73.00
      65.00      56.00      49.00      44.00      41.00      39.00      38.00      35.00      31.00      26.00
      21.00      17.00      14.00      11.00       8.00       4.00       1.00       0.00       2.00       9.00
      21.00      36.00      51.00      64.00      71.00      72.00      67.00      58.00      48.00      42.00
      43.00      48.00      55.00      60.00      65.00      68.00      70.00      73.00      76.00      79.00
      83.00      87.00      90.00
      27.00      31.00      32.00      32.00      30.00      29.00      31.00      37.00      42.00      46.00
      45.00      42.00      43.00      50.00      61.00      70.00      71.00      63.00      49.00      36.00
      30.00      34.00      46.00      60.00      73.00      83.00      89.00      90.00      84.00      70.00
      51.00      32.00      19.00      14.00      17.00      24.00      32.00      38.00      41.00      39.00
      35.00      31.00      28.00      29.00      30.00      30.00      26.00      21.00      16.00      14.00
      18.00      25.00      34.00      42.00      48.00      51.00      51.00      49.00      46.00      45.00
      46.00      46.00      45.00      43.00      41.00      42.00      47.00      57.00      71.00      81.00
      84.00      84.00      85.00
      77.00      82.00      84.00      81.00      75.00      67.00      64.00      65.00      67.00      66.00
      63.00      61.00      61.00      65.00      70.00      73.00      68.00      57.00      43.00      31.00
      25.00      25.00      31.00      41.00      51.00      60.00      66.00      69.00      67.00      61.00
      50.00      36.00      21.00      10.00       7.00      12.00      21.00      31.00      39.00      39.00
      32.00      23.00      18.00      18.00      23.00      29.00      33.00      34.00      32.00      30.00
      29.00      29.00      29.00      28.00      29.00      32.00      39.00      49.00      57.00      60.00
      61.00      59.00      54.00      43.00      32.00      28.00      35.00      51.00      67.00      71.00
      60.00      46.00      46.00
     100.00     100.00     100.00     100.00     100.00      99.00      98.00      96.00      92.00      87.00
      79.00      67.00      57.00      50.00      45.00      40.00      33.00      29.00      27.00      27.00
      23.00      16.00      13.00      18.00      30.00      42.00      47.00      44.00      39.00      39.00
      46.00      52.00      51.00      42.00      33.00      28.00      31.00      38.00      46.00      47.00
      40.00      29.00      22.00      19.00      21.00      25.00      28.00      30.00      31.00      33.00
      34.00      33.00      30.00      27.00      26.00      31.00      49.00      75.00      92.00      91.00
      83.00      74.00      64.00      49.00      33.00      21.00      22.00      38.00      61.00      75.00
      77.00      75.00      80.00
      62.00      65.00      70.00      77.00      79.00      78.00      82.00      88.00      90.00      86.00
      75.00      58.00      42.00      33.00      29.00      26.00      22.00      21.00      29.00      38.00
      32.00      14.00       1.00       3.00      21.00      41.00      48.00      41.00      26.00      17.00
      23.00      39.00      50.00      51.00      47.00      47.00      50.00      52.00      49.00      42.00
      31.00      20.00      15.00      17.00      23.00      27.00      27.00      23.00      22.00      24.00
      30.00      33.00      34.00      34.00      35.00      39.00      55.00      76.00      91.00      91.00
      83.00      79.00      80.00      78.00      71.00      61.00      52.00      46.00      39.00      26.00
      12.00      10.00      27.00
      74.00      86.00      95.00      88.00      61.00      36.00      34.00      50.00      69.00      79.00
      73.00      57.00      40.00      30.00      30.00      29.00      21.00      11.00      10.00      18.00
      21.00      15.00       8.00      10.00      24.00      41.00      50.00      46.00      28.00       8.00
       7.00      23.00      42.00      58.00      71.00      78.00      78.00      72.00      59.00      41.00
      24.00      14.00      14.00      23.00      34.00      44.00      48.00      46.00      41.00      37.00
      35.00      35.00      35.00      34.00      32.00      30.00      29.00      30.00      29.00      27.00
      29.00      39.00      55.00      68.00      74.00      76.00      77.00      79.00      75.00      63.00
      49.00      42.00      43.00
      69.00      88.00      89.00      71.00      40.00      13.00       8.00      29.00      62.00      84.00
      81.00      58.00      33.00      20.00      23.00      31.00      31.00      22.00      17.00      19.00
      27.00      40.00      59.00      71.00      66.00      58.00      61.00      63.00      46.00      12.00
       0.00       1.00      25.00      49.00      67.00      78.00      84.00      82.00      70.00      51.00
      33.00      23.00      23.00      33.00      46.00      58.00      63.00      60.00      50.00      38.00
      29.00      25.00      25.00      26.00      28.00      29.00      27.00      23.00      20.00      15.00
       9.00       5.00      12.00      25.00      33.00      37.00      44.00      56.00      69.00      73.00
      69.00      66.00      65.00
      43.00      51.00      52.00      39.00      20.00       9.00      25.00      51.00      69.00      75.00
      66.00      45.00      25.00      14.00      18.00      28.00      28.00      21.00      13.00       5.00
       0.00       1.00      19.00      39.00      37.00      31.00      41.00      54.00      51.00      38.00
      30.00      27.00      25.00      28.00      45.00      69.00      86.00      88.00      72.00      46.00
      24.00      17.00      20.00      25.00      38.00      58.00      67.00      60.00      42.00      29.00
      27.00      28.00      22.00      15.00      21.00      38.00      43.00      38.00      40.00      43.00
      38.00      25.00      17.00      17.00      16.00      16.00      18.00      22.00      27.00      22.00
      16.00      22.00      36.00
      36.00      35.00      47.00      57.00      58.00      67.00      85.00      87.00      72.00      51.00
      35.00      28.00      21.00      14.00      14.00      17.00      13.00       9.00      12.00      18.00
      17.00      17.00      36.00      58.00      60.00      54.00      49.00      40.00      37.00      54.00
      77.00      73.00      44.00      23.00      38.00      75.00      89.00      71.00      44.00      17.00
       9.00      17.00      27.00      27.00      28.00      48.00      62.00      58.00      42.00      29.00
      36.00      45.00      38.00      24.00      24.00      42.00      53.00      44.00      42.00      57.00
      68.00      65.00      60.00      63.00      68.00      69.00      67.00      66.00      63.00      52.00
      39.00      36.00      39.00
      27.00      22.00      34.00      48.00      50.00      60.00      81.00      86.00      68.00      42.00
      24.00      24.00      24.00      18.00      23.00      39.00      49.00      52.00      58.00      67.00
      69.00      66.00      70.00      77.00      73.00      64.00      55.00      39.00      28.00      40.00
      63.00      65.00      42.00      34.00      51.00      74.00      83.00      54.00      28.00      15.00
      16.00      23.00      21.00      19.00      33.00      59.00      70.00      71.00      59.00      44.00
      46.00      57.00      60.00      52.00      51.00      59.00      59.00      39.00      23.00      33.00
      64.00      90.00     100.00     100.00     100.00     100.00     100.00     100.00     100.00     100.00
      99.00      94.00      74.00
      38.00      27.00      12.00       1.00      10.00      39.00      57.00      56.00      38.00      25.00
      23.00      27.00      26.00      19.00      24.00      44.00      61.00      62.00      55.00      46.00
      36.00      34.00      44.00      47.00      34.00      30.00      39.00      43.00      42.00      46.00
      45.00      32.00      24.00      42.00      70.00      90.00      80.00      48.00      38.00      70.00
      79.00      53.00      36.00      42.00      59.00      70.00      69.00      64.00      50.00      33.00
      24.00      37.00      62.00      71.00      66.00      59.00      51.00      31.00      13.00      24.00
      66.00     100.00     100.00     100.00      88.00      93.00     100.00     100.00     100.00     100.00
     100.00     100.00      72.00
      51.00      35.00      18.00      16.00      35.00      52.00      48.00      32.00      17.00      16.00
      25.00      25.00      19.00      12.00      11.00      15.00      20.00      17.00      10.00       3.00
       2.00      20.00      57.00      76.00      65.00      47.00      34.00      28.00      34.00      46.00
      41.00      28.00      23.00      41.00      79.00      87.00      92.00      70.00      52.00      91.00
      91.00      68.00      57.00      64.00      71.00      64.00      56.00      54.00      44.00      27.00
       8.00      10.00      32.00      52.00      62.00      73.00      75.00      52.00      31.00      38.00
      61.00      70.00      55.00      39.00      39.00      52.00      77.00     100.00     100.00     100.00
     100.00      90.00      57.00
      38.00      35.00      32.00      32.00      33.00      33.00      25.00       7.00       1.00      15.00
      24.00      19.00      11.00       7.00       7.00       9.00      10.00       7.00       7.00      10.00
      21.00      50.00      85.00     100.00      97.00      61.00      18.00       2.00      14.00      36.00
      37.00      26.00      13.00      20.00      43.00      62.00      79.00      66.00      28.00       8.00
       7.00      11.00      33.00      69.00      81.00      72.00      74.00      83.00      79.00      70.00
      46.00      26.00      22.00      28.00      30.00      44.00      64.00      61.00      47.00      43.00
      34.00      11.00       7.00      27.00      39.00      41.00      48.00      71.00      98.00     100.00
      99.00      85.00      57.00
      15.00      21.00      24.00      24.00      18.00      10.00       4.00       2.00       6.00      16.00
      19.00      18.00      10.00       1.00       1.00       2.00       5.00       1.00       3.00      20.00
      25.00      49.00      80.00      91.00      86.00      57.00      18.00       9.00      15.00      16.00
       6.00      15.00      16.00      19.00      17.00      27.00      54.00      69.00      59.00      30.00
      15.00      10.00       5.00      27.00      38.00      39.00      62.00      73.00      76.00      96.00
     100.00      84.00      55.00      47.00      27.00       7.00      19.00      42.00      46.00      35.00
      14.00       5.00      24.00      49.00      56.00      40.00      29.00      46.00      80.00      98.00
      95.00      81.00      64.00
      20.00      22.00      18.00      14.00       9.00       4.00       3.00       6.00      10.00      14.00
      18.00      21.00      10.00       1.00       1.00       0.00       2.00       5.00       1.00      11.00
      28.00      44.00      71.00      91.00      72.00      49.00      33.00      16.00      38.00      34.00
      21.00       7.00       6.00      11.00       5.00       0.00      13.00      66.00      74.00      67.00
      68.00      39.00      16.00      20.00      25.00      22.00      34.00      37.00      37.00      61.00
      99.00     100.00      88.00      75.00      36.00       0.00       2.00      21.00      27.00      16.00
      17.00      33.00      46.00      41.00      25.00      15.00      21.00      43.00      73.00      91.00
      92.00      80.00      66.00
      66.00      66.00      51.00      38.00      24.00      13.00       8.00       7.00       9.00      11.00
      10.00       9.00       5.00       1.00       2.00       1.00       0.00       2.00       2.00       0.00
       2.00      17.00      35.00      55.00      54.00      42.00      71.00      78.00      88.00      90.00
      68.00       9.00      30.00      56.00      79.00      63.00      51.00      59.00      47.00      59.00
      86.00     100.00      68.00      55.00      55.00      40.00      34.00      25.00       0.00       0.00
      50.00      95.00     100.00      89.00      50.00       0.00       0.00       0.00      11.00      22.00
      38.00      50.00      49.00      31.00      14.00      15.00      25.00      40.00      59.00      72.00
      72.00      61.00      48.00
      83.00      87.00      68.00      55.00      41.00      20.00      10.00       7.00       6.00       6.00
       2.00       1.00       2.00       1.00       0.00       1.00       3.00       8.00      12.00       8.00
       3.00       6.00      12.00      19.00      24.00      32.00      55.00      73.00      51.00      36.00
      73.00      55.00      73.00      70.00      79.00      77.00      85.00      80.00      69.00      64.00
      90.00      94.00      72.00      52.00      35.00      22.00       9.00      11.00       6.00       4.00
      38.00      85.00     100.00      98.00      60.00       7.00       0.00      15.00      35.00      48.00
      52.00      42.00      32.00      24.00      19.00      18.00      19.00      23.00      34.00      39.00
      39.00      38.00      42.00
      58.00      65.00      51.00      39.00      30.00      15.00       6.00       4.00       3.00       5.00
       4.00       2.00       4.00       6.00       9.00      14.00      18.00      18.00      15.00      14.00
      13.00       8.00       1.00       5.00      25.00      34.00      22.00       6.00      29.00      39.00
      36.00      37.00      30.00      15.00      39.00      33.00      56.00      59.00      75.00      81.00
      95.00      93.00      79.00      63.00      46.00      39.00      38.00      62.00      81.00      77.00
      73.00      74.00      78.00      88.00      78.00      49.00      46.00      63.00      61.00      49.00
      45.00      39.00      29.00      19.00      12.00      11.00      14.00      20.00      26.00      29.00
      40.00      61.00      86.00
      47.00      46.00      32.00      20.00      13.00       9.00       5.00       6.00       6.00       7.00
       8.00       8.00      12.00      19.00      25.00      27.00      35.00      38.00      33.00      15.00
      10.00       7.00       2.00      10.00      36.00      55.00      28.00       5.00       9.00      38.00
      49.00      27.00      21.00      30.00      31.00      30.00      48.00      56.00      51.00      64.00
      65.00      84.00      75.00      56.00      51.00      62.00      71.00      71.00      80.00      76.00
      58.00      44.00      50.00      80.00     100.00      99.00      97.00      89.00      53.00      32.00
      41.00      41.00      28.00      14.00       9.00      16.00      28.00      38.00      40.00      41.00
      53.00      73.00      87.00
      32.00      25.00      12.00       3.00       4.00       2.00       5.00       8.00       7.00       7.00
      12.00      21.00      26.00      28.00      29.00      30.00      52.00      55.00      42.00      34.00
       7.00       2.00       1.00       7.00      14.00      20.00      16.00       8.00       6.00      12.00
      22.00      25.00      22.00      33.00      46.00      46.00      44.00      51.00      59.00      70.00
      77.00      70.00      39.00      20.00      26.00      32.00      36.00      34.00      35.00      38.00
      37.00      37.00      47.00      64.00      75.00      74.00      67.00      48.00      27.00      38.00
      51.00      36.00      19.00      11.00      13.00      23.00      34.00      39.00      37.00      32.00
      28.00      29.00      28.00
      14.00      10.00       2.00       8.00      13.00       5.00       1.00       1.00       5.00      13.00
      22.00      36.00      39.00      41.00      42.00      42.00      58.00      76.00      40.00      26.00
      13.00       2.00       1.00       9.00      11.00      15.00      13.00       9.00      12.00      18.00
      23.00      25.00      28.00      40.00      47.00      40.00      45.00      66.00      77.00      74.00
      72.00      48.00      22.00      32.00      36.00      39.00      40.00      45.00      48.00      47.00
      38.00      27.00      23.00      23.00      23.00      22.00      17.00      10.00      17.00      43.00
      52.00      35.00      24.00      19.00      17.00      21.00      26.00      24.00      17.00      13.00
       9.00       6.00       4.00
       8.00       8.00      18.00      37.00      36.00      14.00       7.00       1.00       5.00      15.00
      28.00      49.00      58.00      67.00      71.00      59.00      44.00      52.00      31.00      12.00
      11.00      13.00      11.00       6.00       9.00      15.00      17.00      14.00      19.00      32.00
      43.00      42.00      37.00      33.00      28.00      36.00      59.00      73.00      64.00      57.00
      53.00      40.00      42.00      60.00      69.00      68.00      57.00      46.00      33.00      28.00
      23.00      15.00      11.00      13.00      20.00      26.00      25.00      19.00      24.00      42.00
      45.00      33.00      27.00      23.00      18.00      16.00      15.00      14.00      12.00      15.00
      18.00      17.00      12.00
       3.00       8.00      21.00      49.00      52.00      26.00      18.00      10.00       7.00      20.00
      39.00      61.00      70.00      77.00      89.00      71.00      41.00      34.00      30.00      10.00
      14.00      23.00      28.00      17.00      15.00      19.00      28.00      32.00      31.00      40.00
      55.00      57.00      49.00      44.00      45.00      61.00      92.00      90.00      65.00      54.00
      49.00      50.00      67.00      79.00      77.00      73.00      67.00      56.00      43.00      34.00
      30.00      27.00      20.00      17.00      25.00      31.00      28.00      21.00      24.00      37.00
      40.00      29.00      24.00      24.00      19.00      13.00      12.00      15.00      18.00      22.00
      27.00      25.00      16.00
       8.00      17.00      25.00      37.00      40.00      36.00      31.00      18.00      17.00      56.00
      63.00      60.00      62.00      59.00      69.00      85.00      49.00      38.00      25.00      10.00
      28.00      38.00      29.00      20.00      19.00      22.00      32.00      40.00      41.00      45.00
      52.00      52.00      42.00      47.00      57.00      73.00      92.00      81.00      56.00      59.00
      71.00      80.00      89.00      88.00      78.00      77.00      85.00      88.00      88.00      75.00
      51.00      38.00      23.00      18.00      21.00      21.00      17.00      17.00      26.00      35.00
      36.00      29.00      24.00      21.00      16.00      17.00      22.00      23.00      24.00      24.00
      27.00      27.00      16.00
      33.00      47.00      48.00      44.00      40.00      39.00      35.00      26.00      34.00      60.00
      64.00      56.00      56.00      58.00      55.00      67.00      46.00      38.00      33.00      34.00
      36.00      33.00      27.00      26.00      29.00      28.00      34.00      40.00      44.00      47.00
      45.00      46.00      38.00      45.00      57.00      68.00      72.00      59.00      49.00      71.00
      95.00      97.00      92.00      86.00      80.00      77.00      82.00      84.00      95.00      97.00
      75.00      56.00      43.00      38.00      35.00      30.00      24.00      25.00      35.00      41.00
      37.00      29.00      23.00      18.00      16.00      23.00      30.00      30.00      30.00      28.00
      28.00      28.00      20.00
      51.00      65.00      73.00      60.00      45.00      39.00      37.00      37.00      47.00      58.00
      55.00      51.00      60.00      69.00      51.00      43.00      37.00      39.00      36.00      37.00
      41.00      36.00      37.00      53.00      48.00      38.00      39.00      42.00      42.00      42.00
      40.00      38.00      39.00      45.00      49.00      56.00      60.00      55.00      55.00      74.00
      91.00      83.00      76.00      75.00      76.00      75.00      71.00      64.00      77.00      96.00
      87.00      67.00      60.00      58.00      55.00      52.00      43.00      36.00      39.00      42.00
      38.00      33.00      30.00      28.00      24.00      29.00      40.00      43.00      41.00      37.00
      35.00      32.00      28.00
      49.00      58.00      73.00      69.00      53.00      45.00      39.00      48.00      57.00      56.00
      42.00      38.00      54.00      56.00      45.00      33.00      30.00      31.00      36.00      40.00
      47.00      43.00      42.00      58.00      57.00      42.00      42.00      45.00      42.00      40.00
      41.00      42.00      45.00      48.00      47.00      49.00      55.00      58.00      60.00      64.00
      69.00      68.00      64.00      65.00      73.00      79.00      74.00      58.00      66.00      82.00
      78.00      62.00      57.00      59.00      63.00      63.00      55.00      46.00      44.00      42.00
      42.00      41.00      41.00      40.00      34.00      39.00      51.00      51.00      45.00      39.00
      38.00      35.00      34.00
      39.00      35.00      38.00      51.00      64.00      55.00      47.00      51.00      58.00      50.00
      34.00      25.00      31.00      37.00      33.00      31.00      34.00      44.00      45.00      46.00
      50.00      45.00      42.00      52.00      47.00      37.00      38.00      42.00      42.00      42.00
      44.00      47.00      50.00      50.00      47.00      46.00      51.00      54.00      58.00      59.00
      64.00      72.00      71.00      66.00      70.00      82.00      80.00      66.00      73.00      79.00
      69.00      61.00      57.00      58.00      63.00      61.00      52.00      48.00      48.00      47.00
      48.00      45.00      44.00      42.00      41.00      45.00      47.00      42.00      36.00      33.00
      33.00      39.00      44.00
      31.00      16.00      10.00      28.00      63.00      68.00      51.00      46.00      53.00      49.00
      34.00      22.00      12.00      21.00      31.00      41.00      47.00      47.00      46.00      50.00
      49.00      40.00      41.00      50.00      46.00      37.00      33.00      31.00      33.00      40.00
      46.00      51.00      52.00      48.00      44.00      47.00      50.00      51.00      59.00      66.00
      73.00      84.00      76.00      63.00      69.00      80.00      69.00      60.00      61.00      63.00
      58.00      63.00      69.00      74.00      76.00      72.00      62.00      55.00      56.00      55.00
      49.00      46.00      46.00      40.00      37.00      37.00      33.00      29.00      27.00      27.00
      32.00      44.00      52.00
      19.00       8.00       5.00      16.00      38.00      61.00      52.00      42.00      47.00      49.00
      31.00      15.00       9.00      21.00      30.00      35.00      43.00      45.00      44.00      46.00
      49.00      44.00      44.00      48.00      43.00      37.00      34.00      29.00      29.00      35.00
      44.00      53.00      53.00      46.00      47.00      51.00      49.00      50.00      68.00      84.00
      77.00      67.00      56.00      48.00      59.00      64.00      57.00      46.00      47.00      48.00
      48.00      57.00      67.00      70.00      72.00      75.00      73.00      70.00      74.00      71.00
      58.00      51.00      49.00      40.00      38.00      36.00      30.00      27.00      26.00      29.00
      33.00      41.00      48.00
