diamond 4 20年06月26日8时500百帕相对湿度
20 06 26  8  500 
2.500 -2.500  .0  180.0   90.0  .0
73  37
     100.00     100.00     100.00     100.00     100.00     100.00     100.00     100.00     100.00     100.00
     100.00     100.00     100.00     100.00     100.00     100.00     100.00     100.00     100.00     100.00
     100.00     100.00     100.00     100.00     100.00     100.00     100.00     100.00     100.00     100.00
     100.00     100.00     100.00     100.00     100.00     100.00     100.00     100.00     100.00     100.00
     100.00     100.00     100.00     100.00     100.00     100.00     100.00     100.00     100.00     100.00
     100.00     100.00     100.00     100.00     100.00     100.00     100.00     100.00     100.00     100.00
     100.00     100.00     100.00     100.00     100.00     100.00     100.00     100.00     100.00     100.00
     100.00     100.00     100.00
      58.00      56.00      55.00      53.00      52.00      51.00      49.00      48.00      47.00      46.00
      46.00      45.00      44.00      44.00      44.00      43.00      43.00      43.00      43.00      44.00
      44.00      45.00      46.00      46.00      47.00      49.00      50.00      51.00      53.00      55.00
      57.00      59.00      61.00      63.00      65.00      68.00      70.00      73.00      75.00      78.00
      80.00      83.00      85.00      88.00      90.00      92.00      94.00      96.00      98.00     100.00
     100.00     100.00     100.00     100.00     100.00     100.00     100.00     100.00     100.00     100.00
     100.00     100.00      99.00      99.00      99.00      99.00      99.00      96.00      94.00      92.00
      89.00      86.00      84.00
      32.00      32.00      31.00      31.00      31.00      31.00      31.00      31.00      31.00      32.00
      32.00      32.00      32.00      32.00      31.00      30.00      29.00      28.00      26.00      24.00
      22.00      20.00      17.00      15.00      14.00      12.00      11.00      11.00      10.00      11.00
      11.00      13.00      14.00      16.00      19.00      21.00      24.00      27.00      30.00      34.00
      37.00      40.00      43.00      47.00      50.00      54.00      57.00      60.00      64.00      67.00
      71.00      74.00      77.00      80.00      83.00      85.00      87.00      88.00      89.00      88.00
      87.00      85.00      82.00      78.00      74.00      69.00      63.00      58.00      52.00      47.00
      43.00      39.00      35.00
      29.00      30.00      31.00      34.00      37.00      40.00      45.00      50.00      55.00      60.00
      66.00      71.00      75.00      78.00      80.00      80.00      79.00      75.00      71.00      66.00
      59.00      53.00      47.00      41.00      37.00      34.00      32.00      31.00      32.00      34.00
      37.00      41.00      45.00      49.00      53.00      56.00      59.00      60.00      61.00      61.00
      60.00      59.00      57.00      55.00      52.00      50.00      49.00      47.00      46.00      46.00
      47.00      48.00      50.00      53.00      55.00      58.00      61.00      64.00      66.00      68.00
      68.00      67.00      66.00      63.00      59.00      55.00      50.00      46.00      42.00      40.00
      40.00      41.00      43.00
      29.00      29.00      29.00      31.00      35.00      40.00      47.00      54.00      63.00      72.00
      81.00      89.00      95.00     100.00     100.00     100.00      99.00      94.00      87.00      79.00
      71.00      64.00      58.00      54.00      53.00      53.00      56.00      61.00      66.00      72.00
      77.00      83.00      88.00      92.00      95.00      98.00      99.00      99.00      99.00      97.00
      94.00      91.00      88.00      84.00      80.00      76.00      72.00      68.00      64.00      61.00
      59.00      56.00      55.00      54.00      53.00      53.00      54.00      54.00      56.00      57.00
      59.00      61.00      61.00      62.00      61.00      59.00      58.00      56.00      56.00      56.00
      59.00      63.00      67.00
      71.00      71.00      71.00      73.00      75.00      78.00      82.00      86.00      91.00      95.00
      98.00     100.00     100.00     100.00      99.00      95.00      91.00      85.00      78.00      69.00
      59.00      52.00      47.00      46.00      49.00      56.00      65.00      72.00      77.00      79.00
      76.00      71.00      64.00      56.00      51.00      47.00      46.00      47.00      49.00      51.00
      52.00      53.00      52.00      51.00      50.00      48.00      47.00      47.00      48.00      49.00
      51.00      52.00      53.00      53.00      52.00      50.00      48.00      47.00      46.00      47.00
      49.00      53.00      57.00      61.00      64.00      66.00      66.00      65.00      64.00      64.00
      67.00      73.00      80.00
     100.00     100.00     100.00      99.00      99.00      98.00      98.00      98.00      98.00      95.00
      90.00      84.00      79.00      77.00      76.00      77.00      78.00      75.00      70.00      61.00
      50.00      37.00      26.00      19.00      20.00      27.00      38.00      49.00      57.00      60.00
      55.00      44.00      29.00      14.00       2.00       0.00       0.00       5.00      14.00      21.00
      27.00      28.00      27.00      24.00      20.00      16.00      13.00      12.00      14.00      18.00
      23.00      28.00      33.00      37.00      39.00      41.00      41.00      42.00      43.00      44.00
      47.00      50.00      55.00      61.00      66.00      70.00      68.00      62.00      55.00      49.00
      47.00      50.00      57.00
      67.00      65.00      62.00      58.00      54.00      50.00      47.00      44.00      42.00      39.00
      36.00      33.00      32.00      33.00      39.00      48.00      59.00      67.00      71.00      69.00
      62.00      49.00      34.00      20.00      14.00      18.00      29.00      42.00      52.00      57.00
      55.00      48.00      38.00      26.00      17.00      13.00      16.00      24.00      34.00      44.00
      49.00      50.00      47.00      41.00      33.00      24.00      17.00      13.00      11.00      11.00
      13.00      16.00      19.00      22.00      26.00      29.00      32.00      35.00      36.00      36.00
      36.00      36.00      39.00      44.00      51.00      57.00      61.00      61.00      57.00      53.00
      52.00      56.00      63.00
      35.00      41.00      47.00      49.00      49.00      46.00      43.00      43.00      45.00      47.00
      47.00      43.00      37.00      28.00      20.00      18.00      23.00      31.00      39.00      43.00
      42.00      35.00      23.00      14.00      15.00      27.00      44.00      58.00      67.00      71.00
      69.00      63.00      51.00      37.00      26.00      21.00      23.00      31.00      41.00      51.00
      55.00      52.00      46.00      38.00      31.00      27.00      24.00      24.00      24.00      25.00
      25.00      23.00      21.00      20.00      21.00      23.00      25.00      25.00      25.00      23.00
      21.00      21.00      23.00      27.00      33.00      37.00      37.00      33.00      28.00      28.00
      36.00      51.00      67.00
      64.00      71.00      75.00      74.00      72.00      69.00      64.00      60.00      58.00      58.00
      59.00      58.00      54.00      45.00      32.00      22.00      18.00      22.00      31.00      40.00
      43.00      37.00      26.00      16.00      19.00      34.00      52.00      67.00      80.00      90.00
      96.00      93.00      79.00      58.00      38.00      26.00      24.00      28.00      33.00      39.00
      42.00      39.00      33.00      27.00      24.00      24.00      28.00      33.00      36.00      38.00
      39.00      38.00      34.00      28.00      24.00      21.00      18.00      15.00      13.00      14.00
      16.00      20.00      24.00      26.00      27.00      25.00      24.00      24.00      28.00      36.00
      48.00      62.00      74.00
      70.00      67.00      63.00      59.00      55.00      55.00      52.00      47.00      43.00      40.00
      43.00      51.00      59.00      60.00      53.00      41.00      32.00      31.00      40.00      51.00
      57.00      55.00      47.00      41.00      44.00      54.00      63.00      69.00      74.00      81.00
      88.00      90.00      84.00      71.00      55.00      38.00      26.00      21.00      23.00      28.00
      32.00      33.00      30.00      27.00      23.00      21.00      24.00      27.00      28.00      30.00
      33.00      35.00      40.00      46.00      55.00      62.00      63.00      52.00      35.00      28.00
      30.00      33.00      35.00      34.00      33.00      34.00      40.00      50.00      62.00      74.00
      83.00      89.00      90.00
      45.00      44.00      42.00      35.00      26.00      23.00      25.00      28.00      27.00      26.00
      28.00      36.00      46.00      54.00      53.00      47.00      40.00      40.00      45.00      50.00
      51.00      47.00      41.00      40.00      47.00      53.00      54.00      53.00      51.00      51.00
      53.00      60.00      70.00      77.00      76.00      65.00      48.00      35.00      32.00      37.00
      40.00      38.00      30.00      22.00      18.00      19.00      23.00      25.00      23.00      21.00
      18.00      16.00      21.00      33.00      50.00      65.00      67.00      56.00      35.00      24.00
      26.00      30.00      30.00      26.00      23.00      28.00      39.00      54.00      70.00      83.00
      92.00      93.00      88.00
      36.00      38.00      38.00      27.00      14.00      10.00      13.00      15.00      18.00      21.00
      23.00      25.00      27.00      32.00      39.00      46.00      52.00      56.00      58.00      59.00
      56.00      53.00      52.00      57.00      62.00      62.00      60.00      63.00      71.00      80.00
      88.00      91.00      88.00      81.00      69.00      47.00      26.00      20.00      29.00      45.00
      53.00      47.00      34.00      24.00      24.00      33.00      42.00      47.00      47.00      42.00
      34.00      23.00      15.00      16.00      21.00      21.00      15.00      12.00      14.00      18.00
      22.00      21.00      17.00      13.00      14.00      22.00      37.00      51.00      64.00      76.00
      85.00      86.00      78.00
      25.00      27.00      30.00      27.00      21.00      16.00      12.00      10.00       9.00      13.00
      19.00      20.00      20.00      22.00      28.00      34.00      36.00      34.00      34.00      38.00
      41.00      46.00      57.00      70.00      69.00      55.00      46.00      50.00      59.00      69.00
      80.00      90.00      88.00      68.00      42.00      22.00      11.00      16.00      32.00      51.00
      64.00      59.00      41.00      25.00      19.00      20.00      23.00      32.00      48.00      64.00
      72.00      71.00      56.00      32.00      13.00      10.00      24.00      47.00      62.00      63.00
      51.00      34.00      23.00      19.00      21.00      29.00      41.00      50.00      53.00      56.00
      56.00      51.00      41.00
      21.00      20.00      24.00      24.00      23.00      26.00      27.00      18.00       7.00       4.00
      11.00      19.00      23.00      28.00      35.00      39.00      35.00      29.00      29.00      35.00
      37.00      41.00      56.00      69.00      49.00      15.00       6.00      23.00      42.00      52.00
      65.00      82.00      83.00      61.00      38.00      31.00      36.00      47.00      63.00      78.00
      76.00      55.00      35.00      24.00      20.00      24.00      31.00      42.00      57.00      66.00
      67.00      65.00      56.00      33.00      13.00       5.00      23.00      63.00      97.00      99.00
      75.00      43.00      25.00      19.00      19.00      25.00      35.00      43.00      48.00      48.00
      44.00      36.00      31.00
      28.00      26.00      25.00      21.00      21.00      34.00      48.00      45.00      30.00      22.00
      25.00      27.00      25.00      29.00      44.00      62.00      68.00      57.00      42.00      29.00
      20.00      14.00      23.00      32.00      17.00       3.00      11.00      44.00      76.00      90.00
      93.00      89.00      71.00      48.00      34.00      39.00      61.00      69.00      76.00      81.00
      72.00      47.00      22.00      22.00      41.00      59.00      62.00      60.00      54.00      39.00
      30.00      37.00      48.00      41.00      20.00       6.00      16.00      57.00     100.00     100.00
      85.00      48.00      20.00      13.00      20.00      27.00      36.00      47.00      57.00      62.00
      63.00      61.00      56.00
      32.00      30.00      26.00      22.00      19.00      29.00      48.00      54.00      46.00      44.00
      46.00      40.00      27.00      21.00      34.00      56.00      64.00      49.00      29.00      29.00
      44.00      44.00      27.00      16.00      17.00      27.00      46.00      72.00      92.00      91.00
      78.00      64.00      48.00      35.00      28.00      50.00      86.00      77.00      63.00      69.00
      65.00      46.00      23.00      22.00      44.00      52.00      42.00      42.00      38.00      22.00
      16.00      22.00      32.00      31.00      16.00       8.00      20.00      50.00      88.00     100.00
      96.00      56.00      13.00       4.00      18.00      27.00      30.00      37.00      46.00      48.00
      47.00      46.00      38.00
      49.00      42.00      39.00      40.00      34.00      27.00      37.00      38.00      32.00      35.00
      46.00      46.00      32.00      17.00      14.00      24.00      30.00      26.00      30.00      57.00
      85.00      79.00      49.00      35.00      50.00      68.00      77.00      73.00      52.00      29.00
      16.00      15.00      21.00      29.00      35.00      35.00      50.00      59.00      57.00      71.00
      80.00      55.00      29.00      30.00      50.00      52.00      52.00      63.00      61.00      36.00
      13.00       8.00      17.00      19.00      12.00       9.00      10.00      25.00      50.00      81.00
      90.00      54.00       5.00       0.00      15.00      22.00      17.00      24.00      37.00      42.00
      41.00      43.00      44.00
      61.00      49.00      39.00      40.00      34.00      28.00      35.00      43.00      44.00      43.00
      50.00      51.00      41.00      28.00      15.00      13.00      15.00      15.00      22.00      34.00
      40.00      35.00      35.00      57.00      80.00      82.00      68.00      45.00      17.00       2.00
       4.00      17.00      33.00      33.00      20.00      10.00      32.00      66.00      70.00      67.00
      75.00      64.00      49.00      46.00      46.00      45.00      55.00      81.00      80.00      43.00
      19.00      23.00      48.00      72.00      75.00      59.00      42.00      42.00      53.00      71.00
      77.00      51.00       9.00       0.00      15.00      25.00      24.00      24.00      29.00      40.00
      60.00      77.00      84.00
      51.00      34.00      25.00      26.00      21.00      16.00      20.00      31.00      37.00      38.00
      42.00      38.00      39.00      29.00      19.00      16.00      15.00      18.00      18.00      22.00
      35.00      46.00      59.00      71.00      79.00      67.00      43.00      27.00      10.00      13.00
      45.00      42.00      26.00      19.00      27.00      33.00      58.00      84.00      74.00      44.00
      33.00      41.00      53.00      53.00      39.00      16.00      22.00      52.00      59.00      53.00
      51.00      56.00      69.00      80.00      94.00      97.00      91.00      86.00      85.00      84.00
      82.00      70.00      42.00      11.00       2.00      17.00      39.00      45.00      42.00      58.00
      92.00     100.00     100.00
      17.00      12.00      16.00      24.00      26.00      19.00      11.00       9.00      13.00      19.00
      22.00      22.00      24.00      12.00       6.00       5.00       7.00      14.00      22.00      27.00
      34.00      45.00      58.00      53.00      50.00      43.00      27.00      18.00      33.00      50.00
      52.00      34.00       6.00      18.00      47.00      75.00      88.00      87.00      58.00      35.00
      44.00      33.00      35.00      50.00      43.00      18.00      10.00      13.00      10.00      30.00
      59.00      50.00      17.00      13.00      45.00      76.00      89.00      93.00      95.00      95.00
      97.00      97.00      87.00      60.00      19.00       2.00       8.00      12.00      15.00      26.00
      43.00      73.00      97.00
      22.00      17.00      27.00      39.00      39.00      30.00      16.00       8.00      13.00      18.00
      14.00       8.00       4.00       0.00       0.00       1.00       2.00       2.00       0.00       5.00
      14.00      17.00      17.00      19.00      22.00      20.00      19.00      20.00      12.00      37.00
       0.00      11.00      13.00      22.00      63.00      95.00     100.00      78.00      59.00      68.00
      67.00      61.00      73.00      90.00      96.00      77.00      53.00      35.00      21.00      25.00
      37.00      19.00       0.00      18.00      50.00      74.00      88.00     100.00     100.00      96.00
      89.00      90.00      97.00      96.00      77.00      47.00      14.00       1.00       2.00       6.00
      10.00      43.00      82.00
      56.00      60.00      79.00      84.00      57.00      28.00      11.00       4.00       5.00       6.00
       4.00       1.00       1.00       4.00       9.00       9.00       7.00       7.00       4.00       0.00
       5.00       7.00       5.00       2.00       7.00      11.00       2.00      21.00      56.00      67.00
       2.00       0.00      30.00      43.00      69.00      56.00      77.00      90.00      99.00     100.00
      90.00      98.00     100.00     100.00      97.00      78.00      64.00      56.00      48.00      36.00
      17.00       4.00      19.00      54.00      66.00      52.00      52.00      71.00      72.00      53.00
      37.00      40.00      60.00      82.00      91.00      87.00      70.00      53.00      57.00      70.00
      71.00      74.00      81.00
      79.00      75.00      91.00      76.00      48.00      16.00       4.00       2.00       0.00       0.00
       0.00       3.00       4.00       4.00       8.00       6.00       1.00       0.00       2.00       8.00
      11.00      17.00       8.00       0.00       0.00       7.00       0.00      56.00      47.00      28.00
      39.00      25.00     100.00      89.00      71.00      86.00      84.00      76.00      90.00      96.00
      89.00     100.00      89.00      64.00      30.00      21.00      19.00      17.00      14.00      10.00
       5.00      14.00      43.00      71.00      57.00      27.00      22.00      32.00      32.00      23.00
      19.00      21.00      32.00      50.00      67.00      77.00      75.00      66.00      64.00      73.00
      75.00      66.00      54.00
      37.00      48.00      56.00      40.00      17.00       4.00       0.00       2.00       2.00       3.00
       5.00       7.00       5.00       6.00       9.00       4.00       0.00       0.00       2.00       9.00
      18.00      28.00      27.00       8.00       2.00       7.00       3.00       9.00      26.00      30.00
      30.00      37.00      56.00      87.00      77.00      65.00      66.00      87.00     100.00     100.00
      89.00      75.00      41.00      11.00       0.00      12.00      17.00      17.00      14.00      14.00
      28.00      47.00      63.00      64.00      50.00      39.00      36.00      30.00      26.00      30.00
      37.00      42.00      45.00      49.00      50.00      49.00      44.00      37.00      36.00      40.00
      41.00      39.00      35.00
      12.00      15.00      15.00       7.00       0.00       0.00       2.00       5.00       7.00       9.00
       7.00       2.00       1.00       2.00       4.00       2.00       4.00      13.00      23.00      24.00
      26.00      29.00      24.00      12.00       3.00       0.00       0.00       5.00      15.00      34.00
      44.00      27.00      22.00      23.00      40.00      64.00      74.00      99.00      84.00      68.00
      71.00      60.00      16.00       1.00      27.00      50.00      62.00      75.00      60.00      43.00
      54.00      67.00      70.00      58.00      47.00      45.00      38.00      26.00      20.00      21.00
      27.00      34.00      40.00      40.00      36.00      33.00      32.00      33.00      39.00      41.00
      41.00      42.00      40.00
       5.00      15.00      52.00      62.00      34.00       4.00       7.00      11.00       9.00       7.00
       4.00       0.00       0.00       0.00       3.00       7.00      17.00      30.00      33.00      33.00
      32.00      30.00      24.00      11.00       4.00       2.00       6.00      17.00      33.00      48.00
      57.00      55.00      47.00      48.00      54.00      57.00      64.00      76.00      69.00      72.00
      78.00      77.00      50.00      38.00      70.00      77.00      78.00      80.00      61.00      44.00
      60.00      73.00      64.00      44.00      30.00      24.00      20.00      14.00       9.00       8.00
      10.00      15.00      19.00      23.00      30.00      36.00      39.00      39.00      40.00      41.00
      40.00      37.00      32.00
      12.00      34.00      74.00      87.00      53.00      23.00      14.00      12.00      11.00       8.00
       4.00       0.00       2.00       4.00       7.00      14.00      30.00      52.00      40.00      30.00
      26.00      28.00      24.00      13.00       7.00      14.00      26.00      44.00      53.00      56.00
      59.00      66.00      76.00      84.00      88.00      81.00      75.00      83.00      88.00      89.00
      88.00      78.00      63.00      66.00      78.00      66.00      55.00      53.00      41.00      47.00
      74.00      78.00      48.00      24.00      18.00      19.00      20.00      18.00      14.00      13.00
      15.00      19.00      26.00      36.00      42.00      36.00      28.00      24.00      23.00      26.00
      27.00      23.00      21.00
      17.00      29.00      42.00      54.00      46.00      42.00      33.00      39.00      38.00      32.00
      27.00      22.00      23.00      24.00      25.00      22.00      28.00      42.00      42.00      25.00
      14.00      15.00      12.00       6.00      15.00      28.00      37.00      43.00      39.00      32.00
      38.00      47.00      65.00      74.00      76.00      78.00      87.00      98.00      95.00      86.00
      78.00      62.00      58.00      56.00      54.00      49.00      38.00      36.00      40.00      56.00
      71.00      65.00      44.00      32.00      28.00      24.00      24.00      25.00      23.00      21.00
      22.00      30.00      44.00      52.00      47.00      28.00      11.00       8.00      12.00      16.00
      18.00      18.00      18.00
      25.00      33.00      55.00      70.00      54.00      50.00      44.00      50.00      71.00      76.00
      66.00      58.00      56.00      43.00      37.00      26.00      30.00      35.00      46.00      43.00
      27.00      25.00      28.00      34.00      42.00      39.00      30.00      32.00      35.00      31.00
      34.00      36.00      52.00      67.00      73.00      74.00      77.00      78.00      74.00      60.00
      43.00      34.00      38.00      39.00      38.00      41.00      41.00      42.00      50.00      59.00
      62.00      59.00      54.00      46.00      35.00      24.00      22.00      25.00      25.00      22.00
      20.00      27.00      40.00      50.00      47.00      26.00       5.00       5.00      12.00      15.00
      16.00      17.00      20.00
      30.00      45.00      68.00      84.00      68.00      50.00      49.00      61.00      84.00      90.00
      83.00      58.00      60.00      36.00      31.00      20.00      29.00      29.00      41.00      49.00
      40.00      34.00      47.00      64.00      71.00      59.00      43.00      44.00      51.00      49.00
      51.00      47.00      54.00      64.00      62.00      55.00      46.00      40.00      47.00      53.00
      49.00      47.00      50.00      47.00      40.00      43.00      49.00      52.00      53.00      55.00
      63.00      65.00      55.00      45.00      36.00      27.00      24.00      24.00      24.00      21.00
      18.00      22.00      33.00      41.00      39.00      23.00       9.00      10.00      14.00      15.00
      16.00      18.00      22.00
      35.00      47.00      62.00      74.00      62.00      40.00      39.00      60.00      79.00      76.00
      59.00      44.00      43.00      39.00      38.00      77.00      36.00      24.00      25.00      32.00
      37.00      39.00      45.00      54.00      64.00      62.00      60.00      59.00      58.00      55.00
      62.00      62.00      58.00      58.00      52.00      50.00      42.00      33.00      43.00      59.00
      65.00      66.00      66.00      59.00      50.00      50.00      55.00      57.00      58.00      66.00
      74.00      65.00      51.00      50.00      48.00      39.00      34.00      37.00      38.00      32.00
      30.00      35.00      38.00      36.00      31.00      24.00      18.00      16.00      13.00      12.00
      18.00      24.00      29.00
      48.00      52.00      52.00      54.00      52.00      44.00      39.00      48.00      63.00      58.00
      52.00      57.00      64.00      67.00      77.00      94.00      39.00      27.00      21.00      23.00
      30.00      35.00      44.00      46.00      51.00      54.00      61.00      61.00      53.00      53.00
      60.00      68.00      75.00      66.00      54.00      57.00      55.00      46.00      46.00      55.00
      64.00      70.00      75.00      75.00      68.00      60.00      59.00      63.00      68.00      81.00
      82.00      61.00      52.00      58.00      62.00      58.00      56.00      59.00      59.00      53.00
      52.00      54.00      46.00      35.00      29.00      28.00      27.00      26.00      24.00      24.00
      31.00      35.00      36.00
      61.00      54.00      43.00      43.00      49.00      46.00      49.00      55.00      60.00      56.00
      55.00      58.00      58.00      65.00      88.00      66.00      33.00      20.00      20.00      23.00
      27.00      35.00      46.00      55.00      56.00      52.00      56.00      59.00      50.00      42.00
      49.00      68.00      83.00      67.00      56.00      58.00      61.00      59.00      59.00      65.00
      74.00      84.00      92.00      95.00      88.00      68.00      62.00      63.00      63.00      74.00
      72.00      62.00      62.00      66.00      68.00      69.00      66.00      70.00      75.00      68.00
      62.00      54.00      43.00      35.00      32.00      30.00      29.00      31.00      34.00      39.00
      44.00      44.00      44.00
      53.00      45.00      35.00      36.00      43.00      44.00      56.00      62.00      66.00      63.00
      53.00      46.00      53.00      58.00      54.00      34.00      27.00      36.00      39.00      39.00
      37.00      40.00      41.00      50.00      52.00      50.00      53.00      59.00      52.00      43.00
      47.00      59.00      63.00      52.00      51.00      59.00      61.00      67.00      80.00      88.00
      89.00      88.00      93.00      98.00      89.00      74.00      67.00      58.00      55.00      63.00
      67.00      66.00      65.00      58.00      54.00      54.00      55.00      63.00      66.00      59.00
      51.00      43.00      39.00      38.00      36.00      33.00      29.00      29.00      34.00      42.00
      44.00      41.00      42.00
      31.00      31.00      33.00      40.00      43.00      43.00      46.00      47.00      46.00      49.00
      47.00      37.00      35.00      44.00      37.00      39.00      47.00      45.00      51.00      50.00
      42.00      44.00      48.00      49.00      47.00      48.00      55.00      62.00      62.00      64.00
      68.00      66.00      59.00      53.00      56.00      64.00      63.00      68.00      86.00      92.00
      82.00      78.00      90.00     100.00      91.00      78.00      68.00      53.00      53.00      57.00
      60.00      65.00      57.00      41.00      35.00      38.00      44.00      49.00      52.00      48.00
      41.00      38.00      38.00      38.00      36.00      30.00      27.00      28.00      33.00      37.00
      32.00      28.00      28.00
      12.00      18.00      28.00      35.00      34.00      37.00      38.00      32.00      26.00      32.00
      37.00      30.00      24.00      30.00      29.00      37.00      51.00      53.00      58.00      61.00
      49.00      41.00      46.00      48.00      44.00      44.00      53.00      65.00      74.00      79.00
      79.00      72.00      64.00      61.00      67.00      71.00      64.00      65.00      79.00      84.00
      62.00      47.00      67.00      89.00      83.00      72.00      59.00      49.00      57.00      56.00
      58.00      67.00      56.00      39.00      33.00      37.00      40.00      43.00      50.00      51.00
      45.00      42.00      37.00      31.00      31.00      29.00      30.00      32.00      37.00      38.00
      33.00      37.00      42.00
