diamond 4 20年06月30日20时500百帕相对湿度
20 06 30  20  500 
2.500 -2.500  .0  180.0   90.0  .0
73  37
      25.00      25.00      25.00      25.00      25.00      25.00      25.00      25.00      25.00      25.00
      25.00      25.00      25.00      25.00      25.00      25.00      25.00      25.00      25.00      25.00
      25.00      25.00      25.00      25.00      25.00      25.00      25.00      25.00      25.00      25.00
      25.00      25.00      25.00      25.00      25.00      25.00      25.00      25.00      25.00      25.00
      25.00      25.00      25.00      25.00      25.00      25.00      25.00      25.00      25.00      25.00
      25.00      25.00      25.00      25.00      25.00      25.00      25.00      25.00      25.00      25.00
      25.00      25.00      25.00      25.00      25.00      25.00      25.00      25.00      25.00      25.00
      25.00      25.00      25.00
      38.00      38.00      38.00      37.00      37.00      36.00      35.00      34.00      32.00      31.00
      30.00      28.00      27.00      25.00      24.00      22.00      21.00      19.00      18.00      17.00
      15.00      14.00      13.00      12.00      11.00      10.00       9.00       8.00       7.00       6.00
       5.00       5.00       4.00       3.00       3.00       2.00       2.00       1.00       0.00       0.00
       0.00       0.00       0.00       0.00       0.00       0.00       0.00       0.00       0.00       0.00
       0.00       0.00       0.00       0.00       0.00       0.00       0.00       0.00       0.00       1.00
       2.00       3.00       3.00       4.00       5.00       6.00       8.00       9.00      10.00      11.00
      12.00      13.00      14.00
      57.00      55.00      52.00      49.00      44.00      40.00      35.00      29.00      24.00      20.00
      16.00      13.00      10.00       8.00       7.00       6.00       6.00       6.00       7.00       9.00
      10.00      12.00      14.00      16.00      18.00      20.00      21.00      22.00      22.00      22.00
      22.00      22.00      22.00      21.00      21.00      20.00      19.00      18.00      17.00      17.00
      16.00      15.00      14.00      13.00      12.00      11.00      10.00       9.00       7.00       6.00
       4.00       3.00       1.00       0.00       0.00       0.00       0.00       0.00       0.00       0.00
       0.00       0.00       0.00       0.00       0.00       0.00       0.00       0.00       0.00       2.00
       4.00       7.00      10.00
      71.00      68.00      64.00      59.00      53.00      47.00      40.00      35.00      30.00      27.00
      24.00      23.00      23.00      23.00      25.00      27.00      29.00      31.00      33.00      35.00
      37.00      38.00      40.00      40.00      41.00      42.00      42.00      43.00      43.00      44.00
      44.00      44.00      45.00      45.00      45.00      45.00      46.00      46.00      47.00      47.00
      48.00      49.00      50.00      50.00      50.00      51.00      50.00      50.00      49.00      48.00
      46.00      44.00      41.00      38.00      34.00      30.00      26.00      21.00      16.00      10.00
       5.00       1.00       0.00       0.00       0.00       0.00       0.00       0.00       0.00       3.00
       8.00      13.00      17.00
      62.00      60.00      57.00      54.00      52.00      50.00      50.00      53.00      56.00      62.00
      68.00      75.00      81.00      86.00      90.00      92.00      91.00      88.00      83.00      75.00
      66.00      56.00      46.00      36.00      27.00      21.00      18.00      18.00      20.00      24.00
      30.00      36.00      42.00      47.00      51.00      55.00      57.00      58.00      59.00      59.00
      58.00      57.00      55.00      54.00      52.00      51.00      50.00      50.00      51.00      52.00
      53.00      55.00      57.00      58.00      58.00      58.00      56.00      52.00      47.00      40.00
      32.00      24.00      16.00       8.00       4.00       1.00       2.00       5.00      11.00      19.00
      28.00      38.00      47.00
      46.00      40.00      34.00      28.00      24.00      22.00      24.00      29.00      38.00      49.00
      62.00      75.00      88.00      97.00     100.00     100.00     100.00     100.00     100.00     100.00
      95.00      81.00      64.00      45.00      25.00       9.00       2.00       1.00       0.00      11.00
      24.00      38.00      51.00      62.00      70.00      76.00      80.00      81.00      79.00      75.00
      69.00      61.00      52.00      42.00      33.00      26.00      21.00      19.00      20.00      23.00
      29.00      37.00      45.00      53.00      60.00      64.00      65.00      63.00      58.00      52.00
      45.00      37.00      30.00      25.00      23.00      23.00      26.00      32.00      39.00      48.00
      57.00      65.00      73.00
      44.00      35.00      27.00      20.00      15.00      14.00      15.00      20.00      26.00      33.00
      38.00      41.00      42.00      42.00      43.00      47.00      53.00      63.00      74.00      85.00
      94.00      99.00      98.00      90.00      76.00      59.00      43.00      30.00      23.00      22.00
      25.00      31.00      38.00      47.00      55.00      64.00      72.00      78.00      82.00      81.00
      77.00      68.00      56.00      42.00      28.00      15.00       6.00       1.00       0.00       4.00
      12.00      23.00      36.00      47.00      57.00      62.00      62.00      58.00      52.00      44.00
      38.00      35.00      37.00      43.00      51.00      59.00      64.00      68.00      69.00      70.00
      70.00      71.00      72.00
      34.00      32.00      32.00      35.00      41.00      52.00      64.00      75.00      80.00      81.00
      76.00      68.00      59.00      49.00      42.00      36.00      33.00      34.00      39.00      48.00
      60.00      73.00      85.00      94.00      97.00      93.00      82.00      66.00      49.00      34.00
      22.00      14.00      11.00      12.00      17.00      25.00      35.00      46.00      57.00      64.00
      66.00      64.00      57.00      47.00      34.00      22.00      11.00       4.00       1.00       3.00
       9.00      17.00      28.00      39.00      50.00      56.00      57.00      51.00      41.00      31.00
      26.00      28.00      36.00      47.00      57.00      64.00      68.00      70.00      72.00      75.00
      78.00      82.00      86.00
      35.00      25.00      16.00      14.00      19.00      31.00      44.00      55.00      58.00      58.00
      55.00      51.00      47.00      45.00      47.00      50.00      54.00      57.00      55.00      50.00
      45.00      46.00      54.00      69.00      82.00      89.00      85.00      73.00      57.00      43.00
      33.00      28.00      26.00      25.00      23.00      20.00      19.00      23.00      34.00      48.00
      61.00      68.00      68.00      60.00      47.00      32.00      20.00      14.00      12.00      12.00
      14.00      18.00      24.00      31.00      37.00      40.00      38.00      30.00      21.00      16.00
      19.00      28.00      41.00      54.00      64.00      69.00      72.00      74.00      78.00      83.00
      88.00      91.00      93.00
      35.00      20.00      10.00      10.00      18.00      29.00      39.00      40.00      38.00      38.00
      41.00      39.00      35.00      32.00      36.00      46.00      57.00      65.00      65.00      57.00
      44.00      33.00      31.00      41.00      53.00      60.00      59.00      52.00      44.00      40.00
      44.00      56.00      72.00      81.00      72.00      50.00      25.00      12.00      16.00      34.00
      55.00      70.00      73.00      63.00      45.00      26.00      14.00      11.00      13.00      15.00
      14.00      15.00      20.00      29.00      38.00      43.00      39.00      30.00      23.00      24.00
      33.00      46.00      58.00      69.00      76.00      78.00      75.00      70.00      62.00      52.00
      39.00      28.00      23.00
      26.00      35.00      41.00      49.00      55.00      57.00      53.00      52.00      61.00      75.00
      83.00      82.00      76.00      67.00      60.00      57.00      58.00      59.00      56.00      49.00
      37.00      27.00      22.00      24.00      27.00      31.00      34.00      33.00      31.00      30.00
      33.00      46.00      69.00      93.00      95.00      73.00      43.00      24.00      22.00      36.00
      54.00      64.00      63.00      51.00      34.00      23.00      19.00      19.00      18.00      14.00
       7.00       6.00      15.00      33.00      55.00      74.00      75.00      62.00      49.00      43.00
      41.00      40.00      37.00      32.00      28.00      28.00      33.00      38.00      40.00      37.00
      35.00      40.00      53.00
      47.00      66.00      78.00      85.00      83.00      74.00      71.00      77.00      83.00      88.00
      91.00      92.00      89.00      82.00      71.00      59.00      45.00      33.00      26.00      22.00
      19.00      16.00      12.00      10.00      15.00      23.00      30.00      34.00      32.00      25.00
      18.00      17.00      21.00      29.00      31.00      27.00      21.00      21.00      28.00      43.00
      57.00      60.00      53.00      41.00      32.00      32.00      35.00      31.00      23.00      13.00
       8.00      10.00      20.00      32.00      41.00      37.00      12.00       3.00       2.00      17.00
      33.00      40.00      42.00      44.00      48.00      52.00      57.00      58.00      56.00      53.00
      54.00      59.00      71.00
      60.00      71.00      70.00      62.00      55.00      60.00      74.00      87.00      92.00      92.00
      89.00      86.00      81.00      74.00      62.00      43.00      24.00      12.00       7.00       9.00
      15.00      17.00      14.00      10.00      13.00      23.00      33.00      34.00      30.00      31.00
      36.00      39.00      34.00      19.00       1.00       0.00       9.00      24.00      38.00      50.00
      57.00      53.00      42.00      34.00      32.00      36.00      41.00      39.00      32.00      29.00
      27.00      26.00      25.00      22.00      18.00       9.00       0.00       1.00      26.00      58.00
      84.00      97.00      93.00      79.00      63.00      52.00      47.00      48.00      53.00      60.00
      66.00      68.00      66.00
      47.00      34.00      16.00       4.00       3.00      13.00      27.00      41.00      50.00      51.00
      53.00      61.00      66.00      63.00      48.00      29.00      17.00      12.00      10.00       7.00
       8.00      14.00      21.00      24.00      24.00      24.00      22.00      25.00      40.00      60.00
      70.00      61.00      39.00      18.00      11.00      18.00      32.00      47.00      54.00      52.00
      44.00      32.00      20.00      18.00      34.00      59.00      68.00      54.00      39.00      34.00
      33.00      28.00      22.00      24.00      37.00      49.00      53.00      52.00      55.00      64.00
      68.00      61.00      44.00      29.00      27.00      44.00      68.00      84.00      92.00      97.00
     100.00     100.00     100.00
      71.00      67.00      59.00      52.00      44.00      30.00      16.00      11.00      12.00      12.00
      16.00      31.00      48.00      48.00      32.00      19.00      17.00      20.00      18.00      11.00
      11.00      27.00      41.00      35.00      27.00      31.00      40.00      54.00      72.00      87.00
      84.00      60.00      32.00      21.00      27.00      42.00      54.00      57.00      49.00      38.00
      29.00      22.00      17.00      22.00      51.00      80.00      82.00      54.00      25.00      15.00
      19.00      28.00      38.00      51.00      64.00      67.00      56.00      43.00      35.00      34.00
      32.00      21.00       4.00       1.00      19.00      59.00      90.00      97.00      81.00      58.00
      51.00      67.00      93.00
      78.00      86.00      87.00      84.00      79.00      68.00      54.00      41.00      31.00      18.00
       9.00      14.00      31.00      37.00      26.00      17.00      19.00      25.00      25.00      22.00
      33.00      54.00      41.00       6.00       0.00      23.00      53.00      68.00      76.00      80.00
      68.00      44.00      32.00      36.00      50.00      70.00      81.00      65.00      41.00      21.00
      15.00      17.00      30.00      40.00      63.00      76.00      74.00      58.00      30.00      13.00
      18.00      28.00      36.00      36.00      26.00      19.00      27.00      38.00      42.00      39.00
      35.00      31.00      32.00      44.00      68.00      87.00      95.00      87.00      55.00      18.00
       7.00      29.00      67.00
      50.00      52.00      48.00      43.00      47.00      51.00      49.00      43.00      32.00      15.00
       3.00       9.00      27.00      35.00      25.00      15.00      15.00      17.00      12.00       3.00
       4.00      13.00      13.00       6.00      15.00      49.00      74.00      65.00      42.00      30.00
      31.00      31.00      35.00      44.00      52.00      71.00      78.00      77.00      68.00      47.00
      27.00      21.00      33.00      57.00      71.00      68.00      69.00      71.00      47.00      15.00
       8.00      20.00      35.00      39.00      30.00      31.00      60.00      91.00      94.00      77.00
      54.00      36.00      33.00      51.00      75.00      88.00      93.00      90.00      74.00      47.00
      37.00      53.00      79.00
      29.00      28.00      25.00      17.00      12.00      18.00      31.00      33.00      28.00      16.00
       6.00      14.00      28.00      34.00      23.00      14.00      16.00      20.00      19.00      15.00
      16.00      27.00      44.00      60.00      71.00      79.00      73.00      43.00      10.00       7.00
      18.00      22.00      23.00      33.00      39.00      36.00      38.00      50.00      72.00      96.00
      96.00      58.00      40.00      51.00      49.00      36.00      45.00      71.00      68.00      38.00
      26.00      34.00      48.00      55.00      49.00      41.00      43.00      55.00      62.00      57.00
      40.00      21.00       8.00       8.00      22.00      37.00      46.00      45.00      32.00      12.00
      10.00      38.00      75.00
      40.00      43.00      46.00      39.00      28.00      25.00      27.00      30.00      29.00      18.00
      13.00      17.00      27.00      28.00      19.00      17.00      24.00      33.00      33.00      33.00
      39.00      48.00      58.00      71.00      75.00      66.00      49.00      31.00      21.00      34.00
      43.00      35.00      13.00      18.00      33.00      40.00      39.00      26.00      15.00      52.00
      94.00      75.00      33.00      28.00      32.00      20.00      25.00      63.00      69.00      48.00
      32.00      14.00       6.00       7.00      21.00      32.00      40.00      51.00      54.00      44.00
      30.00      26.00      21.00      19.00      21.00      25.00      23.00      15.00       5.00       0.00
       8.00      43.00      83.00
      37.00      33.00      36.00      41.00      39.00      33.00      30.00      27.00      16.00      11.00
      17.00      17.00      26.00      20.00      12.00      13.00      25.00      30.00      28.00      25.00
      24.00      21.00       8.00       6.00      28.00      62.00      73.00      75.00      71.00      72.00
      79.00      44.00       8.00       0.00       0.00       4.00      22.00      21.00       0.00       5.00
      43.00      47.00      20.00      22.00      51.00      59.00      48.00      51.00      43.00      26.00
      13.00       8.00      21.00      43.00      63.00      72.00      77.00      91.00      94.00      79.00
      63.00      52.00      37.00      23.00      18.00      20.00      20.00      17.00      18.00      25.00
      37.00      61.00      86.00
      28.00      17.00      18.00      21.00      19.00      16.00      17.00      18.00      14.00      12.00
      14.00      19.00      21.00       6.00       1.00       3.00      12.00      10.00       8.00      19.00
      25.00      28.00      11.00       1.00       3.00      34.00      68.00      91.00     100.00     100.00
      81.00      66.00      47.00      34.00      22.00       9.00      17.00      24.00       0.00       2.00
      54.00      71.00      38.00      21.00      45.00      56.00      44.00      36.00      33.00      37.00
      54.00      73.00      78.00      72.00      61.00      40.00      45.00      74.00      94.00      97.00
      98.00      88.00      55.00      22.00       7.00      12.00      21.00      29.00      32.00      29.00
      31.00      48.00      72.00
      64.00      47.00      33.00      21.00       9.00       4.00       6.00       8.00       7.00       7.00
      10.00      14.00      12.00      15.00      16.00       8.00      10.00      14.00      10.00      22.00
      27.00      37.00      42.00      30.00      13.00       9.00      31.00      81.00     100.00      73.00
      64.00      61.00      37.00      26.00      15.00       4.00       2.00      27.00      23.00      48.00
      85.00      98.00      61.00      20.00      12.00      27.00      32.00      45.00      66.00      88.00
     100.00     100.00      61.00      33.00      25.00      22.00      42.00      75.00      98.00      98.00
      94.00      86.00      65.00      45.00      33.00      35.00      44.00      45.00      35.00      23.00
      24.00      45.00      68.00
     100.00      96.00      77.00      51.00      25.00      11.00       5.00       5.00       8.00       9.00
      10.00      11.00      10.00       8.00       7.00       8.00       3.00       1.00       1.00       0.00
      10.00      20.00      35.00      43.00      18.00      15.00      54.00      96.00      96.00      56.00
      37.00      83.00      50.00      10.00      20.00      47.00      29.00      19.00      55.00      85.00
     100.00     100.00      70.00      26.00       8.00      14.00      21.00      51.00      73.00      67.00
      61.00      42.00      15.00      29.00      60.00      73.00      81.00      98.00     100.00      86.00
      70.00      59.00      51.00      46.00      40.00      37.00      32.00      26.00      20.00      16.00
      24.00      40.00      51.00
      75.00      91.00      89.00      69.00      49.00      24.00       5.00       3.00       8.00      10.00
       9.00       6.00       4.00       2.00       1.00       4.00       5.00       5.00       7.00       6.00
       0.00       8.00      21.00      23.00      23.00      32.00      69.00      93.00      72.00      32.00
      29.00      38.00      44.00      39.00      64.00      98.00      90.00      74.00      73.00      83.00
     100.00      66.00      71.00      39.00      13.00       3.00       0.00      20.00      31.00      20.00
      10.00      14.00      30.00      64.00      94.00      96.00      93.00      96.00      79.00      56.00
      44.00      39.00      33.00      27.00      21.00      17.00      15.00      21.00      35.00      44.00
      47.00      49.00      43.00
      35.00      54.00      61.00      50.00      43.00      22.00       2.00       0.00       1.00       3.00
       4.00       3.00       1.00       3.00       7.00      11.00      14.00      12.00       9.00       8.00
       9.00       7.00       6.00      13.00      37.00      43.00      39.00      38.00      37.00      23.00
      18.00      23.00      36.00       9.00      35.00      50.00      74.00      72.00      95.00      95.00
      93.00      74.00      71.00      78.00      64.00      38.00      24.00      27.00      32.00      34.00
      37.00      51.00      75.00      91.00      92.00      91.00      98.00      93.00      62.00      36.00
      29.00      24.00      17.00      11.00       7.00       5.00       9.00      25.00      50.00      63.00
      62.00      55.00      39.00
      22.00      23.00      26.00      24.00      15.00       6.00       1.00       0.00       0.00       1.00
       3.00       4.00       6.00      11.00      17.00      22.00      30.00      29.00      21.00       8.00
       8.00      13.00       4.00       3.00      25.00      41.00      20.00      12.00      15.00      35.00
      34.00       9.00      10.00      25.00      37.00      32.00      50.00      56.00      51.00      60.00
      75.00      90.00      91.00      75.00      63.00      61.00      65.00      63.00      58.00      59.00
      61.00      69.00      77.00      65.00      59.00      81.00      98.00      83.00      54.00      40.00
      33.00      22.00      13.00       8.00       6.00       6.00      11.00      24.00      37.00      44.00
      45.00      44.00      40.00
      16.00       7.00       0.00       0.00       1.00       2.00       6.00       9.00       8.00       6.00
       7.00      11.00      16.00      20.00      18.00      19.00      46.00      54.00      42.00      34.00
      14.00       6.00       2.00       7.00      12.00       8.00       8.00      11.00      11.00      20.00
      29.00      23.00      25.00      32.00      37.00      43.00      50.00      53.00      55.00      64.00
      83.00      96.00      65.00      35.00      32.00      43.00      59.00      64.00      58.00      53.00
      48.00      39.00      31.00      20.00      29.00      70.00      95.00      78.00      53.00      43.00
      34.00      24.00      24.00      26.00      26.00      26.00      27.00      31.00      34.00      34.00
      37.00      46.00      59.00
       9.00      10.00       7.00       0.00       2.00       7.00      11.00      13.00      20.00      24.00
      29.00      31.00      31.00      34.00      30.00      27.00      50.00      98.00      61.00      41.00
      25.00       6.00       7.00      17.00      15.00      15.00      30.00      36.00      32.00      32.00
      33.00      35.00      36.00      36.00      39.00      53.00      56.00      59.00      69.00      74.00
      75.00      54.00      41.00      46.00      47.00      48.00      45.00      49.00      45.00      41.00
      33.00      17.00      12.00      16.00      30.00      58.00      79.00      67.00      45.00      38.00
      28.00      23.00      31.00      35.00      37.00      37.00      32.00      28.00      23.00      20.00
      24.00      32.00      40.00
      14.00      34.00      27.00      13.00       4.00       5.00       9.00      17.00      32.00      43.00
      49.00      52.00      49.00      54.00      56.00      49.00      50.00     100.00      72.00      28.00
      22.00      13.00      10.00      15.00      15.00      17.00      34.00      47.00      45.00      47.00
      50.00      48.00      40.00      35.00      51.00      66.00      59.00      51.00      52.00      60.00
      56.00      44.00      62.00      67.00      66.00      60.00      50.00      49.00      41.00      38.00
      32.00      16.00      12.00      23.00      25.00      24.00      29.00      32.00      35.00      42.00
      33.00      25.00      30.00      30.00      31.00      31.00      24.00      19.00      15.00      12.00
      11.00       9.00       6.00
      16.00      45.00      37.00      22.00       7.00       2.00       7.00      21.00      36.00      50.00
      53.00      54.00      61.00      60.00      60.00      58.00      44.00      54.00      58.00      47.00
      37.00      23.00      19.00      18.00      18.00      20.00      29.00      31.00      33.00      50.00
      64.00      60.00      48.00      50.00      75.00      83.00      65.00      44.00      42.00      52.00
      55.00      65.00      82.00      85.00      78.00      71.00      70.00      68.00      56.00      43.00
      33.00      21.00      16.00      22.00      20.00       9.00      10.00      25.00      42.00      45.00
      30.00      24.00      28.00      27.00      27.00      25.00      22.00      26.00      29.00      26.00
      18.00      10.00       5.00
      20.00      48.00      49.00      32.00      13.00       4.00       7.00      20.00      39.00      60.00
      55.00      53.00      57.00      55.00      56.00      81.00      46.00      40.00      30.00      28.00
      32.00      34.00      32.00      29.00      29.00      31.00      33.00      29.00      25.00      41.00
      62.00      61.00      52.00      60.00      77.00      85.00      69.00      51.00      52.00      69.00
      78.00      81.00      88.00      93.00      80.00      65.00      66.00      71.00      73.00      58.00
      37.00      24.00      20.00      23.00      19.00      10.00      14.00      39.00      56.00      43.00
      24.00      22.00      24.00      27.00      29.00      28.00      27.00      31.00      33.00      33.00
      29.00      21.00      16.00
      35.00      46.00      45.00      35.00      22.00      17.00      24.00      42.00      50.00      50.00
      54.00      54.00      54.00      55.00      59.00      78.00      49.00      33.00      29.00      26.00
      30.00      32.00      35.00      38.00      34.00      33.00      35.00      37.00      34.00      41.00
      48.00      54.00      53.00      56.00      57.00      58.00      55.00      53.00      60.00      83.00
      98.00      93.00      85.00      78.00      63.00      53.00      57.00      67.00      77.00      68.00
      45.00      32.00      29.00      30.00      28.00      27.00      33.00      47.00      57.00      44.00
      25.00      20.00      22.00      29.00      34.00      29.00      26.00      27.00      29.00      32.00
      33.00      30.00      29.00
      54.00      52.00      41.00      35.00      36.00      44.00      51.00      52.00      50.00      46.00
      49.00      47.00      47.00      56.00      56.00      62.00      48.00      38.00      35.00      38.00
      34.00      24.00      32.00      44.00      42.00      38.00      36.00      38.00      38.00      41.00
      39.00      40.00      46.00      49.00      42.00      35.00      34.00      42.00      58.00      80.00
      98.00      88.00      74.00      70.00      65.00      64.00      68.00      73.00      76.00      66.00
      51.00      45.00      50.00      58.00      60.00      62.00      57.00      49.00      51.00      47.00
      36.00      30.00      29.00      33.00      37.00      39.00      37.00      35.00      38.00      40.00
      37.00      34.00      39.00
      64.00      72.00      60.00      46.00      50.00      57.00      54.00      45.00      43.00      44.00
      43.00      39.00      38.00      44.00      42.00      37.00      36.00      33.00      36.00      43.00
      38.00      35.00      40.00      49.00      51.00      41.00      36.00      36.00      35.00      36.00
      36.00      38.00      45.00      47.00      42.00      36.00      34.00      44.00      55.00      66.00
      77.00      74.00      65.00      66.00      71.00      74.00      75.00      74.00      71.00      58.00
      49.00      49.00      62.00      76.00      76.00      69.00      58.00      51.00      53.00      55.00
      54.00      49.00      44.00      41.00      43.00      49.00      47.00      43.00      45.00      46.00
      42.00      38.00      45.00
      45.00      59.00      66.00      63.00      66.00      57.00      47.00      40.00      40.00      39.00
      38.00      41.00      37.00      35.00      37.00      38.00      37.00      39.00      41.00      44.00
      51.00      56.00      52.00      54.00      51.00      37.00      33.00      35.00      35.00      38.00
      39.00      42.00      49.00      52.00      49.00      44.00      45.00      53.00      58.00      58.00
      60.00      63.00      66.00      74.00      80.00      83.00      78.00      69.00      62.00      52.00
      48.00      54.00      65.00      73.00      70.00      65.00      59.00      55.00      52.00      58.00
      64.00      61.00      56.00      49.00      42.00      42.00      40.00      37.00      36.00      39.00
      43.00      44.00      48.00
      25.00      48.00      70.00      73.00      72.00      64.00      51.00      44.00      40.00      29.00
      25.00      38.00      43.00      31.00      37.00      45.00      41.00      38.00      35.00      36.00
      44.00      51.00      51.00      53.00      48.00      39.00      39.00      36.00      33.00      40.00
      46.00      45.00      44.00      45.00      47.00      45.00      46.00      56.00      67.00      60.00
      50.00      52.00      63.00      74.00      72.00      67.00      61.00      57.00      55.00      53.00
      58.00      63.00      67.00      71.00      71.00      72.00      75.00      68.00      54.00      53.00
      57.00      57.00      56.00      45.00      36.00      34.00      34.00      32.00      31.00      36.00
      45.00      50.00      52.00
      17.00      40.00      65.00      71.00      74.00      70.00      66.00      61.00      49.00      27.00
      13.00      22.00      32.00      24.00      29.00      36.00      39.00      44.00      44.00      41.00
      42.00      45.00      48.00      47.00      39.00      37.00      39.00      34.00      30.00      36.00
      46.00      51.00      48.00      43.00      43.00      45.00      48.00      55.00      59.00      54.00
      46.00      50.00      62.00      66.00      57.00      43.00      37.00      38.00      51.00      60.00
      64.00      61.00      56.00      63.00      72.00      75.00      81.00      79.00      65.00      55.00
      52.00      55.00      53.00      45.00      39.00      36.00      34.00      31.00      31.00      35.00
      43.00      49.00      46.00
