diamond 4 20年06月26日20时500百帕相对湿度
20 06 26  20  500 
2.500 -2.500  .0  180.0   90.0  .0
73  37
      28.00      28.00      28.00      28.00      28.00      28.00      28.00      28.00      28.00      28.00
      28.00      28.00      28.00      28.00      28.00      28.00      28.00      28.00      28.00      28.00
      28.00      28.00      28.00      28.00      28.00      28.00      28.00      28.00      28.00      28.00
      28.00      28.00      28.00      28.00      28.00      28.00      28.00      28.00      28.00      28.00
      28.00      28.00      28.00      28.00      28.00      28.00      28.00      28.00      28.00      28.00
      28.00      28.00      28.00      28.00      28.00      28.00      28.00      28.00      28.00      28.00
      28.00      28.00      28.00      28.00      28.00      28.00      28.00      28.00      28.00      28.00
      28.00      28.00      28.00
      40.00      43.00      46.00      48.00      51.00      53.00      55.00      57.00      59.00      61.00
      63.00      65.00      67.00      68.00      70.00      71.00      72.00      73.00      74.00      75.00
      76.00      77.00      78.00      79.00      80.00      81.00      81.00      82.00      83.00      84.00
      84.00      85.00      86.00      87.00      87.00      88.00      88.00      89.00      89.00      89.00
      90.00      90.00      90.00      90.00      89.00      89.00      88.00      88.00      87.00      86.00
      84.00      83.00      81.00      80.00      78.00      76.00      74.00      72.00      70.00      68.00
      66.00      64.00      62.00      60.00      58.00      56.00      55.00      54.00      52.00      51.00
      51.00      50.00      50.00
      73.00      74.00      76.00      77.00      77.00      78.00      78.00      78.00      78.00      78.00
      77.00      76.00      75.00      74.00      72.00      71.00      69.00      68.00      66.00      65.00
      64.00      63.00      62.00      62.00      62.00      63.00      64.00      65.00      67.00      69.00
      71.00      73.00      76.00      78.00      81.00      84.00      86.00      89.00      91.00      93.00
      95.00      96.00      97.00      98.00      98.00      98.00      98.00      97.00      95.00      94.00
      91.00      89.00      85.00      82.00      78.00      73.00      68.00      63.00      57.00      51.00
      45.00      39.00      33.00      28.00      23.00      19.00      16.00      14.00      13.00      13.00
      14.00      16.00      19.00
      43.00      44.00      44.00      45.00      46.00      46.00      46.00      46.00      45.00      45.00
      43.00      42.00      40.00      37.00      35.00      32.00      29.00      26.00      24.00      23.00
      23.00      24.00      27.00      30.00      35.00      41.00      48.00      54.00      61.00      68.00
      75.00      81.00      86.00      90.00      94.00      96.00      98.00      99.00      99.00      99.00
      99.00      98.00      98.00      97.00      97.00      97.00      97.00      97.00      97.00      97.00
      97.00      97.00      96.00      95.00      93.00      91.00      87.00      83.00      78.00      72.00
      65.00      58.00      50.00      43.00      37.00      33.00      30.00      29.00      30.00      32.00
      36.00      41.00      46.00
      25.00      28.00      32.00      35.00      38.00      42.00      46.00      50.00      54.00      58.00
      62.00      65.00      66.00      67.00      66.00      65.00      63.00      61.00      60.00      59.00
      59.00      60.00      62.00      64.00      68.00      72.00      77.00      82.00      86.00      90.00
      93.00      94.00      94.00      91.00      85.00      78.00      70.00      61.00      52.00      45.00
      39.00      34.00      30.00      28.00      28.00      29.00      31.00      35.00      40.00      46.00
      54.00      62.00      71.00      79.00      86.00      91.00      93.00      93.00      90.00      85.00
      77.00      67.00      55.00      43.00      31.00      23.00      18.00      20.00      26.00      36.00
      48.00      60.00      68.00
      61.00      65.00      65.00      64.00      62.00      59.00      58.00      59.00      62.00      67.00
      73.00      79.00      84.00      87.00      88.00      89.00      90.00      90.00      91.00      92.00
      92.00      90.00      86.00      80.00      73.00      66.00      59.00      54.00      50.00      48.00
      48.00      46.00      44.00      40.00      34.00      27.00      19.00      13.00       8.00       5.00
       4.00       4.00       5.00       5.00       6.00       7.00       8.00       8.00      10.00      12.00
      16.00      23.00      32.00      44.00      58.00      71.00      82.00      89.00      92.00      92.00
      87.00      78.00      66.00      51.00      35.00      21.00      14.00      16.00      27.00      45.00
      64.00      80.00      90.00
      74.00      76.00      73.00      66.00      57.00      48.00      40.00      35.00      35.00      38.00
      44.00      50.00      54.00      56.00      57.00      57.00      58.00      61.00      63.00      66.00
      65.00      61.00      53.00      41.00      30.00      23.00      22.00      26.00      34.00      41.00
      47.00      50.00      49.00      45.00      40.00      35.00      32.00      31.00      33.00      37.00
      41.00      45.00      47.00      49.00      48.00      46.00      42.00      37.00      31.00      25.00
      20.00      17.00      17.00      21.00      29.00      39.00      51.00      61.00      69.00      74.00
      77.00      76.00      73.00      66.00      57.00      47.00      41.00      41.00      51.00      67.00
      85.00      98.00      99.00
      23.00      28.00      29.00      28.00      25.00      21.00      18.00      19.00      24.00      32.00
      41.00      48.00      50.00      50.00      49.00      48.00      48.00      49.00      51.00      50.00
      47.00      40.00      31.00      25.00      25.00      35.00      51.00      68.00      81.00      87.00
      85.00      76.00      63.00      48.00      36.00      29.00      29.00      34.00      42.00      50.00
      55.00      57.00      55.00      52.00      47.00      42.00      37.00      33.00      29.00      24.00
      20.00      16.00      12.00      11.00      13.00      18.00      24.00      31.00      38.00      45.00
      50.00      54.00      55.00      53.00      47.00      39.00      32.00      31.00      39.00      53.00
      68.00      82.00      91.00
      40.00      44.00      47.00      46.00      44.00      42.00      41.00      42.00      44.00      46.00
      44.00      40.00      34.00      29.00      27.00      28.00      33.00      38.00      42.00      42.00
      38.00      33.00      28.00      29.00      39.00      55.00      73.00      87.00      96.00      97.00
      92.00      79.00      65.00      51.00      40.00      34.00      33.00      36.00      42.00      49.00
      53.00      52.00      48.00      42.00      33.00      27.00      23.00      23.00      25.00      27.00
      27.00      25.00      22.00      18.00      16.00      16.00      18.00      22.00      26.00      32.00
      37.00      40.00      42.00      41.00      36.00      31.00      30.00      40.00      54.00      67.00
      73.00      74.00      77.00
      80.00      78.00      75.00      71.00      68.00      67.00      70.00      72.00      70.00      65.00
      55.00      45.00      37.00      34.00      36.00      42.00      47.00      49.00      47.00      40.00
      30.00      20.00      12.00      13.00      26.00      46.00      66.00      81.00      88.00      89.00
      87.00      83.00      79.00      75.00      68.00      60.00      48.00      35.00      24.00      23.00
      27.00      32.00      35.00      36.00      33.00      30.00      28.00      30.00      33.00      38.00
      42.00      40.00      33.00      25.00      19.00      16.00      16.00      17.00      20.00      23.00
      27.00      30.00      31.00      28.00      25.00      24.00      32.00      44.00      53.00      50.00
      38.00      32.00      43.00
      56.00      48.00      44.00      43.00      45.00      49.00      52.00      54.00      54.00      51.00
      47.00      44.00      43.00      46.00      51.00      57.00      62.00      66.00      65.00      60.00
      50.00      36.00      23.00      18.00      29.00      52.00      75.00      87.00      85.00      74.00
      64.00      62.00      66.00      71.00      71.00      70.00      65.00      56.00      43.00      33.00
      29.00      29.00      31.00      32.00      31.00      29.00      25.00      22.00      22.00      27.00
      34.00      38.00      39.00      40.00      43.00      47.00      52.00      48.00      42.00      40.00
      40.00      40.00      38.00      32.00      24.00      19.00      23.00      35.00      45.00      44.00
      36.00      36.00      52.00
      29.00      22.00      22.00      27.00      28.00      23.00      20.00      19.00      18.00      18.00
      21.00      24.00      27.00      31.00      35.00      41.00      48.00      55.00      60.00      62.00
      59.00      49.00      34.00      24.00      30.00      49.00      68.00      72.00      56.00      30.00
      20.00      33.00      56.00      74.00      80.00      74.00      62.00      49.00      37.00      29.00
      28.00      32.00      36.00      39.00      37.00      31.00      25.00      19.00      16.00      17.00
      22.00      27.00      32.00      39.00      52.00      68.00      73.00      63.00      48.00      42.00
      41.00      41.00      40.00      37.00      34.00      32.00      34.00      38.00      41.00      41.00
      41.00      49.00      66.00
      17.00      15.00      23.00      33.00      34.00      25.00      14.00       8.00       6.00      10.00
      16.00      20.00      23.00      26.00      32.00      40.00      46.00      47.00      43.00      38.00
      34.00      28.00      20.00      13.00      20.00      38.00      54.00      55.00      33.00       3.00
       1.00      26.00      54.00      71.00      70.00      52.00      30.00      14.00       7.00       5.00
      12.00      27.00      41.00      47.00      44.00      35.00      31.00      34.00      39.00      41.00
      38.00      33.00      29.00      31.00      37.00      42.00      40.00      35.00      35.00      34.00
      28.00      21.00      16.00      17.00      22.00      25.00      28.00      32.00      40.00      49.00
      60.00      73.00      88.00
      35.00      30.00      28.00      29.00      30.00      25.00      15.00       7.00       5.00       9.00
      16.00      18.00      19.00      21.00      29.00      41.00      48.00      45.00      35.00      24.00
      19.00      20.00      26.00      37.00      47.00      49.00      45.00      34.00      16.00       1.00
       5.00      27.00      53.00      66.00      59.00      45.00      37.00      38.00      39.00      37.00
      38.00      46.00      55.00      54.00      46.00      37.00      36.00      44.00      56.00      64.00
      63.00      54.00      40.00      29.00      25.00      26.00      33.00      44.00      57.00      65.00
      60.00      41.00      20.00      12.00      16.00      22.00      25.00      30.00      44.00      62.00
      80.00      92.00      98.00
      53.00      41.00      28.00      21.00      22.00      27.00      28.00      24.00      21.00      20.00
      19.00      19.00      17.00      16.00      20.00      27.00      33.00      36.00      34.00      31.00
      26.00      22.00      27.00      46.00      54.00      38.00      19.00      15.00      22.00      25.00
      29.00      43.00      61.00      63.00      46.00      29.00      29.00      47.00      66.00      71.00
      59.00      48.00      50.00      50.00      46.00      44.00      43.00      41.00      42.00      50.00
      56.00      57.00      56.00      51.00      44.00      39.00      32.00      34.00      51.00      76.00
      84.00      67.00      35.00      14.00      19.00      29.00      31.00      29.00      34.00      41.00
      45.00      48.00      54.00
      39.00      29.00      20.00      14.00      17.00      28.00      43.00      51.00      50.00      41.00
      31.00      23.00      20.00      19.00      19.00      19.00      18.00      17.00      18.00      25.00
      32.00      33.00      36.00      48.00      45.00      25.00      21.00      46.00      77.00      85.00
      73.00      60.00      54.00      45.00      32.00      22.00      30.00      54.00      75.00      72.00
      55.00      43.00      31.00      31.00      37.00      49.00      57.00      48.00      36.00      34.00
      37.00      39.00      42.00      45.00      43.00      39.00      27.00      15.00      24.00      58.00
      86.00      75.00      33.00       2.00      11.00      36.00      45.00      39.00      30.00      23.00
      16.00      15.00      20.00
      38.00      33.00      36.00      32.00      27.00      31.00      43.00      51.00      50.00      44.00
      33.00      23.00      19.00      23.00      29.00      31.00      24.00      12.00       8.00      18.00
      33.00      42.00      51.00      63.00      56.00      33.00      28.00      51.00      82.00      91.00
      64.00      31.00      20.00      23.00      26.00      36.00      69.00      92.00      97.00      75.00
      53.00      55.00      52.00      48.00      52.00      55.00      55.00      46.00      38.00      31.00
      30.00      26.00      24.00      26.00      21.00      14.00       8.00       0.00       6.00      37.00
      80.00      87.00      49.00       9.00       6.00      30.00      50.00      52.00      45.00      36.00
      33.00      37.00      46.00
      40.00      42.00      48.00      37.00      26.00      30.00      36.00      32.00      27.00      36.00
      40.00      34.00      26.00      26.00      31.00      36.00      33.00      28.00      30.00      38.00
      39.00      28.00      19.00      28.00      44.00      47.00      43.00      51.00      59.00      51.00
      28.00       3.00       0.00       8.00      17.00      12.00      16.00      47.00      72.00      81.00
      91.00      90.00      76.00      57.00      44.00      36.00      37.00      40.00      38.00      32.00
      24.00      17.00      26.00      42.00      48.00      44.00      41.00      31.00      24.00      35.00
      63.00      79.00      63.00      29.00       9.00      13.00      34.00      54.00      56.00      49.00
      51.00      67.00      85.00
      38.00      38.00      41.00      37.00      31.00      29.00      27.00      23.00      23.00      34.00
      40.00      38.00      26.00      18.00      16.00      19.00      23.00      23.00      35.00      39.00
      30.00      16.00       9.00      19.00      38.00      54.00      64.00      70.00      68.00      60.00
      47.00      28.00      21.00      21.00      25.00      17.00      16.00      39.00      77.00      96.00
      99.00      83.00      59.00      45.00      34.00      32.00      50.00      76.00      83.00      75.00
      57.00      46.00      62.00      90.00     100.00     100.00      96.00      91.00      77.00      62.00
      54.00      46.00      33.00      15.00       2.00       5.00      25.00      36.00      26.00      33.00
      66.00      96.00     100.00
      31.00      22.00      19.00      27.00      29.00      19.00      10.00       9.00      13.00      20.00
      22.00      21.00      22.00      15.00      11.00      14.00      13.00      14.00      17.00      17.00
      13.00      10.00      17.00      26.00      35.00      53.00      74.00      82.00      77.00      52.00
      81.00     100.00      75.00      23.00       0.00      13.00      47.00      80.00     100.00      88.00
      47.00      19.00      26.00      40.00      45.00      34.00      40.00      58.00      64.00      67.00
      70.00      63.00      68.00      81.00      85.00      69.00      65.00      79.00      91.00      91.00
      79.00      54.00      25.00       5.00       1.00       2.00      21.00      25.00      17.00      40.00
      79.00      84.00      58.00
      19.00      22.00      19.00      16.00      15.00      15.00      12.00      10.00      11.00      14.00
      12.00      12.00      19.00      15.00       5.00       4.00       5.00       5.00      14.00      20.00
      15.00      16.00      22.00      26.00      29.00      40.00      55.00      63.00      47.00      39.00
      75.00      78.00      42.00      17.00       6.00      18.00      57.00      94.00     100.00      75.00
      48.00      12.00       1.00       5.00      19.00      16.00      15.00      31.00      28.00      25.00
      29.00      27.00      29.00      32.00      30.00      10.00      11.00      35.00      63.00      87.00
      98.00      88.00      65.00      43.00      16.00       0.00       0.00       9.00      35.00      53.00
      33.00       2.00       6.00
      32.00      48.00      46.00      26.00      16.00      26.00      26.00      14.00      11.00      15.00
      13.00       8.00       6.00       0.00       0.00       1.00       4.00       5.00       3.00       9.00
      17.00      19.00      24.00      29.00      25.00      25.00      32.00      32.00      35.00       5.00
      29.00      11.00      20.00      18.00       7.00       0.00      31.00      83.00     100.00      99.00
      78.00      35.00      16.00      22.00      49.00      61.00      67.00      87.00      86.00      76.00
      66.00      47.00      32.00      28.00      22.00       8.00      16.00      33.00      51.00      74.00
      97.00     100.00      92.00      87.00      74.00      45.00      11.00       0.00       0.00       0.00
       0.00      19.00      71.00
      65.00      83.00      85.00      69.00      47.00      38.00      24.00       6.00       1.00       6.00
       6.00       4.00       3.00       4.00       5.00       7.00       6.00       5.00       3.00       0.00
       0.00       7.00      14.00      22.00      24.00      18.00      16.00      30.00      49.00      56.00
      43.00       0.00      28.00      54.00      72.00      64.00      65.00      80.00      77.00      90.00
     100.00      67.00      81.00      89.00      94.00      85.00      78.00      63.00      58.00      58.00
      56.00      47.00      31.00      19.00      18.00      29.00      45.00      48.00      44.00      54.00
      82.00      95.00      90.00      89.00      92.00      86.00      71.00      49.00      32.00      27.00
      47.00      84.00      99.00
      91.00      77.00      59.00      53.00      51.00      29.00       8.00       1.00       0.00       0.00
       0.00       1.00       2.00       3.00       6.00       7.00       0.00       0.00       2.00       7.00
      14.00      28.00      19.00       6.00       1.00       3.00       5.00      62.00      39.00      26.00
      40.00      48.00      90.00      78.00      74.00      73.00      74.00      70.00      73.00      74.00
      95.00      95.00      95.00      97.00      57.00      50.00      35.00      19.00      15.00      13.00
      12.00      18.00      24.00      26.00      32.00      46.00      54.00      45.00      29.00      29.00
      48.00      55.00      42.00      35.00      45.00      64.00      79.00      84.00      85.00      85.00
      84.00      79.00      60.00
      35.00      43.00      41.00      35.00      27.00      11.00       1.00       0.00       1.00       1.00
       2.00       4.00       3.00       5.00       8.00       5.00       4.00       5.00       3.00       7.00
      15.00      38.00      40.00      10.00       0.00       1.00       3.00      16.00      30.00      26.00
      26.00      26.00      40.00      57.00      83.00      59.00      60.00      63.00      76.00      76.00
      96.00      99.00      68.00      49.00      17.00      30.00      48.00      69.00      67.00      48.00
      32.00      39.00      55.00      57.00      54.00      53.00      48.00      37.00      24.00      19.00
      26.00      27.00      19.00      14.00      21.00      38.00      55.00      67.00      72.00      68.00
      55.00      42.00      36.00
      18.00      35.00      39.00      22.00       5.00       0.00       2.00       7.00       9.00       8.00
       7.00       4.00       2.00       4.00       5.00       6.00      25.00      32.00      26.00      19.00
      20.00      24.00      21.00       9.00       1.00       0.00       1.00       5.00      11.00      20.00
      23.00      16.00      17.00      23.00      26.00      27.00      40.00      69.00      86.00      87.00
      95.00      87.00      59.00      32.00      30.00      55.00      87.00     100.00     100.00      87.00
      71.00      75.00      79.00      62.00      42.00      34.00      29.00      25.00      21.00      19.00
      25.00      34.00      38.00      37.00      35.00      36.00      36.00      37.00      37.00      35.00
      35.00      35.00      36.00
       9.00      14.00      10.00       2.00       0.00       0.00       5.00       9.00       9.00       6.00
       1.00       0.00       1.00       5.00      10.00      17.00      46.00      42.00      31.00      39.00
      26.00      13.00       9.00       5.00       2.00       2.00       4.00      13.00      22.00      28.00
      33.00      33.00      27.00      21.00      26.00      37.00      50.00      71.00      76.00      79.00
      72.00      74.00      66.00      49.00      64.00      78.00      85.00      85.00      87.00      81.00
      71.00      72.00      65.00      39.00      23.00      21.00      18.00      11.00       6.00       9.00
      21.00      33.00      38.00      36.00      33.00      32.00      32.00      33.00      33.00      34.00
      40.00      38.00      29.00
       3.00      10.00      28.00      37.00      14.00       6.00       6.00      16.00      14.00       5.00
       0.00       0.00       5.00      10.00      17.00      24.00      49.00      54.00      28.00      24.00
      19.00       7.00       5.00       4.00       8.00      13.00      22.00      36.00      46.00      51.00
      48.00      46.00      50.00      53.00      59.00      68.00      70.00      81.00      89.00      88.00
      87.00      77.00      51.00      50.00      55.00      50.00      51.00      56.00      63.00      64.00
      63.00      61.00      46.00      27.00      22.00      21.00      16.00      11.00       8.00      11.00
      18.00      24.00      33.00      39.00      39.00      31.00      26.00      25.00      25.00      26.00
      27.00      22.00      20.00
      15.00      25.00      46.00      56.00      40.00      30.00      28.00      43.00      30.00      15.00
       9.00      10.00      18.00      31.00      39.00      36.00      49.00      64.00      34.00      13.00
      13.00      17.00      17.00      20.00      25.00      29.00      34.00      35.00      37.00      44.00
      49.00      50.00      55.00      60.00      69.00      81.00      86.00      89.00      93.00      92.00
      88.00      59.00      38.00      33.00      30.00      28.00      33.00      42.00      48.00      56.00
      63.00      61.00      45.00      31.00      28.00      23.00      20.00      19.00      19.00      22.00
      26.00      32.00      44.00      55.00      48.00      24.00      10.00       9.00      12.00      15.00
      16.00      17.00      23.00
      41.00      59.00      75.00      66.00      46.00      34.00      27.00      31.00      37.00      35.00
      29.00      27.00      33.00      37.00      42.00      35.00      41.00      62.00      65.00      28.00
      27.00      34.00      42.00      39.00      33.00      31.00      33.00      31.00      34.00      42.00
      47.00      46.00      46.00      50.00      60.00      66.00      67.00      69.00      75.00      65.00
      53.00      43.00      42.00      36.00      38.00      44.00      46.00      49.00      55.00      64.00
      66.00      63.00      52.00      39.00      29.00      23.00      22.00      21.00      22.00      27.00
      32.00      36.00      46.00      55.00      43.00      16.00       3.00       7.00      12.00      13.00
      15.00      20.00      30.00
      45.00      62.00      61.00      43.00      32.00      33.00      42.00      50.00      58.00      57.00
      49.00      40.00      49.00      31.00      32.00      22.00      36.00      49.00      66.00      41.00
      32.00      48.00      62.00      58.00      44.00      42.00      49.00      50.00      52.00      50.00
      49.00      45.00      39.00      40.00      40.00      35.00      33.00      39.00      49.00      54.00
      58.00      65.00      63.00      50.00      46.00      52.00      51.00      49.00      58.00      67.00
      63.00      57.00      49.00      37.00      26.00      23.00      24.00      23.00      22.00      21.00
      23.00      30.00      42.00      47.00      35.00      14.00       6.00      12.00      16.00      16.00
      18.00      25.00      36.00
      35.00      45.00      42.00      28.00      24.00      39.00      64.00      70.00      63.00      58.00
      54.00      49.00      48.00      36.00      40.00      54.00      38.00      31.00      37.00      31.00
      31.00      44.00      58.00      61.00      52.00      47.00      56.00      58.00      56.00      53.00
      51.00      51.00      46.00      42.00      39.00      33.00      29.00      33.00      45.00      56.00
      65.00      72.00      70.00      57.00      48.00      52.00      55.00      52.00      62.00      75.00
      69.00      57.00      48.00      45.00      43.00      40.00      35.00      30.00      25.00      22.00
      27.00      36.00      42.00      43.00      33.00      20.00      14.00      14.00      15.00      19.00
      24.00      28.00      36.00
      44.00      51.00      48.00      34.00      28.00      39.00      51.00      50.00      49.00      49.00
      53.00      51.00      46.00      48.00      76.00      83.00      37.00      29.00      32.00      39.00
      39.00      40.00      45.00      50.00      54.00      51.00      54.00      53.00      47.00      46.00
      45.00      49.00      52.00      50.00      50.00      50.00      44.00      48.00      61.00      63.00
      59.00      65.00      75.00      70.00      55.00      54.00      61.00      62.00      68.00      81.00
      78.00      67.00      62.00      66.00      71.00      67.00      55.00      46.00      40.00      39.00
      45.00      47.00      40.00      40.00      38.00      32.00      27.00      23.00      22.00      27.00
      34.00      35.00      39.00
      51.00      52.00      50.00      40.00      35.00      32.00      37.00      43.00      47.00      51.00
      52.00      46.00      40.00      53.00      91.00      86.00      39.00      25.00      25.00      31.00
      36.00      45.00      49.00      51.00      58.00      59.00      55.00      50.00      44.00      40.00
      41.00      46.00      54.00      51.00      50.00      51.00      51.00      62.00      86.00      86.00
      70.00      71.00      88.00      86.00      69.00      60.00      68.00      70.00      65.00      73.00
      75.00      74.00      70.00      72.00      78.00      78.00      65.00      57.00      54.00      48.00
      48.00      45.00      37.00      36.00      38.00      38.00      37.00      36.00      37.00      39.00
      42.00      41.00      42.00
      41.00      38.00      41.00      45.00      44.00      39.00      38.00      40.00      44.00      49.00
      42.00      37.00      47.00      54.00      53.00      46.00      38.00      36.00      33.00      32.00
      37.00      42.00      48.00      55.00      55.00      54.00      51.00      53.00      58.00      56.00
      50.00      49.00      52.00      46.00      45.00      49.00      51.00      63.00      84.00      91.00
      84.00      85.00      96.00      94.00      74.00      63.00      69.00      69.00      62.00      64.00
      67.00      61.00      55.00      55.00      60.00      62.00      58.00      54.00      51.00      44.00
      40.00      37.00      35.00      37.00      37.00      38.00      40.00      42.00      43.00      42.00
      38.00      33.00      32.00
      26.00      28.00      32.00      38.00      40.00      39.00      35.00      32.00      32.00      39.00
      33.00      30.00      33.00      35.00      34.00      43.00      47.00      45.00      43.00      39.00
      38.00      44.00      47.00      48.00      45.00      45.00      49.00      56.00      65.00      71.00
      72.00      68.00      61.00      55.00      57.00      61.00      61.00      65.00      74.00      80.00
      76.00      85.00      98.00      95.00      78.00      66.00      67.00      64.00      64.00      63.00
      57.00      48.00      41.00      41.00      43.00      49.00      57.00      58.00      49.00      40.00
      36.00      34.00      34.00      36.00      36.00      33.00      34.00      37.00      37.00      35.00
      30.00      24.00      22.00
      14.00      20.00      25.00      23.00      17.00      20.00      23.00      20.00      18.00      24.00
      24.00      25.00      24.00      26.00      38.00      58.00      54.00      53.00      52.00      50.00
      50.00      51.00      48.00      41.00      38.00      42.00      48.00      55.00      59.00      64.00
      72.00      76.00      75.00      70.00      67.00      68.00      66.00      60.00      64.00      68.00
      52.00      56.00      86.00      99.00      87.00      76.00      70.00      70.00      69.00      64.00
      53.00      42.00      39.00      43.00      44.00      48.00      55.00      60.00      57.00      46.00
      36.00      35.00      35.00      32.00      32.00      33.00      33.00      35.00      35.00      34.00
      34.00      33.00      30.00
