diamond 4 20年06月24日8时500百帕相对湿度
20 06 24  8  500 
2.500 -2.500  .0  180.0   90.0  .0
73  37
      54.00      54.00      54.00      54.00      54.00      54.00      54.00      54.00      54.00      54.00
      54.00      54.00      54.00      54.00      54.00      54.00      54.00      54.00      54.00      54.00
      54.00      54.00      54.00      54.00      54.00      54.00      54.00      54.00      54.00      54.00
      54.00      54.00      54.00      54.00      54.00      54.00      54.00      54.00      54.00      54.00
      54.00      54.00      54.00      54.00      54.00      54.00      54.00      54.00      54.00      54.00
      54.00      54.00      54.00      54.00      54.00      54.00      54.00      54.00      54.00      54.00
      54.00      54.00      54.00      54.00      54.00      54.00      54.00      54.00      54.00      54.00
      54.00      54.00      54.00
      43.00      44.00      46.00      47.00      49.00      50.00      52.00      53.00      54.00      56.00
      57.00      58.00      59.00      60.00      60.00      61.00      61.00      62.00      62.00      62.00
      62.00      62.00      62.00      62.00      62.00      61.00      61.00      60.00      60.00      59.00
      59.00      58.00      57.00      56.00      56.00      55.00      54.00      53.00      52.00      52.00
      51.00      50.00      49.00      49.00      48.00      47.00      47.00      46.00      46.00      46.00
      46.00      45.00      46.00      46.00      46.00      47.00      47.00      48.00      49.00      50.00
      51.00      52.00      53.00      55.00      56.00      57.00      59.00      60.00      62.00      63.00
      64.00      66.00      67.00
      44.00      47.00      50.00      53.00      55.00      58.00      60.00      61.00      63.00      64.00
      65.00      65.00      65.00      65.00      64.00      64.00      63.00      62.00      60.00      59.00
      58.00      57.00      56.00      55.00      55.00      54.00      53.00      53.00      53.00      53.00
      52.00      52.00      52.00      52.00      51.00      51.00      51.00      50.00      50.00      49.00
      48.00      47.00      46.00      45.00      44.00      43.00      42.00      40.00      39.00      38.00
      36.00      35.00      34.00      34.00      34.00      34.00      34.00      35.00      37.00      39.00
      42.00      46.00      50.00      54.00      59.00      64.00      69.00      74.00      79.00      84.00
      88.00      92.00      95.00
      68.00      69.00      70.00      71.00      71.00      70.00      69.00      67.00      65.00      62.00
      59.00      56.00      53.00      49.00      45.00      42.00      39.00      37.00      36.00      35.00
      35.00      36.00      38.00      40.00      43.00      45.00      47.00      48.00      49.00      50.00
      50.00      49.00      49.00      48.00      48.00      47.00      47.00      46.00      46.00      46.00
      46.00      45.00      45.00      45.00      44.00      44.00      43.00      43.00      42.00      41.00
      40.00      39.00      37.00      36.00      34.00      32.00      30.00      29.00      27.00      27.00
      27.00      29.00      32.00      36.00      42.00      49.00      56.00      65.00      73.00      81.00
      89.00      96.00     100.00
      92.00      92.00      90.00      87.00      82.00      77.00      71.00      65.00      58.00      52.00
      46.00      39.00      33.00      28.00      23.00      20.00      18.00      19.00      22.00      27.00
      34.00      42.00      51.00      60.00      66.00      71.00      72.00      71.00      67.00      61.00
      54.00      47.00      40.00      34.00      30.00      28.00      27.00      28.00      28.00      29.00
      30.00      31.00      31.00      32.00      32.00      32.00      33.00      34.00      35.00      37.00
      39.00      41.00      42.00      43.00      44.00      44.00      42.00      41.00      38.00      36.00
      33.00      31.00      29.00      29.00      31.00      35.00      41.00      49.00      57.00      66.00
      76.00      85.00      93.00
      92.00      93.00      91.00      88.00      82.00      76.00      70.00      63.00      57.00      50.00
      44.00      37.00      31.00      26.00      22.00      21.00      22.00      26.00      33.00      43.00
      55.00      67.00      80.00      90.00      96.00      97.00      92.00      83.00      70.00      56.00
      42.00      30.00      22.00      17.00      16.00      19.00      25.00      31.00      37.00      42.00
      45.00      46.00      44.00      42.00      39.00      36.00      33.00      32.00      31.00      32.00
      34.00      37.00      41.00      45.00      48.00      50.00      52.00      54.00      55.00      55.00
      55.00      54.00      52.00      49.00      46.00      43.00      40.00      38.00      39.00      42.00
      47.00      53.00      61.00
      73.00      79.00      83.00      84.00      82.00      79.00      75.00      69.00      61.00      52.00
      43.00      34.00      27.00      23.00      22.00      26.00      34.00      44.00      56.00      69.00
      82.00      93.00     100.00     100.00     100.00     100.00      94.00      84.00      72.00      61.00
      50.00      41.00      33.00      28.00      26.00      28.00      32.00      38.00      45.00      51.00
      55.00      56.00      55.00      50.00      43.00      36.00      30.00      25.00      21.00      20.00
      19.00      21.00      23.00      25.00      29.00      32.00      36.00      41.00      46.00      51.00
      57.00      62.00      66.00      68.00      68.00      65.00      60.00      54.00      48.00      43.00
      39.00      38.00      38.00
      52.00      61.00      70.00      77.00      82.00      86.00      86.00      82.00      73.00      62.00
      49.00      37.00      28.00      22.00      21.00      26.00      33.00      42.00      49.00      54.00
      57.00      59.00      61.00      64.00      67.00      69.00      71.00      70.00      67.00      62.00
      55.00      46.00      37.00      28.00      22.00      19.00      20.00      24.00      30.00      35.00
      37.00      38.00      35.00      31.00      26.00      22.00      19.00      17.00      16.00      16.00
      16.00      16.00      16.00      17.00      17.00      18.00      19.00      22.00      26.00      31.00
      38.00      45.00      52.00      58.00      64.00      69.00      73.00      76.00      77.00      74.00
      69.00      62.00      56.00
      36.00      32.00      33.00      41.00      53.00      67.00      78.00      84.00      82.00      74.00
      62.00      51.00      45.00      43.00      45.00      48.00      50.00      48.00      43.00      35.00
      27.00      21.00      19.00      23.00      30.00      41.00      49.00      52.00      47.00      37.00
      26.00      18.00      13.00      13.00      15.00      18.00      24.00      31.00      37.00      39.00
      37.00      33.00      27.00      22.00      19.00      18.00      20.00      23.00      25.00      27.00
      29.00      30.00      29.00      28.00      27.00      26.00      25.00      26.00      27.00      28.00
      30.00      31.00      33.00      36.00      40.00      45.00      51.00      54.00      56.00      56.00
      57.00      60.00      67.00
      67.00      54.00      41.00      33.00      30.00      35.00      48.00      59.00      63.00      61.00
      56.00      52.00      53.00      56.00      58.00      58.00      56.00      56.00      59.00      61.00
      57.00      46.00      35.00      32.00      38.00      51.00      61.00      60.00      47.00      31.00
      19.00      18.00      25.00      36.00      45.00      50.00      50.00      45.00      38.00      31.00
      26.00      22.00      20.00      19.00      20.00      23.00      27.00      29.00      30.00      32.00
      36.00      37.00      35.00      28.00      23.00      21.00      23.00      28.00      33.00      36.00
      37.00      36.00      35.00      36.00      39.00      42.00      45.00      47.00      49.00      54.00
      63.00      76.00      90.00
     100.00      94.00      80.00      58.00      39.00      35.00      44.00      52.00      57.00      55.00
      51.00      49.00      50.00      50.00      43.00      31.00      19.00      13.00      18.00      35.00
      49.00      54.00      52.00      52.00      55.00      60.00      59.00      50.00      38.00      33.00
      38.00      52.00      69.00      81.00      85.00      81.00      69.00      52.00      37.00      28.00
      23.00      21.00      18.00      16.00      16.00      20.00      23.00      22.00      22.00      25.00
      33.00      43.00      45.00      38.00      28.00      21.00      21.00      26.00      30.00      33.00
      33.00      34.00      35.00      36.00      34.00      32.00      31.00      33.00      40.00      50.00
      60.00      72.00      79.00
      88.00      84.00      71.00      51.00      39.00      40.00      46.00      52.00      54.00      48.00
      39.00      32.00      29.00      28.00      24.00      17.00      13.00      14.00      20.00      28.00
      32.00      33.00      37.00      46.00      56.00      57.00      45.00      28.00      15.00      14.00
      26.00      44.00      57.00      65.00      65.00      57.00      44.00      31.00      26.00      29.00
      34.00      33.00      28.00      21.00      19.00      27.00      33.00      31.00      26.00      24.00
      28.00      35.00      38.00      34.00      29.00      22.00      19.00      27.00      35.00      35.00
      32.00      30.00      31.00      30.00      24.00      16.00      10.00      12.00      21.00      33.00
      41.00      44.00      43.00
      63.00      53.00      39.00      29.00      26.00      28.00      31.00      32.00      30.00      24.00
      15.00      10.00      10.00      12.00      15.00      17.00      23.00      34.00      43.00      39.00
      23.00      10.00      17.00      38.00      58.00      66.00      62.00      48.00      30.00      17.00
      15.00      22.00      29.00      34.00      33.00      27.00      19.00      14.00      17.00      28.00
      40.00      45.00      41.00      38.00      40.00      46.00      56.00      59.00      51.00      40.00
      33.00      34.00      39.00      40.00      34.00      24.00      18.00      22.00      26.00      24.00
      22.00      23.00      28.00      33.00      33.00      28.00      23.00      21.00      24.00      27.00
      30.00      31.00      32.00
      42.00      31.00      22.00      20.00      23.00      27.00      30.00      30.00      27.00      18.00
       7.00       2.00       6.00      12.00      12.00       8.00       9.00      14.00      16.00      11.00
       8.00      18.00      41.00      62.00      71.00      76.00      77.00      65.00      43.00      27.00
      26.00      35.00      43.00      40.00      29.00      20.00      17.00      19.00      25.00      34.00
      41.00      42.00      38.00      29.00      18.00      15.00      31.00      54.00      65.00      57.00
      38.00      23.00      26.00      38.00      40.00      37.00      37.00      43.00      47.00      45.00
      37.00      29.00      30.00      41.00      51.00      52.00      46.00      40.00      37.00      37.00
      39.00      45.00      55.00
      22.00      16.00      16.00      22.00      33.00      45.00      53.00      53.00      44.00      29.00
       9.00       0.00       0.00       7.00      10.00       9.00      13.00      26.00      38.00      46.00
      56.00      76.00      92.00      89.00      69.00      55.00      47.00      39.00      29.00      31.00
      49.00      73.00      75.00      49.00      22.00       8.00      11.00      20.00      26.00      34.00
      41.00      35.00      27.00      20.00      18.00      30.00      48.00      66.00      79.00      71.00
      45.00      17.00       3.00       0.00       1.00       6.00      24.00      43.00      62.00      74.00
      69.00      53.00      40.00      38.00      40.00      37.00      36.00      37.00      41.00      45.00
      48.00      56.00      70.00
      16.00      18.00      20.00      24.00      34.00      49.00      60.00      56.00      51.00      48.00
      41.00      31.00      22.00      16.00      15.00      19.00      36.00      64.00      83.00      87.00
      89.00      93.00      87.00      62.00      32.00      18.00      19.00      24.00      26.00      35.00
      57.00      72.00      68.00      49.00      14.00       0.00       4.00      17.00      19.00      34.00
      49.00      45.00      27.00      23.00      36.00      53.00      54.00      60.00      75.00      82.00
      72.00      64.00      60.00      46.00      24.00      10.00       8.00      10.00      21.00      48.00
      75.00      79.00      64.00      49.00      37.00      26.00      21.00      21.00      23.00      25.00
      29.00      38.00      48.00
      22.00      23.00      17.00      13.00      22.00      38.00      42.00      29.00      36.00      61.00
      70.00      62.00      46.00      31.00      25.00      33.00      48.00      61.00      67.00      71.00
      72.00      64.00      46.00      20.00       0.00       1.00      17.00      31.00      31.00      24.00
      38.00      65.00      71.00      54.00       0.00       0.00       2.00      20.00      25.00      33.00
      41.00      49.00      35.00      36.00      55.00      63.00      51.00      46.00      53.00      55.00
      48.00      53.00      72.00      86.00      81.00      63.00      41.00      18.00       7.00      18.00
      46.00      60.00      56.00      53.00      52.00      47.00      43.00      40.00      30.00      21.00
      24.00      32.00      35.00
      21.00      21.00      14.00      10.00      25.00      33.00      25.00      11.00      10.00      28.00
      51.00      61.00      60.00      46.00      31.00      31.00      38.00      45.00      49.00      56.00
      59.00      50.00      34.00      17.00       4.00       4.00      13.00      14.00       4.00       6.00
      28.00      51.00      69.00      73.00      55.00      21.00      12.00      17.00      25.00      31.00
      34.00      43.00      50.00      64.00      75.00      86.00      78.00      64.00      35.00       9.00
       3.00       6.00      32.00      60.00      80.00      90.00      84.00      64.00      50.00      45.00
      39.00      22.00      11.00      18.00      27.00      30.00      38.00      51.00      53.00      47.00
      48.00      52.00      51.00
      16.00      19.00      19.00      17.00      22.00      26.00      22.00      18.00      23.00      37.00
      49.00      74.00      88.00      73.00      38.00      18.00      19.00      31.00      45.00      50.00
      47.00      38.00      31.00      29.00      20.00      13.00      15.00      18.00      17.00      31.00
      50.00      57.00      62.00      66.00      73.00      70.00      57.00      38.00      28.00      28.00
      21.00      19.00      31.00      46.00      62.00      82.00      91.00      50.00       8.00       1.00
      12.00      24.00      45.00      69.00      85.00      88.00      83.00      80.00      80.00      73.00
      61.00      49.00      53.00      64.00      65.00      56.00      54.00      60.00      65.00      58.00
      45.00      48.00      68.00
       9.00      13.00      21.00      20.00      15.00      16.00      19.00      31.00      50.00      56.00
      54.00      70.00      89.00      81.00      40.00      16.00      16.00      17.00      22.00      29.00
      26.00      20.00      21.00      26.00      22.00      13.00      18.00      33.00      44.00      71.00
      76.00      65.00      85.00     100.00      99.00      95.00      89.00      71.00      51.00      35.00
      18.00       7.00      11.00      25.00      48.00      77.00      66.00      18.00      13.00      45.00
      77.00      80.00      81.00      91.00      96.00      63.00      27.00      13.00      21.00      36.00
      46.00      62.00      90.00     100.00     100.00      98.00      94.00      91.00      91.00      78.00
      48.00      33.00      55.00
      13.00       4.00      14.00      19.00      12.00       5.00       8.00      19.00      33.00      40.00
      48.00      66.00      70.00      44.00      23.00      16.00       9.00       0.00       6.00      12.00
      13.00      12.00      14.00      20.00      20.00      16.00      18.00      29.00      58.00      37.00
      30.00      58.00      69.00      78.00      74.00      73.00      71.00      60.00      47.00      52.00
      22.00      34.00      41.00      34.00      39.00      55.00      34.00      23.00      46.00      80.00
     100.00      97.00      88.00      88.00      69.00      18.00       2.00       5.00      17.00      26.00
      40.00      61.00      88.00     100.00     100.00     100.00     100.00     100.00      99.00      87.00
      57.00      30.00      24.00
      29.00       3.00       4.00      11.00       9.00       4.00       4.00      11.00      18.00      26.00
      38.00      50.00      37.00      16.00       8.00       5.00       3.00       3.00       1.00       1.00
       3.00       5.00       6.00      13.00      18.00      16.00      20.00      26.00      41.00      37.00
      25.00      39.00      57.00      64.00      39.00      23.00      15.00      20.00      21.00      24.00
      27.00      51.00      81.00      47.00      20.00      18.00      21.00      40.00      62.00      79.00
      91.00      96.00      89.00      65.00      15.00       5.00      19.00      43.00      53.00      55.00
      57.00      62.00      71.00      79.00      84.00      91.00      98.00      94.00      83.00      71.00
      55.00      39.00      29.00
      76.00      43.00      11.00       0.00       5.00       8.00       8.00       9.00      13.00      16.00
      18.00      16.00       7.00       3.00       5.00       3.00       0.00       0.00       1.00       0.00
       2.00       4.00       7.00       4.00       8.00      13.00       3.00      43.00      85.00      98.00
      69.00      57.00      33.00      25.00       0.00       0.00       0.00       0.00       2.00      16.00
      31.00      37.00      44.00      29.00      10.00      11.00      24.00      49.00      65.00      77.00
      88.00      84.00      57.00      20.00       0.00       9.00      38.00      57.00      57.00      51.00
      46.00      44.00      45.00      44.00      42.00      47.00      59.00      65.00      61.00      54.00
      49.00      46.00      40.00
     100.00      81.00      22.00       4.00       1.00       4.00      10.00      11.00       9.00       4.00
       2.00       2.00       3.00       5.00       6.00       1.00       0.00       0.00       0.00       1.00
       4.00      11.00       8.00       6.00       9.00       8.00       3.00      66.00      97.00      50.00
      69.00      48.00      12.00       0.00       6.00      39.00      57.00      52.00      42.00      39.00
      50.00      42.00      19.00      14.00      17.00      39.00      56.00      71.00      77.00      87.00
      86.00      56.00      21.00       0.00       0.00      25.00      47.00      46.00      39.00      33.00
      29.00      32.00      32.00      25.00      20.00      26.00      40.00      53.00      57.00      53.00
      48.00      45.00      40.00
      70.00      53.00      25.00      14.00       9.00       8.00      11.00       7.00       0.00       0.00
       1.00       5.00       6.00       3.00       0.00       0.00       0.00       0.00       0.00       2.00
       5.00      14.00      33.00      30.00      25.00      16.00      22.00      67.00      71.00      30.00
      15.00      25.00      45.00      73.00      38.00      73.00      80.00      92.00      74.00      69.00
      85.00      66.00      52.00      53.00      67.00      82.00      97.00      96.00      80.00      81.00
      68.00      29.00       1.00       0.00       9.00      37.00      48.00      41.00      35.00      29.00
      26.00      24.00      22.00      19.00      23.00      37.00      50.00      57.00      60.00      56.00
      50.00      46.00      41.00
      12.00      12.00      24.00      33.00      29.00      16.00       2.00       0.00       7.00      17.00
      15.00       9.00       3.00       2.00       1.00       0.00       0.00       0.00       0.00       3.00
       8.00      11.00      32.00      38.00      45.00      59.00      53.00      35.00      24.00      16.00
      16.00      24.00      33.00      48.00      63.00      66.00      72.00      79.00      68.00      82.00
     100.00      96.00      89.00      95.00      95.00      88.00      84.00      66.00      44.00      52.00
      47.00       9.00       0.00       0.00      29.00      51.00      45.00      36.00      32.00      26.00
      21.00      14.00       9.00      10.00      19.00      33.00      43.00      45.00      44.00      41.00
      39.00      39.00      41.00
       6.00      16.00      72.00      96.00      75.00      38.00      15.00      27.00      44.00      43.00
      31.00      14.00       3.00       1.00       0.00       1.00       0.00       1.00       1.00       1.00
       4.00       3.00       9.00      32.00      43.00      35.00      22.00       9.00       9.00      17.00
      40.00      70.00      75.00      69.00      63.00      60.00      79.00      87.00      85.00      84.00
      86.00      85.00      84.00      67.00      51.00      45.00      36.00      29.00      27.00      45.00
      49.00      15.00       0.00      27.00      69.00      63.00      36.00      35.00      36.00      25.00
      21.00      21.00      17.00      16.00      18.00      21.00      25.00      24.00      21.00      21.00
      26.00      33.00      41.00
       6.00      25.00      56.00      67.00      52.00      40.00      54.00      60.00      49.00      34.00
      24.00      11.00       2.00       0.00       7.00      13.00      14.00       1.00       3.00       4.00
       3.00       2.00      12.00      43.00      35.00      15.00       9.00      13.00      24.00      47.00
      73.00      92.00      95.00      82.00      60.00      60.00      84.00      91.00      85.00      80.00
      77.00      59.00      41.00      29.00      29.00      29.00      23.00      23.00      33.00      53.00
      73.00      60.00      49.00      78.00      94.00      55.00      30.00      41.00      39.00      22.00
      22.00      29.00      31.00      30.00      29.00      30.00      26.00      17.00      10.00      11.00
      18.00      30.00      41.00
      15.00      22.00      22.00      21.00      28.00      40.00      58.00      51.00      25.00      18.00
      16.00      13.00       7.00      15.00      23.00      33.00      25.00      14.00       6.00      14.00
      12.00      13.00      16.00      22.00      15.00      15.00      29.00      46.00      61.00      75.00
      67.00      71.00      62.00      47.00      35.00      46.00      74.00      87.00      64.00      55.00
      59.00      49.00      47.00      46.00      48.00      50.00      40.00      35.00      39.00      55.00
      77.00      85.00      85.00      96.00      87.00      47.00      34.00      42.00      35.00      23.00
      22.00      25.00      31.00      35.00      36.00      38.00      30.00      14.00       6.00       7.00
      11.00      17.00      24.00
      20.00      20.00      20.00      30.00      44.00      48.00      52.00      44.00      33.00      28.00
      29.00      31.00      39.00      47.00      53.00      56.00      29.00      40.00      34.00      20.00
      24.00      28.00      31.00      29.00      24.00      30.00      52.00      62.00      60.00      62.00
      51.00      44.00      42.00      43.00      40.00      42.00      56.00      61.00      50.00      52.00
      64.00      60.00      50.00      46.00      49.00      54.00      52.00      45.00      46.00      50.00
      51.00      51.00      54.00      67.00      73.00      54.00      41.00      40.00      37.00      32.00
      25.00      24.00      28.00      31.00      34.00      37.00      30.00      18.00      10.00      11.00
      11.00      11.00      13.00
       5.00       6.00      18.00      37.00      44.00      47.00      53.00      51.00      47.00      55.00
      48.00      43.00      59.00      71.00      70.00      75.00      52.00      60.00      73.00      37.00
      24.00      26.00      39.00      36.00      25.00      28.00      42.00      43.00      38.00      48.00
      52.00      43.00      45.00      55.00      49.00      39.00      44.00      55.00      59.00      66.00
      65.00      44.00      27.00      28.00      36.00      39.00      37.00      36.00      41.00      37.00
      29.00      31.00      39.00      56.00      67.00      56.00      40.00      39.00      41.00      39.00
      35.00      33.00      31.00      30.00      37.00      44.00      37.00      26.00      20.00      20.00
      21.00      21.00      20.00
      22.00      21.00      32.00      50.00      54.00      57.00      70.00      71.00      57.00      48.00
      45.00      45.00      56.00      71.00      73.00      76.00      47.00      50.00      50.00      31.00
      23.00      31.00      40.00      34.00      30.00      31.00      35.00      36.00      38.00      52.00
      60.00      61.00      63.00      72.00      67.00      54.00      57.00      69.00      71.00      60.00
      42.00      26.00      23.00      31.00      33.00      31.00      30.00      31.00      32.00      33.00
      34.00      39.00      48.00      60.00      63.00      51.00      41.00      44.00      47.00      44.00
      41.00      36.00      30.00      31.00      42.00      50.00      46.00      36.00      29.00      30.00
      33.00      32.00      30.00
      77.00      70.00      65.00      69.00      66.00      66.00      81.00      84.00      72.00      57.00
      52.00      62.00      79.00      86.00      91.00      71.00      44.00      37.00      34.00      30.00
      27.00      31.00      38.00      35.00      36.00      41.00      42.00      41.00      43.00      52.00
      65.00      71.00      65.00      75.00      81.00      67.00      64.00      76.00      79.00      59.00
      36.00      32.00      35.00      41.00      45.00      40.00      38.00      34.00      33.00      37.00
      40.00      38.00      40.00      50.00      51.00      49.00      52.00      55.00      52.00      44.00
      42.00      39.00      38.00      43.00      50.00      55.00      53.00      46.00      34.00      30.00
      33.00      34.00      33.00
      80.00      78.00      70.00      73.00      68.00      52.00      58.00      67.00      68.00      65.00
      70.00      82.00      90.00      83.00      83.00      50.00      42.00      30.00      32.00      33.00
      34.00      42.00      49.00      48.00      38.00      34.00      35.00      39.00      45.00      50.00
      60.00      68.00      61.00      68.00      80.00      66.00      54.00      66.00      85.00      73.00
      49.00      42.00      43.00      50.00      54.00      48.00      44.00      41.00      39.00      38.00
      40.00      40.00      38.00      40.00      42.00      51.00      60.00      62.00      58.00      46.00
      47.00      52.00      53.00      60.00      60.00      52.00      47.00      45.00      35.00      27.00
      28.00      28.00      30.00
      46.00      48.00      46.00      54.00      63.00      42.00      37.00      48.00      52.00      59.00
      73.00      83.00      83.00      72.00      59.00      39.00      39.00      42.00      42.00      39.00
      42.00      51.00      60.00      58.00      38.00      27.00      31.00      41.00      48.00      45.00
      48.00      59.00      56.00      57.00      68.00      66.00      53.00      56.00      83.00      92.00
      76.00      67.00      65.00      64.00      62.00      59.00      57.00      50.00      47.00      44.00
      44.00      46.00      40.00      35.00      37.00      50.00      62.00      65.00      61.00      50.00
      52.00      58.00      55.00      59.00      58.00      46.00      38.00      39.00      36.00      32.00
      29.00      25.00      26.00
      39.00      32.00      27.00      40.00      55.00      40.00      33.00      48.00      57.00      56.00
      50.00      55.00      65.00      57.00      43.00      40.00      46.00      49.00      51.00      46.00
      43.00      48.00      53.00      46.00      30.00      27.00      34.00      45.00      55.00      54.00
      52.00      57.00      58.00      54.00      51.00      55.00      58.00      60.00      75.00      92.00
      89.00      87.00      86.00      85.00      84.00      83.00      66.00      48.00      46.00      50.00
      46.00      49.00      46.00      39.00      34.00      38.00      49.00      51.00      48.00      43.00
      46.00      54.00      54.00      50.00      46.00      39.00      35.00      33.00      31.00      33.00
      29.00      27.00      30.00
      33.00      18.00      15.00      30.00      43.00      41.00      42.00      58.00      71.00      67.00
      50.00      36.00      28.00      27.00      28.00      32.00      50.00      56.00      56.00      51.00
      47.00      50.00      49.00      38.00      32.00      31.00      28.00      35.00      55.00      65.00
      60.00      54.00      54.00      56.00      55.00      55.00      65.00      72.00      76.00      91.00
      95.00      96.00      93.00      96.00      96.00      77.00      53.00      42.00      52.00      51.00
      44.00      55.00      59.00      49.00      39.00      32.00      30.00      25.00      21.00      24.00
      35.00      48.00      49.00      44.00      41.00      41.00      39.00      30.00      25.00      26.00
      25.00      27.00      32.00
