diamond 4 20年06月27日20时500百帕相对湿度
20 06 27  20  500 
2.500 -2.500  .0  180.0   90.0  .0
73  37
      64.00      64.00      64.00      64.00      64.00      64.00      64.00      64.00      64.00      64.00
      64.00      64.00      64.00      64.00      64.00      64.00      64.00      64.00      64.00      64.00
      64.00      64.00      64.00      64.00      64.00      64.00      64.00      64.00      64.00      64.00
      64.00      64.00      64.00      64.00      64.00      64.00      64.00      64.00      64.00      64.00
      64.00      64.00      64.00      64.00      64.00      64.00      64.00      64.00      64.00      64.00
      64.00      64.00      64.00      64.00      64.00      64.00      64.00      64.00      64.00      64.00
      64.00      64.00      64.00      64.00      64.00      64.00      64.00      64.00      64.00      64.00
      64.00      64.00      64.00
      79.00      81.00      82.00      84.00      85.00      86.00      87.00      87.00      88.00      88.00
      89.00      89.00      89.00      89.00      89.00      89.00      89.00      89.00      89.00      89.00
      89.00      88.00      88.00      88.00      88.00      88.00      88.00      88.00      88.00      88.00
      88.00      89.00      89.00      89.00      90.00      90.00      91.00      91.00      92.00      92.00
      93.00      93.00      93.00      94.00      94.00      94.00      94.00      94.00      94.00      94.00
      93.00      92.00      91.00      90.00      89.00      88.00      86.00      84.00      83.00      81.00
      79.00      76.00      74.00      72.00      70.00      68.00      66.00      64.00      62.00      60.00
      58.00      57.00      55.00
      65.00      65.00      66.00      65.00      64.00      63.00      62.00      60.00      59.00      57.00
      56.00      54.00      53.00      53.00      52.00      53.00      53.00      53.00      54.00      55.00
      55.00      56.00      57.00      57.00      58.00      58.00      58.00      58.00      58.00      59.00
      59.00      60.00      60.00      62.00      63.00      64.00      66.00      69.00      71.00      73.00
      76.00      79.00      82.00      84.00      87.00      90.00      92.00      94.00      96.00      97.00
      98.00      99.00      99.00      99.00      99.00      99.00      98.00      97.00      95.00      93.00
      90.00      87.00      83.00      79.00      75.00      70.00      66.00      62.00      58.00      54.00
      51.00      49.00      47.00
      36.00      35.00      32.00      29.00      25.00      21.00      16.00      12.00       8.00       5.00
       2.00       2.00       3.00       6.00      10.00      15.00      21.00      27.00      34.00      40.00
      47.00      52.00      57.00      60.00      63.00      65.00      66.00      67.00      67.00      67.00
      67.00      67.00      67.00      67.00      67.00      67.00      68.00      68.00      69.00      70.00
      71.00      71.00      71.00      70.00      69.00      67.00      64.00      61.00      58.00      54.00
      51.00      49.00      47.00      46.00      47.00      48.00      50.00      53.00      56.00      59.00
      61.00      64.00      65.00      65.00      64.00      62.00      60.00      57.00      54.00      51.00
      49.00      48.00      48.00
      60.00      62.00      64.00      64.00      63.00      61.00      57.00      52.00      46.00      39.00
      33.00      28.00      25.00      24.00      24.00      26.00      30.00      34.00      38.00      41.00
      43.00      44.00      45.00      45.00      44.00      44.00      45.00      46.00      48.00      50.00
      53.00      55.00      56.00      56.00      56.00      55.00      53.00      50.00      47.00      45.00
      42.00      39.00      36.00      33.00      30.00      27.00      24.00      21.00      18.00      16.00
      15.00      14.00      15.00      17.00      20.00      24.00      29.00      34.00      39.00      44.00
      49.00      52.00      55.00      56.00      55.00      54.00      51.00      48.00      46.00      46.00
      47.00      50.00      56.00
      42.00      48.00      55.00      62.00      69.00      74.00      77.00      78.00      76.00      72.00
      66.00      60.00      55.00      51.00      48.00      47.00      48.00      48.00      47.00      45.00
      42.00      37.00      32.00      29.00      28.00      29.00      34.00      41.00      48.00      55.00
      60.00      64.00      65.00      64.00      61.00      57.00      52.00      46.00      39.00      33.00
      26.00      20.00      15.00      11.00      11.00      14.00      19.00      26.00      35.00      44.00
      53.00      60.00      67.00      73.00      78.00      82.00      84.00      84.00      84.00      82.00
      80.00      77.00      73.00      68.00      63.00      57.00      52.00      48.00      46.00      45.00
      46.00      48.00      53.00
      15.00      10.00       8.00       8.00      11.00      16.00      22.00      30.00      38.00      46.00
      53.00      59.00      63.00      64.00      64.00      62.00      58.00      54.00      50.00      48.00
      46.00      47.00      50.00      54.00      61.00      69.00      77.00      84.00      89.00      91.00
      89.00      84.00      78.00      73.00      69.00      66.00      65.00      65.00      64.00      61.00
      58.00      53.00      47.00      42.00      39.00      39.00      43.00      49.00      58.00      67.00
      75.00      83.00      89.00      93.00      96.00      97.00      96.00      95.00      92.00      87.00
      82.00      75.00      68.00      60.00      54.00      51.00      52.00      59.00      67.00      73.00
      76.00      74.00      70.00
      69.00      57.00      45.00      35.00      25.00      18.00      13.00      12.00      17.00      27.00
      41.00      57.00      71.00      80.00      82.00      75.00      61.00      47.00      39.00      40.00
      48.00      61.00      73.00      82.00      88.00      92.00      93.00      91.00      86.00      77.00
      63.00      49.00      38.00      32.00      32.00      37.00      45.00      52.00      56.00      57.00
      56.00      54.00      51.00      48.00      44.00      42.00      41.00      43.00      47.00      54.00
      60.00      63.00      63.00      59.00      54.00      51.00      50.00      53.00      57.00      60.00
      61.00      58.00      52.00      45.00      39.00      38.00      45.00      62.00      81.00      96.00
      99.00     100.00     100.00
      83.00      75.00      69.00      63.00      60.00      56.00      51.00      41.00      30.00      23.00
      25.00      37.00      56.00      73.00      82.00      77.00      62.00      43.00      30.00      30.00
      41.00      59.00      76.00      86.00      91.00      92.00      91.00      88.00      80.00      65.00
      46.00      28.00      20.00      22.00      28.00      33.00      38.00      43.00      49.00      52.00
      50.00      47.00      43.00      40.00      35.00      30.00      27.00      27.00      31.00      38.00
      44.00      47.00      44.00      36.00      28.00      22.00      20.00      23.00      29.00      33.00
      34.00      33.00      30.00      26.00      23.00      25.00      36.00      60.00      86.00     100.00
     100.00     100.00     100.00
      48.00      45.00      43.00      43.00      47.00      51.00      50.00      43.00      33.00      22.00
      15.00      15.00      25.00      39.00      52.00      58.00      58.00      50.00      39.00      30.00
      26.00      28.00      36.00      47.00      58.00      69.00      76.00      77.00      68.00      51.00
      33.00      23.00      22.00      26.00      31.00      35.00      35.00      36.00      39.00      45.00
      46.00      43.00      40.00      36.00      30.00      26.00      24.00      24.00      26.00      30.00
      35.00      36.00      32.00      25.00      19.00      15.00      16.00      21.00      25.00      26.00
      24.00      23.00      23.00      23.00      25.00      28.00      38.00      57.00      80.00      99.00
     100.00     100.00      89.00
      37.00      37.00      36.00      36.00      36.00      38.00      38.00      37.00      37.00      35.00
      33.00      30.00      25.00      20.00      16.00      16.00      24.00      42.00      62.00      69.00
      56.00      38.00      29.00      31.00      37.00      42.00      37.00      24.00      13.00      13.00
      22.00      32.00      38.00      37.00      32.00      28.00      25.00      23.00      23.00      27.00
      29.00      28.00      27.00      26.00      26.00      28.00      33.00      33.00      32.00      34.00
      39.00      41.00      41.00      39.00      34.00      27.00      24.00      25.00      33.00      41.00
      46.00      51.00      58.00      63.00      65.00      61.00      52.00      41.00      35.00      35.00
      40.00      46.00      47.00
      37.00      37.00      38.00      38.00      36.00      34.00      30.00      26.00      27.00      31.00
      36.00      39.00      33.00      22.00      12.00       8.00      14.00      30.00      46.00      51.00
      43.00      35.00      38.00      46.00      48.00      33.00      12.00       5.00      22.00      49.00
      73.00      84.00      82.00      67.00      47.00      31.00      22.00      20.00      20.00      20.00
      19.00      21.00      25.00      32.00      40.00      44.00      42.00      36.00      31.00      31.00
      36.00      43.00      48.00      50.00      49.00      44.00      37.00      29.00      23.00      26.00
      34.00      45.00      55.00      59.00      57.00      52.00      48.00      47.00      48.00      50.00
      53.00      58.00      65.00
      41.00      34.00      32.00      31.00      31.00      31.00      28.00      24.00      17.00      13.00
      16.00      21.00      25.00      27.00      29.00      35.00      42.00      49.00      52.00      51.00
      47.00      46.00      51.00      55.00      43.00      11.00       0.00       2.00      38.00      73.00
      93.00      91.00      73.00      49.00      32.00      27.00      34.00      45.00      48.00      38.00
      21.00      10.00      15.00      32.00      51.00      61.00      57.00      47.00      40.00      41.00
      46.00      51.00      50.00      44.00      40.00      39.00      39.00      38.00      35.00      28.00
      21.00      19.00      20.00      22.00      22.00      23.00      29.00      38.00      50.00      63.00
      72.00      73.00      67.00
      51.00      50.00      45.00      36.00      31.00      34.00      39.00      38.00      28.00      16.00
      12.00      15.00      19.00      20.00      23.00      27.00      32.00      36.00      41.00      49.00
      54.00      56.00      59.00      59.00      45.00      16.00       2.00      21.00      53.00      73.00
      76.00      68.00      53.00      38.00      27.00      29.00      46.00      69.00      79.00      68.00
      43.00      20.00      12.00      21.00      38.00      50.00      51.00      50.00      53.00      61.00
      68.00      69.00      58.00      41.00      32.00      35.00      48.00      60.00      62.00      56.00
      53.00      53.00      49.00      34.00      17.00      11.00      15.00      20.00      29.00      42.00
      54.00      55.00      45.00
      51.00      64.00      65.00      56.00      44.00      39.00      42.00      44.00      39.00      31.00
      28.00      31.00      30.00      24.00      18.00      17.00      17.00      18.00      22.00      31.00
      35.00      33.00      32.00      37.00      35.00      19.00      18.00      46.00      76.00      77.00
      60.00      51.00      55.00      53.00      38.00      22.00      25.00      46.00      71.00      86.00
      77.00      55.00      40.00      38.00      41.00      40.00      38.00      43.00      51.00      58.00
      63.00      64.00      59.00      50.00      45.00      47.00      53.00      54.00      51.00      51.00
      58.00      67.00      66.00      38.00      10.00       4.00      10.00      16.00      20.00      26.00
      35.00      36.00      32.00
      22.00      35.00      57.00      67.00      58.00      41.00      32.00      35.00      41.00      41.00
      40.00      42.00      38.00      27.00      19.00      19.00      23.00      24.00      26.00      30.00
      32.00      33.00      40.00      52.00      44.00      15.00       8.00      49.00      88.00      77.00
      40.00      33.00      53.00      59.00      38.00       5.00       7.00      29.00      41.00      45.00
      47.00      55.00      57.00      58.00      61.00      53.00      45.00      48.00      53.00      55.00
      57.00      57.00      53.00      45.00      35.00      31.00      35.00      30.00      19.00      13.00
      19.00      37.00      56.00      47.00      24.00      13.00      14.00      21.00      27.00      36.00
      47.00      53.00      62.00
      10.00      14.00      39.00      65.00      63.00      45.00      35.00      40.00      49.00      49.00
      44.00      41.00      38.00      29.00      21.00      20.00      23.00      26.00      27.00      29.00
      36.00      49.00      64.00      70.00      52.00      22.00      23.00      67.00      98.00      81.00
      33.00      33.00      67.00      77.00      51.00      26.00      41.00      48.00      33.00      17.00
      22.00      48.00      67.00      80.00      82.00      62.00      45.00      45.00      49.00      50.00
      55.00      61.00      57.00      39.00      20.00      14.00      17.00      15.00       9.00       4.00
       7.00      22.00      49.00      63.00      49.00      30.00      25.00      26.00      25.00      30.00
      44.00      62.00      86.00
      18.00      24.00      47.00      47.00      30.00      25.00      25.00      27.00      28.00      31.00
      31.00      30.00      32.00      30.00      27.00      23.00      19.00      18.00      19.00      20.00
      25.00      41.00      56.00      52.00      30.00      18.00      41.00      62.00      65.00      51.00
      37.00      41.00      67.00      82.00      76.00      61.00      43.00      22.00      12.00      34.00
      64.00      82.00      88.00      96.00      85.00      51.00      28.00      20.00      26.00      41.00
      57.00      72.00      77.00      66.00      55.00      56.00      60.00      58.00      59.00      65.00
      70.00      72.00      73.00      62.00      38.00      22.00      23.00      25.00      17.00       8.00
      16.00      49.00      92.00
      22.00      44.00      53.00      28.00      15.00      18.00      18.00      14.00      14.00      21.00
      21.00      17.00      16.00      17.00      18.00      17.00      13.00       9.00      10.00       9.00
       7.00      15.00      30.00      34.00      28.00      32.00      43.00      27.00      12.00      27.00
      44.00      46.00      57.00      78.00      88.00      75.00      48.00      23.00      30.00      68.00
      88.00      84.00      68.00      59.00      48.00      30.00       9.00       0.00       6.00      33.00
      65.00      90.00      99.00     100.00      98.00      98.00      92.00      79.00      73.00      78.00
      89.00      97.00      99.00      89.00      61.00      26.00       9.00      11.00      15.00       6.00
       4.00      36.00      83.00
      34.00      43.00      49.00      37.00      25.00      26.00      22.00      10.00      12.00      17.00
      12.00       8.00       9.00      12.00      15.00      22.00      32.00      41.00      35.00      19.00
      11.00       7.00       9.00      14.00      20.00      28.00      30.00      24.00      23.00      41.00
      80.00      81.00      81.00      68.00      71.00      48.00      23.00      14.00      31.00      63.00
      88.00      89.00      66.00      33.00      15.00       9.00       5.00       1.00       9.00      27.00
      62.00      85.00      93.00      90.00      83.00      75.00      68.00      58.00      47.00      43.00
      44.00      48.00      68.00      94.00     100.00      64.00      11.00       1.00      11.00      18.00
      19.00      46.00      62.00
      38.00      39.00      42.00      36.00      27.00      24.00      16.00       7.00      11.00      14.00
       7.00       3.00       7.00       7.00       3.00      13.00      48.00      71.00      78.00      71.00
      41.00      38.00      25.00      18.00      23.00      25.00      23.00      22.00      21.00      31.00
      56.00      84.00      56.00      54.00      54.00      33.00       7.00       4.00      12.00      38.00
      60.00      83.00      75.00      49.00      19.00       1.00       0.00       8.00      23.00      40.00
      48.00      41.00      40.00      49.00      53.00      51.00      53.00      57.00      62.00      63.00
      48.00      22.00      21.00      53.00      93.00      97.00      63.00      25.00       6.00       3.00
      22.00      58.00      39.00
      35.00      43.00      52.00      50.00      38.00      27.00      18.00      10.00       9.00       9.00
       6.00       3.00       1.00       1.00       0.00       0.00       7.00      21.00      19.00      21.00
      29.00      32.00      38.00      43.00      34.00      28.00      28.00      25.00      22.00       1.00
       0.00      37.00      57.00      63.00      43.00       0.00       0.00       0.00       2.00      11.00
      18.00      30.00      46.00      68.00      69.00      37.00       4.00       0.00       0.00       6.00
       8.00      11.00      40.00      80.00      92.00      72.00      58.00      49.00      52.00      60.00
      54.00      35.00      21.00      29.00      67.00      97.00      98.00      66.00      20.00       3.00
       0.00       9.00       0.00
      63.00      92.00      99.00      91.00      71.00      41.00      20.00       8.00       2.00       0.00
       0.00       0.00       0.00       1.00       4.00       3.00       1.00       5.00       5.00       0.00
       0.00      11.00      23.00      42.00      43.00      33.00      35.00      12.00       9.00      17.00
       0.00       0.00      55.00      76.00      71.00      51.00      52.00      43.00      72.00      75.00
      67.00      47.00      59.00      87.00     100.00      88.00      60.00      38.00      11.00       0.00
      16.00      49.00      83.00      99.00      88.00      66.00      57.00      45.00      39.00      41.00
      41.00      39.00      30.00      28.00      54.00      90.00     100.00      93.00      68.00      41.00
      29.00      17.00       2.00
      90.00      94.00      87.00      77.00      67.00      39.00      10.00       0.00       0.00       0.00
       1.00       2.00       2.00       1.00       1.00       4.00       6.00       8.00       9.00       9.00
       5.00       8.00      27.00      36.00      33.00      24.00      24.00      47.00      18.00      18.00
      32.00      21.00      72.00      56.00      72.00      96.00      95.00      93.00      97.00      92.00
      82.00      60.00      79.00      92.00     100.00      97.00      96.00      96.00      61.00      46.00
      66.00      89.00      98.00      88.00      60.00      52.00      58.00      54.00      47.00      45.00
      44.00      41.00      34.00      36.00      63.00      98.00     100.00     100.00     100.00      94.00
      85.00      74.00      66.00
      40.00      42.00      39.00      27.00      28.00      21.00       3.00       0.00       2.00       6.00
       6.00       4.00       3.00       6.00      11.00      20.00      25.00      21.00      11.00       3.00
       5.00      11.00      32.00      37.00      34.00      17.00       9.00      13.00      21.00      19.00
      18.00      25.00      32.00      20.00      65.00      72.00      80.00      87.00      85.00      81.00
      78.00      73.00      75.00      85.00      95.00      73.00      67.00      76.00      62.00      63.00
      89.00     100.00      99.00      92.00      73.00      66.00      61.00      48.00      41.00      43.00
      46.00      41.00      32.00      36.00      52.00      67.00      72.00      68.00      62.00      66.00
      77.00      86.00      81.00
      17.00      16.00      15.00       9.00       6.00       1.00       2.00       5.00       9.00      10.00
       8.00       7.00      10.00      20.00      33.00      45.00      52.00      37.00      21.00       6.00
       6.00      13.00      17.00      17.00      16.00       9.00       3.00       8.00      13.00      18.00
      18.00      14.00      14.00      23.00      35.00      31.00      52.00      70.00      53.00      58.00
      86.00      86.00      70.00      65.00      61.00      57.00      60.00      61.00      54.00      62.00
      86.00      99.00      94.00      79.00      59.00      44.00      29.00      18.00      18.00      22.00
      27.00      29.00      28.00      27.00      24.00      19.00      17.00      16.00      17.00      25.00
      37.00      45.00      41.00
      19.00      14.00       7.00       0.00       2.00       3.00       2.00       5.00       6.00       4.00
       4.00       9.00      16.00      24.00      37.00      44.00      55.00      31.00      18.00      22.00
      18.00      11.00       6.00       3.00       2.00       2.00       4.00       8.00       9.00      10.00
      12.00      15.00      14.00      12.00      20.00      30.00      38.00      50.00      61.00      69.00
      75.00      78.00      68.00      45.00      33.00      41.00      51.00      57.00      62.00      72.00
      84.00      82.00      65.00      41.00      22.00      13.00       7.00       5.00       8.00      13.00
      23.00      37.00      43.00      39.00      30.00      23.00      21.00      22.00      25.00      26.00
      23.00      21.00      20.00
      22.00      34.00      24.00       1.00       3.00      12.00      14.00      11.00       1.00       0.00
       1.00       8.00      15.00      26.00      44.00      50.00      55.00      51.00      29.00      30.00
      24.00       6.00       1.00       2.00       4.00       9.00      15.00      20.00      27.00      31.00
      31.00      31.00      29.00      30.00      36.00      38.00      49.00      74.00      91.00      88.00
      78.00      68.00      52.00      32.00      27.00      31.00      33.00      42.00      59.00      69.00
      64.00      49.00      33.00      22.00      17.00      18.00      17.00      15.00      16.00      22.00
      37.00      61.00      75.00      58.00      37.00      28.00      26.00      26.00      25.00      21.00
      19.00      21.00      23.00
      27.00      49.00      29.00       8.00       6.00      21.00      31.00      33.00      18.00      10.00
       8.00      11.00      16.00      30.00      52.00      52.00      50.00      59.00      43.00      23.00
      18.00      12.00      13.00      18.00      22.00      27.00      35.00      39.00      44.00      48.00
      52.00      51.00      48.00      46.00      48.00      58.00      76.00      93.00      90.00      80.00
      80.00      60.00      34.00      21.00      24.00      28.00      31.00      45.00      60.00      59.00
      52.00      38.00      27.00      24.00      24.00      22.00      24.00      26.00      27.00      31.00
      44.00      64.00      74.00      49.00      20.00      11.00      15.00      19.00      17.00      17.00
      26.00      32.00      32.00
      36.00      41.00      23.00      12.00      13.00      30.00      39.00      41.00      39.00      39.00
      27.00      16.00      18.00      29.00      49.00      50.00      41.00      49.00      55.00      37.00
      32.00      29.00      34.00      36.00      39.00      45.00      51.00      51.00      46.00      44.00
      48.00      53.00      55.00      60.00      71.00      77.00      84.00      85.00      74.00      62.00
      63.00      55.00      40.00      37.00      41.00      41.00      48.00      60.00      66.00      61.00
      50.00      40.00      29.00      27.00      26.00      22.00      23.00      26.00      25.00      28.00
      36.00      46.00      50.00      31.00       9.00       8.00      16.00      18.00      16.00      20.00
      34.00      41.00      37.00
      53.00      42.00      28.00      21.00      26.00      43.00      59.00      61.00      56.00      69.00
      46.00      25.00      23.00      26.00      43.00      66.00      42.00      42.00      53.00      46.00
      52.00      50.00      40.00      39.00      44.00      53.00      60.00      58.00      50.00      45.00
      48.00      50.00      47.00      50.00      57.00      57.00      53.00      52.00      52.00      59.00
      77.00      74.00      58.00      59.00      65.00      65.00      70.00      71.00      76.00      70.00
      55.00      43.00      36.00      35.00      29.00      20.00      18.00      19.00      18.00      21.00
      25.00      31.00      36.00      25.00      11.00      16.00      23.00      18.00      15.00      22.00
      37.00      46.00      40.00
      42.00      30.00      22.00      22.00      31.00      45.00      62.00      69.00      61.00      52.00
      38.00      32.00      28.00      34.00      47.00      56.00      40.00      37.00      38.00      48.00
      58.00      57.00      47.00      43.00      43.00      45.00      53.00      54.00      48.00      47.00
      48.00      50.00      46.00      44.00      45.00      42.00      39.00      40.00      44.00      55.00
      77.00      83.00      77.00      75.00      74.00      73.00      79.00      77.00      78.00      74.00
      65.00      62.00      61.00      55.00      41.00      29.00      25.00      28.00      33.00      38.00
      35.00      34.00      38.00      31.00      21.00      24.00      27.00      22.00      16.00      20.00
      33.00      44.00      40.00
      32.00      23.00      19.00      26.00      39.00      48.00      51.00      52.00      51.00      41.00
      39.00      41.00      43.00      58.00      67.00      52.00      49.00      52.00      53.00      55.00
      54.00      55.00      52.00      55.00      52.00      42.00      41.00      45.00      43.00      43.00
      45.00      48.00      49.00      50.00      51.00      52.00      51.00      53.00      59.00      64.00
      71.00      78.00      88.00      93.00      83.00      78.00      81.00      78.00      77.00      80.00
      82.00      81.00      77.00      73.00      59.00      50.00      48.00      49.00      54.00      56.00
      49.00      42.00      38.00      33.00      28.00      28.00      30.00      28.00      20.00      19.00
      30.00      39.00      39.00
      38.00      35.00      36.00      44.00      51.00      50.00      48.00      47.00      47.00      47.00
      49.00      49.00      50.00      70.00      85.00      53.00      48.00      44.00      51.00      54.00
      49.00      49.00      55.00      57.00      50.00      38.00      38.00      42.00      38.00      39.00
      47.00      53.00      50.00      47.00      47.00      55.00      56.00      57.00      65.00      74.00
      76.00      81.00      90.00      90.00      88.00      90.00      91.00      80.00      74.00      78.00
      80.00      78.00      80.00      80.00      67.00      58.00      50.00      47.00      49.00      48.00
      45.00      39.00      36.00      36.00      33.00      31.00      36.00      37.00      30.00      29.00
      35.00      38.00      37.00
      37.00      37.00      40.00      46.00      45.00      44.00      47.00      43.00      42.00      48.00
      48.00      49.00      56.00      63.00      66.00      50.00      27.00      34.00      46.00      53.00
      54.00      53.00      58.00      52.00      37.00      34.00      41.00      44.00      38.00      40.00
      52.00      59.00      57.00      49.00      46.00      55.00      56.00      54.00      59.00      64.00
      70.00      83.00      96.00      95.00      87.00      92.00      96.00      83.00      70.00      63.00
      61.00      65.00      75.00      77.00      66.00      54.00      44.00      38.00      35.00      35.00
      42.00      40.00      38.00      44.00      43.00      40.00      42.00      40.00      33.00      31.00
      34.00      37.00      39.00
      22.00      21.00      18.00      17.00      18.00      30.00      37.00      32.00      31.00      42.00
      49.00      54.00      50.00      44.00      49.00      37.00      29.00      33.00      35.00      42.00
      45.00      46.00      50.00      40.00      32.00      40.00      50.00      49.00      44.00      45.00
      57.00      62.00      60.00      58.00      58.00      59.00      53.00      51.00      59.00      55.00
      59.00      82.00      97.00      92.00      78.00      82.00      92.00      86.00      69.00      56.00
      57.00      65.00      71.00      72.00      63.00      53.00      48.00      45.00      36.00      35.00
      44.00      44.00      42.00      46.00      47.00      43.00      39.00      37.00      31.00      28.00
      29.00      35.00      41.00
      12.00      12.00       8.00       5.00       1.00      15.00      34.00      29.00      21.00      30.00
      44.00      64.00      57.00      33.00      39.00      41.00      44.00      50.00      49.00      47.00
      39.00      45.00      52.00      38.00      35.00      51.00      55.00      50.00      44.00      46.00
      61.00      72.00      76.00      75.00      68.00      59.00      51.00      48.00      51.00      43.00
      51.00      88.00     100.00      88.00      72.00      74.00      83.00      72.00      58.00      55.00
      59.00      62.00      63.00      63.00      55.00      45.00      46.00      52.00      48.00      41.00
      44.00      45.00      45.00      47.00      45.00      38.00      35.00      34.00      30.00      27.00
      27.00      32.00      39.00
