diamond 4 20年06月29日8时500百帕相对湿度
20 06 29  8  500 
2.500 -2.500  .0  180.0   90.0  .0
73  37
      49.00      49.00      49.00      49.00      49.00      49.00      49.00      49.00      49.00      49.00
      49.00      49.00      49.00      49.00      49.00      49.00      49.00      49.00      49.00      49.00
      49.00      49.00      49.00      49.00      49.00      49.00      49.00      49.00      49.00      49.00
      49.00      49.00      49.00      49.00      49.00      49.00      49.00      49.00      49.00      49.00
      49.00      49.00      49.00      49.00      49.00      49.00      49.00      49.00      49.00      49.00
      49.00      49.00      49.00      49.00      49.00      49.00      49.00      49.00      49.00      49.00
      49.00      49.00      49.00      49.00      49.00      49.00      49.00      49.00      49.00      49.00
      49.00      49.00      49.00
      61.00      61.00      60.00      60.00      59.00      59.00      58.00      57.00      57.00      56.00
      55.00      54.00      53.00      52.00      51.00      49.00      48.00      47.00      46.00      44.00
      43.00      42.00      41.00      40.00      39.00      38.00      38.00      37.00      36.00      36.00
      35.00      35.00      35.00      35.00      34.00      34.00      34.00      34.00      34.00      35.00
      35.00      35.00      35.00      35.00      35.00      35.00      35.00      35.00      35.00      35.00
      35.00      35.00      35.00      35.00      34.00      34.00      34.00      34.00      34.00      34.00
      34.00      34.00      34.00      34.00      34.00      34.00      35.00      35.00      35.00      36.00
      36.00      37.00      37.00
      71.00      71.00      72.00      72.00      72.00      72.00      72.00      72.00      71.00      70.00
      68.00      66.00      63.00      60.00      57.00      53.00      50.00      46.00      42.00      39.00
      35.00      32.00      29.00      27.00      25.00      24.00      22.00      22.00      21.00      21.00
      22.00      22.00      23.00      24.00      26.00      27.00      29.00      30.00      32.00      34.00
      35.00      37.00      38.00      39.00      40.00      41.00      41.00      41.00      41.00      41.00
      40.00      40.00      39.00      38.00      36.00      35.00      34.00      33.00      32.00      31.00
      30.00      29.00      29.00      28.00      28.00      28.00      29.00      30.00      31.00      32.00
      34.00      36.00      38.00
      69.00      68.00      68.00      67.00      66.00      65.00      64.00      62.00      60.00      58.00
      55.00      51.00      47.00      43.00      39.00      35.00      32.00      28.00      25.00      23.00
      21.00      19.00      18.00      17.00      16.00      16.00      15.00      15.00      15.00      15.00
      15.00      16.00      16.00      18.00      19.00      21.00      23.00      25.00      26.00      28.00
      29.00      29.00      30.00      30.00      30.00      29.00      28.00      27.00      26.00      25.00
      24.00      24.00      23.00      24.00      24.00      25.00      27.00      30.00      32.00      35.00
      37.00      39.00      40.00      41.00      41.00      41.00      41.00      41.00      41.00      41.00
      42.00      44.00      47.00
      71.00      67.00      62.00      55.00      48.00      41.00      34.00      28.00      24.00      20.00
      19.00      19.00      19.00      21.00      24.00      27.00      30.00      33.00      35.00      36.00
      36.00      35.00      33.00      30.00      26.00      22.00      19.00      16.00      14.00      14.00
      16.00      19.00      24.00      30.00      37.00      45.00      53.00      60.00      67.00      72.00
      76.00      78.00      79.00      78.00      76.00      72.00      67.00      61.00      54.00      45.00
      37.00      29.00      23.00      19.00      19.00      20.00      25.00      31.00      40.00      50.00
      59.00      66.00      71.00      73.00      73.00      70.00      66.00      62.00      57.00      53.00
      50.00      49.00      50.00
      61.00      58.00      51.00      42.00      33.00      24.00      17.00      13.00      11.00      12.00
      14.00      18.00      23.00      28.00      33.00      38.00      42.00      46.00      48.00      48.00
      47.00      43.00      37.00      30.00      23.00      18.00      15.00      15.00      18.00      23.00
      30.00      37.00      45.00      53.00      61.00      69.00      75.00      81.00      85.00      89.00
      91.00      93.00      95.00      97.00      98.00      98.00      97.00      94.00      89.00      82.00
      71.00      59.00      46.00      36.00      30.00      31.00      37.00      48.00      61.00      74.00
      85.00      93.00      96.00      95.00      91.00      85.00      78.00      71.00      65.00      60.00
      57.00      55.00      54.00
      34.00      29.00      22.00      16.00      10.00       6.00       5.00       5.00       7.00      10.00
      12.00      12.00      12.00      11.00      12.00      15.00      19.00      24.00      28.00      31.00
      32.00      30.00      27.00      24.00      23.00      26.00      34.00      43.00      53.00      61.00
      67.00      70.00      71.00      69.00      66.00      61.00      55.00      49.00      43.00      38.00
      35.00      34.00      35.00      39.00      45.00      53.00      61.00      67.00      70.00      69.00
      65.00      56.00      47.00      38.00      33.00      35.00      44.00      58.00      75.00      90.00
      98.00     100.00      98.00      92.00      84.00      77.00      73.00      72.00      75.00      78.00
      82.00      83.00      83.00
      52.00      47.00      41.00      37.00      36.00      38.00      44.00      52.00      60.00      65.00
      66.00      61.00      52.00      42.00      33.00      29.00      29.00      33.00      39.00      43.00
      46.00      47.00      47.00      48.00      51.00      56.00      62.00      69.00      74.00      78.00
      79.00      78.00      74.00      66.00      56.00      44.00      31.00      18.00       7.00       0.00
       0.00       0.00       0.00       0.00       4.00      15.00      28.00      40.00      51.00      56.00
      56.00      52.00      45.00      38.00      34.00      34.00      40.00      50.00      61.00      70.00
      74.00      72.00      68.00      64.00      62.00      62.00      65.00      70.00      76.00      83.00
      90.00      96.00     100.00
      55.00      51.00      46.00      42.00      42.00      49.00      62.00      76.00      85.00      87.00
      82.00      71.00      57.00      45.00      37.00      34.00      37.00      43.00      49.00      51.00
      49.00      47.00      47.00      52.00      61.00      68.00      72.00      72.00      69.00      66.00
      63.00      60.00      57.00      53.00      49.00      43.00      35.00      24.00      14.00       9.00
       8.00      10.00      13.00      15.00      17.00      21.00      26.00      34.00      40.00      44.00
      44.00      42.00      39.00      36.00      35.00      36.00      40.00      46.00      52.00      54.00
      52.00      48.00      44.00      42.00      43.00      48.00      56.00      61.00      63.00      64.00
      68.00      77.00      90.00
      73.00      71.00      63.00      54.00      47.00      45.00      50.00      56.00      57.00      54.00
      50.00      44.00      36.00      29.00      25.00      27.00      36.00      51.00      61.00      59.00
      48.00      35.00      27.00      30.00      40.00      54.00      63.00      66.00      62.00      54.00
      46.00      40.00      39.00      42.00      47.00      51.00      52.00      46.00      35.00      26.00
      23.00      25.00      27.00      27.00      25.00      22.00      21.00      23.00      25.00      24.00
      23.00      22.00      22.00      23.00      25.00      29.00      37.00      49.00      59.00      63.00
      60.00      52.00      40.00      26.00      16.00      11.00      15.00      26.00      39.00      47.00
      49.00      49.00      58.00
     100.00     100.00      98.00      89.00      79.00      70.00      64.00      57.00      49.00      43.00
      42.00      41.00      40.00      36.00      31.00      29.00      34.00      45.00      54.00      55.00
      46.00      33.00      23.00      22.00      31.00      44.00      54.00      57.00      51.00      39.00
      26.00      16.00      15.00      24.00      36.00      45.00      50.00      48.00      41.00      32.00
      26.00      25.00      25.00      26.00      24.00      21.00      21.00      25.00      30.00      32.00
      30.00      30.00      29.00      28.00      27.00      26.00      32.00      47.00      62.00      68.00
      68.00      65.00      59.00      49.00      37.00      27.00      26.00      39.00      64.00      87.00
      97.00      95.00      87.00
      61.00      72.00      81.00      91.00      95.00      93.00      86.00      75.00      60.00      48.00
      39.00      37.00      38.00      38.00      35.00      31.00      28.00      30.00      37.00      43.00
      39.00      25.00      12.00      15.00      32.00      50.00      58.00      57.00      50.00      44.00
      40.00      37.00      34.00      32.00      33.00      36.00      40.00      43.00      40.00      34.00
      28.00      26.00      30.00      35.00      37.00      36.00      35.00      37.00      41.00      44.00
      43.00      40.00      36.00      34.00      33.00      28.00      28.00      35.00      40.00      44.00
      51.00      63.00      75.00      82.00      80.00      73.00      65.00      61.00      64.00      70.00
      77.00      88.00      97.00
      63.00      53.00      45.00      50.00      66.00      77.00      80.00      77.00      63.00      42.00
      24.00      17.00      20.00      26.00      30.00      29.00      29.00      35.00      54.00      79.00
      89.00      65.00      23.00      13.00      35.00      59.00      65.00      53.00      38.00      38.00
      50.00      56.00      49.00      35.00      24.00      23.00      35.00      49.00      55.00      49.00
      35.00      25.00      29.00      42.00      49.00      47.00      41.00      36.00      35.00      35.00
      33.00      31.00      28.00      25.00      22.00      18.00      16.00      17.00      16.00      13.00
      16.00      29.00      50.00      68.00      77.00      74.00      63.00      49.00      39.00      32.00
      32.00      44.00      61.00
     100.00     100.00      80.00      38.00      19.00      37.00      60.00      69.00      61.00      40.00
      20.00      12.00      15.00      20.00      19.00      11.00       0.00       0.00      21.00      57.00
      86.00      85.00      59.00      52.00      78.00     100.00      93.00      57.00      24.00      28.00
      47.00      54.00      42.00      24.00      18.00      28.00      43.00      55.00      56.00      43.00
      25.00      14.00      19.00      37.00      55.00      60.00      52.00      39.00      30.00      26.00
      25.00      23.00      18.00      13.00      14.00      21.00      32.00      36.00      30.00      21.00
      17.00      20.00      29.00      38.00      43.00      44.00      43.00      41.00      42.00      44.00
      47.00      48.00      49.00
      88.00     100.00      99.00      58.00      24.00      38.00      66.00      75.00      63.00      42.00
      27.00      28.00      36.00      44.00      45.00      39.00      33.00      35.00      47.00      60.00
      64.00      60.00      54.00      51.00      60.00      71.00      59.00      26.00       7.00      29.00
      58.00      67.00      49.00      31.00      41.00      60.00      66.00      59.00      47.00      32.00
      15.00       8.00      14.00      24.00      39.00      58.00      61.00      53.00      42.00      39.00
      45.00      45.00      32.00      15.00      14.00      30.00      48.00      54.00      46.00      33.00
      24.00      16.00       7.00       2.00       4.00      11.00      18.00      19.00      22.00      29.00
      35.00      36.00      33.00
      79.00      68.00      35.00      12.00      29.00      67.00      83.00      66.00      36.00      20.00
      22.00      33.00      44.00      58.00      74.00      83.00      85.00      86.00      87.00      80.00
      60.00      43.00      35.00      25.00       9.00       4.00       8.00       6.00       6.00      30.00
      60.00      68.00      47.00      31.00      50.00      81.00      88.00      69.00      52.00      51.00
      55.00      44.00      30.00      27.00      33.00      46.00      53.00      46.00      37.00      40.00
      57.00      67.00      58.00      33.00      17.00      20.00      32.00      41.00      48.00      52.00
      51.00      45.00      34.00      26.00      27.00      35.00      39.00      37.00      35.00      32.00
      28.00      20.00      15.00
      86.00      54.00      17.00      19.00      61.00      87.00      73.00      39.00      17.00      16.00
      25.00      31.00      30.00      39.00      60.00      72.00      68.00      59.00      57.00      53.00
      37.00      23.00      24.00      25.00      18.00      18.00      30.00      38.00      40.00      46.00
      54.00      50.00      35.00      35.00      67.00     100.00      89.00      68.00      58.00      61.00
      73.00      63.00      61.00      58.00      58.00      67.00      60.00      53.00      41.00      35.00
      50.00      67.00      69.00      52.00      32.00      23.00      22.00      21.00      30.00      50.00
      73.00      85.00      84.00      79.00      79.00      83.00      85.00      85.00      81.00      70.00
      48.00      23.00      13.00
      91.00      86.00      69.00      81.00      99.00      82.00      42.00      18.00      24.00      41.00
      41.00      27.00      15.00      17.00      25.00      35.00      37.00      28.00      23.00      28.00
      32.00      33.00      33.00      33.00      31.00      36.00      48.00      59.00      62.00      54.00
      40.00      19.00      15.00      45.00      74.00      90.00      76.00      59.00      48.00      57.00
      52.00      55.00      74.00      88.00      89.00      77.00      68.00      59.00      38.00      21.00
      26.00      51.00      63.00      51.00      40.00      38.00      35.00      29.00      37.00      63.00
      90.00     100.00      95.00      90.00      91.00      95.00      96.00      95.00      95.00      88.00
      65.00      32.00      13.00
      65.00      77.00      74.00      66.00      55.00      29.00       7.00      11.00      36.00      51.00
      34.00      16.00      17.00      15.00      10.00      12.00      21.00      16.00       9.00      20.00
      46.00      75.00      85.00      70.00      50.00      39.00      40.00      47.00      49.00      46.00
      36.00      28.00      43.00      80.00      84.00      77.00      75.00      66.00      47.00      39.00
      40.00      49.00      77.00      99.00      95.00      78.00      68.00      55.00      33.00      10.00
      15.00      41.00      53.00      50.00      55.00      65.00      60.00      53.00      63.00      85.00
      97.00      96.00      92.00      90.00      94.00      97.00      96.00      93.00      95.00      92.00
      73.00      40.00       8.00
      44.00      42.00      35.00      26.00      19.00      13.00       7.00       9.00      30.00      43.00
      27.00      15.00      12.00       9.00       7.00       9.00      14.00      16.00      20.00      34.00
      66.00      99.00     100.00      98.00      60.00      24.00      13.00      22.00      31.00      27.00
      22.00      16.00      39.00     100.00     100.00      91.00      74.00      46.00      29.00      31.00
      36.00      35.00      41.00      56.00      65.00      74.00      87.00      91.00      61.00      30.00
      17.00      19.00      26.00      36.00      55.00      67.00      64.00      56.00      46.00      49.00
      65.00      81.00      86.00      88.00      93.00      97.00      96.00      94.00      92.00      88.00
      78.00      54.00      18.00
      17.00      20.00      19.00      17.00      12.00      10.00      12.00      20.00      32.00      36.00
      25.00      11.00       2.00       0.00       4.00       6.00       5.00       3.00      27.00      62.00
      73.00      84.00     100.00      97.00      64.00      22.00       3.00       5.00      21.00       5.00
       7.00      18.00      15.00      60.00      78.00      81.00      58.00      35.00      38.00      45.00
      53.00      36.00      25.00      30.00      42.00      53.00      69.00      77.00      79.00      64.00
      24.00       0.00       0.00       8.00      17.00      32.00      56.00      52.00      20.00      28.00
      69.00      83.00      71.00      63.00      70.00      86.00      93.00      92.00      88.00      84.00
      80.00      61.00      28.00
      25.00      29.00      31.00      26.00      17.00      13.00      16.00      25.00      31.00      25.00
      14.00       7.00       2.00       0.00       2.00       0.00       1.00      16.00      31.00      48.00
      52.00      52.00      75.00      64.00      44.00      35.00      21.00       1.00      11.00       0.00
       0.00       5.00      13.00      53.00      79.00      52.00      12.00      18.00      24.00      38.00
      51.00      65.00      48.00      34.00      26.00      17.00       7.00      36.00      81.00      87.00
      60.00      14.00       0.00       0.00       0.00      24.00      48.00      30.00       9.00      48.00
      93.00      80.00      43.00      27.00      40.00      59.00      66.00      71.00      73.00      67.00
      61.00      54.00      33.00
      63.00      77.00      76.00      51.00      23.00      18.00      18.00      18.00      18.00      13.00
       6.00       3.00       2.00       0.00       1.00       3.00       2.00       5.00       8.00       3.00
      21.00      40.00      45.00      46.00      35.00      25.00      24.00      21.00      41.00      38.00
       0.00      24.00      19.00      35.00      66.00      32.00       0.00      48.00      64.00      70.00
      84.00      87.00      47.00      12.00       0.00       1.00      10.00      56.00      96.00      95.00
      80.00      48.00       9.00       0.00       2.00       9.00       2.00       0.00      18.00      64.00
      78.00      43.00      12.00      15.00      29.00      32.00      31.00      37.00      43.00      35.00
      35.00      54.00      66.00
      86.00      90.00      83.00      52.00      30.00      23.00      20.00      11.00       6.00       3.00
       1.00       0.00       1.00       2.00       7.00      10.00       7.00       8.00       8.00       5.00
       1.00      12.00      24.00      25.00      29.00      23.00      23.00      44.00      65.00      39.00
      60.00      44.00     100.00      63.00      57.00      65.00      92.00      89.00      95.00      83.00
      83.00      83.00      50.00      12.00      11.00      35.00      61.00      88.00      93.00      88.00
      88.00      75.00      45.00      18.00       6.00       0.00       5.00      31.00      63.00      67.00
      40.00      13.00      14.00      24.00      22.00      18.00      20.00      25.00      25.00      26.00
      46.00      82.00     100.00
      54.00      69.00      72.00      48.00      33.00      26.00      16.00       8.00       3.00       3.00
       3.00       3.00       7.00      12.00      16.00      18.00      20.00      17.00      16.00      13.00
      12.00       2.00       5.00      17.00      30.00      19.00       0.00      12.00      46.00      29.00
      36.00      34.00      57.00      50.00       0.00       2.00      76.00      88.00     100.00      97.00
      94.00      96.00      69.00      59.00      73.00      89.00     100.00      99.00      81.00      71.00
      72.00      73.00      63.00      51.00      44.00      50.00      67.00      78.00      60.00      31.00
      17.00      21.00      27.00      20.00      11.00      12.00      22.00      29.00      34.00      46.00
      69.00      95.00     100.00
      34.00      50.00      55.00      31.00      17.00      12.00       5.00       5.00       7.00       8.00
       8.00       8.00      13.00      22.00      24.00      30.00      46.00      40.00      34.00      16.00
       4.00       5.00       2.00      10.00      28.00      38.00      15.00      11.00      17.00      45.00
      52.00      26.00      24.00      40.00      29.00      32.00      61.00      89.00      71.00      67.00
      79.00      92.00      76.00      66.00      70.00      77.00      72.00      59.00      49.00      43.00
      44.00      54.00      69.00      80.00      87.00      90.00      74.00      35.00       6.00      17.00
      41.00      44.00      27.00      13.00      11.00      13.00      23.00      37.00      44.00      46.00
      51.00      57.00      58.00
      22.00      29.00      31.00       0.00       0.00       0.00       1.00       8.00       9.00       6.00
       7.00      14.00      21.00      29.00      31.00      35.00      70.00      61.00      34.00      20.00
       3.00       1.00       4.00      10.00      13.00      19.00      17.00       9.00      10.00      18.00
      22.00      30.00      39.00      49.00      53.00      45.00      43.00      61.00      78.00      89.00
      84.00      70.00      43.00      26.00      30.00      34.00      33.00      34.00      38.00      38.00
      43.00      53.00      60.00      64.00      62.00      49.00      23.00       0.00      11.00      59.00
      73.00      48.00      28.00      17.00      14.00      14.00      19.00      29.00      29.00      23.00
      18.00      18.00      16.00
       9.00      13.00      15.00       8.00      10.00       4.00       0.00       2.00       3.00       5.00
      11.00      27.00      32.00      40.00      47.00      59.00      71.00      79.00      30.00      12.00
       6.00       2.00       4.00       8.00      12.00      15.00      12.00       9.00       9.00       9.00
      14.00      26.00      43.00      58.00      58.00      38.00      45.00      71.00      93.00      90.00
      73.00      44.00      23.00      25.00      31.00      40.00      40.00      46.00      52.00      46.00
      38.00      32.00      26.00      21.00      16.00      13.00      13.00      15.00      35.00      60.00
      56.00      43.00      35.00      24.00      16.00      16.00      18.00      17.00      13.00      11.00
      10.00      11.00      14.00
       3.00       9.00      22.00      38.00      39.00      19.00       9.00       1.00       2.00      11.00
      28.00      52.00      55.00      57.00      65.00      77.00      73.00      67.00      28.00      17.00
      13.00      15.00      16.00       7.00       7.00      11.00      10.00      11.00      15.00      23.00
      33.00      38.00      40.00      41.00      34.00      34.00      59.00      83.00      81.00      67.00
      51.00      35.00      34.00      42.00      56.00      67.00      62.00      57.00      47.00      32.00
      19.00      14.00      13.00      11.00      14.00      21.00      24.00      20.00      22.00      34.00
      40.00      38.00      34.00      30.00      24.00      20.00      17.00      15.00      14.00      14.00
      16.00      22.00      25.00
       9.00       9.00      18.00      41.00      52.00      33.00      23.00      20.00      15.00      24.00
      49.00      74.00      85.00      69.00      71.00      76.00      76.00      77.00      49.00      21.00
      28.00      33.00      39.00      25.00      21.00      26.00      26.00      26.00      32.00      41.00
      49.00      55.00      58.00      62.00      64.00      69.00      90.00      94.00      76.00      59.00
      47.00      44.00      49.00      63.00      77.00      85.00      83.00      66.00      42.00      25.00
      23.00      26.00      19.00      14.00      19.00      24.00      21.00      17.00      19.00      27.00
      34.00      32.00      32.00      31.00      23.00      17.00      15.00      16.00      17.00      17.00
      24.00      33.00      29.00
       9.00       6.00      12.00      27.00      40.00      47.00      48.00      42.00      33.00      59.00
      73.00      81.00      86.00      66.00      65.00      83.00      83.00      83.00      73.00      38.00
      52.00      61.00      45.00      26.00      23.00      34.00      41.00      39.00      39.00      45.00
      48.00      52.00      53.00      65.00      83.00      98.00      99.00      86.00      62.00      56.00
      60.00      64.00      70.00      80.00      90.00      85.00      87.00      81.00      67.00      61.00
      56.00      43.00      24.00      17.00      17.00      18.00      17.00      18.00      23.00      28.00
      33.00      34.00      33.00      28.00      18.00      15.00      19.00      23.00      25.00      24.00
      24.00      28.00      26.00
      10.00      19.00      33.00      41.00      44.00      52.00      61.00      53.00      42.00      51.00
      73.00      80.00      78.00      66.00      66.00      78.00      69.00      63.00      60.00      57.00
      57.00      58.00      42.00      20.00      16.00      22.00      35.00      39.00      37.00      45.00
      47.00      46.00      42.00      54.00      72.00      84.00      85.00      64.00      46.00      59.00
      82.00      89.00      86.00      86.00      84.00      77.00      83.00      83.00      84.00      92.00
      83.00      62.00      44.00      39.00      34.00      30.00      25.00      23.00      29.00      35.00
      36.00      31.00      28.00      26.00      18.00      15.00      20.00      28.00      33.00      30.00
      27.00      29.00      28.00
      22.00      42.00      68.00      72.00      52.00      42.00      46.00      46.00      42.00      45.00
      65.00      68.00      58.00      64.00      65.00      63.00      43.00      45.00      45.00      48.00
      49.00      50.00      43.00      31.00      32.00      37.00      42.00      43.00      38.00      46.00
      48.00      46.00      48.00      56.00      60.00      63.00      65.00      54.00      48.00      64.00
      84.00      89.00      86.00      83.00      76.00      76.00      84.00      73.00      72.00      86.00
      90.00      75.00      62.00      58.00      54.00      50.00      42.00      37.00      40.00      39.00
      35.00      31.00      30.00      30.00      22.00      17.00      22.00      30.00      37.00      41.00
      40.00      39.00      34.00
      36.00      48.00      65.00      76.00      59.00      48.00      50.00      48.00      53.00      55.00
      60.00      53.00      40.00      46.00      47.00      46.00      40.00      28.00      36.00      45.00
      51.00      48.00      41.00      43.00      54.00      54.00      50.00      50.00      49.00      52.00
      56.00      57.00      59.00      60.00      57.00      55.00      54.00      51.00      54.00      60.00
      65.00      70.00      79.00      87.00      87.00      90.00      93.00      68.00      61.00      75.00
      85.00      74.00      63.00      61.00      58.00      55.00      51.00      49.00      49.00      39.00
      33.00      33.00      36.00      36.00      29.00      26.00      29.00      35.00      44.00      51.00
      45.00      40.00      37.00
      39.00      37.00      26.00      24.00      42.00      52.00      54.00      53.00      57.00      67.00
      67.00      51.00      32.00      34.00      39.00      29.00      30.00      41.00      41.00      45.00
      52.00      48.00      45.00      52.00      52.00      46.00      43.00      49.00      54.00      59.00
      64.00      64.00      62.00      60.00      54.00      52.00      53.00      56.00      59.00      55.00
      60.00      71.00      83.00      94.00      93.00      97.00      94.00      69.00      66.00      83.00
      84.00      67.00      57.00      60.00      56.00      53.00      54.00      52.00      52.00      46.00
      39.00      36.00      40.00      45.00      39.00      34.00      37.00      44.00      51.00      48.00
      40.00      39.00      42.00
      28.00      28.00      14.00       4.00      25.00      63.00      66.00      49.00      45.00      60.00
      65.00      51.00      24.00      19.00      32.00      42.00      46.00      47.00      42.00      47.00
      53.00      47.00      48.00      55.00      52.00      42.00      34.00      38.00      49.00      58.00
      63.00      65.00      62.00      55.00      48.00      49.00      56.00      59.00      59.00      62.00
      77.00      89.00      87.00      88.00      83.00      83.00      75.00      61.00      64.00      77.00
      72.00      58.00      57.00      68.00      64.00      57.00      56.00      52.00      57.00      62.00
      53.00      47.00      50.00      46.00      36.00      31.00      35.00      43.00      42.00      34.00
      35.00      41.00      44.00
      12.00      17.00      17.00      14.00      21.00      56.00      74.00      61.00      42.00      53.00
      54.00      35.00      16.00      17.00      30.00      39.00      46.00      44.00      41.00      43.00
      47.00      46.00      47.00      50.00      43.00      30.00      22.00      27.00      41.00      50.00
      59.00      68.00      64.00      57.00      53.00      55.00      57.00      52.00      58.00      84.00
      96.00      77.00      61.00      58.00      57.00      60.00      54.00      48.00      57.00      60.00
      48.00      42.00      45.00      56.00      57.00      54.00      54.00      52.00      60.00      71.00
      64.00      53.00      49.00      43.00      35.00      31.00      31.00      32.00      30.00      27.00
      31.00      38.00      41.00
