diamond 4 20年06月25日20时500百帕相对湿度
20 06 25  20  500 
2.500 -2.500  .0  180.0   90.0  .0
73  37
      56.00      56.00      56.00      56.00      56.00      56.00      56.00      56.00      56.00      56.00
      56.00      56.00      56.00      56.00      56.00      56.00      56.00      56.00      56.00      56.00
      56.00      56.00      56.00      56.00      56.00      56.00      56.00      56.00      56.00      56.00
      56.00      56.00      56.00      56.00      56.00      56.00      56.00      56.00      56.00      56.00
      56.00      56.00      56.00      56.00      56.00      56.00      56.00      56.00      56.00      56.00
      56.00      56.00      56.00      56.00      56.00      56.00      56.00      56.00      56.00      56.00
      56.00      56.00      56.00      56.00      56.00      56.00      56.00      56.00      56.00      56.00
      56.00      56.00      56.00
      23.00      22.00      21.00      20.00      19.00      18.00      17.00      16.00      16.00      15.00
      14.00      14.00      14.00      13.00      13.00      13.00      13.00      13.00      14.00      14.00
      15.00      15.00      16.00      17.00      18.00      20.00      21.00      22.00      24.00      26.00
      27.00      29.00      31.00      33.00      34.00      36.00      38.00      40.00      42.00      44.00
      46.00      48.00      50.00      51.00      53.00      55.00      57.00      59.00      61.00      63.00
      64.00      66.00      68.00      69.00      71.00      73.00      74.00      76.00      77.00      79.00
      80.00      81.00      82.00      83.00      85.00      86.00      86.00      87.00      88.00      89.00
      90.00      90.00      91.00
      55.00      55.00      55.00      55.00      56.00      56.00      55.00      55.00      55.00      54.00
      53.00      52.00      50.00      49.00      47.00      45.00      43.00      40.00      38.00      36.00
      34.00      33.00      31.00      30.00      30.00      29.00      29.00      29.00      30.00      30.00
      30.00      31.00      31.00      31.00      32.00      32.00      32.00      33.00      33.00      34.00
      35.00      36.00      37.00      38.00      40.00      42.00      44.00      47.00      49.00      52.00
      54.00      57.00      60.00      62.00      65.00      67.00      70.00      72.00      74.00      76.00
      78.00      80.00      81.00      82.00      83.00      84.00      84.00      85.00      85.00      84.00
      84.00      83.00      82.00
      66.00      67.00      70.00      72.00      76.00      79.00      83.00      87.00      91.00      95.00
      97.00      99.00     100.00      99.00      97.00      93.00      87.00      81.00      73.00      65.00
      56.00      48.00      41.00      35.00      30.00      26.00      24.00      23.00      23.00      23.00
      23.00      23.00      23.00      23.00      22.00      21.00      20.00      18.00      17.00      16.00
      15.00      15.00      15.00      16.00      17.00      18.00      20.00      23.00      25.00      28.00
      31.00      34.00      37.00      40.00      43.00      46.00      50.00      53.00      56.00      58.00
      61.00      63.00      65.00      66.00      66.00      67.00      66.00      65.00      64.00      63.00
      62.00      61.00      61.00
      36.00      32.00      29.00      27.00      29.00      33.00      39.00      47.00      56.00      67.00
      77.00      86.00      94.00      99.00     100.00     100.00      96.00      89.00      80.00      68.00
      56.00      43.00      31.00      20.00      13.00       8.00       8.00      10.00      15.00      21.00
      27.00      33.00      38.00      42.00      45.00      47.00      48.00      49.00      49.00      49.00
      49.00      48.00      48.00      47.00      45.00      44.00      42.00      39.00      37.00      34.00
      32.00      29.00      28.00      26.00      25.00      26.00      27.00      29.00      32.00      36.00
      41.00      46.00      50.00      54.00      58.00      59.00      60.00      60.00      60.00      61.00
      64.00      67.00      72.00
      65.00      58.00      52.00      46.00      43.00      41.00      40.00      40.00      42.00      44.00
      48.00      52.00      58.00      63.00      69.00      73.00      75.00      75.00      72.00      65.00
      55.00      42.00      29.00      19.00      13.00      13.00      18.00      27.00      38.00      48.00
      58.00      65.00      70.00      73.00      75.00      75.00      75.00      73.00      71.00      69.00
      66.00      64.00      62.00      60.00      58.00      57.00      55.00      53.00      50.00      46.00
      42.00      38.00      35.00      31.00      29.00      27.00      25.00      25.00      26.00      27.00
      30.00      34.00      37.00      41.00      43.00      44.00      44.00      45.00      46.00      51.00
      58.00      67.00      78.00
      94.00      93.00      93.00      94.00      95.00      96.00      95.00      93.00      87.00      79.00
      71.00      62.00      55.00      51.00      49.00      48.00      49.00      49.00      47.00      43.00
      34.00      24.00      15.00      10.00      11.00      19.00      30.00      42.00      52.00      59.00
      61.00      60.00      57.00      54.00      50.00      47.00      44.00      40.00      36.00      33.00
      29.00      27.00      25.00      25.00      27.00      29.00      32.00      35.00      37.00      38.00
      37.00      36.00      35.00      34.00      33.00      32.00      32.00      32.00      31.00      31.00
      31.00      30.00      31.00      31.00      32.00      33.00      34.00      35.00      38.00      43.00
      51.00      61.00      71.00
      71.00      60.00      51.00      46.00      44.00      46.00      50.00      54.00      58.00      60.00
      62.00      63.00      64.00      64.00      63.00      61.00      57.00      52.00      46.00      40.00
      33.00      29.00      30.00      36.00      47.00      58.00      67.00      69.00      65.00      54.00
      41.00      28.00      19.00      14.00      14.00      17.00      20.00      22.00      21.00      18.00
      14.00      10.00       7.00       6.00       9.00      14.00      19.00      23.00      25.00      26.00
      26.00      25.00      25.00      25.00      25.00      26.00      27.00      27.00      27.00      27.00
      28.00      30.00      35.00      42.00      50.00      58.00      65.00      71.00      77.00      82.00
      87.00      93.00      98.00
      41.00      28.00      19.00      14.00      10.00       7.00       4.00       3.00       7.00      16.00
      28.00      40.00      52.00      60.00      64.00      64.00      59.00      52.00      42.00      34.00
      30.00      34.00      46.00      65.00      81.00      88.00      81.00      67.00      52.00      38.00
      28.00      19.00      12.00       8.00       9.00      14.00      22.00      30.00      36.00      38.00
      35.00      29.00      22.00      16.00      15.00      17.00      20.00      22.00      24.00      26.00
      27.00      29.00      30.00      29.00      27.00      24.00      21.00      18.00      17.00      17.00
      20.00      27.00      37.00      49.00      63.00      77.00      88.00      96.00      98.00      96.00
      95.00      96.00      99.00
      30.00      31.00      35.00      40.00      44.00      44.00      42.00      37.00      33.00      34.00
      36.00      41.00      48.00      54.00      58.00      59.00      55.00      49.00      41.00      34.00
      31.00      35.00      45.00      56.00      59.00      51.00      38.00      29.00      30.00      39.00
      48.00      51.00      45.00      32.00      18.00      11.00      12.00      21.00      36.00      48.00
      52.00      45.00      33.00      23.00      18.00      19.00      21.00      23.00      25.00      27.00
      29.00      33.00      38.00      40.00      39.00      35.00      29.00      24.00      20.00      18.00
      19.00      22.00      27.00      38.00      52.00      70.00      84.00      94.00      98.00      98.00
      95.00      93.00      92.00
      43.00      47.00      51.00      53.00      52.00      52.00      52.00      52.00      50.00      45.00
      43.00      43.00      45.00      46.00      45.00      41.00      36.00      32.00      29.00      29.00
      30.00      32.00      33.00      32.00      28.00      23.00      22.00      29.00      43.00      61.00
      77.00      84.00      78.00      63.00      44.00      29.00      20.00      20.00      27.00      36.00
      39.00      34.00      25.00      19.00      17.00      23.00      29.00      32.00      34.00      33.00
      31.00      32.00      35.00      38.00      43.00      49.00      58.00      58.00      47.00      36.00
      26.00      20.00      18.00      21.00      30.00      41.00      55.00      69.00      81.00      90.00
      94.00      92.00      87.00
      51.00      49.00      50.00      49.00      40.00      30.00      26.00      24.00      23.00      22.00
      22.00      25.00      30.00      33.00      31.00      25.00      17.00      10.00       9.00      14.00
      19.00      18.00      11.00       9.00      15.00      26.00      35.00      41.00      49.00      61.00
      72.00      77.00      75.00      68.00      60.00      50.00      39.00      28.00      22.00      22.00
      23.00      21.00      18.00      19.00      23.00      31.00      37.00      38.00      36.00      33.00
      29.00      26.00      25.00      30.00      40.00      52.00      63.00      65.00      52.00      34.00
      22.00      18.00      18.00      23.00      31.00      42.00      52.00      59.00      65.00      70.00
      71.00      67.00      60.00
      38.00      28.00      26.00      25.00      20.00      17.00      16.00      15.00      15.00      17.00
      21.00      27.00      33.00      38.00      38.00      34.00      29.00      22.00      17.00      17.00
      21.00      23.00      19.00      21.00      36.00      53.00      49.00      33.00      28.00      37.00
      49.00      53.00      46.00      37.00      35.00      38.00      38.00      32.00      27.00      24.00
      23.00      21.00      19.00      22.00      29.00      36.00      41.00      43.00      43.00      42.00
      38.00      32.00      24.00      21.00      22.00      24.00      24.00      21.00      18.00      19.00
      22.00      22.00      19.00      19.00      28.00      41.00      53.00      56.00      51.00      46.00
      47.00      51.00      58.00
      29.00      22.00      22.00      24.00      23.00      20.00      16.00      14.00      17.00      21.00
      26.00      31.00      35.00      39.00      43.00      48.00      49.00      42.00      25.00      12.00
      14.00      26.00      31.00      30.00      40.00      58.00      55.00      42.00      43.00      57.00
      64.00      47.00      20.00       8.00      17.00      33.00      43.00      44.00      42.00      38.00
      32.00      27.00      24.00      21.00      24.00      33.00      43.00      50.00      61.00      72.00
      78.00      70.00      44.00      17.00       5.00       9.00      17.00      22.00      24.00      27.00
      30.00      31.00      26.00      20.00      20.00      29.00      40.00      43.00      39.00      35.00
      38.00      49.00      65.00
      22.00      31.00      40.00      38.00      27.00      14.00       8.00       8.00       8.00       8.00
       9.00      13.00      22.00      34.00      46.00      55.00      61.00      62.00      51.00      36.00
      32.00      36.00      25.00       5.00      12.00      43.00      64.00      71.00      79.00      88.00
      76.00      38.00       7.00       5.00      23.00      44.00      57.00      62.00      57.00      48.00
      39.00      32.00      32.00      38.00      47.00      54.00      52.00      45.00      48.00      59.00
      63.00      55.00      31.00      10.00      12.00      33.00      58.00      68.00      63.00      47.00
      34.00      34.00      39.00      39.00      35.00      37.00      41.00      45.00      46.00      47.00
      48.00      48.00      53.00
      14.00      25.00      39.00      35.00      16.00       4.00       7.00      15.00      14.00       6.00
       2.00       4.00      11.00      22.00      33.00      39.00      45.00      53.00      53.00      42.00
      29.00      16.00       2.00       2.00      29.00      68.00      86.00      88.00      92.00      94.00
      76.00      45.00      27.00      26.00      35.00      46.00      64.00      76.00      71.00      46.00
      28.00      32.00      34.00      39.00      51.00      53.00      44.00      33.00      31.00      37.00
      42.00      38.00      26.00      24.00      41.00      67.00      90.00     100.00      96.00      72.00
      43.00      29.00      29.00      31.00      28.00      25.00      26.00      29.00      32.00      38.00
      44.00      44.00      42.00
      21.00      18.00      27.00      28.00      17.00      13.00      34.00      43.00      33.00      24.00
      25.00      25.00      20.00      15.00      15.00      18.00      23.00      28.00      29.00      21.00
      11.00      10.00      18.00      35.00      66.00      94.00      98.00      86.00      79.00      74.00
      62.00      48.00      44.00      45.00      23.00      36.00      58.00      74.00      74.00      52.00
      35.00      34.00      39.00      47.00      58.00      49.00      38.00      41.00      48.00      45.00
      33.00      21.00      16.00      27.00      53.00      74.00      84.00      92.00      94.00      77.00
      44.00      15.00       6.00      13.00      19.00      22.00      24.00      28.00      33.00      39.00
      44.00      47.00      44.00
      43.00      22.00      15.00      13.00      18.00      45.00      69.00      56.00      31.00      20.00
      35.00      49.00      44.00      25.00      10.00       8.00       9.00       8.00       4.00       5.00
      18.00      45.00      69.00      79.00      80.00      77.00      66.00      52.00      39.00      34.00
      32.00      36.00      44.00      45.00      18.00       7.00      25.00      41.00      61.00      86.00
      68.00      38.00      39.00      63.00      80.00      60.00      49.00      68.00      82.00      54.00
      19.00       6.00       8.00      16.00      27.00      50.00      70.00      86.00      95.00      82.00
      49.00      16.00       4.00      15.00      29.00      31.00      30.00      38.00      47.00      48.00
      45.00      42.00      34.00
      63.00      45.00      21.00      12.00      20.00      37.00      47.00      42.00      21.00      10.00
      27.00      48.00      50.00      35.00      18.00      15.00      21.00      24.00      21.00      25.00
      40.00      62.00      70.00      61.00      51.00      44.00      31.00      13.00       3.00      14.00
      34.00      55.00      52.00      20.00      10.00      23.00      26.00      26.00      49.00      90.00
      74.00      31.00      25.00      41.00      46.00      32.00      34.00      70.00      80.00      34.00
       4.00       5.00      19.00      23.00      31.00      53.00      74.00      84.00      89.00      86.00
      67.00      35.00       9.00       6.00      24.00      37.00      36.00      35.00      34.00      31.00
      33.00      38.00      35.00
      54.00      51.00      38.00      25.00      17.00      16.00      20.00      21.00      14.00      16.00
      24.00      30.00      34.00      27.00      21.00      27.00      41.00      50.00      61.00      59.00
      57.00      58.00      47.00      33.00      30.00      28.00      15.00       2.00       2.00       7.00
       7.00      25.00      32.00      23.00      28.00      54.00      53.00      39.00      39.00      60.00
      73.00      64.00      38.00      24.00      17.00      21.00      46.00      63.00      58.00      39.00
      18.00      14.00      34.00      34.00      46.00      74.00      88.00      86.00      85.00      90.00
      90.00      66.00      25.00       3.00       0.00      11.00      32.00      43.00      45.00      53.00
      76.00      94.00      98.00
      33.00      37.00      37.00      26.00      14.00       9.00       9.00      11.00      18.00      26.00
      26.00      19.00      16.00      11.00      10.00      10.00      12.00      15.00      14.00      22.00
      25.00      26.00      30.00      23.00      19.00      16.00      10.00      16.00      38.00      11.00
      15.00      23.00      40.00      47.00      57.00      77.00      80.00      63.00      54.00      68.00
      85.00      71.00      53.00      30.00      25.00      33.00      36.00      33.00      51.00      60.00
      36.00      23.00      40.00      55.00      70.00      91.00     100.00      94.00      89.00      92.00
      99.00      99.00      73.00      34.00       5.00       0.00      10.00      45.00      78.00      96.00
     100.00     100.00     100.00
      45.00      56.00      57.00      37.00      15.00       9.00       9.00      10.00      14.00      15.00
       9.00       4.00       2.00       0.00       0.00       0.00       0.00       0.00       0.00       0.00
       1.00       7.00      18.00      18.00      10.00       8.00      12.00      18.00      16.00       0.00
       0.00      13.00      44.00      71.00      99.00      75.00      50.00      60.00      60.00      77.00
     100.00      90.00      74.00      68.00      56.00      39.00      20.00       8.00      25.00      21.00
       6.00      30.00      66.00      81.00      88.00     100.00      96.00      75.00      56.00      49.00
      58.00      74.00      78.00      65.00      47.00      38.00      43.00      67.00      93.00      99.00
     100.00     100.00     100.00
      80.00      98.00      94.00      66.00      23.00      10.00       6.00       2.00       1.00       1.00
       1.00       0.00       0.00       4.00       8.00       8.00       5.00       4.00       4.00       2.00
       1.00       3.00       9.00      10.00       5.00       3.00       6.00      37.00      23.00      15.00
       2.00      58.00      86.00      84.00      94.00      79.00      79.00      98.00      89.00      95.00
     100.00     100.00      80.00      70.00      66.00      52.00      33.00      14.00       1.00       0.00
       1.00      47.00      87.00      89.00      83.00      80.00      56.00      28.00      16.00      20.00
      30.00      38.00      44.00      50.00      59.00      68.00      74.00      82.00      89.00      87.00
      84.00      89.00      94.00
      90.00      95.00      74.00      38.00      17.00       5.00       6.00       4.00       0.00       0.00
       0.00       2.00       5.00       7.00       9.00       6.00       1.00       0.00       0.00       6.00
      15.00      19.00       5.00       4.00       4.00       4.00       2.00      70.00      40.00      40.00
      65.00      57.00      97.00      71.00      68.00      72.00      76.00      75.00      75.00      74.00
     100.00      86.00      47.00      35.00      36.00      31.00      23.00       2.00       0.00       9.00
      45.00      77.00      73.00      46.00      33.00      28.00      18.00      18.00      30.00      43.00
      48.00      44.00      38.00      37.00      41.00      48.00      59.00      66.00      69.00      62.00
      52.00      50.00      54.00
      48.00      57.00      41.00      18.00       3.00       1.00       4.00       2.00       3.00       7.00
       7.00       6.00       5.00       7.00       7.00       4.00       0.00       0.00       0.00       5.00
      19.00      34.00      22.00       5.00       3.00       4.00       0.00      13.00      44.00      43.00
      38.00      30.00      46.00      61.00      85.00      76.00      79.00      77.00      80.00      82.00
     100.00      56.00      25.00      12.00      13.00       9.00      10.00       8.00      20.00      44.00
      62.00      54.00      32.00      19.00      22.00      25.00      28.00      35.00      38.00      37.00
      37.00      35.00      31.00      29.00      27.00      32.00      43.00      50.00      50.00      41.00
      35.00      37.00      41.00
      10.00      18.00      16.00       9.00       3.00       0.00       0.00       2.00       8.00      10.00
       5.00       1.00       1.00       1.00       2.00       0.00       0.00       1.00       9.00      15.00
      22.00      32.00      22.00      12.00       4.00       0.00       1.00       9.00      17.00      36.00
      32.00      23.00      30.00      37.00      54.00      70.00      79.00      73.00      64.00      69.00
      70.00      55.00      10.00       1.00      25.00      40.00      56.00      68.00      58.00      49.00
      39.00      31.00      39.00      50.00      52.00      48.00      40.00      30.00      18.00      13.00
      14.00      13.00      14.00      18.00      27.00      37.00      43.00      45.00      43.00      39.00
      40.00      44.00      46.00
      11.00      23.00      57.00      74.00      49.00       9.00       5.00      14.00      17.00      11.00
       3.00       0.00       0.00       0.00       1.00       1.00       1.00      10.00      26.00      37.00
      28.00      29.00      25.00      16.00      11.00       5.00       6.00      14.00      30.00      44.00
      50.00      56.00      66.00      74.00      67.00      51.00      49.00      66.00      71.00      79.00
      88.00      83.00      43.00      35.00      63.00      87.00      94.00      75.00      40.00      39.00
      50.00      60.00      69.00      62.00      46.00      35.00      23.00      14.00      13.00      13.00
      12.00      13.00      20.00      29.00      38.00      42.00      40.00      40.00      40.00      40.00
      40.00      38.00      35.00
      26.00      38.00      56.00      69.00      46.00      26.00      18.00      22.00      26.00      16.00
      10.00       4.00       2.00       2.00       3.00       7.00       7.00      28.00      44.00      36.00
      28.00      26.00      22.00      14.00       8.00      10.00      22.00      40.00      54.00      59.00
      58.00      60.00      68.00      79.00      83.00      78.00      68.00      83.00      93.00      94.00
      96.00      88.00      70.00      69.00      72.00      66.00      62.00      44.00      29.00      63.00
      89.00      86.00      67.00      41.00      26.00      21.00      18.00      21.00      22.00      17.00
      16.00      22.00      33.00      41.00      45.00      37.00      28.00      23.00      22.00      24.00
      25.00      23.00      25.00
      15.00      27.00      36.00      48.00      52.00      55.00      38.00      26.00      28.00      29.00
      36.00      31.00      22.00      19.00      16.00      12.00      12.00      31.00      48.00      27.00
      22.00      20.00      18.00      17.00      22.00      34.00      43.00      41.00      40.00      42.00
      42.00      33.00      35.00      48.00      64.00      73.00      78.00      85.00      85.00      82.00
      85.00      66.00      55.00      50.00      40.00      34.00      45.00      51.00      57.00      81.00
      89.00      80.00      63.00      41.00      32.00      25.00      21.00      24.00      22.00      19.00
      23.00      29.00      36.00      45.00      46.00      31.00      13.00       6.00       8.00      15.00
      18.00      19.00      22.00
      14.00      20.00      41.00      72.00      71.00      51.00      36.00      22.00      24.00      50.00
      51.00      36.00      38.00      34.00      29.00      21.00      14.00      21.00      37.00      46.00
      37.00      29.00      24.00      38.00      55.00      60.00      48.00      30.00      29.00      36.00
      43.00      41.00      47.00      56.00      62.00      67.00      71.00      69.00      65.00      52.00
      44.00      41.00      40.00      38.00      38.00      44.00      58.00      60.00      62.00      69.00
      65.00      69.00      66.00      51.00      43.00      33.00      23.00      21.00      22.00      22.00
      22.00      25.00      35.00      49.00      49.00      31.00      12.00       5.00      12.00      19.00
      19.00      19.00      20.00
      36.00      26.00      35.00      56.00      57.00      43.00      29.00      18.00      29.00      65.00
      56.00      36.00      42.00      31.00      31.00      33.00      27.00      23.00      24.00      34.00
      34.00      27.00      27.00      38.00      59.00      66.00      53.00      40.00      47.00      57.00
      56.00      61.00      63.00      60.00      53.00      52.00      47.00      42.00      43.00      42.00
      44.00      48.00      50.00      51.00      47.00      46.00      50.00      52.00      57.00      56.00
      54.00      64.00      66.00      51.00      43.00      37.00      29.00      23.00      26.00      25.00
      21.00      25.00      37.00      46.00      44.00      31.00      19.00      13.00      14.00      15.00
      13.00      17.00      21.00
      54.00      40.00      43.00      50.00      58.00      60.00      39.00      23.00      34.00      59.00
      60.00      44.00      41.00      34.00      42.00      58.00      35.00      28.00      23.00      25.00
      26.00      30.00      33.00      32.00      44.00      56.00      64.00      60.00      61.00      68.00
      65.00      69.00      56.00      49.00      44.00      45.00      40.00      28.00      30.00      44.00
      57.00      56.00      52.00      49.00      41.00      39.00      49.00      57.00      58.00      56.00
      59.00      70.00      67.00      48.00      39.00      43.00      41.00      32.00      34.00      33.00
      30.00      35.00      45.00      49.00      41.00      31.00      30.00      29.00      22.00      14.00
      15.00      24.00      32.00
      63.00      54.00      55.00      56.00      59.00      66.00      52.00      33.00      38.00      49.00
      55.00      57.00      56.00      59.00      79.00      59.00      40.00      24.00      19.00      21.00
      22.00      26.00      35.00      35.00      42.00      51.00      65.00      63.00      50.00      57.00
      66.00      59.00      53.00      49.00      44.00      50.00      55.00      46.00      33.00      38.00
      53.00      56.00      60.00      65.00      60.00      50.00      53.00      64.00      64.00      66.00
      71.00      72.00      63.00      49.00      46.00      57.00      59.00      49.00      47.00      45.00
      43.00      49.00      58.00      55.00      40.00      33.00      37.00      39.00      32.00      25.00
      30.00      41.00      46.00
      68.00      63.00      56.00      47.00      41.00      42.00      46.00      45.00      48.00      51.00
      51.00      57.00      61.00      65.00      87.00      67.00      44.00      19.00      21.00      30.00
      32.00      30.00      36.00      42.00      45.00      48.00      54.00      52.00      39.00      38.00
      51.00      61.00      64.00      55.00      46.00      49.00      63.00      69.00      55.00      47.00
      54.00      60.00      67.00      78.00      83.00      62.00      50.00      58.00      60.00      62.00
      62.00      64.00      67.00      66.00      62.00      61.00      58.00      57.00      61.00      59.00
      56.00      55.00      54.00      46.00      35.00      35.00      34.00      33.00      35.00      35.00
      42.00      52.00      50.00
      48.00      53.00      45.00      36.00      34.00      34.00      47.00      58.00      59.00      55.00
      48.00      46.00      52.00      57.00      56.00      50.00      33.00      38.00      43.00      44.00
      42.00      38.00      42.00      46.00      42.00      43.00      50.00      54.00      51.00      42.00
      40.00      49.00      56.00      51.00      46.00      45.00      55.00      72.00      76.00      70.00
      71.00      75.00      76.00      80.00      86.00      72.00      56.00      57.00      50.00      46.00
      50.00      54.00      63.00      68.00      64.00      54.00      49.00      53.00      59.00      60.00
      58.00      48.00      38.00      32.00      31.00      33.00      29.00      28.00      35.00      39.00
      45.00      51.00      44.00
      21.00      29.00      28.00      29.00      41.00      44.00      49.00      54.00      51.00      47.00
      39.00      32.00      23.00      38.00      48.00      44.00      48.00      52.00      54.00      55.00
      52.00      45.00      46.00      46.00      41.00      45.00      53.00      59.00      63.00      60.00
      55.00      53.00      50.00      51.00      54.00      50.00      49.00      64.00      82.00      86.00
      86.00      92.00      85.00      79.00      83.00      79.00      65.00      61.00      51.00      43.00
      44.00      45.00      48.00      54.00      50.00      38.00      33.00      38.00      47.00      50.00
      48.00      44.00      37.00      31.00      30.00      28.00      26.00      24.00      30.00      38.00
      44.00      44.00      37.00
       9.00      14.00      19.00      26.00      39.00      46.00      40.00      34.00      30.00      33.00
      32.00      27.00      17.00      29.00      53.00      58.00      62.00      63.00      54.00      52.00
      55.00      52.00      47.00      46.00      44.00      39.00      43.00      53.00      56.00      56.00
      63.00      67.00      53.00      59.00      77.00      66.00      50.00      55.00      71.00      86.00
      87.00      80.00      67.00      65.00      76.00      76.00      68.00      60.00      47.00      39.00
      39.00      43.00      48.00      53.00      46.00      30.00      24.00      28.00      37.00      42.00
      43.00      44.00      44.00      39.00      32.00      27.00      28.00      26.00      29.00      38.00
      42.00      41.00      34.00
