diamond 4 20年06月25日20时250百帕高度场
20 06 25  20  250 
2.500 -2.500  .0  180.0   90.0  .0
73  37
    1033.40    1033.40    1033.40    1033.40    1033.40    1033.40    1033.40    1033.40    1033.40    1033.40
    1033.40    1033.40    1033.40    1033.40    1033.40    1033.40    1033.40    1033.40    1033.40    1033.40
    1033.40    1033.40    1033.40    1033.40    1033.40    1033.40    1033.40    1033.40    1033.40    1033.40
    1033.40    1033.40    1033.40    1033.40    1033.40    1033.40    1033.40    1033.40    1033.40    1033.40
    1033.40    1033.40    1033.40    1033.40    1033.40    1033.40    1033.40    1033.40    1033.40    1033.40
    1033.40    1033.40    1033.40    1033.40    1033.40    1033.40    1033.40    1033.40    1033.40    1033.40
    1033.40    1033.40    1033.40    1033.40    1033.40    1033.40    1033.40    1033.40    1033.40    1033.40
    1033.40    1033.40    1033.40
    1035.50    1035.40    1035.30    1035.20    1035.20    1035.10    1035.00    1034.90    1034.80    1034.70
    1034.60    1034.60    1034.50    1034.40    1034.30    1034.20    1034.10    1034.00    1033.90    1033.80
    1033.70    1033.70    1033.60    1033.50    1033.40    1033.30    1033.30    1033.20    1033.10    1033.00
    1032.90    1032.90    1032.80    1032.70    1032.60    1032.50    1032.50    1032.40    1032.30    1032.20
    1032.10    1032.00    1031.80    1031.70    1031.60    1031.50    1031.30    1031.20    1031.00    1030.90
    1030.70    1030.50    1030.30    1030.20    1030.00    1029.80    1029.60    1029.40    1029.20    1029.10
    1028.90    1028.70    1028.50    1028.40    1028.20    1028.10    1028.00    1027.80    1027.70    1027.60
    1027.50    1027.50    1027.40
    1034.70    1034.60    1034.50    1034.40    1034.30    1034.20    1034.20    1034.00    1033.90    1033.80
    1033.70    1033.50    1033.40    1033.20    1033.00    1032.90    1032.70    1032.50    1032.40    1032.20
    1032.00    1031.90    1031.80    1031.70    1031.60    1031.50    1031.40    1031.40    1031.40    1031.40
    1031.40    1031.50    1031.50    1031.60    1031.60    1031.70    1031.70    1031.80    1031.80    1031.80
    1031.80    1031.70    1031.60    1031.50    1031.30    1031.00    1030.80    1030.40    1030.10    1029.60
    1029.20    1028.70    1028.10    1027.60    1027.00    1026.40    1025.70    1025.10    1024.40    1023.80
    1023.10    1022.50    1021.90    1021.30    1020.80    1020.30    1019.80    1019.30    1018.90    1018.60
    1018.30    1018.00    1017.80
    1032.10    1032.30    1032.50    1032.60    1032.80    1032.90    1033.00    1033.10    1033.10    1033.10
    1033.10    1033.00    1032.80    1032.70    1032.40    1032.20    1031.90    1031.60    1031.30    1030.90
    1030.60    1030.30    1030.10    1029.80    1029.70    1029.60    1029.50    1029.60    1029.70    1029.90
    1030.20    1030.50    1030.90    1031.40    1031.80    1032.30    1032.80    1033.30    1033.70    1034.00
    1034.30    1034.50    1034.60    1034.60    1034.50    1034.20    1033.80    1033.30    1032.60    1031.80
    1030.90    1029.90    1028.80    1027.60    1026.30    1025.00    1023.60    1022.20    1020.80    1019.40
    1018.10    1016.70    1015.50    1014.30    1013.10    1012.10    1011.10    1010.30    1009.50    1008.90
    1008.30    1007.90    1007.60
    1028.70    1029.30    1029.80    1030.30    1030.80    1031.30    1031.70    1032.20    1032.50    1032.90
    1033.10    1033.20    1033.30    1033.20    1033.10    1032.80    1032.40    1032.00    1031.40    1030.80
    1030.20    1029.60    1029.00    1028.50    1028.10    1027.80    1027.70    1027.80    1028.00    1028.40
    1029.00    1029.70    1030.60    1031.70    1032.80    1033.90    1035.10    1036.20    1037.30    1038.20
    1039.10    1039.80    1040.30    1040.60    1040.60    1040.50    1040.00    1039.40    1038.50    1037.40
    1036.10    1034.60    1032.90    1031.10    1029.20    1027.10    1025.00    1022.80    1020.60    1018.50
    1016.30    1014.20    1012.20    1010.40    1008.60    1007.00    1005.60    1004.30    1003.20    1002.30
    1001.50    1001.00    1000.70
    1025.50    1026.20    1026.90    1027.60    1028.40    1029.10    1029.90    1030.70    1031.50    1032.30
    1033.00    1033.60    1034.00    1034.30    1034.30    1034.10    1033.70    1033.10    1032.30    1031.30
    1030.20    1029.10    1028.00    1027.00    1026.20    1025.50    1025.20    1025.10    1025.40    1025.90
    1026.80    1028.00    1029.40    1031.00    1032.80    1034.70    1036.60    1038.50    1040.30    1042.00
    1043.50    1044.70    1045.70    1046.40    1046.90    1047.00    1046.70    1046.20    1045.40    1044.30
    1042.90    1041.20    1039.30    1037.20    1035.00    1032.60    1030.10    1027.50    1024.80    1022.20
    1019.50    1016.90    1014.40    1012.00    1009.70    1007.50    1005.50    1003.70    1002.20    1000.90
     999.80     999.00     998.50
    1023.70    1024.40    1025.10    1025.90    1026.80    1027.90    1029.00    1030.20    1031.50    1032.70
    1033.90    1034.90    1035.70    1036.20    1036.30    1036.10    1035.40    1034.40    1033.10    1031.60
    1029.90    1028.10    1026.40    1024.80    1023.50    1022.50    1021.90    1021.70    1022.00    1022.80
    1023.90    1025.50    1027.40    1029.50    1031.90    1034.40    1036.90    1039.50    1041.90    1044.10
    1046.20    1047.90    1049.40    1050.50    1051.30    1051.80    1051.90    1051.70    1051.20    1050.40
    1049.30    1047.90    1046.30    1044.40    1042.40    1040.10    1037.80    1035.20    1032.60    1029.90
    1027.20    1024.40    1021.50    1018.70    1016.00    1013.30    1010.70    1008.30    1006.00    1004.00
    1002.40    1001.00    1000.00
    1024.60    1025.70    1026.80    1028.00    1029.40    1030.80    1032.40    1034.00    1035.60    1037.10
    1038.40    1039.50    1040.10    1040.20    1039.90    1039.00    1037.70    1035.90    1033.70    1031.30
    1028.80    1026.40    1024.10    1022.10    1020.60    1019.50    1018.90    1018.90    1019.40    1020.40
    1021.90    1023.80    1026.10    1028.60    1031.40    1034.30    1037.20    1040.20    1043.00    1045.70
    1048.00    1050.10    1051.80    1053.10    1054.10    1054.80    1055.30    1055.40    1055.40    1055.00
    1054.50    1053.70    1052.60    1051.30    1049.80    1048.00    1046.10    1043.90    1041.70    1039.20
    1036.70    1034.00    1031.20    1028.30    1025.20    1022.10    1018.90    1015.80    1012.70    1009.90
    1007.40    1005.20    1003.40
    1029.70    1031.70    1033.80    1035.90    1038.00    1040.00    1042.00    1043.90    1045.50    1046.80
    1047.70    1048.00    1047.70    1046.80    1045.20    1043.10    1040.40    1037.40    1034.10    1030.70
    1027.50    1024.50    1022.00    1020.00    1018.50    1017.70    1017.60    1017.90    1018.80    1020.10
    1021.80    1023.90    1026.20    1028.90    1031.90    1035.00    1038.30    1041.60    1044.70    1047.60
    1050.00    1052.00    1053.50    1054.70    1055.50    1056.00    1056.50    1056.90    1057.20    1057.50
    1057.60    1057.50    1057.20    1056.50    1055.60    1054.30    1052.80    1051.20    1049.30    1047.30
    1045.20    1042.90    1040.40    1037.60    1034.60    1031.30    1027.80    1024.10    1020.40    1016.80
    1013.50    1010.40    1007.90
    1038.90    1042.00    1045.10    1047.90    1050.60    1052.90    1055.00    1056.70    1058.00    1058.70
    1058.70    1058.10    1056.60    1054.40    1051.40    1047.80    1043.80    1039.50    1035.10    1030.90
    1027.00    1023.70    1021.00    1019.10    1017.90    1017.50    1017.60    1018.40    1019.50    1020.90
    1022.60    1024.50    1026.70    1029.30    1032.40    1035.80    1039.40    1043.10    1046.60    1049.60
    1051.90    1053.50    1054.30    1054.60    1054.60    1054.50    1054.60    1055.00    1055.60    1056.50
    1057.30    1058.10    1058.50    1058.50    1058.10    1057.30    1056.20    1054.90    1053.60    1052.20
    1050.70    1049.00    1047.10    1044.80    1042.20    1039.00    1035.40    1031.50    1027.30    1023.10
    1019.10    1015.30    1012.10
    1049.70    1053.40    1056.70    1059.60    1062.10    1064.20    1065.90    1067.20    1068.00    1068.20
    1067.80    1066.50    1064.30    1061.30    1057.50    1053.00    1048.10    1042.80    1037.60    1032.70
    1028.20    1024.40    1021.30    1019.20    1018.00    1017.60    1017.90    1018.70    1019.90    1021.30
    1022.90    1024.60    1026.60    1029.20    1032.30    1036.10    1040.20    1044.50    1048.40    1051.50
    1053.50    1054.20    1053.90    1052.80    1051.40    1050.20    1049.70    1049.80    1050.70    1052.00
    1053.50    1054.90    1055.90    1056.40    1056.40    1055.90    1055.20    1054.40    1053.70    1053.10
    1052.40    1051.70    1050.60    1049.00    1046.80    1043.90    1040.30    1036.20    1031.70    1027.00
    1022.40    1018.10    1014.30
    1058.50    1061.90    1064.80    1067.20    1069.20    1070.90    1072.20    1073.20    1073.80    1074.00
    1073.40    1072.10    1070.00    1066.90    1062.90    1058.10    1052.60    1046.80    1040.90    1035.10
    1029.80    1025.20    1021.50    1018.90    1017.30    1016.90    1017.40    1018.60    1020.20    1022.00
    1023.80    1025.60    1027.70    1030.20    1033.50    1037.60    1042.10    1046.80    1050.90    1053.80
    1055.10    1054.80    1053.10    1050.50    1047.80    1045.60    1044.40    1044.20    1045.10    1046.70
    1048.40    1049.90    1051.00    1051.40    1051.40    1051.10    1050.80    1050.60    1050.70    1051.00
    1051.40    1051.50    1051.20    1050.20    1048.40    1045.60    1041.90    1037.60    1032.70    1027.70
    1022.80    1018.30    1014.40
    1063.70    1066.60    1069.00    1071.00    1072.70    1074.10    1075.30    1076.20    1076.90    1077.10
    1076.70    1075.70    1073.70    1070.80    1066.90    1062.00    1056.30    1049.90    1043.20    1036.60
    1030.40    1025.10    1020.90    1018.00    1016.50    1016.40    1017.70    1019.90    1022.70    1025.60
    1028.20    1030.60    1032.80    1035.30    1038.40    1042.30    1046.70    1051.10    1054.80    1057.10
    1057.60    1056.20    1053.40    1049.90    1046.50    1043.80    1042.20    1041.90    1042.60    1043.80
    1045.00    1045.90    1046.30    1046.20    1045.90    1045.60    1045.70    1046.30    1047.20    1048.40
    1049.50    1050.30    1050.40    1049.60    1047.80    1045.00    1041.20    1036.70    1031.80    1026.90
    1022.20    1018.10    1014.80
    1066.50    1069.20    1071.30    1072.90    1074.20    1075.30    1076.30    1077.20    1078.00    1078.40
    1078.30    1077.40    1075.70    1073.00    1069.20    1064.30    1058.40    1051.70    1044.50    1037.50
    1031.00    1025.60    1021.50    1019.10    1018.30    1019.10    1021.60    1025.20    1029.40    1033.60
    1037.10    1039.80    1042.00    1044.00    1046.30    1049.40    1053.00    1056.50    1059.30    1060.80
    1060.50    1058.60    1055.50    1052.00    1048.70    1046.20    1044.80    1044.30    1044.60    1045.00
    1045.30    1045.10    1044.50    1043.70    1043.00    1042.80    1043.20    1044.40    1045.90    1047.50
    1048.80    1049.50    1049.40    1048.50    1046.60    1043.80    1040.20    1036.00    1031.50    1027.10
    1023.30    1020.20    1018.00
    1069.20    1071.60    1073.10    1073.70    1073.70    1073.70    1074.00    1074.80    1076.00    1077.20
    1077.70    1077.30    1075.90    1073.50    1070.00    1065.40    1059.90    1053.40    1046.60    1039.90
    1034.10    1029.60    1026.60    1025.20    1025.40    1027.20    1030.40    1034.80    1039.60    1044.20
    1047.70    1050.00    1051.20    1052.10    1053.30    1055.20    1057.80    1060.30    1062.30    1063.10
    1062.60    1060.80    1058.40    1055.70    1053.30    1051.40    1050.30    1049.80    1049.70    1049.50
    1049.00    1048.10    1046.80    1045.50    1044.50    1044.30    1045.00    1046.30    1048.00    1049.40
    1050.20    1050.20    1049.30    1047.90    1045.90    1043.50    1040.50    1037.10    1033.40    1029.90
    1027.00    1024.90    1023.60
    1072.10    1074.00    1074.20    1072.80    1070.50    1068.60    1067.90    1068.90    1071.20    1073.80
    1075.60    1076.20    1075.30    1073.10    1070.10    1066.20    1061.50    1056.10    1050.40    1045.10
    1040.90    1038.10    1036.60    1036.30    1037.10    1038.90    1041.80    1045.70    1049.90    1053.50
    1055.90    1056.80    1056.70    1056.30    1056.40    1057.50    1059.20    1061.20    1062.60    1063.20
    1062.90    1061.80    1060.40    1058.90    1057.50    1056.40    1055.70    1055.40    1055.40    1055.30
    1054.90    1054.10    1052.80    1051.40    1050.30    1049.90    1050.30    1051.40    1052.60    1053.40
    1053.30    1052.20    1050.30    1048.10    1045.90    1043.80    1041.60    1039.20    1036.50    1033.80
    1031.50    1029.90    1028.90
    1074.20    1075.70    1074.50    1071.10    1066.70    1063.10    1062.00    1063.60    1067.20    1071.20
    1074.30    1075.40    1074.80    1072.90    1070.30    1067.30    1063.70    1059.70    1055.60    1052.10
    1049.70    1048.50    1048.30    1048.60    1049.20    1050.10    1051.90    1054.40    1057.20    1059.40
    1060.30    1059.90    1058.50    1057.30    1056.90    1057.70    1059.20    1060.70    1061.80    1062.20
    1062.00    1061.40    1060.70    1059.90    1059.10    1058.40    1058.20    1058.50    1059.40    1060.40
    1061.10    1061.30    1060.70    1059.60    1058.50    1057.80    1057.70    1058.20    1058.70    1058.70
    1057.70    1055.50    1052.40    1049.10    1046.00    1043.50    1041.50    1039.60    1037.60    1035.60
    1034.00    1032.80    1032.10
    1074.90    1076.50    1075.00    1070.90    1066.10    1062.60    1061.70    1063.70    1067.60    1071.70
    1074.60    1075.60    1074.90    1073.40    1071.50    1069.60    1067.40    1064.80    1062.10    1060.00
    1058.90    1058.80    1059.00    1059.10    1058.90    1058.70    1059.10    1060.30    1061.90    1063.10
    1063.00    1061.80    1060.10    1058.80    1058.60    1059.50    1060.90    1062.00    1062.50    1062.30
    1061.90    1061.30    1060.60    1059.70    1058.60    1057.80    1057.70    1058.60    1060.50    1063.10
    1065.60    1067.40    1068.30    1068.20    1067.60    1066.80    1066.40    1066.20    1066.10    1065.60
    1064.00    1061.00    1056.60    1051.60    1046.70    1042.50    1039.10    1036.70    1034.90    1033.90
    1033.50    1033.70    1034.10
    1075.20    1077.00    1076.00    1073.10    1070.00    1068.00    1067.80    1069.40    1071.70    1073.90
    1075.30    1075.80    1075.70    1075.50    1075.30    1075.10    1074.40    1073.10    1071.50    1070.10
    1069.50    1069.50    1069.50    1068.80    1067.60    1066.40    1065.90    1066.30    1067.10    1067.50
    1066.80    1065.30    1063.80    1062.90    1063.20    1064.30    1065.50    1066.20    1066.30    1065.80
    1065.10    1064.20    1063.10    1061.40    1059.30    1057.40    1056.40    1057.10    1059.40    1063.20
    1067.40    1071.30    1074.30    1076.00    1076.70    1076.70    1076.40    1076.00    1075.50    1074.60
    1072.60    1069.10    1063.90    1057.30    1050.10    1043.30    1037.70    1033.80    1031.70    1031.50
    1032.80    1035.20    1037.70
    1076.10    1077.40    1077.10    1076.10    1075.30    1075.30    1075.60    1075.70    1075.40    1075.10
    1075.30    1076.30    1078.10    1080.40    1082.60    1084.30    1085.10    1084.90    1084.10    1083.20
    1082.60    1082.20    1081.60    1080.30    1078.40    1076.60    1075.50    1075.10    1075.00    1074.40
    1073.00    1071.10    1069.50    1068.80    1069.20    1070.40    1071.60    1072.50    1072.90    1072.80
    1072.40    1071.70    1070.20    1067.70    1064.30    1060.60    1057.90    1057.10    1058.80    1063.00
    1068.70    1074.60    1079.80    1083.70    1086.00    1087.10    1087.20    1086.80    1086.00    1084.80
    1082.70    1079.20    1073.80    1066.50    1058.20    1049.70    1042.30    1037.00    1034.40    1034.70
    1037.30    1041.30    1045.50
    1078.10    1078.50    1078.10    1078.20    1079.10    1080.20    1080.40    1079.20    1077.20    1075.80
    1076.40    1079.30    1083.60    1088.20    1092.20    1095.00    1096.60    1097.10    1097.00    1096.60
    1096.10    1095.50    1094.60    1093.10    1091.20    1089.40    1087.80    1086.60    1085.30    1083.50
    1081.10    1078.50    1076.40    1075.30    1075.40    1076.30    1077.80    1079.40    1080.70    1081.70
    1082.20    1081.90    1080.50    1077.60    1073.40    1068.30    1063.80    1061.30    1062.10    1066.30
    1072.90    1080.30    1086.90    1091.80    1094.90    1096.40    1096.70    1096.20    1095.20    1093.80
    1091.80    1088.80    1084.10    1077.80    1070.20    1062.20    1055.00    1049.60    1046.90    1047.10
    1049.70    1053.70    1057.80
    1081.50    1080.80    1080.00    1080.10    1081.30    1082.50    1082.60    1081.20    1079.50    1079.20
    1081.60    1086.40    1092.10    1097.20    1100.90    1103.30    1104.80    1105.70    1106.20    1106.20
    1106.00    1105.60    1104.90    1103.90    1102.40    1100.90    1099.20    1097.50    1095.40    1092.90
    1090.00    1087.10    1084.50    1082.80    1082.20    1082.80    1084.40    1086.70    1088.90    1090.60
    1091.50    1091.40    1090.20    1087.60    1083.60    1078.40    1073.40    1070.30    1070.60    1074.80
    1081.70    1089.20    1095.40    1099.40    1101.50    1102.30    1102.40    1101.90    1100.90    1099.60
    1097.90    1095.60    1092.30    1087.90    1082.60    1076.90    1071.70    1067.70    1065.50    1065.40
    1067.10    1069.60    1072.00
    1085.50    1084.40    1083.30    1083.10    1083.90    1084.80    1085.00    1084.60    1084.70    1086.50
    1090.40    1095.70    1100.80    1104.40    1106.60    1107.80    1108.80    1109.80    1110.40    1110.70
    1110.70    1110.60    1110.40    1109.80    1109.00    1107.80    1106.30    1104.70    1102.80    1100.70
    1098.30    1095.80    1093.40    1091.40    1090.50    1090.80    1092.30    1094.50    1096.60    1098.00
    1098.50    1098.10    1096.90    1094.90    1091.90    1088.00    1084.10    1081.80    1082.50    1086.50
    1092.50    1098.40    1102.50    1104.20    1104.50    1104.20    1103.90    1103.50    1102.90    1102.00
    1100.80    1099.20    1097.30    1094.70    1091.80    1088.60    1085.70    1083.40    1082.00    1081.70
    1082.30    1083.20    1084.00
    1089.20    1088.30    1087.40    1087.20    1087.70    1088.50    1089.30    1090.30    1092.00    1095.00
    1099.20    1103.40    1106.70    1108.50    1109.40    1110.00    1110.70    1111.40    1111.90    1112.00
    1112.00    1112.00    1112.00    1111.80    1111.20    1110.30    1109.20    1108.00    1106.90    1105.80
    1104.40    1102.80    1101.10    1099.60    1098.90    1099.20    1100.40    1101.80    1103.00    1103.50
    1103.20    1102.40    1101.20    1099.80    1097.90    1095.80    1093.70    1092.80    1093.80    1096.90
    1101.00    1104.20    1105.50    1105.10    1104.00    1103.30    1103.10    1103.00    1102.80    1102.30
    1101.70    1101.00    1099.90    1098.50    1096.90    1095.10    1093.60    1092.30    1091.40    1091.00
    1091.00    1091.20    1091.50
    1092.30    1091.40    1091.00    1091.10    1091.90    1093.10    1094.60    1096.40    1098.70    1101.60
    1104.60    1107.20    1108.90    1109.90    1110.60    1111.30    1111.90    1112.30    1112.40    1112.10
    1112.00    1112.10    1112.20    1112.10    1111.60    1110.80    1110.10    1109.50    1109.00    1108.50
    1107.80    1106.90    1106.00    1105.30    1105.20    1105.70    1106.40    1106.80    1106.90    1106.70
    1106.30    1105.60    1104.60    1103.40    1102.30    1101.30    1100.70    1100.60    1101.50    1103.10
    1104.80    1105.50    1104.90    1103.50    1102.50    1102.20    1102.30    1102.40    1102.30    1102.10
    1101.90    1101.70    1101.00    1100.00    1098.70    1097.50    1096.50    1095.60    1094.90    1094.40
    1094.30    1094.70    1095.40
    1094.80    1094.10    1094.00    1094.70    1095.90    1097.50    1099.30    1101.20    1103.20    1105.20
    1106.80    1108.10    1109.10    1109.90    1110.70    1111.40    1111.90    1111.90    1111.60    1111.30
    1111.30    1111.50    1111.80    1111.70    1111.40    1111.00    1110.60    1110.30    1110.00    1109.60
    1109.20    1108.60    1108.20    1108.30    1108.70    1109.20    1109.30    1108.90    1108.30    1108.00
    1108.00    1107.90    1107.20    1106.00    1105.00    1104.40    1104.30    1104.50    1104.70    1105.00
    1105.00    1104.40    1103.20    1102.10    1101.80    1102.10    1102.50    1102.50    1102.30    1102.10
    1101.90    1101.30    1100.30    1099.10    1098.20    1097.70    1097.50    1097.10    1096.60    1096.20
    1096.20    1096.90    1097.90
    1097.10    1096.80    1097.10    1098.00    1099.20    1100.60    1102.10    1103.70    1105.10    1106.30
    1107.20    1107.80    1108.40    1108.80    1109.30    1109.50    1109.60    1109.50    1109.40    1109.40
    1109.60    1110.00    1110.20    1110.30    1110.20    1110.20    1110.20    1110.10    1109.80    1109.40
    1109.20    1109.10    1109.20    1109.50    1109.90    1110.20    1109.90    1109.00    1108.30    1108.10
    1108.50    1108.70    1108.00    1106.80    1105.60    1105.00    1104.90    1104.90    1104.80    1104.60
    1104.20    1103.30    1102.30    1101.70    1102.00    1102.60    1102.90    1102.80    1102.50    1102.20
    1101.40    1099.80    1097.60    1096.00    1095.90    1096.80    1098.00    1098.50    1098.50    1098.30
    1098.40    1098.90    1099.70
    1099.10    1099.40    1099.90    1100.50    1101.10    1101.90    1102.80    1103.80    1104.70    1105.50
    1106.20    1106.70    1106.90    1106.80    1106.50    1106.20    1106.10    1106.30    1106.60    1107.10
    1107.40    1107.60    1107.70    1107.70    1107.80    1108.00    1108.20    1108.10    1107.80    1107.70
    1108.00    1108.60    1109.10    1109.40    1109.50    1109.30    1108.90    1108.20    1107.60    1107.40
    1107.60    1107.60    1106.80    1105.70    1104.60    1104.00    1103.80    1103.60    1103.60    1103.50
    1103.30    1102.60    1101.80    1101.40    1101.80    1102.50    1102.70    1102.60    1102.40    1102.10
    1100.70    1097.90    1094.70    1092.90    1093.60    1096.00    1098.50    1099.80    1100.00    1099.90
    1099.90    1100.00    1100.00
    1100.20    1100.80    1101.30    1101.40    1101.30    1101.50    1101.90    1102.50    1103.00    1103.60
    1104.30    1104.80    1104.70    1104.10    1103.40    1103.10    1103.20    1103.70    1104.40    1105.00
    1105.40    1105.30    1105.10    1104.80    1104.80    1105.00    1105.10    1104.90    1104.60    1104.70
    1105.60    1106.80    1107.70    1107.80    1107.50    1107.10    1106.80    1106.40    1106.00    1105.70
    1105.60    1105.20    1104.60    1103.90    1103.30    1102.80    1102.60    1102.40    1102.50    1102.80
    1102.60    1101.90    1100.90    1100.60    1101.10    1102.00    1102.30    1102.20    1102.10    1101.80
    1100.30    1097.20    1093.80    1092.30    1093.60    1096.60    1099.20    1100.50    1100.60    1100.50
    1100.40    1099.90    1099.10
    1100.40    1100.90    1101.10    1100.90    1100.70    1100.80    1101.00    1101.20    1101.30    1101.70
    1102.40    1102.80    1102.60    1101.90    1101.20    1101.10    1101.40    1102.00    1102.60    1103.20
    1103.40    1103.30    1102.80    1102.30    1102.00    1102.10    1102.20    1101.90    1101.50    1101.60
    1102.50    1103.90    1105.00    1105.10    1104.60    1104.20    1104.00    1103.90    1103.60    1103.10
    1102.80    1102.60    1102.50    1102.40    1102.30    1102.10    1102.00    1102.00    1102.30    1102.50
    1102.10    1101.10    1100.10    1099.90    1100.90    1102.00    1102.40    1102.20    1101.90    1101.70
    1100.70    1098.40    1095.90    1094.90    1096.20    1098.60    1100.40    1100.90    1100.80    1100.80
    1100.60    1099.80    1098.30
    1100.40    1100.50    1100.40    1100.20    1100.30    1100.70    1100.90    1100.80    1100.60    1100.80
    1101.40    1101.80    1101.40    1100.60    1100.10    1100.00    1100.20    1100.40    1100.80    1101.20
    1101.40    1101.20    1100.50    1099.80    1099.40    1099.50    1099.80    1099.80    1099.40    1099.20
    1099.80    1101.10    1102.10    1102.40    1102.10    1101.70    1101.60    1101.40    1101.00    1100.60
    1100.40    1100.60    1100.90    1101.20    1101.40    1101.60    1101.80    1102.10    1102.40    1102.40
    1101.70    1100.70    1100.00    1100.30    1101.50    1102.60    1102.90    1102.50    1102.10    1102.00
    1101.70    1100.60    1099.20    1098.80    1099.60    1100.80    1101.40    1101.30    1101.00    1101.10
    1101.00    1100.10    1098.50
    1100.30    1100.20    1100.10    1100.10    1100.50    1101.00    1101.10    1100.70    1100.20    1100.50
    1101.10    1101.40    1100.90    1100.00    1099.50    1099.30    1099.20    1099.10    1099.20    1099.50
    1099.60    1099.10    1098.30    1097.40    1097.00    1097.30    1097.90    1098.20    1098.00    1097.70
    1098.00    1099.00    1099.90    1100.30    1100.20    1100.20    1100.10    1099.90    1099.60    1099.30
    1099.30    1099.60    1099.90    1100.30    1100.50    1100.90    1101.30    1101.80    1102.10    1101.90
    1101.20    1100.60    1100.50    1101.20    1102.10    1102.90    1103.00    1102.70    1102.60    1102.70
    1102.70    1102.30    1101.70    1101.40    1101.60    1102.00    1101.90    1101.40    1101.10    1101.10
    1101.00    1100.30    1098.90
    1100.00    1100.00    1100.00    1100.30    1100.70    1101.10    1100.90    1100.30    1099.80    1100.00
    1100.60    1100.70    1100.10    1099.30    1098.90    1098.80    1098.50    1098.30    1098.40    1098.50
    1098.20    1097.40    1096.50    1095.80    1095.50    1095.70    1096.30    1096.80    1096.90    1096.70
    1096.80    1097.50    1098.20    1098.50    1098.70    1098.90    1099.10    1099.20    1099.10    1099.10
    1099.30    1099.50    1099.60    1099.70    1099.80    1100.10    1100.60    1101.00    1101.20    1100.90
    1100.50    1100.50    1100.90    1101.60    1102.10    1102.30    1102.40    1102.60    1102.80    1102.90
    1102.90    1102.60    1102.20    1102.10    1102.30    1102.30    1102.00    1101.40    1100.90    1100.70
    1100.40    1099.90    1099.00
    1099.50    1099.60    1099.80    1100.10    1100.30    1100.60    1100.50    1100.00    1099.60    1099.50
    1099.60    1099.40    1098.80    1098.40    1098.30    1098.20    1097.90    1097.60    1097.50    1097.40
    1096.90    1096.10    1095.60    1095.30    1095.10    1095.10    1095.30    1095.70    1096.00    1095.90
    1096.00    1096.20    1096.50    1096.70    1097.00    1097.50    1098.00    1098.30    1098.50    1098.80
    1099.20    1099.40    1099.40    1099.40    1099.50    1099.60    1099.80    1100.00    1100.20    1100.20
    1100.10    1100.30    1100.90    1101.40    1101.60    1101.60    1101.80    1102.10    1102.50    1102.50
    1102.20    1101.90    1101.70    1101.90    1102.30    1102.50    1102.10    1101.30    1100.60    1100.10
    1099.80    1099.60    1099.30
    1099.00    1099.20    1099.30    1099.40    1099.50    1099.90    1100.30    1100.20    1099.80    1099.30
    1098.80    1098.30    1097.80    1097.60    1097.70    1097.50    1096.90    1096.30    1096.10    1095.90
    1095.40    1095.00    1095.10    1095.30    1095.30    1094.90    1094.80    1095.10    1095.40    1095.30
    1095.10    1095.00    1095.10    1095.40    1095.90    1096.50    1097.00    1097.20    1097.30    1097.60
    1098.10    1098.60    1098.90    1099.10    1099.30    1099.20    1099.10    1099.20    1099.60    1099.90
    1100.10    1100.30    1100.70    1101.10    1101.20    1101.30    1101.50    1101.70    1101.90    1101.70
    1101.50    1101.30    1101.30    1101.80    1102.30    1102.40    1102.00    1101.00    1100.20    1099.70
    1099.70    1099.80    1099.90
    1098.70    1098.80    1098.80    1098.70    1098.70    1099.20    1099.90    1100.20    1099.80    1099.10
    1098.40    1097.70    1097.30    1097.20    1097.10    1096.60    1095.70    1095.10    1094.80    1094.60
    1094.30    1094.30    1094.70    1095.10    1095.00    1094.50    1094.30    1094.60    1094.80    1094.60
    1094.20    1094.10    1094.30    1094.90    1095.60    1096.30    1096.60    1096.50    1096.30    1096.40
    1096.80    1097.40    1098.00    1098.50    1098.70    1098.60    1098.40    1098.60    1099.20    1099.80
    1100.10    1100.10    1100.20    1100.50    1100.90    1101.10    1101.20    1101.20    1101.20    1101.20
    1101.20    1101.30    1101.40    1101.70    1101.90    1101.80    1101.30    1100.40    1099.80    1099.50
    1099.60    1100.00    1100.30
    1098.40    1098.60    1098.60    1098.40    1098.30    1098.60    1099.10    1099.40    1099.20    1098.70
    1098.10    1097.60    1097.20    1096.90    1096.60    1096.00    1095.30    1094.90    1094.80    1094.70
    1094.30    1094.10    1094.30    1094.50    1094.40    1094.00    1093.90    1094.10    1094.20    1093.90
    1093.50    1093.60    1094.10    1094.90    1095.70    1096.30    1096.50    1096.40    1096.10    1096.00
    1096.20    1096.50    1097.10    1097.70    1098.00    1097.90    1097.80    1098.10    1098.70    1099.30
    1099.50    1099.30    1099.30    1099.60    1100.10    1100.50    1100.60    1100.60    1100.70    1101.00
    1101.40    1101.60    1101.60    1101.40    1101.20    1100.90    1100.30    1099.80    1099.50    1099.40
    1099.40    1099.50    1099.80
