diamond 4 20年06月30日8时200百帕温度场
20 06 30  8  200 
2.500  -2.500  .0  180.0   90.0  .0
73  37
    -45.66    -45.66    -45.66    -45.66    -45.66    -45.66    -45.66    -45.66    -45.66    -45.66
    -45.66    -45.66    -45.66    -45.66    -45.66    -45.66    -45.66    -45.66    -45.66    -45.66
    -45.66    -45.66    -45.66    -45.66    -45.66    -45.66    -45.66    -45.66    -45.66    -45.66
    -45.66    -45.66    -45.66    -45.66    -45.66    -45.66    -45.66    -45.66    -45.66    -45.66
    -45.66    -45.66    -45.66    -45.66    -45.66    -45.66    -45.66    -45.66    -45.66    -45.66
    -45.66    -45.66    -45.66    -45.66    -45.66    -45.66    -45.66    -45.66    -45.66    -45.66
    -45.66    -45.66    -45.66    -45.66    -45.66    -45.66    -45.66    -45.66    -45.66    -45.66
    -45.66    -45.66    -45.66
    -45.76    -45.66    -45.56    -45.46    -45.36    -45.26    -45.16    -45.06    -44.96    -44.86
    -44.76    -44.66    -44.56    -44.46    -44.36    -44.26    -44.26    -44.16    -44.06    -43.96
    -43.86    -43.86    -43.76    -43.66    -43.66    -43.56    -43.46    -43.46    -43.36    -43.36
    -43.26    -43.26    -43.16    -43.16    -43.06    -43.06    -43.06    -42.96    -42.96    -42.96
    -42.86    -42.86    -42.86    -42.86    -42.86    -42.86    -42.86    -42.86    -42.86    -42.86
    -42.96    -42.96    -42.96    -43.06    -43.06    -43.16    -43.16    -43.26    -43.36    -43.36
    -43.46    -43.56    -43.66    -43.76    -43.86    -43.96    -44.16    -44.26    -44.36    -44.56
    -44.66    -44.86    -44.96
    -45.36    -45.16    -44.96    -44.86    -44.66    -44.56    -44.46    -44.36    -44.26    -44.16
    -44.16    -44.06    -44.06    -44.06    -44.06    -44.06    -44.06    -44.06    -44.06    -44.06
    -44.06    -44.06    -44.06    -43.96    -43.96    -43.96    -43.86    -43.86    -43.76    -43.76
    -43.66    -43.66    -43.56    -43.46    -43.46    -43.36    -43.36    -43.26    -43.26    -43.16
    -43.16    -43.16    -43.06    -43.06    -42.96    -42.96    -42.96    -42.86    -42.86    -42.76
    -42.76    -42.66    -42.66    -42.66    -42.56    -42.56    -42.56    -42.56    -42.56    -42.56
    -42.66    -42.66    -42.76    -42.86    -42.96    -43.06    -43.26    -43.36    -43.56    -43.76
    -43.96    -44.16    -44.46
    -44.86    -44.46    -44.16    -43.96    -43.76    -43.56    -43.46    -43.46    -43.46    -43.46
    -43.56    -43.76    -43.96    -44.16    -44.46    -44.66    -44.96    -45.26    -45.56    -45.76
    -46.06    -46.26    -46.36    -46.46    -46.56    -46.56    -46.66    -46.56    -46.56    -46.46
    -46.46    -46.36    -46.36    -46.26    -46.26    -46.26    -46.36    -46.36    -46.46    -46.46
    -46.56    -46.56    -46.66    -46.66    -46.66    -46.66    -46.56    -46.46    -46.36    -46.16
    -46.06    -45.76    -45.56    -45.26    -45.06    -44.76    -44.56    -44.26    -44.06    -43.86
    -43.76    -43.56    -43.56    -43.46    -43.56    -43.56    -43.66    -43.76    -43.96    -44.06
    -44.26    -44.46    -44.66
    -44.16    -43.66    -43.26    -42.86    -42.56    -42.26    -42.06    -41.96    -41.96    -42.06
    -42.36    -42.66    -43.06    -43.56    -44.06    -44.66    -45.36    -46.06    -46.66    -47.26
    -47.86    -48.26    -48.66    -48.86    -49.06    -49.06    -49.06    -48.96    -48.86    -48.66
    -48.56    -48.46    -48.46    -48.46    -48.56    -48.76    -49.06    -49.36    -49.76    -50.06
    -50.46    -50.76    -51.06    -51.26    -51.36    -51.46    -51.36    -51.26    -50.96    -50.66
    -50.26    -49.76    -49.26    -48.66    -48.16    -47.56    -46.96    -46.46    -45.96    -45.56
    -45.26    -44.96    -44.86    -44.76    -44.76    -44.76    -44.86    -45.06    -45.26    -45.36
    -45.56    -45.76    -45.96
    -42.76    -42.16    -41.66    -41.16    -40.76    -40.46    -40.16    -39.96    -39.86    -39.96
    -40.06    -40.36    -40.86    -41.46    -42.16    -43.06    -44.06    -45.06    -45.96    -46.86
    -47.66    -48.36    -48.76    -48.96    -49.06    -48.96    -48.66    -48.26    -47.96    -47.66
    -47.36    -47.36    -47.46    -47.66    -48.16    -48.76    -49.46    -50.26    -51.16    -51.96
    -52.66    -53.36    -53.86    -54.16    -54.36    -54.46    -54.36    -54.16    -53.76    -53.26
    -52.76    -52.06    -51.36    -50.56    -49.76    -49.06    -48.26    -47.56    -46.96    -46.46
    -46.06    -45.86    -45.66    -45.66    -45.76    -45.96    -46.16    -46.36    -46.66    -46.86
    -47.06    -47.26    -47.36
    -40.66    -40.16    -39.76    -39.46    -39.16    -38.96    -38.76    -38.56    -38.46    -38.46
    -38.56    -38.76    -39.16    -39.76    -40.46    -41.36    -42.26    -43.26    -44.26    -45.26
    -45.96    -46.56    -46.86    -46.86    -46.56    -46.16    -45.56    -44.86    -44.26    -43.86
    -43.66    -43.76    -44.16    -44.86    -45.96    -47.16    -48.56    -49.96    -51.36    -52.56
    -53.56    -54.36    -54.96    -55.26    -55.36    -55.36    -55.26    -54.96    -54.66    -54.26
    -53.66    -53.06    -52.36    -51.66    -50.86    -49.96    -49.16    -48.36    -47.76    -47.16
    -46.76    -46.56    -46.46    -46.36    -46.46    -46.56    -46.76    -46.96    -47.06    -47.16
    -47.26    -47.36    -47.36
    -40.46    -39.96    -39.66    -39.46    -39.36    -39.36    -39.36    -39.46    -39.56    -39.76
    -39.96    -40.26    -40.66    -41.06    -41.56    -42.06    -42.66    -43.16    -43.66    -44.06
    -44.46    -44.56    -44.46    -44.16    -43.66    -42.96    -42.16    -41.46    -40.76    -40.36
    -40.36    -40.76    -41.66    -42.96    -44.66    -46.56    -48.56    -50.46    -52.16    -53.56
    -54.66    -55.26    -55.66    -55.86    -55.86    -55.76    -55.76    -55.76    -55.76    -55.66
    -55.56    -55.16    -54.66    -53.86    -52.96    -51.86    -50.66    -49.56    -48.56    -47.86
    -47.26    -46.76    -46.56    -46.36    -46.26    -46.06    -45.86    -45.66    -45.36    -45.06
    -44.86    -44.66    -44.56
    -43.96    -43.36    -42.76    -42.46    -42.16    -42.16    -42.26    -42.56    -43.06    -43.66
    -44.36    -44.96    -45.46    -45.86    -45.96    -45.86    -45.56    -45.06    -44.66    -44.16
    -43.66    -43.26    -42.86    -42.36    -41.86    -41.36    -40.76    -40.16    -39.66    -39.46
    -39.56    -40.26    -41.36    -43.06    -45.06    -47.36    -49.66    -51.76    -53.66    -54.96
    -55.86    -56.36    -56.46    -56.46    -56.46    -56.56    -56.96    -57.46    -57.96    -58.56
    -58.86    -58.86    -58.26    -57.16    -55.66    -53.86    -51.86    -49.96    -48.26    -46.96
    -45.96    -45.36    -44.86    -44.46    -44.16    -43.66    -42.96    -42.26    -41.46    -40.76
    -40.16    -39.76    -39.66
    -49.26    -48.26    -47.36    -46.56    -45.96    -45.56    -45.66    -46.16    -47.06    -48.16
    -49.36    -50.46    -51.26    -51.56    -51.26    -50.36    -49.06    -47.46    -45.86    -44.36
    -43.16    -42.36    -41.86    -41.66    -41.56    -41.46    -41.16    -40.86    -40.56    -40.36
    -40.36    -40.86    -41.96    -43.56    -45.66    -48.06    -50.46    -52.76    -54.66    -56.06
    -56.86    -57.16    -57.16    -57.06    -56.96    -57.16    -57.76    -58.66    -59.76    -60.76
    -61.56    -61.66    -61.06    -59.56    -57.36    -54.66    -51.66    -48.86    -46.46    -44.66
    -43.36    -42.56    -42.06    -41.76    -41.26    -40.66    -39.86    -38.86    -37.86    -36.96
    -36.26    -35.86    -35.86
    -50.76    -49.86    -48.86    -47.86    -47.16    -46.86    -47.16    -48.06    -49.56    -51.26
    -53.16    -54.66    -55.66    -55.96    -55.26    -53.86    -51.76    -49.26    -46.76    -44.66
    -43.06    -42.06    -41.76    -41.86    -42.16    -42.26    -42.16    -41.76    -41.16    -40.46
    -40.06    -40.26    -41.16    -42.76    -45.06    -47.76    -50.56    -53.16    -55.36    -57.06
    -57.96    -58.26    -58.16    -57.66    -57.26    -57.06    -57.36    -58.16    -59.36    -60.66
    -61.66    -62.16    -61.76    -60.36    -58.06    -55.06    -51.76    -48.66    -45.96    -43.96
    -42.66    -41.96    -41.56    -41.36    -40.96    -40.46    -39.66    -38.76    -37.96    -37.16
    -36.66    -36.46    -36.56
    -46.16    -45.46    -44.86    -44.46    -44.46    -44.96    -46.16    -48.16    -50.56    -53.26
    -55.76    -57.66    -58.86    -58.96    -58.06    -56.26    -53.66    -50.76    -47.86    -45.36
    -43.46    -42.46    -42.26    -42.46    -42.86    -42.96    -42.46    -41.46    -40.16    -38.96
    -38.26    -38.36    -39.56    -41.76    -44.66    -47.96    -51.26    -54.36    -56.96    -58.76
    -59.86    -60.06    -59.76    -58.86    -57.76    -56.86    -56.46    -56.76    -57.66    -58.96
    -60.46    -61.56    -61.86    -61.06    -59.36    -56.86    -53.96    -51.36    -49.06    -47.46
    -46.46    -45.96    -45.66    -45.26    -44.86    -44.36    -43.76    -43.16    -42.66    -42.16
    -41.86    -41.66    -41.66
    -39.66    -39.16    -39.06    -39.36    -40.26    -41.96    -44.46    -47.66    -51.26    -54.76
    -57.86    -60.06    -61.26    -61.36    -60.26    -58.26    -55.56    -52.36    -49.06    -46.06
    -43.86    -42.56    -42.16    -42.36    -42.76    -42.76    -42.16    -40.96    -39.36    -38.06
    -37.66    -38.36    -40.36    -43.36    -46.96    -50.66    -54.16    -57.06    -59.26    -60.76
    -61.56    -61.56    -60.96    -59.76    -58.36    -57.06    -56.16    -56.06    -56.86    -58.26
    -59.86    -61.36    -62.16    -61.86    -60.66    -58.76    -56.66    -54.86    -53.56    -52.86
    -52.46    -52.26    -51.96    -51.46    -50.86    -50.26    -49.76    -49.36    -48.96    -48.76
    -48.46    -48.06    -47.86
    -38.36    -37.76    -37.66    -38.16    -39.36    -41.36    -44.26    -47.76    -51.66    -55.46
    -58.86    -61.26    -62.66    -62.76    -61.76    -59.76    -56.96    -53.46    -49.66    -46.06
    -43.16    -41.36    -40.86    -41.36    -42.36    -43.06    -43.16    -42.56    -41.66    -41.06
    -41.46    -43.06    -45.76    -49.16    -52.66    -55.76    -58.26    -60.06    -61.16    -61.66
    -61.66    -61.26    -60.36    -59.16    -57.96    -56.86    -56.26    -56.26    -57.06    -58.36
    -59.86    -61.06    -61.36    -60.76    -59.26    -57.46    -55.76    -54.86    -54.66    -55.16
    -55.86    -56.26    -56.06    -55.36    -54.46    -53.66    -53.16    -52.96    -52.86    -52.76
    -52.46    -51.96    -51.46
    -44.06    -43.36    -42.96    -43.06    -43.46    -44.46    -46.06    -48.36    -51.36    -54.76
    -57.96    -60.66    -62.26    -62.76    -61.96    -60.16    -57.46    -53.96    -49.96    -45.96
    -42.76    -40.96    -40.76    -42.06    -44.06    -46.16    -47.56    -48.06    -48.16    -48.46
    -49.46    -51.26    -53.76    -56.36    -58.66    -60.36    -61.36    -61.66    -61.66    -61.26
    -60.56    -59.46    -58.16    -56.96    -55.86    -55.36    -55.26    -55.76    -56.66    -57.76
    -58.56    -58.66    -57.96    -56.36    -54.16    -52.06    -50.66    -50.46    -51.56    -53.36
    -55.06    -55.96    -55.76    -54.66    -53.36    -52.36    -52.16    -52.36    -52.76    -52.96
    -52.86    -52.46    -52.16
    -51.96    -51.56    -51.16    -50.66    -50.16    -49.46    -49.06    -49.46    -50.86    -53.26
    -56.26    -58.96    -60.86    -61.46    -60.86    -59.26    -56.96    -54.06    -50.86    -47.66
    -45.26    -44.06    -44.66    -46.76    -49.66    -52.46    -54.56    -55.66    -56.16    -56.56
    -57.36    -58.46    -59.76    -60.76    -61.26    -61.26    -61.16    -61.06    -60.96    -60.56
    -59.56    -58.06    -56.16    -54.46    -53.36    -53.16    -53.66    -54.56    -55.56    -56.16
    -56.16    -55.36    -53.76    -51.56    -49.06    -46.96    -45.96    -46.46    -48.26    -50.56
    -52.56    -53.26    -52.56    -50.86    -49.16    -48.26    -48.36    -49.36    -50.56    -51.46
    -51.76    -51.86    -51.86
    -56.66    -56.56    -56.56    -56.26    -55.36    -53.86    -52.16    -51.06    -51.36    -52.96
    -55.46    -57.86    -59.26    -59.26    -58.26    -56.76    -55.06    -53.46    -51.96    -50.56
    -49.66    -49.76    -50.96    -53.26    -56.06    -58.56    -60.16    -60.96    -61.06    -61.06
    -61.16    -61.16    -60.76    -59.96    -58.86    -57.86    -57.56    -58.06    -58.86    -59.36
    -58.86    -57.36    -55.06    -53.06    -51.96    -52.06    -53.16    -54.56    -55.66    -55.96
    -55.46    -54.16    -52.46    -50.46    -48.46    -46.96    -46.26    -46.66    -48.06    -49.86
    -51.06    -50.96    -49.36    -47.06    -45.16    -44.46    -45.36    -47.16    -49.16    -50.56
    -51.26    -51.56    -51.86
    -57.46    -57.56    -57.86    -58.06    -57.56    -56.46    -54.86    -53.56    -53.16    -54.06
    -55.56    -56.86    -56.96    -55.86    -54.06    -52.26    -51.26    -50.86    -51.06    -51.36
    -51.86    -52.76    -53.96    -55.66    -57.36    -58.86    -59.76    -60.16    -60.26    -60.26
    -60.06    -59.36    -57.96    -55.96    -53.86    -52.36    -52.16    -53.36    -55.16    -56.76
    -57.06    -55.96    -54.06    -52.46    -51.96    -52.76    -54.56    -56.46    -57.76    -58.06
    -57.26    -56.06    -54.56    -53.26    -52.06    -51.06    -50.26    -49.96    -50.16    -50.66
    -50.76    -49.86    -47.86    -45.46    -43.76    -43.46    -44.86    -47.16    -49.26    -50.76
    -51.46    -51.76    -52.06
    -57.26    -57.16    -57.16    -57.36    -57.46    -57.26    -56.56    -55.66    -54.96    -54.76
    -54.76    -54.36    -52.96    -50.86    -48.66    -47.06    -46.56    -46.96    -47.86    -48.66
    -49.36    -49.96    -50.56    -51.16    -51.76    -52.46    -53.36    -54.26    -55.26    -56.16
    -56.46    -55.96    -54.46    -52.06    -49.66    -47.86    -47.66    -48.86    -50.96    -52.86
    -53.66    -53.36    -52.36    -51.76    -52.06    -53.46    -55.56    -57.46    -58.76    -58.86
    -58.16    -57.06    -56.06    -55.36    -54.96    -54.36    -53.56    -52.56    -51.76    -51.26
    -50.86    -50.06    -48.46    -46.66    -45.36    -45.36    -46.66    -48.56    -50.26    -51.16
    -51.56    -51.76    -51.96
    -57.66    -56.76    -55.96    -55.66    -55.96    -56.36    -56.46    -55.86    -54.76    -53.26
    -51.66    -49.86    -47.76    -45.66    -44.16    -43.56    -43.76    -44.36    -44.86    -45.06
    -45.06    -44.86    -44.46    -44.16    -44.16    -44.66    -46.06    -48.06    -50.26    -51.96
    -52.96    -52.86    -51.76    -49.96    -47.86    -46.26    -45.86    -46.66    -48.26    -49.76
    -50.76    -50.86    -50.66    -50.66    -51.06    -51.86    -52.96    -54.06    -54.66    -54.76
    -54.36    -53.66    -53.16    -53.16    -53.56    -53.86    -53.66    -52.86    -51.96    -51.46
    -51.36    -51.36    -50.76    -49.66    -48.66    -48.36    -49.06    -50.06    -50.96    -51.36
    -51.46    -51.76    -52.06
    -57.26    -55.76    -54.06    -52.96    -52.96    -53.46    -53.86    -53.36    -51.96    -49.86
    -47.56    -45.46    -43.76    -42.76    -42.56    -43.06    -43.76    -44.26    -44.26    -43.86
    -43.26    -42.76    -42.06    -41.36    -40.96    -41.36    -42.86    -45.16    -47.56    -49.36
    -50.26    -50.36    -49.76    -48.86    -47.66    -46.66    -46.26    -46.66    -47.66    -48.86
    -49.56    -49.86    -49.76    -49.56    -49.06    -48.46    -47.66    -47.16    -47.06    -47.26
    -47.36    -47.46    -47.66    -48.46    -49.86    -51.26    -52.16    -52.26    -51.86    -51.86
    -52.26    -52.96    -53.06    -52.46    -51.56    -50.96    -50.96    -51.26    -51.46    -51.56
    -51.76    -52.26    -52.66
    -55.56    -53.56    -51.36    -49.76    -49.26    -49.66    -49.96    -49.56    -48.36    -46.56
    -44.76    -43.36    -42.66    -42.66    -43.26    -44.16    -44.86    -45.16    -44.96    -44.66
    -44.46    -44.26    -44.06    -43.46    -43.06    -43.16    -44.16    -45.66    -47.06    -47.86
    -47.96    -47.96    -47.96    -47.86    -47.46    -46.96    -46.66    -46.96    -47.76    -48.56
    -49.16    -49.36    -49.26    -48.66    -47.46    -45.66    -43.66    -42.16    -41.66    -42.16
    -43.06    -43.76    -44.46    -45.66    -47.46    -49.56    -51.36    -52.16    -52.26    -52.26
    -52.76    -53.56    -53.96    -53.66    -52.96    -52.36    -52.16    -52.16    -52.16    -52.06
    -52.26    -52.76    -53.36
    -53.36    -51.36    -49.16    -47.66    -46.96    -46.86    -47.06    -46.76    -46.06    -45.06
    -44.26    -43.76    -43.76    -44.06    -44.46    -44.86    -45.16    -45.16    -45.16    -45.16
    -45.46    -45.96    -46.16    -46.06    -45.86    -45.96    -46.46    -47.06    -47.26    -46.96
    -46.46    -46.36    -46.56    -46.96    -46.86    -46.46    -46.16    -46.26    -46.96    -47.66
    -48.06    -48.26    -48.36    -48.06    -47.26    -45.66    -43.86    -42.46    -42.26    -42.96
    -44.16    -45.06    -45.66    -46.46    -47.86    -49.66    -51.36    -52.26    -52.36    -52.16
    -52.46    -53.06    -53.56    -53.56    -53.26    -52.96    -52.96    -52.96    -52.76    -52.46
    -52.36    -52.76    -53.26
    -52.06    -50.36    -48.76    -47.56    -46.96    -46.76    -46.66    -46.46    -46.16    -45.66
    -45.26    -45.16    -45.26    -45.36    -45.26    -45.06    -44.86    -44.76    -44.76    -44.86
    -45.16    -45.46    -45.86    -46.06    -46.36    -46.76    -47.26    -47.56    -47.26    -46.66
    -45.96    -45.86    -46.16    -46.56    -46.46    -45.96    -45.56    -45.56    -45.96    -46.36
    -46.76    -46.96    -47.36    -47.76    -47.96    -47.56    -46.66    -46.06    -46.06    -46.76
    -47.56    -48.16    -48.36    -48.56    -49.06    -50.16    -51.26    -51.86    -51.96    -51.86
    -52.06    -52.66    -53.16    -53.46    -53.46    -53.36    -53.36    -53.26    -52.96    -52.46
    -52.16    -52.26    -52.76
    -51.26    -50.06    -49.26    -48.76    -48.46    -48.16    -48.06    -47.96    -47.76    -47.26
    -46.76    -46.46    -46.36    -46.36    -46.16    -45.86    -45.56    -45.36    -45.26    -45.16
    -44.86    -44.66    -44.56    -44.86    -45.56    -46.36    -47.06    -47.36    -47.16    -46.66
    -46.26    -46.16    -46.36    -46.46    -46.46    -46.16    -45.96    -45.96    -46.06    -46.26
    -46.26    -46.36    -46.86    -47.56    -48.36    -48.66    -48.66    -48.56    -48.56    -48.76
    -49.16    -49.36    -49.46    -49.46    -49.66    -50.06    -50.76    -51.26    -51.66    -51.96
    -52.46    -53.16    -53.66    -53.96    -53.86    -53.56    -53.26    -53.06    -52.66    -52.36
    -52.16    -52.36    -52.86
    -50.26    -49.56    -49.36    -49.46    -49.56    -49.56    -49.56    -49.56    -49.36    -48.76
    -47.96    -47.36    -47.16    -47.36    -47.46    -47.36    -47.06    -46.76    -46.66    -46.36
    -45.86    -45.26    -44.96    -45.06    -45.66    -46.36    -46.86    -47.06    -47.06    -46.96
    -46.76    -46.56    -46.46    -46.46    -46.56    -46.76    -46.86    -46.86    -46.96    -46.76
    -46.56    -46.56    -46.76    -47.26    -47.86    -48.26    -48.46    -48.56    -48.56    -48.56
    -48.56    -48.66    -48.96    -49.26    -49.66    -50.06    -50.66    -51.36    -51.96    -52.56
    -53.26    -53.86    -54.26    -54.16    -53.86    -53.46    -53.06    -52.76    -52.66    -52.76
    -52.96    -53.26    -53.56
    -49.16    -48.86    -49.06    -49.56    -49.96    -50.06    -50.16    -50.16    -49.96    -49.36
    -48.66    -48.06    -47.96    -48.26    -48.56    -48.36    -47.96    -47.56    -47.36    -47.36
    -47.26    -46.96    -46.56    -46.56    -46.66    -46.86    -46.86    -46.76    -46.86    -47.06
    -47.16    -47.06    -46.76    -46.76    -46.86    -47.06    -47.16    -47.06    -46.86    -46.76
    -46.66    -46.66    -46.76    -46.96    -47.26    -47.56    -47.86    -48.26    -48.46    -48.36
    -48.26    -48.26    -48.76    -49.36    -50.06    -50.76    -51.46    -52.16    -52.76    -53.26
    -53.66    -54.06    -54.06    -53.86    -53.46    -53.16    -53.16    -53.16    -53.26    -53.56
    -53.86    -54.06    -54.16
    -48.66    -48.66    -49.06    -49.76    -50.36    -50.56    -50.36    -50.06    -49.66    -49.26
    -48.76    -48.46    -48.46    -48.66    -48.86    -48.56    -48.06    -47.56    -47.56    -47.96
    -48.26    -48.26    -48.06    -47.76    -47.46    -47.16    -46.86    -46.66    -46.86    -47.26
    -47.56    -47.56    -47.46    -47.46    -47.46    -47.36    -46.86    -46.36    -46.06    -46.16
    -46.46    -46.86    -47.16    -47.46    -47.66    -47.96    -48.36    -48.96    -49.46    -49.46
    -49.26    -49.16    -49.46    -50.16    -50.96    -51.76    -52.56    -53.16    -53.56    -53.66
    -53.86    -53.96    -53.76    -53.36    -53.06    -52.96    -53.36    -53.76    -53.96    -54.06
    -54.16    -54.06    -53.96
    -48.96    -49.06    -49.56    -50.26    -50.96    -51.26    -50.76    -50.06    -49.36    -49.06
    -48.96    -48.86    -48.76    -48.76    -48.86    -48.76    -48.46    -48.36    -48.46    -48.76
    -49.16    -49.26    -48.96    -48.56    -47.96    -47.46    -47.06    -47.06    -47.26    -47.56
    -47.86    -48.06    -48.16    -48.26    -48.36    -47.96    -47.16    -46.46    -46.26    -46.56
    -47.16    -47.76    -48.26    -48.66    -48.86    -49.06    -49.36    -49.96    -50.46    -50.56
    -50.26    -50.06    -50.16    -50.76    -51.56    -52.36    -53.26    -53.86    -54.06    -54.06
    -53.96    -53.96    -53.86    -53.36    -52.86    -52.76    -53.26    -53.96    -54.26    -54.26
    -53.96    -53.66    -53.56
    -49.76    -49.76    -49.96    -50.56    -51.36    -51.66    -51.26    -50.26    -49.46    -49.26
    -49.46    -49.46    -49.26    -49.06    -49.06    -49.36    -49.66    -49.96    -50.16    -50.26
    -50.26    -50.16    -49.86    -49.36    -48.76    -48.16    -47.86    -47.76    -47.96    -48.16
    -48.36    -48.46    -48.66    -48.86    -48.96    -48.76    -48.36    -48.06    -48.06    -48.36
    -48.76    -49.16    -49.56    -49.86    -50.06    -49.96    -49.96    -50.26    -50.66    -50.76
    -50.56    -50.36    -50.56    -51.16    -51.76    -52.46    -53.26    -53.86    -54.06    -53.96
    -53.86    -53.96    -53.96    -53.56    -52.86    -52.56    -52.86    -53.56    -54.16    -54.26
    -53.96    -53.66    -53.36
    -50.66    -50.56    -50.26    -50.46    -51.06    -51.56    -51.26    -50.46    -49.76    -49.86
    -50.26    -50.36    -50.06    -49.56    -49.46    -49.86    -50.56    -51.06    -51.36    -51.26
    -51.06    -50.86    -50.66    -50.36    -49.76    -49.06    -48.56    -48.56    -48.66    -48.86
    -48.96    -49.06    -49.06    -49.16    -49.26    -49.46    -49.76    -49.96    -50.16    -50.16
    -50.16    -50.16    -50.46    -50.66    -50.66    -50.36    -50.26    -50.46    -50.96    -51.16
    -51.06    -50.86    -51.16    -51.66    -52.06    -52.46    -52.96    -53.36    -53.56    -53.46
    -53.36    -53.36    -53.56    -53.36    -52.86    -52.46    -52.56    -53.16    -53.96    -54.26
    -54.16    -53.76    -53.46
    -51.76    -51.46    -50.96    -50.66    -50.86    -51.16    -51.06    -50.56    -50.26    -50.36
    -50.86    -50.96    -50.66    -50.06    -49.76    -49.96    -50.66    -51.26    -51.46    -51.36
    -51.16    -50.96    -50.96    -50.86    -50.36    -49.56    -48.96    -48.86    -49.06    -49.36
    -49.66    -49.76    -49.66    -49.46    -49.36    -49.66    -50.46    -51.16    -51.36    -51.16
    -50.76    -50.76    -50.96    -51.26    -51.16    -50.86    -50.96    -51.46    -52.16    -52.46
    -52.36    -52.06    -52.16    -52.46    -52.66    -52.66    -52.76    -52.96    -52.96    -52.86
    -52.76    -52.76    -52.86    -52.96    -52.96    -52.86    -52.86    -53.16    -53.56    -53.86
    -53.86    -53.56    -53.36
    -52.46    -52.26    -51.76    -51.26    -51.06    -51.16    -51.16    -50.96    -50.76    -50.76
    -51.06    -51.16    -50.96    -50.46    -50.16    -50.26    -50.66    -51.16    -51.36    -51.26
    -51.06    -50.76    -50.76    -50.86    -50.56    -49.86    -49.26    -48.96    -49.16    -49.46
    -49.76    -50.06    -49.96    -49.66    -49.56    -49.96    -50.76    -51.56    -51.76    -51.56
    -51.26    -51.36    -51.66    -51.86    -51.86    -51.66    -51.86    -52.46    -53.36    -53.76
    -53.56    -53.06    -52.86    -52.86    -52.96    -52.96    -52.86    -52.76    -52.76    -52.76
    -52.76    -52.56    -52.56    -52.66    -52.96    -53.16    -53.16    -53.06    -53.06    -53.06
    -52.96    -52.96    -52.96
    -52.56    -52.46    -52.16    -51.76    -51.46    -51.36    -51.46    -51.66    -51.56    -51.26
    -51.06    -51.06    -51.06    -50.96    -50.86    -50.96    -51.26    -51.46    -51.66    -51.56
    -51.16    -50.76    -50.66    -50.66    -50.56    -50.16    -49.66    -49.36    -49.16    -49.06
    -49.06    -49.26    -49.46    -49.66    -49.86    -50.46    -51.36    -52.06    -52.26    -52.06
    -51.96    -52.16    -52.36    -52.46    -52.26    -52.16    -52.36    -52.76    -53.46    -53.86
    -53.76    -53.26    -52.96    -52.86    -52.96    -52.96    -52.86    -52.66    -52.56    -52.76
    -52.86    -52.76    -52.56    -52.46    -52.56    -52.86    -52.86    -52.66    -52.36    -52.26
    -52.26    -52.56    -52.76
    -52.16    -52.06    -51.96    -51.86    -51.66    -51.66    -51.86    -52.16    -52.06    -51.66
    -51.26    -51.16    -51.26    -51.36    -51.46    -51.56    -51.76    -51.86    -51.76    -51.56
    -51.26    -50.86    -50.56    -50.46    -50.36    -50.16    -49.96    -49.76    -49.46    -48.96
    -48.56    -48.56    -48.86    -49.46    -50.26    -51.16    -52.16    -52.66    -52.66    -52.56
    -52.46    -52.56    -52.56    -52.46    -52.36    -52.36    -52.36    -52.56    -52.86    -53.16
    -53.26    -53.06    -52.76    -52.56    -52.66    -52.86    -52.66    -52.36    -52.06    -52.16
    -52.36    -52.46    -52.26    -52.16    -52.16    -52.26    -52.16    -52.06    -51.96    -52.06
    -52.16    -52.46    -52.76
    -51.66    -51.46    -51.66    -51.86    -51.96    -51.86    -51.86    -52.06    -52.06    -51.66
    -51.46    -51.46    -51.46    -51.46    -51.46    -51.56    -51.66    -51.66    -51.46    -51.26
    -51.06    -50.76    -50.46    -50.16    -49.86    -49.76    -49.86    -49.96    -49.96    -49.56
    -49.06    -48.96    -49.26    -49.96    -50.86    -51.86    -52.66    -52.96    -52.76    -52.56
    -52.56    -52.46    -52.26    -52.16    -52.26    -52.56    -52.56    -52.56    -52.56    -52.76
    -52.96    -52.96    -52.76    -52.56    -52.56    -52.56    -52.46    -51.96    -51.46    -51.26
    -51.46    -51.66    -51.66    -51.76    -51.86    -51.86    -51.76    -51.76    -51.96    -52.16
    -52.36    -52.56    -52.66
    -51.36    -51.06    -51.46    -52.06    -52.36    -52.16    -51.86    -51.66    -51.46    -51.26
    -51.26    -51.46    -51.56    -51.36    -51.06    -51.16    -51.36    -51.36    -51.26    -51.16
    -51.06    -50.86    -50.46    -49.96    -49.66    -49.56    -49.76    -50.06    -50.36    -50.36
    -50.26    -50.26    -50.56    -51.06    -51.76    -52.36    -52.86    -52.86    -52.66    -52.46
    -52.46    -52.36    -52.16    -52.06    -52.26    -52.66    -52.86    -52.86    -53.06    -53.26
    -53.26    -53.06    -52.76    -52.46    -52.46    -52.46    -52.26    -51.86    -51.26    -50.86
    -50.86    -50.96    -51.26    -51.56    -51.76    -51.76    -51.66    -51.56    -51.86    -52.26
    -52.46    -52.46    -52.56
