diamond 4 20年06月30日8时300百帕相对湿度
20 06 30  8  300 
2.500 -2.500  .0  180.0   90.0  .0
73  37
      11.00      11.00      11.00      11.00      11.00      11.00      11.00      11.00      11.00      11.00
      11.00      11.00      11.00      11.00      11.00      11.00      11.00      11.00      11.00      11.00
      11.00      11.00      11.00      11.00      11.00      11.00      11.00      11.00      11.00      11.00
      11.00      11.00      11.00      11.00      11.00      11.00      11.00      11.00      11.00      11.00
      11.00      11.00      11.00      11.00      11.00      11.00      11.00      11.00      11.00      11.00
      11.00      11.00      11.00      11.00      11.00      11.00      11.00      11.00      11.00      11.00
      11.00      11.00      11.00      11.00      11.00      11.00      11.00      11.00      11.00      11.00
      11.00      11.00      11.00
      14.00      13.00      12.00      11.00      10.00       8.00       7.00       6.00       5.00       4.00
       4.00       3.00       2.00       1.00       1.00       0.00       0.00       0.00       0.00       0.00
       0.00       0.00       0.00       0.00       0.00       0.00       0.00       0.00       0.00       0.00
       0.00       0.00       0.00       0.00       0.00       0.00       0.00       0.00       0.00       0.00
       0.00       0.00       0.00       0.00       0.00       0.00       0.00       0.00       0.00       0.00
       0.00       0.00       0.00       0.00       0.00       0.00       0.00       0.00       0.00       0.00
       1.00       1.00       1.00       1.00       1.00       2.00       2.00       3.00       3.00       4.00
       4.00       5.00       5.00
      27.00      24.00      20.00      17.00      13.00      10.00       8.00       5.00       3.00       1.00
       0.00       0.00       0.00       0.00       0.00       0.00       0.00       0.00       0.00       0.00
       0.00       0.00       0.00       0.00       0.00       0.00       0.00       0.00       0.00       1.00
       1.00       1.00       1.00       2.00       2.00       1.00       1.00       1.00       1.00       1.00
       1.00       1.00       1.00       0.00       0.00       0.00       0.00       0.00       0.00       0.00
       0.00       0.00       0.00       0.00       0.00       0.00       0.00       0.00       0.00       0.00
       0.00       0.00       0.00       0.00       0.00       0.00       0.00       1.00       1.00       1.00
       1.00       2.00       2.00
      41.00      38.00      34.00      29.00      25.00      20.00      15.00      10.00       6.00       2.00
       0.00       0.00       0.00       0.00       0.00       0.00       0.00       0.00       1.00       4.00
       6.00       8.00      10.00      12.00      14.00      16.00      17.00      18.00      19.00      20.00
      20.00      21.00      21.00      21.00      20.00      20.00      20.00      19.00      19.00      18.00
      18.00      17.00      16.00      16.00      15.00      14.00      13.00      12.00      10.00       9.00
       7.00       5.00       3.00       1.00       1.00       0.00       0.00       0.00       0.00       0.00
       0.00       0.00       0.00       0.00       0.00       0.00       0.00       0.00       0.00       0.00
       0.00       1.00       1.00
      40.00      39.00      35.00      30.00      23.00      16.00       9.00       3.00       0.00       0.00
       0.00       0.00       3.00       9.00      16.00      22.00      29.00      35.00      39.00      43.00
      45.00      45.00      45.00      44.00      43.00      41.00      39.00      38.00      36.00      35.00
      34.00      33.00      31.00      29.00      28.00      26.00      25.00      24.00      23.00      22.00
      21.00      21.00      21.00      21.00      21.00      21.00      21.00      22.00      22.00      21.00
      20.00      18.00      16.00      13.00       9.00       5.00       1.00       0.00       0.00       0.00
       0.00       0.00       0.00       0.00       0.00       0.00       0.00       0.00       0.00       0.00
       0.00       1.00       3.00
       5.00       2.00       0.00       0.00       0.00       0.00       0.00       0.00       0.00       0.00
       0.00       0.00       5.00      14.00      25.00      36.00      47.00      57.00      65.00      69.00
      70.00      68.00      62.00      54.00      47.00      41.00      37.00      35.00      35.00      38.00
      41.00      44.00      48.00      51.00      54.00      55.00      56.00      56.00      54.00      51.00
      47.00      41.00      34.00      28.00      23.00      20.00      19.00      20.00      22.00      23.00
      24.00      24.00      23.00      21.00      18.00      14.00       9.00       5.00       2.00       1.00
       0.00       0.00       0.00       2.00       3.00       4.00       3.00       2.00       1.00       1.00
       3.00       5.00       9.00
       0.00       0.00       0.00       0.00       3.00       3.00       3.00       0.00       0.00       0.00
       0.00       0.00       0.00       0.00       1.00      12.00      24.00      38.00      52.00      63.00
      70.00      69.00      61.00      49.00      35.00      23.00      15.00      11.00      13.00      19.00
      27.00      38.00      50.00      61.00      72.00      81.00      88.00      93.00      94.00      92.00
      85.00      74.00      60.00      45.00      32.00      23.00      19.00      18.00      19.00      22.00
      25.00      28.00      33.00      37.00      39.00      39.00      35.00      27.00      18.00       8.00
       2.00       0.00       2.00       6.00      10.00      14.00      14.00      12.00       9.00       7.00
       6.00       8.00      12.00
       7.00       5.00       3.00       1.00       0.00       0.00       0.00       0.00       0.00       0.00
       0.00       0.00       0.00       0.00       0.00       0.00       0.00       5.00      17.00      34.00
      50.00      60.00      62.00      54.00      41.00      26.00      15.00      10.00      10.00      14.00
      19.00      25.00      33.00      45.00      60.00      78.00      95.00     100.00     100.00      99.00
      89.00      77.00      63.00      50.00      39.00      33.00      32.00      32.00      30.00      29.00
      31.00      36.00      45.00      56.00      65.00      70.00      69.00      61.00      47.00      29.00
      11.00       0.00       1.00       8.00      18.00      27.00      32.00      34.00      35.00      36.00
      40.00      44.00      48.00
       0.00       0.00       0.00       0.00       0.00       6.00      13.00      21.00      31.00      42.00
      51.00      57.00      57.00      51.00      39.00      23.00       7.00       1.00       2.00      12.00
      30.00      48.00      62.00      65.00      58.00      47.00      39.00      38.00      41.00      44.00
      43.00      36.00      27.00      24.00      30.00      47.00      72.00      97.00      99.00      99.00
     100.00      82.00      65.00      49.00      36.00      32.00      33.00      35.00      35.00      34.00
      35.00      43.00      56.00      68.00      76.00      78.00      74.00      63.00      45.00      22.00
       4.00       0.00       6.00      19.00      30.00      34.00      32.00      27.00      25.00      27.00
      31.00      34.00      35.00
      11.00      18.00      28.00      39.00      50.00      63.00      78.00      91.00      98.00      98.00
      90.00      79.00      70.00      64.00      60.00      55.00      45.00      32.00      18.00      11.00
      15.00      27.00      43.00      54.00      56.00      51.00      47.00      49.00      55.00      59.00
      56.00      44.00      27.00      13.00       5.00       4.00      13.00      37.00      66.00      85.00
      91.00      87.00      74.00      53.00      30.00      16.00      16.00      21.00      23.00      24.00
      28.00      38.00      54.00      70.00      78.00      74.00      59.00      37.00      14.00       2.00
       2.00       5.00      10.00      14.00      15.00       9.00       0.00       0.00       0.00       0.00
       0.00       0.00       0.00
      82.00      94.00      98.00      97.00      91.00      82.00      73.00      69.00      69.00      62.00
      56.00      52.00      50.00      49.00      50.00      51.00      50.00      41.00      24.00       5.00
       1.00       3.00      19.00      33.00      36.00      35.00      40.00      52.00      63.00      67.00
      65.00      58.00      51.00      44.00      38.00      32.00      30.00      38.00      59.00      81.00
      93.00      94.00      84.00      65.00      38.00      22.00      20.00      26.00      27.00      23.00
      20.00      26.00      39.00      52.00      59.00      50.00      29.00      10.00       2.00       1.00
       4.00       5.00       4.00       1.00       0.00       0.00       0.00       0.00       0.00       0.00
       0.00       0.00       0.00
      79.00      78.00      77.00      67.00      45.00      37.00      54.00      69.00      74.00      78.00
      79.00      76.00      71.00      62.00      50.00      39.00      29.00      18.00       8.00       5.00
      12.00      29.00      48.00      54.00      45.00      41.00      50.00      64.00      72.00      69.00
      54.00      42.00      39.00      43.00      44.00      40.00      36.00      39.00      49.00      62.00
      71.00      70.00      59.00      45.00      31.00      21.00      18.00      22.00      24.00      22.00
      22.00      28.00      39.00      45.00      44.00      32.00       9.00       0.00       5.00      13.00
      25.00      37.00      48.00      58.00      63.00      64.00      58.00      50.00      50.00      57.00
      61.00      57.00      44.00
      24.00      15.00       2.00       6.00      26.00      59.00      78.00      86.00      89.00      88.00
      87.00      83.00      79.00      73.00      61.00      43.00      28.00      22.00      20.00      23.00
      34.00      57.00      79.00      77.00      60.00      57.00      72.00      85.00      88.00      72.00
      40.00      21.00      14.00      14.00      16.00      17.00      19.00      25.00      33.00      40.00
      45.00      44.00      38.00      35.00      33.00      27.00      19.00      13.00      13.00      20.00
      28.00      36.00      42.00      45.00      46.00      49.00      46.00      43.00      41.00      42.00
      49.00      55.00      55.00      49.00      43.00      39.00      42.00      52.00      67.00      80.00
      85.00      84.00      84.00
       0.00       0.00       1.00      24.00      56.00      74.00      71.00      69.00      76.00      82.00
      81.00      72.00      65.00      59.00      49.00      36.00      30.00      33.00      36.00      34.00
      33.00      50.00      65.00      53.00      32.00      31.00      46.00      53.00      38.00      20.00
      15.00      13.00       8.00      11.00      24.00      37.00      43.00      42.00      41.00      43.00
      42.00      37.00      28.00      21.00      25.00      32.00      31.00      25.00      21.00      18.00
      16.00      18.00      26.00      36.00      43.00      51.00      56.00      56.00      55.00      55.00
      51.00      44.00      25.00       4.00       1.00       1.00       6.00      22.00      39.00      49.00
      48.00      43.00      42.00
      21.00      15.00      14.00      22.00      34.00      35.00      26.00      36.00      64.00      84.00
      83.00      66.00      47.00      36.00      31.00      28.00      28.00      36.00      48.00      48.00
      34.00      29.00      29.00      23.00      21.00      32.00      44.00      37.00      19.00      17.00
      25.00      24.00      12.00      16.00      38.00      55.00      53.00      39.00      28.00      28.00
      30.00      27.00      22.00      17.00      26.00      44.00      47.00      41.00      28.00       9.00
       0.00       6.00      27.00      42.00      40.00      31.00      27.00      28.00      31.00      42.00
      52.00      50.00      35.00      31.00      46.00      60.00      67.00      73.00      81.00      87.00
      85.00      78.00      74.00
      59.00      54.00      51.00      47.00      43.00      36.00      29.00      28.00      47.00      75.00
      86.00      74.00      51.00      36.00      34.00      33.00      31.00      34.00      40.00      25.00
       2.00       0.00       3.00      39.00      74.00      93.00      91.00      76.00      62.00      58.00
      56.00      49.00      43.00      43.00      51.00      66.00      55.00      30.00      13.00       6.00
       7.00      30.00      37.00      35.00      34.00      53.00      57.00      48.00      33.00       8.00
       1.00       5.00      22.00      33.00      16.00       0.00       0.00       0.00       3.00      26.00
      53.00      59.00      55.00      61.00      80.00      87.00      78.00      78.00      90.00     100.00
      99.00      94.00      90.00
      29.00      30.00      34.00      40.00      42.00      42.00      33.00      16.00      13.00      47.00
      89.00      91.00      62.00      32.00      20.00      20.00      21.00      26.00      34.00      33.00
      33.00      47.00      69.00      85.00      86.00      76.00      59.00      45.00      37.00      34.00
      30.00      28.00      42.00      59.00      64.00      69.00      64.00      46.00      33.00      15.00
      23.00      48.00      52.00      38.00      24.00      49.00      62.00      58.00      45.00      27.00
      17.00      21.00      31.00      37.00      22.00       7.00      13.00      26.00      25.00      18.00
      23.00      37.00      57.00      72.00      66.00      37.00      25.00      38.00      64.00      89.00
      98.00      95.00      92.00
       8.00       6.00       0.00      11.00      13.00      22.00      31.00      20.00      10.00      24.00
      65.00      84.00      68.00      52.00      46.00      42.00      41.00      55.00      73.00      82.00
      90.00     100.00     100.00      83.00      57.00      41.00      34.00      21.00       5.00       0.00
       0.00      22.00      61.00      84.00      77.00      66.00      67.00      85.00      93.00      71.00
      34.00      17.00      40.00      51.00      44.00      47.00      45.00      37.00      34.00      32.00
      32.00      35.00      42.00      48.00      42.00      34.00      41.00      62.00      73.00      71.00
      54.00      49.00      64.00      72.00      43.00      15.00      23.00      42.00      66.00      87.00
      96.00      95.00      93.00
      23.00      22.00      27.00      27.00      20.00      19.00      26.00      27.00      16.00      12.00
      30.00      53.00      69.00      80.00      79.00      59.00      46.00      54.00      64.00      68.00
      73.00      75.00      65.00      44.00      38.00      60.00      84.00      88.00      60.00      32.00
      29.00      36.00      40.00      63.00      59.00      37.00      25.00      36.00      85.00      99.00
      54.00      10.00       4.00      23.00      48.00      48.00      27.00      18.00      20.00      25.00
      22.00       8.00       0.00       1.00       5.00       7.00       6.00       6.00      17.00      36.00
      40.00      37.00      41.00      29.00       0.00       5.00      50.00      72.00      65.00      53.00
      67.00      91.00      98.00
      21.00      29.00      34.00      33.00      27.00      18.00      12.00      10.00       8.00      10.00
      23.00      42.00      44.00      37.00      25.00      12.00       5.00       2.00       3.00       7.00
      10.00      17.00      22.00      22.00      28.00      53.00      89.00      98.00      94.00      80.00
      79.00      61.00       9.00       0.00      16.00       5.00       0.00       2.00      31.00      65.00
      67.00      48.00      22.00       9.00      24.00      54.00      65.00      53.00      43.00      46.00
      44.00      42.00      40.00      39.00      41.00      43.00      40.00      28.00      18.00      15.00
      18.00      33.00      47.00      26.00       9.00      16.00      66.00      78.00      46.00      22.00
      47.00      82.00      97.00
      23.00      29.00      29.00      24.00      22.00      18.00       8.00       4.00      10.00      19.00
      26.00      28.00      18.00       4.00       4.00       6.00       4.00       0.00       1.00      15.00
      12.00       8.00      11.00      13.00      11.00      13.00      22.00      36.00      34.00      99.00
      94.00      96.00      79.00      58.00      35.00      16.00      18.00      27.00      35.00      56.00
      58.00      61.00      49.00      16.00       3.00      28.00      51.00      32.00      36.00      53.00
      61.00      71.00      83.00      90.00      89.00      81.00      75.00      75.00      69.00      56.00
      56.00      71.00      68.00      37.00      18.00      49.00      78.00      71.00      39.00      34.00
      59.00      75.00      78.00
      21.00      16.00      11.00      15.00      20.00      20.00      10.00       6.00      10.00      10.00
       9.00      12.00      10.00       7.00       8.00       8.00       9.00      11.00      10.00      14.00
      19.00      12.00       9.00       5.00       3.00       4.00       1.00      12.00      54.00      92.00
      92.00      66.00      57.00      29.00      23.00      25.00      30.00      53.00      51.00      64.00
      76.00      76.00      61.00      38.00      14.00      13.00      43.00      45.00      45.00      45.00
      26.00      23.00      54.00      75.00      86.00      93.00      93.00      94.00      97.00      91.00
      88.00      87.00      67.00      40.00      42.00      67.00      69.00      43.00      23.00      40.00
      69.00      79.00      77.00
       8.00       2.00       4.00      24.00      24.00      14.00       6.00       5.00       8.00       7.00
       5.00       7.00       7.00       6.00       9.00      10.00       8.00      10.00       9.00      10.00
      12.00      14.00      10.00       6.00       0.00       2.00       1.00       0.00      34.00      67.00
      80.00      20.00      15.00      72.00      40.00       0.00      14.00      32.00      56.00      67.00
      80.00      84.00      57.00      39.00      18.00       7.00      29.00      42.00      33.00      21.00
      11.00      22.00      43.00      39.00      40.00      74.00      94.00      92.00      90.00      78.00
      64.00      61.00      59.00      55.00      57.00      53.00      35.00      18.00      25.00      55.00
      77.00      76.00      61.00
      16.00       9.00      12.00      15.00      11.00       6.00      11.00      14.00      14.00      11.00
       9.00      10.00      11.00      11.00      13.00      12.00       9.00       8.00       8.00       9.00
      10.00       0.00       1.00       4.00       2.00       8.00       5.00       0.00      12.00      26.00
      19.00       3.00       0.00       0.00       0.00       0.00       2.00       1.00       7.00      36.00
      57.00      70.00      43.00      30.00      14.00       3.00      15.00      19.00      11.00      13.00
      26.00      49.00      59.00      34.00      29.00      69.00      95.00      91.00      79.00      60.00
      43.00      47.00      56.00      54.00      45.00      31.00      13.00      13.00      38.00      68.00
      85.00      81.00      53.00
      19.00      15.00       9.00       5.00       0.00       4.00      16.00      15.00      12.00      14.00
      15.00      20.00      26.00      25.00      23.00      20.00      17.00      17.00      16.00      13.00
      16.00       1.00       0.00       6.00       9.00      10.00      17.00       9.00       7.00      12.00
      12.00       1.00       8.00       0.00       0.00       0.00       8.00      58.00      52.00      42.00
      59.00      68.00      35.00      32.00      36.00      29.00      33.00      34.00      29.00      40.00
      54.00      60.00      58.00      51.00      62.00      90.00      97.00      79.00      64.00      55.00
      59.00      70.00      64.00      42.00      29.00      28.00      25.00      28.00      46.00      64.00
      79.00      93.00      83.00
      12.00      14.00       6.00       2.00       9.00      17.00      17.00      11.00      16.00      29.00
      34.00      35.00      33.00      26.00      20.00      19.00      17.00      21.00      17.00      11.00
      11.00      21.00      20.00      24.00      15.00       4.00       0.00       0.00       1.00       0.00
       0.00       0.00       2.00      28.00      22.00      33.00      38.00      22.00      21.00      51.00
      68.00      64.00      55.00      41.00      30.00      30.00      34.00      44.00      52.00      65.00
      73.00      71.00      72.00      80.00      92.00      99.00      90.00      70.00      59.00      63.00
      76.00      75.00      58.00      38.00      30.00      38.00      47.00      58.00      74.00      71.00
      56.00      56.00      63.00
      14.00      12.00       5.00       4.00      19.00      19.00       7.00      14.00      35.00      51.00
      51.00      33.00      14.00       2.00       2.00       0.00       0.00       0.00       1.00       0.00
       2.00       6.00       8.00       9.00       8.00       6.00       2.00       9.00      17.00      16.00
      12.00       8.00      30.00      52.00      38.00      17.00      17.00      26.00      35.00      43.00
      29.00      21.00      37.00      27.00      27.00      23.00      18.00      44.00      74.00      86.00
      90.00      91.00      93.00      98.00     100.00      90.00      75.00      66.00      75.00      89.00
      86.00      71.00      54.00      34.00      24.00      32.00      53.00      75.00      84.00      73.00
      53.00      41.00      45.00
      14.00       7.00       8.00      20.00      27.00      12.00       3.00      21.00      51.00      62.00
      49.00      24.00      10.00       7.00      12.00      15.00      13.00       1.00       1.00       3.00
       6.00       6.00       7.00       4.00       4.00      11.00      20.00      33.00      55.00      59.00
      59.00      70.00      75.00      81.00      73.00      45.00      42.00      53.00      56.00      47.00
      28.00      24.00      26.00      37.00      51.00      46.00      41.00      68.00      91.00      88.00
      86.00      75.00      70.00      84.00      95.00      86.00      58.00      49.00      76.00      91.00
      81.00      75.00      60.00      31.00      19.00      25.00      43.00      62.00      59.00      51.00
      54.00      54.00      62.00
      15.00       8.00      20.00      35.00      22.00       0.00       2.00      18.00      47.00      64.00
      65.00      52.00      33.00      34.00      45.00      54.00      53.00      38.00      34.00      33.00
      35.00      24.00      16.00      11.00      16.00      30.00      40.00      51.00      70.00      83.00
      88.00      91.00      74.00      50.00      52.00      56.00      46.00      40.00      44.00      45.00
      33.00      28.00      33.00      47.00      53.00      49.00      56.00      73.00      60.00      46.00
      54.00      43.00      42.00      69.00      89.00      92.00      75.00      70.00      89.00      87.00
      65.00      61.00      52.00      39.00      42.00      42.00      46.00      60.00      68.00      69.00
      64.00      63.00      73.00
      33.00      32.00      43.00      45.00      17.00       0.00       2.00      10.00      32.00      51.00
      64.00      70.00      54.00      39.00      50.00      63.00      49.00      55.00      53.00      65.00
      64.00      48.00      25.00      20.00      35.00      48.00      51.00      62.00      81.00      90.00
      85.00      74.00      59.00      39.00      49.00      59.00      46.00      38.00      40.00      38.00
      22.00      17.00      40.00      51.00      42.00      44.00      60.00      66.00      44.00      38.00
      55.00      46.00      45.00      63.00      69.00      79.00      93.00      97.00      95.00      77.00
      55.00      48.00      40.00      40.00      50.00      56.00      68.00      82.00      86.00      99.00
      95.00      94.00      91.00
      51.00      46.00      62.00      66.00      42.00      22.00      11.00      13.00      26.00      36.00
      40.00      51.00      42.00      31.00      41.00      50.00      44.00      35.00      40.00      54.00
      70.00      71.00      61.00      48.00      49.00      54.00      56.00      67.00      73.00      76.00
      77.00      54.00      41.00      44.00      46.00      50.00      46.00      44.00      45.00      38.00
      29.00      29.00      44.00      58.00      50.00      52.00      56.00      57.00      55.00      55.00
      63.00      50.00      45.00      61.00      53.00      45.00      61.00      73.00      74.00      67.00
      57.00      51.00      40.00      27.00      28.00      56.00      93.00     100.00      90.00      97.00
     100.00     100.00      92.00
      66.00      57.00      73.00      90.00      80.00      57.00      45.00      52.00      67.00      66.00
      57.00      47.00      30.00      26.00      35.00      36.00      37.00      30.00      16.00      37.00
      60.00      71.00      77.00      71.00      64.00      59.00      57.00      59.00      51.00      51.00
      60.00      62.00      63.00      62.00      49.00      40.00      44.00      59.00      61.00      53.00
      52.00      52.00      61.00      75.00      66.00      65.00      67.00      69.00      69.00      57.00
      51.00      40.00      40.00      61.00      59.00      39.00      40.00      50.00      59.00      62.00
      57.00      51.00      40.00      22.00      30.00      75.00     100.00     100.00      94.00      93.00
      98.00     100.00      88.00
      90.00      89.00      89.00      92.00      93.00      85.00      86.00     100.00     100.00      98.00
      82.00      47.00      18.00      25.00      39.00      38.00      27.00      35.00      22.00      33.00
      50.00      41.00      43.00      59.00      67.00      58.00      47.00      44.00      42.00      43.00
      52.00      68.00      78.00      77.00      62.00      44.00      52.00      82.00      87.00      77.00
      79.00      81.00      78.00      74.00      66.00      71.00      80.00      77.00      65.00      56.00
      48.00      31.00      30.00      44.00      49.00      45.00      51.00      58.00      52.00      48.00
      46.00      42.00      39.00      30.00      36.00      70.00      91.00      88.00      80.00      76.00
      91.00      93.00      74.00
      99.00     100.00      87.00      78.00      83.00      93.00      97.00     100.00     100.00      99.00
      93.00      62.00      26.00      19.00      32.00      44.00      30.00      41.00      32.00      36.00
      53.00      44.00      37.00      55.00      67.00      62.00      52.00      40.00      39.00      46.00
      56.00      66.00      59.00      57.00      54.00      42.00      56.00      89.00      95.00      80.00
      77.00      79.00      73.00      68.00      69.00      78.00      84.00      67.00      50.00      57.00
      57.00      30.00      30.00      31.00      36.00      43.00      51.00      56.00      51.00      59.00
      63.00      46.00      41.00      40.00      35.00      47.00      60.00      62.00      53.00      53.00
      73.00      70.00      49.00
      94.00      91.00      82.00      77.00      80.00      90.00      97.00     100.00     100.00      97.00
      89.00      79.00      49.00      26.00      28.00      43.00      47.00      61.00      50.00      50.00
      65.00      75.00      68.00      61.00      60.00      60.00      60.00      47.00      44.00      57.00
      71.00      71.00      51.00      51.00      51.00      36.00      54.00      88.00      97.00      80.00
      67.00      65.00      60.00      65.00      74.00      79.00      85.00      70.00      49.00      53.00
      50.00      45.00      50.00      47.00      50.00      53.00      46.00      38.00      38.00      66.00
      84.00      57.00      44.00      49.00      51.00      51.00      42.00      36.00      36.00      48.00
      65.00      53.00      37.00
      64.00      73.00      80.00      81.00      84.00      84.00      78.00      91.00      95.00      59.00
      32.00      50.00      56.00      30.00      28.00      46.00      69.00      76.00      66.00      70.00
      82.00      86.00      75.00      56.00      49.00      54.00      58.00      49.00      48.00      62.00
      70.00      61.00      47.00      53.00      50.00      36.00      46.00      67.00      79.00      85.00
      91.00      85.00      64.00      63.00      66.00      60.00      59.00      51.00      46.00      65.00
      71.00      71.00      72.00      70.00      74.00      74.00      61.00      48.00      41.00      55.00
      72.00      64.00      55.00      58.00      65.00      62.00      41.00      34.00      43.00      58.00
      64.00      45.00      34.00
      18.00      34.00      60.00      76.00      95.00     100.00      80.00      66.00      50.00       8.00
       0.00      15.00      13.00       3.00       0.00      21.00      62.00      81.00      60.00      64.00
      84.00      77.00      61.00      46.00      47.00      62.00      69.00      63.00      54.00      51.00
      48.00      36.00      24.00      33.00      43.00      43.00      43.00      47.00      57.00      69.00
      81.00      84.00      62.00      53.00      55.00      52.00      48.00      35.00      48.00      74.00
      86.00      82.00      71.00      72.00      83.00      80.00      78.00      83.00      79.00      69.00
      62.00      61.00      60.00      53.00      53.00      58.00      60.00      63.00      64.00      65.00
      57.00      42.00      40.00
