diamond 4 20年06月28日20时300百帕相对湿度
20 06 28  20  300 
2.500 -2.500  .0  180.0   90.0  .0
73  37
       4.00       4.00       4.00       4.00       4.00       4.00       4.00       4.00       4.00       4.00
       4.00       4.00       4.00       4.00       4.00       4.00       4.00       4.00       4.00       4.00
       4.00       4.00       4.00       4.00       4.00       4.00       4.00       4.00       4.00       4.00
       4.00       4.00       4.00       4.00       4.00       4.00       4.00       4.00       4.00       4.00
       4.00       4.00       4.00       4.00       4.00       4.00       4.00       4.00       4.00       4.00
       4.00       4.00       4.00       4.00       4.00       4.00       4.00       4.00       4.00       4.00
       4.00       4.00       4.00       4.00       4.00       4.00       4.00       4.00       4.00       4.00
       4.00       4.00       4.00
       2.00       2.00       2.00       2.00       2.00       2.00       2.00       3.00       3.00       3.00
       3.00       3.00       3.00       3.00       2.00       2.00       2.00       2.00       1.00       1.00
       1.00       0.00       0.00       0.00       0.00       0.00       0.00       0.00       0.00       0.00
       0.00       0.00       0.00       0.00       0.00       0.00       0.00       0.00       0.00       0.00
       0.00       0.00       0.00       0.00       0.00       0.00       0.00       0.00       0.00       0.00
       0.00       0.00       0.00       0.00       0.00       0.00       0.00       0.00       0.00       0.00
       0.00       1.00       1.00       1.00       1.00       2.00       2.00       2.00       3.00       3.00
       3.00       4.00       4.00
       3.00       3.00       2.00       2.00       2.00       2.00       2.00       2.00       2.00       2.00
       3.00       3.00       3.00       4.00       4.00       4.00       3.00       3.00       2.00       1.00
       0.00       0.00       0.00       0.00       0.00       0.00       0.00       0.00       0.00       0.00
       0.00       0.00       0.00       0.00       0.00       0.00       0.00       0.00       0.00       0.00
       0.00       0.00       0.00       0.00       0.00       0.00       0.00       0.00       0.00       0.00
       0.00       0.00       0.00       0.00       0.00       0.00       0.00       0.00       0.00       0.00
       0.00       0.00       0.00       0.00       0.00       0.00       1.00       1.00       2.00       3.00
       4.00       5.00       6.00
       6.00       5.00       4.00       3.00       2.00       1.00       0.00       0.00       0.00       1.00
       1.00       1.00       1.00       1.00       1.00       1.00       1.00       1.00       0.00       0.00
       0.00       0.00       0.00       0.00       0.00       0.00       0.00       0.00       0.00       0.00
       0.00       0.00       0.00       2.00       3.00       5.00       6.00       7.00       8.00       8.00
       8.00       8.00       8.00       7.00       6.00       5.00       4.00       3.00       2.00       1.00
       0.00       0.00       0.00       0.00       0.00       0.00       0.00       0.00       0.00       0.00
       0.00       0.00       0.00       0.00       0.00       0.00       0.00       0.00       1.00       2.00
       4.00       6.00       8.00
       1.00       1.00       1.00       1.00       0.00       0.00       0.00       0.00       0.00       0.00
       0.00       0.00       0.00       0.00       0.00       0.00       0.00       0.00       0.00       0.00
       1.00       1.00       2.00       2.00       3.00       4.00       4.00       4.00       4.00       3.00
       1.00       0.00       0.00       0.00       0.00       0.00       0.00       0.00       0.00       0.00
       0.00       0.00       0.00       0.00       0.00       0.00       0.00       0.00       0.00       0.00
       1.00       2.00       4.00       4.00       4.00       3.00       1.00       0.00       0.00       0.00
       0.00       0.00       1.00       1.00       4.00       8.00      10.00      12.00      14.00      14.00
      14.00      13.00      12.00
       0.00       0.00       0.00       0.00       0.00       0.00       0.00       1.00       1.00       0.00
       0.00       0.00       0.00       0.00       0.00       1.00       3.00       4.00       5.00       5.00
       4.00       2.00       1.00       0.00       0.00       0.00       0.00       0.00       0.00       0.00
       0.00       0.00       1.00       2.00       3.00       5.00       8.00      10.00      13.00      16.00
      18.00      20.00      21.00      21.00      20.00      19.00      17.00      17.00      16.00      17.00
      20.00      23.00      28.00      33.00      35.00      34.00      29.00      22.00      14.00       8.00
       5.00       6.00       9.00      14.00      20.00      24.00      27.00      28.00      27.00      24.00
      20.00      17.00      13.00
      23.00      22.00      23.00      27.00      32.00      38.00      41.00      40.00      35.00      27.00
      17.00       8.00       2.00       0.00       0.00       3.00       6.00       9.00      10.00      10.00
       7.00       2.00       0.00       0.00       0.00       0.00       0.00       0.00       7.00      15.00
      25.00      35.00      45.00      55.00      63.00      68.00      70.00      67.00      64.00      61.00
      59.00      57.00      57.00      55.00      51.00      45.00      38.00      30.00      25.00      22.00
      24.00      30.00      39.00      49.00      59.00      64.00      62.00      52.00      37.00      24.00
      15.00      13.00      15.00      18.00      21.00      23.00      22.00      18.00      14.00      10.00
       7.00       7.00      10.00
      58.00      59.00      61.00      62.00      63.00      64.00      63.00      60.00      54.00      44.00
      32.00      21.00      12.00       6.00       4.00       5.00      10.00      15.00      21.00      25.00
      25.00      20.00      14.00       9.00       8.00      12.00      20.00      30.00      40.00      50.00
      59.00      66.00      71.00      74.00      73.00      69.00      61.00      51.00      43.00      39.00
      41.00      46.00      53.00      59.00      63.00      65.00      63.00      55.00      47.00      42.00
      41.00      44.00      51.00      61.00      71.00      76.00      75.00      69.00      60.00      50.00
      43.00      39.00      36.00      32.00      27.00      20.00      12.00       5.00       1.00       0.00
       2.00       7.00      14.00
      40.00      41.00      42.00      41.00      37.00      33.00      28.00      26.00      27.00      30.00
      33.00      31.00      26.00      19.00      12.00       9.00      10.00      15.00      23.00      31.00
      35.00      31.00      22.00      13.00      11.00      18.00      32.00      48.00      62.00      69.00
      68.00      59.00      48.00      39.00      32.00      23.00      13.00       4.00       4.00      10.00
      23.00      36.00      47.00      56.00      61.00      63.00      61.00      57.00      51.00      46.00
      42.00      42.00      45.00      48.00      49.00      48.00      46.00      46.00      49.00      55.00
      62.00      67.00      67.00      59.00      43.00      25.00       9.00       0.00       0.00       0.00
       0.00       0.00       0.00
      40.00      40.00      44.00      47.00      46.00      43.00      41.00      45.00      48.00      53.00
      56.00      53.00      46.00      34.00      22.00      14.00      12.00      18.00      29.00      41.00
      47.00      39.00      23.00       7.00       1.00       5.00      25.00      49.00      67.00      74.00
      69.00      56.00      45.00      38.00      37.00      35.00      30.00      23.00      23.00      30.00
      36.00      37.00      36.00      34.00      33.00      36.00      40.00      40.00      36.00      26.00
      19.00      24.00      35.00      43.00      44.00      37.00      29.00      27.00      32.00      45.00
      60.00      72.00      79.00      76.00      58.00      28.00       0.00       0.00       0.00       0.00
       0.00       0.00       0.00
      89.00      81.00      79.00      78.00      79.00      81.00      84.00      85.00      80.00      75.00
      66.00      54.00      39.00      24.00      14.00      11.00      17.00      30.00      45.00      48.00
      37.00      21.00       9.00       0.00       0.00       3.00      28.00      58.00      78.00      85.00
      79.00      65.00      50.00      41.00      35.00      27.00      15.00       1.00       1.00       7.00
      19.00      30.00      42.00      54.00      70.00      82.00      83.00      74.00      64.00      49.00
      38.00      42.00      51.00      57.00      51.00      39.00      30.00      22.00      17.00      22.00
      33.00      44.00      54.00      62.00      57.00      35.00       7.00       0.00       0.00       0.00
       0.00       1.00       0.00
      73.00      78.00      88.00      98.00      99.00      83.00      68.00      67.00      67.00      65.00
      58.00      47.00      35.00      24.00      14.00       9.00      13.00      24.00      38.00      37.00
      21.00       6.00       4.00      13.00      22.00      22.00      28.00      50.00      73.00      87.00
      84.00      67.00      48.00      35.00      26.00      18.00      13.00      15.00      23.00      34.00
      36.00      36.00      46.00      66.00      86.00      95.00      90.00      76.00      66.00      58.00
      50.00      45.00      43.00      37.00      20.00       5.00       2.00      17.00      31.00      41.00
      47.00      52.00      58.00      66.00      72.00      65.00      39.00      10.00       0.00       0.00
       0.00       0.00       0.00
      11.00      20.00      42.00      75.00      89.00      72.00      56.00      46.00      40.00      38.00
      35.00      33.00      33.00      32.00      28.00      19.00      12.00      12.00      18.00      23.00
      21.00      18.00      28.00      59.00      89.00      69.00      28.00      21.00      46.00      78.00
      91.00      76.00      55.00      45.00      43.00      40.00      42.00      53.00      66.00      64.00
      39.00      10.00      12.00      39.00      61.00      63.00      47.00      39.00      49.00      61.00
      61.00      50.00      36.00      28.00      22.00      27.00      37.00      45.00      46.00      47.00
      50.00      55.00      62.00      67.00      69.00      62.00      48.00      33.00      25.00      20.00
      15.00      12.00      18.00
       1.00       0.00       9.00      45.00      80.00      83.00      70.00      51.00      36.00      28.00
      29.00      35.00      39.00      37.00      34.00      37.00      43.00      39.00      25.00      11.00
       8.00       9.00      13.00      27.00      55.00      63.00      43.00      32.00      52.00      83.00
      85.00      55.00      22.00      12.00      20.00      27.00      30.00      42.00      56.00      59.00
      47.00      29.00      31.00      46.00      52.00      37.00      14.00       6.00      14.00      25.00
      32.00      36.00      35.00      29.00      28.00      36.00      44.00      38.00      22.00      15.00
      23.00      40.00      52.00      56.00      54.00      46.00      36.00      37.00      48.00      56.00
      55.00      52.00      57.00
      33.00       0.00       1.00      47.00      82.00      84.00      70.00      54.00      43.00      34.00
      32.00      40.00      47.00      39.00      28.00      31.00      45.00      49.00      34.00      16.00
      13.00      14.00       5.00       0.00      17.00      43.00      52.00      54.00      71.00      92.00
      87.00      38.00       0.00      10.00      39.00      50.00      41.00      35.00      42.00      51.00
      52.00      53.00      55.00      57.00      59.00      60.00      58.00      51.00      36.00      28.00
      39.00      64.00      74.00      44.00       7.00       5.00      20.00      19.00       7.00       4.00
      19.00      32.00      25.00       9.00      13.00      28.00      35.00      42.00      50.00      47.00
      38.00      32.00      35.00
       6.00       1.00      32.00      65.00      70.00      58.00      47.00      43.00      41.00      36.00
      34.00      50.00      69.00      72.00      56.00      39.00      34.00      36.00      40.00      44.00
      51.00      51.00      40.00      29.00      38.00      61.00      75.00      76.00      80.00      98.00
      91.00      52.00      24.00      33.00      56.00      68.00      61.00      44.00      23.00       5.00
       4.00      25.00      39.00      39.00      50.00      71.00      76.00      65.00      49.00      51.00
      66.00      77.00      84.00      79.00      58.00      44.00      35.00      20.00       8.00      20.00
      49.00      63.00      53.00      39.00      43.00      47.00      38.00      26.00      21.00      26.00
      31.00      37.00      37.00
      43.00      62.00      75.00      70.00      56.00      41.00      34.00      40.00      49.00      51.00
      50.00      58.00      74.00      89.00      89.00      68.00      45.00      34.00      38.00      45.00
      46.00      46.00      46.00      46.00      48.00      61.00      75.00      77.00      68.00      61.00
      59.00      58.00      49.00      41.00      42.00      38.00      26.00      34.00      39.00      20.00
       2.00      24.00      37.00      32.00      42.00      55.00      47.00      37.00      28.00      36.00
      49.00      56.00      68.00      81.00      81.00      68.00      61.00      61.00      61.00      72.00
      90.00      97.00      92.00      87.00      90.00      91.00      76.00      50.00      32.00      21.00
      22.00      45.00      64.00
      78.00      87.00      84.00      63.00      38.00      31.00      30.00      37.00      50.00      59.00
      65.00      57.00      49.00      51.00      56.00      52.00      35.00      18.00      14.00      17.00
      19.00      22.00      30.00      36.00      38.00      44.00      52.00      57.00      50.00      31.00
      26.00      48.00      77.00      79.00      67.00      45.00       7.00       2.00      31.00      36.00
      39.00      62.00      73.00      72.00      73.00      72.00      64.00      53.00      36.00      22.00
      24.00      44.00      72.00      72.00      48.00      27.00      36.00      54.00      63.00      75.00
      86.00      86.00      74.00      66.00      74.00      91.00     100.00     100.00      85.00      61.00
      32.00      20.00      36.00
      65.00      67.00      51.00      29.00      23.00      25.00      28.00      42.00      56.00      68.00
      72.00      55.00      35.00      27.00      24.00      24.00      24.00      21.00      12.00      18.00
      33.00      42.00      34.00      22.00      25.00      36.00      42.00      48.00      55.00      52.00
      39.00      45.00      67.00      63.00      56.00      43.00      24.00       9.00      11.00      27.00
      52.00      71.00      74.00      63.00      53.00      54.00      58.00      58.00      47.00      42.00
      41.00      42.00      59.00      61.00      49.00      41.00      41.00      33.00      32.00      57.00
      78.00      79.00      71.00      61.00      55.00      60.00      76.00      94.00     100.00      96.00
      76.00      46.00      31.00
      58.00      38.00      20.00      28.00      37.00      29.00      20.00      39.00      48.00      32.00
      17.00      14.00      18.00      17.00      11.00       7.00      12.00      45.00      25.00      24.00
      54.00      85.00      82.00      62.00      52.00      36.00      19.00      20.00      35.00      15.00
       1.00       7.00      13.00      20.00      25.00      45.00      41.00      37.00      43.00      40.00
      23.00      18.00      24.00      28.00      43.00      69.00      79.00      76.00      68.00      70.00
      52.00      23.00      20.00      43.00      52.00      44.00      36.00      34.00      55.00      78.00
      87.00      90.00      91.00      91.00      83.00      73.00      75.00      88.00     100.00     100.00
      88.00      57.00      28.00
      33.00      21.00      18.00      29.00      31.00      17.00       6.00      10.00       9.00       0.00
       0.00       1.00       3.00       2.00       1.00       5.00      31.00      67.00      50.00      14.00
      20.00      41.00      75.00      83.00      79.00      71.00      38.00      13.00      38.00       0.00
       0.00      25.00      55.00      72.00      68.00      52.00      31.00      22.00      39.00      43.00
      25.00      27.00      27.00      16.00      40.00      83.00      98.00      80.00      70.00      65.00
      37.00      14.00      41.00      64.00      42.00       1.00       8.00      60.00      85.00      88.00
      94.00     100.00     100.00     100.00     100.00     100.00     100.00      98.00      90.00      86.00
      82.00      58.00      32.00
      16.00      11.00       9.00      14.00      18.00      15.00      12.00       8.00       4.00       3.00
       3.00       4.00       3.00       2.00       5.00       7.00       6.00       7.00       9.00       6.00
      11.00      17.00      25.00      41.00      53.00      58.00      60.00      44.00      29.00      38.00
      52.00      63.00      66.00      51.00      48.00      67.00      45.00      46.00      48.00      50.00
      38.00      44.00      31.00       0.00       8.00      52.00      88.00      93.00      89.00      70.00
      36.00      18.00      34.00      36.00      14.00       4.00      51.00      87.00      98.00      99.00
     100.00      98.00      86.00      79.00      80.00      94.00     100.00      85.00      53.00      50.00
      74.00      84.00      76.00
      28.00      20.00      18.00      15.00      15.00      15.00      12.00       8.00       7.00       7.00
       6.00       6.00       8.00      12.00      18.00      23.00      22.00      22.00      21.00       0.00
       0.00       4.00       2.00       0.00       4.00      21.00      20.00      30.00      22.00      34.00
      51.00      60.00      64.00      34.00       3.00       0.00      16.00      56.00      46.00      28.00
      23.00      14.00      15.00      13.00      26.00      64.00      91.00      95.00      83.00      52.00
      16.00       4.00      13.00      18.00      32.00      54.00      77.00      95.00     100.00      95.00
      72.00      53.00      40.00      36.00      42.00      63.00      85.00      75.00      51.00      58.00
      92.00     100.00     100.00
      29.00      31.00      30.00      25.00      22.00      14.00       9.00      11.00      10.00       8.00
       6.00      10.00      16.00      19.00      26.00      26.00      21.00      14.00       9.00       9.00
       3.00       2.00       3.00       2.00       0.00       2.00       0.00      16.00       6.00       6.00
      11.00       3.00       1.00       3.00       5.00      16.00      34.00      62.00      53.00      29.00
      28.00      25.00      35.00      34.00      43.00      60.00      71.00      65.00      59.00      53.00
      44.00      53.00      68.00      74.00      84.00      93.00      95.00      92.00      73.00      43.00
      27.00      23.00      27.00      31.00      28.00      37.00      62.00      74.00      75.00      90.00
     100.00     100.00      94.00
      48.00      48.00      30.00      21.00      17.00       8.00       5.00       8.00       9.00       9.00
       9.00      13.00      21.00      28.00      27.00      21.00      16.00       7.00       0.00       0.00
       4.00       5.00       0.00       3.00       0.00       1.00       3.00       0.00       1.00       2.00
       4.00      11.00       5.00       8.00       0.00       0.00      32.00      44.00      27.00      21.00
      42.00      40.00      34.00      34.00      37.00      42.00      60.00      73.00      80.00      85.00
      87.00      91.00      97.00     100.00     100.00     100.00      89.00      60.00      29.00      20.00
      34.00      46.00      53.00      50.00      36.00      31.00      43.00      55.00      63.00      78.00
      95.00      95.00      89.00
      39.00      50.00      32.00      12.00       5.00       3.00      13.00      19.00      11.00       8.00
       8.00      13.00      22.00      25.00      21.00      16.00      12.00       7.00       0.00       1.00
      10.00      15.00      12.00      13.00       4.00       3.00       8.00      13.00      16.00      11.00
       0.00       1.00       1.00       0.00       1.00      33.00      70.00      70.00      41.00      42.00
      17.00      40.00      49.00      41.00      32.00      31.00      50.00      68.00      67.00      58.00
      54.00      66.00      87.00      98.00      99.00      84.00      54.00      40.00      42.00      46.00
      56.00      63.00      66.00      63.00      46.00      36.00      42.00      53.00      67.00      83.00
      96.00      93.00      78.00
      26.00      33.00      19.00       8.00      10.00      15.00      30.00      31.00      11.00       3.00
       9.00      19.00      24.00      23.00      24.00      18.00       8.00       2.00       0.00       0.00
       3.00       5.00       4.00       8.00       9.00      12.00      18.00      13.00       7.00       7.00
       4.00       3.00       1.00       8.00      30.00      38.00      40.00      44.00      27.00      36.00
      45.00      36.00      35.00      27.00      22.00      16.00      15.00      26.00      41.00      51.00
      53.00      67.00      86.00      90.00      79.00      53.00      32.00      55.00      87.00      78.00
      65.00      65.00      78.00      75.00      51.00      31.00      33.00      55.00      84.00      94.00
      80.00      59.00      45.00
      23.00      18.00      10.00      11.00      20.00      28.00      35.00      30.00       9.00       1.00
      12.00      22.00      27.00      30.00      35.00      29.00      15.00      10.00      15.00       5.00
       0.00       4.00       5.00       6.00      11.00      15.00      20.00      16.00       9.00      14.00
      30.00      38.00      30.00      31.00      56.00      78.00      67.00      63.00      48.00      46.00
      39.00      30.00      27.00      25.00      30.00      28.00      20.00      31.00      62.00      88.00
      89.00      87.00      84.00      66.00      49.00      38.00      36.00      57.00      76.00      81.00
      77.00      79.00      86.00      79.00      54.00      31.00      25.00      42.00      64.00      69.00
      56.00      46.00      52.00
       8.00       3.00       4.00       8.00      16.00      27.00      33.00      22.00       7.00       1.00
      10.00      17.00      27.00      44.00      53.00      46.00      44.00      42.00      49.00      42.00
      34.00      33.00      30.00      26.00      23.00      22.00      27.00      34.00      37.00      42.00
      57.00      70.00      56.00      47.00      62.00      68.00      53.00      46.00      43.00      38.00
      33.00      26.00      23.00      26.00      33.00      34.00      26.00      34.00      62.00      78.00
      69.00      58.00      53.00      42.00      41.00      46.00      48.00      55.00      65.00      80.00
      82.00      75.00      80.00      82.00      67.00      44.00      28.00      33.00      38.00      42.00
      52.00      66.00      80.00
       0.00       0.00       7.00      10.00      18.00      35.00      43.00      25.00       6.00       4.00
       9.00      12.00      17.00      35.00      51.00      58.00      57.00      66.00      57.00      62.00
      60.00      56.00      49.00      43.00      40.00      47.00      48.00      37.00      31.00      41.00
      52.00      63.00      71.00      68.00      55.00      42.00      35.00      46.00      45.00      37.00
      39.00      25.00      19.00      21.00      27.00      31.00      26.00      32.00      58.00      73.00
      59.00      47.00      45.00      47.00      51.00      44.00      44.00      58.00      68.00      73.00
      73.00      75.00      84.00      85.00      71.00      46.00      30.00      33.00      36.00      39.00
      56.00      74.00      82.00
       6.00      21.00      31.00      38.00      50.00      64.00      68.00      47.00      26.00      19.00
      15.00      12.00      11.00      16.00      32.00      44.00      55.00      56.00      50.00      49.00
      57.00      53.00      51.00      57.00      63.00      80.00      73.00      38.00      17.00      31.00
      48.00      55.00      49.00      52.00      56.00      54.00      58.00      60.00      45.00      43.00
      51.00      39.00      27.00      26.00      36.00      43.00      36.00      35.00      51.00      59.00
      51.00      52.00      65.00      76.00      80.00      61.00      47.00      47.00      50.00      54.00
      57.00      65.00      74.00      75.00      63.00      43.00      31.00      29.00      35.00      46.00
      66.00      83.00      86.00
      32.00      55.00      53.00      54.00      62.00      70.00      78.00      69.00      53.00      39.00
      26.00      22.00      26.00      26.00      31.00      36.00      47.00      51.00      48.00      42.00
      59.00      68.00      66.00      69.00      72.00      86.00      90.00      66.00      41.00      38.00
      40.00      47.00      47.00      48.00      58.00      71.00      76.00      60.00      39.00      42.00
      49.00      43.00      43.00      44.00      56.00      64.00      50.00      40.00      44.00      46.00
      48.00      60.00      74.00      78.00      75.00      62.00      49.00      38.00      34.00      35.00
      36.00      45.00      58.00      65.00      54.00      40.00      37.00      28.00      26.00      44.00
      69.00      82.00      76.00
      70.00      80.00      62.00      49.00      46.00      50.00      57.00      59.00      55.00      42.00
      33.00      33.00      35.00      34.00      34.00      42.00      57.00      59.00      53.00      61.00
      92.00      82.00      74.00      77.00      75.00      78.00      94.00     100.00      93.00      62.00
      45.00      42.00      40.00      36.00      45.00      61.00      65.00      52.00      42.00      45.00
      50.00      56.00      62.00      62.00      71.00      79.00      63.00      51.00      61.00      74.00
      82.00      80.00      76.00      66.00      54.00      44.00      36.00      32.00      30.00      30.00
      32.00      44.00      56.00      61.00      50.00      40.00      50.00      48.00      40.00      49.00
      64.00      68.00      56.00
      87.00      84.00      66.00      49.00      40.00      39.00      43.00      50.00      57.00      52.00
      48.00      44.00      35.00      32.00      26.00       8.00      32.00      48.00      50.00      69.00
      78.00      68.00      70.00      83.00      81.00      77.00      86.00      89.00      82.00      66.00
      55.00      52.00      33.00      18.00      25.00      40.00      42.00      44.00      51.00      54.00
      59.00      63.00      62.00      64.00      70.00      78.00      72.00      70.00      85.00     100.00
     100.00      93.00      88.00      73.00      58.00      49.00      42.00      44.00      47.00      50.00
      53.00      57.00      59.00      61.00      52.00      40.00      52.00      68.00      64.00      59.00
      60.00      58.00      43.00
      78.00      80.00      77.00      63.00      55.00      45.00      36.00      37.00      46.00      54.00
      54.00      41.00      30.00      29.00      26.00      23.00      37.00      37.00      41.00      68.00
      78.00      74.00      82.00      91.00      78.00      61.00      61.00      57.00      43.00      33.00
      32.00      30.00      17.00      11.00      20.00      33.00      34.00      39.00      52.00      61.00
      68.00      54.00      36.00      42.00      56.00      78.00      94.00      84.00      91.00      99.00
      96.00      93.00      86.00      68.00      61.00      59.00      54.00      58.00      65.00      70.00
      66.00      55.00      55.00      60.00      51.00      40.00      50.00      66.00      62.00      54.00
      55.00      52.00      41.00
      53.00      58.00      70.00      60.00      53.00      47.00      38.00      26.00      24.00      32.00
      28.00       9.00      24.00      11.00       0.00       4.00      28.00      33.00      47.00      76.00
      83.00      76.00      81.00      86.00      76.00      52.00      38.00      28.00      18.00      12.00
      13.00      13.00       8.00      12.00      18.00      24.00      23.00      24.00      37.00      47.00
      64.00      63.00      38.00      32.00      45.00      76.00      98.00      92.00      85.00      87.00
      87.00      80.00      65.00      55.00      57.00      56.00      45.00      38.00      38.00      45.00
      48.00      45.00      53.00      56.00      50.00      51.00      60.00      58.00      48.00      48.00
      54.00      51.00      39.00
      37.00      32.00      40.00      37.00      32.00      37.00      43.00      35.00      26.00      19.00
      10.00       5.00       9.00       4.00       0.00       0.00      22.00      49.00      52.00      69.00
      79.00      71.00      73.00      81.00      82.00      56.00      24.00      10.00       3.00       2.00
       9.00      15.00      11.00      15.00      22.00      30.00      25.00      13.00      20.00      37.00
      54.00      70.00      56.00      46.00      58.00      77.00      91.00      95.00      97.00      74.00
      73.00      72.00      61.00      53.00      51.00      48.00      36.00      25.00      14.00      18.00
      40.00      59.00      69.00      67.00      54.00      53.00      61.00      60.00      52.00      44.00
      40.00      40.00      33.00
