diamond 4 20年06月25日8时300百帕相对湿度
20 06 25  8  300 
2.500 -2.500  .0  180.0   90.0  .0
73  37
      10.00      10.00      10.00      10.00      10.00      10.00      10.00      10.00      10.00      10.00
      10.00      10.00      10.00      10.00      10.00      10.00      10.00      10.00      10.00      10.00
      10.00      10.00      10.00      10.00      10.00      10.00      10.00      10.00      10.00      10.00
      10.00      10.00      10.00      10.00      10.00      10.00      10.00      10.00      10.00      10.00
      10.00      10.00      10.00      10.00      10.00      10.00      10.00      10.00      10.00      10.00
      10.00      10.00      10.00      10.00      10.00      10.00      10.00      10.00      10.00      10.00
      10.00      10.00      10.00      10.00      10.00      10.00      10.00      10.00      10.00      10.00
      10.00      10.00      10.00
      13.00      12.00      11.00      11.00      10.00       9.00       8.00       8.00       7.00       6.00
       5.00       5.00       4.00       4.00       3.00       3.00       2.00       2.00       2.00       2.00
       2.00       2.00       2.00       2.00       2.00       2.00       3.00       3.00       4.00       4.00
       5.00       6.00       6.00       7.00       7.00       8.00       9.00       9.00      10.00      10.00
      11.00      11.00      11.00      11.00      11.00      11.00      11.00      11.00      11.00      10.00
      10.00       9.00       8.00       8.00       7.00       6.00       5.00       4.00       4.00       3.00
       2.00       1.00       1.00       1.00       1.00       1.00       1.00       1.00       1.00       1.00
       1.00       1.00       1.00
      37.00      36.00      35.00      34.00      33.00      31.00      30.00      29.00      27.00      26.00
      25.00      23.00      22.00      20.00      18.00      16.00      14.00      12.00      10.00       8.00
       6.00       4.00       2.00       0.00       0.00       0.00       0.00       0.00       0.00       0.00
       0.00       1.00       1.00       1.00       2.00       3.00       5.00       7.00       8.00      10.00
      11.00      12.00      13.00      14.00      14.00      14.00      13.00      12.00      11.00      10.00
       8.00       7.00       5.00       3.00       2.00       2.00       1.00       1.00       1.00       1.00
       0.00       0.00       0.00       0.00       0.00       0.00       0.00       0.00       0.00       0.00
       0.00       0.00       0.00
      54.00      54.00      55.00      55.00      55.00      56.00      57.00      59.00      60.00      61.00
      61.00      61.00      61.00      59.00      57.00      54.00      49.00      44.00      39.00      33.00
      27.00      21.00      15.00      10.00       7.00       3.00       1.00       0.00       0.00       0.00
       0.00       0.00       0.00       0.00       0.00       0.00       0.00       0.00       0.00       0.00
       1.00       2.00       2.00       2.00       2.00       1.00       1.00       0.00       0.00       0.00
       0.00       0.00       0.00       0.00       0.00       0.00       0.00       0.00       0.00       0.00
       0.00       0.00       0.00       0.00       0.00       0.00       0.00       0.00       0.00       0.00
       0.00       0.00       0.00
      23.00      25.00      28.00      33.00      40.00      47.00      55.00      64.00      72.00      79.00
      84.00      88.00      90.00      89.00      86.00      80.00      72.00      63.00      52.00      41.00
      31.00      22.00      15.00      10.00       6.00       3.00       2.00       0.00       0.00       0.00
       0.00       0.00       0.00       0.00       0.00       0.00       0.00       0.00       0.00       3.00
       5.00       8.00      11.00      13.00      15.00      17.00      18.00      18.00      18.00      18.00
      17.00      16.00      15.00      14.00      13.00      12.00      11.00      10.00       9.00       9.00
       8.00       7.00       5.00       3.00       1.00       0.00       0.00       0.00       0.00       0.00
       0.00       0.00       0.00
       6.00       7.00       9.00      12.00      17.00      22.00      28.00      35.00      41.00      48.00
      54.00      60.00      66.00      69.00      70.00      68.00      64.00      57.00      48.00      37.00
      26.00      16.00       8.00       3.00       0.00       0.00       0.00       0.00       0.00       0.00
       0.00       0.00       0.00       0.00       0.00       3.00      13.00      24.00      35.00      43.00
      50.00      54.00      56.00      56.00      55.00      54.00      53.00      51.00      50.00      48.00
      47.00      45.00      42.00      38.00      34.00      29.00      23.00      19.00      15.00      12.00
      10.00       9.00       8.00       6.00       5.00       2.00       0.00       0.00       0.00       0.00
       0.00       0.00       0.00
      73.00      72.00      67.00      62.00      56.00      51.00      45.00      39.00      33.00      29.00
      27.00      27.00      30.00      34.00      40.00      44.00      45.00      43.00      37.00      29.00
      19.00       9.00       1.00       0.00       0.00       0.00       0.00       0.00       0.00       0.00
       0.00       0.00       4.00      16.00      32.00      50.00      65.00      75.00      80.00      80.00
      76.00      69.00      61.00      52.00      44.00      39.00      36.00      35.00      34.00      34.00
      34.00      34.00      34.00      34.00      35.00      35.00      34.00      33.00      31.00      29.00
      27.00      26.00      26.00      26.00      25.00      23.00      19.00      13.00       6.00       1.00
       0.00       0.00       0.00
      75.00      75.00      73.00      73.00      74.00      76.00      77.00      75.00      70.00      62.00
      52.00      44.00      38.00      35.00      35.00      38.00      40.00      40.00      38.00      33.00
      26.00      18.00      11.00       4.00       0.00       0.00       0.00       0.00       0.00       0.00
       0.00       0.00       8.00      23.00      42.00      62.00      78.00      85.00      83.00      75.00
      64.00      53.00      42.00      33.00      29.00      28.00      31.00      33.00      34.00      31.00
      26.00      21.00      16.00      13.00      14.00      16.00      19.00      22.00      24.00      26.00
      29.00      33.00      38.00      44.00      48.00      49.00      45.00      37.00      25.00      12.00
       0.00       0.00       0.00
       0.00       0.00       3.00      14.00      28.00      43.00      58.00      69.00      75.00      74.00
      66.00      54.00      43.00      35.00      32.00      35.00      41.00      46.00      49.00      49.00
      48.00      44.00      36.00      25.00      14.00       5.00       0.00       0.00       0.00       0.00
       0.00       0.00       0.00       7.00      24.00      47.00      68.00      79.00      81.00      76.00
      68.00      60.00      53.00      46.00      41.00      38.00      38.00      39.00      39.00      37.00
      33.00      27.00      21.00      16.00      12.00      10.00       9.00       9.00      10.00      12.00
      19.00      30.00      42.00      55.00      66.00      73.00      74.00      67.00      52.00      32.00
      13.00       2.00       0.00
       0.00       1.00       5.00      17.00      30.00      41.00      53.00      67.00      80.00      85.00
      80.00      68.00      54.00      42.00      35.00      35.00      38.00      40.00      40.00      40.00
      41.00      43.00      42.00      34.00      21.00      10.00       7.00      12.00      20.00      24.00
      19.00       8.00       0.00       3.00      16.00      38.00      61.00      76.00      86.00      86.00
      82.00      80.00      76.00      67.00      53.00      40.00      30.00      25.00      21.00      16.00
      12.00      12.00      15.00      17.00      15.00       9.00       3.00       0.00       0.00       8.00
      21.00      31.00      39.00      47.00      59.00      73.00      80.00      71.00      47.00      19.00
       0.00       0.00       0.00
      28.00      34.00      41.00      46.00      47.00      45.00      47.00      60.00      75.00      83.00
      85.00      82.00      73.00      63.00      55.00      51.00      49.00      46.00      39.00      30.00
      23.00      21.00      26.00      28.00      23.00      12.00       4.00       9.00      24.00      39.00
      42.00      31.00      16.00      12.00      24.00      46.00      72.00      89.00      93.00      87.00
      76.00      67.00      59.00      48.00      36.00      30.00      29.00      29.00      26.00      18.00
       8.00       5.00       9.00      14.00      16.00      12.00       9.00      12.00      15.00      14.00
      10.00       7.00      12.00      30.00      57.00      79.00      83.00      66.00      40.00      15.00
       0.00       0.00       0.00
      73.00      69.00      58.00      40.00      21.00       9.00      10.00      22.00      35.00      45.00
      55.00      60.00      58.00      54.00      52.00      55.00      57.00      57.00      54.00      46.00
      34.00      24.00      28.00      41.00      50.00      47.00      35.00      28.00      37.00      58.00
      73.00      70.00      54.00      38.00      34.00      47.00      69.00      86.00      90.00      81.00
      66.00      52.00      43.00      38.00      30.00      20.00      17.00      22.00      28.00      30.00
      26.00      18.00      15.00      15.00      13.00      14.00      19.00      27.00      33.00      28.00
      11.00       0.00       0.00       3.00      27.00      47.00      50.00      38.00      19.00       3.00
       0.00       0.00       0.00
      66.00      58.00      44.00      23.00       9.00       5.00      10.00      15.00      20.00      30.00
      42.00      48.00      51.00      54.00      63.00      73.00      76.00      71.00      66.00      63.00
      53.00      41.00      36.00      40.00      44.00      40.00      32.00      28.00      33.00      48.00
      62.00      67.00      65.00      56.00      41.00      32.00      36.00      44.00      46.00      40.00
      31.00      25.00      26.00      29.00      29.00      25.00      20.00      23.00      35.00      45.00
      43.00      26.00       5.00       0.00       0.00       0.00      10.00      21.00      27.00      23.00
      14.00      10.00      14.00      21.00      22.00      21.00      23.00      25.00      20.00       8.00
       3.00      13.00      30.00
      43.00      36.00      30.00      27.00      31.00      33.00      26.00      17.00      18.00      32.00
      48.00      57.00      60.00      68.00      85.00      95.00      83.00      59.00      40.00      29.00
      21.00      14.00      14.00      16.00      14.00       6.00       2.00       4.00       7.00      10.00
      18.00      34.00      49.00      56.00      54.00      48.00      40.00      36.00      33.00      31.00
      28.00      25.00      28.00      27.00      26.00      29.00      35.00      36.00      33.00      31.00
      30.00      26.00      18.00      13.00      16.00      21.00      23.00      26.00      26.00      24.00
      23.00      30.00      40.00      39.00      21.00       8.00      20.00      44.00      53.00      45.00
      35.00      37.00      50.00
      22.00      16.00      13.00      20.00      33.00      40.00      32.00      18.00      14.00      21.00
      25.00      23.00      23.00      37.00      56.00      64.00      55.00      42.00      33.00      24.00
      15.00      14.00      30.00      51.00      58.00      52.00      46.00      34.00      13.00       4.00
       6.00      21.00      33.00      46.00      61.00      72.00      70.00      57.00      36.00      21.00
      26.00      39.00      47.00      42.00      32.00      28.00      30.00      26.00      19.00      25.00
      43.00      55.00      62.00      69.00      66.00      47.00      34.00      38.00      49.00      51.00
      38.00      23.00      22.00      30.00      32.00      26.00      30.00      41.00      42.00      38.00
      41.00      49.00      53.00
      22.00      21.00      22.00      30.00      44.00      51.00      45.00      37.00      36.00      33.00
      21.00      11.00      11.00      15.00      21.00      25.00      30.00      37.00      39.00      37.00
      37.00      47.00      72.00      94.00     100.00     100.00      91.00      63.00      24.00      12.00
      38.00      62.00      61.00      52.00      61.00      80.00      77.00      52.00      23.00       3.00
       1.00      28.00      37.00      33.00      24.00      23.00      27.00      25.00      27.00      46.00
      61.00      48.00      35.00      42.00      60.00      57.00      47.00      51.00      66.00      74.00
      59.00      32.00      18.00      25.00      34.00      31.00      32.00      38.00      37.00      37.00
      48.00      57.00      48.00
      27.00      39.00      43.00      39.00      31.00      22.00      17.00      23.00      38.00      43.00
      39.00      45.00      57.00      56.00      35.00      21.00      20.00      15.00       7.00       7.00
      14.00      37.00      62.00      75.00      78.00      81.00      83.00      69.00      43.00      48.00
      84.00      92.00      56.00      26.00      13.00      42.00      56.00      29.00      27.00      11.00
      29.00      52.00      46.00      32.00      24.00      39.00      48.00      43.00      34.00      31.00
      30.00      15.00       2.00      14.00      43.00      55.00      47.00      51.00      62.00      67.00
      57.00      39.00      34.00      42.00      39.00      31.00      38.00      57.00      59.00      48.00
      53.00      61.00      44.00
      30.00      42.00      43.00      30.00      15.00       8.00       6.00      23.00      35.00      33.00
      30.00      55.00      75.00      75.00      50.00      33.00      37.00      40.00      39.00      48.00
      64.00      71.00      75.00      84.00      87.00      82.00      77.00      64.00      44.00      50.00
      68.00      55.00      20.00      15.00      37.00      57.00      76.00      85.00      77.00      50.00
      20.00      44.00      57.00      43.00      34.00      49.00      67.00      77.00      64.00      42.00
      32.00      24.00      13.00      22.00      49.00      64.00      63.00      70.00      83.00      88.00
      79.00      54.00      31.00      31.00      44.00      49.00      55.00      62.00      50.00      27.00
      25.00      36.00      31.00
      41.00      44.00      41.00      33.00      37.00      39.00      37.00      43.00      41.00      18.00
      12.00      41.00      59.00      56.00      39.00      32.00      42.00      55.00      57.00      59.00
      65.00      64.00      61.00      62.00      61.00      56.00      56.00      58.00      51.00      48.00
      49.00      43.00      33.00      14.00      40.00      63.00      74.00      86.00      96.00      68.00
      33.00      35.00      34.00      36.00      36.00      21.00      22.00      55.00      58.00      44.00
      31.00      13.00       1.00      16.00      52.00      77.00      75.00      79.00      93.00     100.00
     100.00      88.00      54.00      21.00       7.00       5.00       2.00      22.00      41.00      31.00
      18.00      20.00      27.00
      61.00      51.00      33.00      31.00      39.00      37.00      26.00      23.00      35.00      32.00
      28.00      36.00      27.00      18.00      13.00      13.00      21.00      32.00      20.00      16.00
      19.00      22.00      23.00      23.00      25.00      30.00      35.00      43.00      48.00      18.00
       4.00       6.00      14.00      26.00      46.00      67.00      56.00      40.00      47.00      64.00
      75.00      58.00      29.00      38.00      51.00      26.00      16.00      69.00      61.00      32.00
       8.00       0.00       2.00      21.00      52.00      79.00      87.00      90.00      98.00     100.00
     100.00     100.00      84.00      67.00      50.00      21.00      11.00      38.00      79.00      81.00
      70.00      73.00      81.00
      54.00      44.00      26.00      23.00      28.00      24.00      22.00      35.00      44.00      36.00
      21.00       8.00       3.00       2.00       3.00       4.00       3.00       0.00       1.00       7.00
      12.00      11.00       9.00       8.00       8.00       8.00      12.00      19.00      22.00      40.00
      21.00      47.00      88.00      88.00      92.00      88.00      72.00      53.00      51.00      46.00
      36.00      44.00      48.00      33.00      18.00       8.00      52.00      80.00      53.00      28.00
      12.00      13.00      27.00      45.00      71.00      96.00     100.00     100.00     100.00     100.00
     100.00     100.00      99.00      95.00      93.00      83.00      68.00      74.00      90.00      93.00
      94.00     100.00      98.00
      51.00      46.00      28.00      18.00      16.00      15.00      19.00      25.00      21.00       8.00
       1.00       0.00       2.00       5.00       8.00      11.00      18.00      24.00      25.00      21.00
      24.00      19.00      15.00       7.00       4.00       6.00      11.00      14.00       9.00       0.00
       0.00      34.00      66.00      66.00      74.00      65.00      77.00      91.00      75.00      47.00
      60.00      60.00      47.00      33.00      14.00      20.00      25.00      15.00      24.00      31.00
      27.00      29.00      51.00      68.00      79.00      78.00      65.00      56.00      56.00      68.00
      90.00     100.00     100.00     100.00     100.00     100.00      94.00      90.00      89.00      92.00
     100.00     100.00      96.00
      62.00      57.00      40.00      18.00      10.00      14.00      14.00      10.00       4.00       2.00
       3.00       6.00      12.00      19.00      23.00      26.00      28.00      24.00      20.00       1.00
       2.00      18.00      21.00      14.00       7.00       9.00       7.00       1.00       3.00      17.00
      35.00      15.00      10.00      61.00      72.00      71.00      47.00      39.00      37.00      52.00
      57.00      64.00      45.00      39.00      40.00      24.00       0.00       9.00      42.00      56.00
      52.00      58.00      77.00      72.00      47.00      27.00      18.00      15.00      16.00      30.00
      55.00      79.00      90.00      93.00      94.00      94.00      92.00      86.00      80.00      81.00
      85.00      87.00      89.00
      49.00      55.00      26.00       6.00       8.00      11.00       9.00       7.00       6.00       6.00
      10.00      19.00      25.00      26.00      23.00      19.00      14.00      13.00      15.00      22.00
       9.00       2.00      14.00      16.00      13.00      13.00       5.00       3.00      15.00      15.00
      20.00      37.00      29.00      36.00      36.00      43.00      63.00      35.00      30.00      65.00
      61.00      18.00      35.00      29.00       6.00       0.00      19.00      54.00      77.00      80.00
      71.00      79.00      93.00      71.00      33.00      21.00      27.00      30.00      33.00      43.00
      52.00      63.00      70.00      72.00      72.00      67.00      57.00      48.00      46.00      52.00
      60.00      67.00      77.00
      53.00      53.00      19.00       9.00       9.00       0.00       0.00       9.00      14.00      18.00
      26.00      32.00      33.00      27.00      15.00       6.00       4.00       4.00       8.00      15.00
      10.00       1.00       5.00      12.00      13.00      15.00      12.00       9.00      18.00      14.00
       8.00       2.00      10.00       1.00       0.00       0.00      56.00      68.00      48.00      46.00
      44.00      21.00      12.00       6.00       3.00      22.00      56.00      82.00      86.00      80.00
      82.00      94.00      98.00      73.00      43.00      41.00      42.00      34.00      35.00      43.00
      53.00      61.00      58.00      52.00      47.00      38.00      33.00      32.00      33.00      39.00
      42.00      37.00      39.00
      45.00      39.00      21.00      18.00       9.00       2.00      15.00      30.00      33.00      37.00
      39.00      29.00      21.00      13.00       6.00       5.00       8.00      10.00       7.00       7.00
       7.00       3.00      10.00      15.00      14.00      12.00       6.00       2.00       7.00       9.00
      10.00      14.00      15.00      20.00      30.00      27.00      33.00      10.00       8.00      29.00
      36.00      11.00       0.00      12.00      36.00      56.00      76.00      79.00      68.00      74.00
      89.00     100.00      93.00      66.00      48.00      47.00      39.00      28.00      25.00      24.00
      26.00      26.00      20.00      24.00      33.00      37.00      46.00      54.00      51.00      44.00
      29.00       9.00       8.00
      16.00       9.00       8.00       7.00       3.00      13.00      32.00      38.00      39.00      43.00
      31.00      15.00       9.00       7.00       6.00       8.00      11.00      10.00       7.00       3.00
       3.00       3.00       4.00       8.00       8.00       2.00       0.00       6.00      13.00      21.00
      28.00      36.00      40.00      32.00      27.00      28.00      35.00      27.00      17.00      34.00
      44.00      24.00      20.00      49.00      63.00      66.00      58.00      51.00      62.00      74.00
      71.00      66.00      56.00      43.00      39.00      39.00      40.00      40.00      31.00      18.00
       9.00       8.00      17.00      44.00      69.00      74.00      76.00      76.00      70.00      65.00
      42.00      11.00       8.00
       1.00       0.00       4.00       2.00       7.00      24.00      36.00      40.00      46.00      36.00
      13.00       8.00      16.00      15.00       3.00       2.00       3.00       4.00       0.00       0.00
       0.00       4.00       1.00       1.00      10.00      13.00      17.00      24.00      26.00      24.00
      27.00      41.00      56.00      54.00      49.00      45.00      44.00      46.00      47.00      53.00
      52.00      51.00      51.00      53.00      56.00      49.00      46.00      41.00      48.00      60.00
      52.00      43.00      34.00      31.00      39.00      40.00      39.00      37.00      27.00      24.00
      29.00      41.00      58.00      84.00      92.00      89.00      78.00      69.00      74.00      87.00
      66.00      28.00      15.00
       0.00       2.00       1.00       0.00      13.00      27.00      25.00      38.00      57.00      32.00
       4.00       4.00      23.00      27.00       6.00       2.00       1.00      10.00      21.00      26.00
      28.00      30.00      24.00      22.00      28.00      37.00      48.00      38.00      18.00      13.00
      24.00      42.00      47.00      40.00      40.00      45.00      46.00      46.00      56.00      72.00
      70.00      71.00      67.00      53.00      42.00      45.00      54.00      43.00      41.00      56.00
      55.00      42.00      34.00      42.00      52.00      40.00      31.00      29.00      27.00      34.00
      43.00      52.00      64.00      69.00      69.00      73.00      73.00      71.00      75.00      80.00
      58.00      24.00      13.00
      15.00      15.00       5.00       4.00      28.00      32.00      14.00      29.00      53.00      32.00
      13.00       9.00      21.00      37.00      30.00       7.00      18.00      33.00      43.00      69.00
      78.00      85.00      78.00      70.00      59.00      48.00      54.00      54.00      35.00      26.00
      42.00      48.00      35.00      19.00      27.00      36.00      39.00      44.00      50.00      63.00
      67.00      60.00      48.00      40.00      41.00      50.00      58.00      52.00      50.00      62.00
      59.00      48.00      54.00      67.00      60.00      37.00      27.00      21.00      18.00      25.00
      29.00      33.00      44.00      48.00      42.00      43.00      59.00      69.00      70.00      67.00
      50.00      27.00      15.00
      44.00      37.00      26.00      24.00      37.00      35.00      18.00      22.00      37.00      32.00
      27.00      25.00      28.00      34.00      42.00      54.00      41.00      52.00      67.00      56.00
      57.00      75.00      89.00      99.00      91.00      72.00      60.00      66.00      54.00      39.00
      58.00      61.00      35.00      22.00      29.00      37.00      36.00      36.00      37.00      36.00
      26.00      24.00      28.00      21.00      24.00      27.00      26.00      24.00      36.00      57.00
      61.00      62.00      75.00      79.00      59.00      39.00      36.00      29.00      20.00      20.00
      21.00      20.00      19.00      21.00      21.00      26.00      40.00      54.00      59.00      52.00
      42.00      30.00      19.00
      63.00      50.00      50.00      55.00      51.00      45.00      39.00      33.00      37.00      41.00
      38.00      48.00      56.00      34.00      33.00      86.00      75.00      65.00      44.00      15.00
      30.00      66.00      92.00     100.00     100.00      95.00      68.00      64.00      53.00      43.00
      68.00      75.00      44.00      26.00      34.00      48.00      42.00      34.00      35.00      37.00
      19.00      29.00      59.00      48.00      16.00      12.00      13.00      17.00      29.00      49.00
      55.00      56.00      69.00      76.00      54.00      34.00      39.00      44.00      41.00      33.00
      27.00      22.00      17.00      19.00      23.00      28.00      34.00      42.00      47.00      39.00
      33.00      27.00      16.00
      50.00      44.00      61.00      80.00      74.00      65.00      65.00      62.00      63.00      68.00
      67.00      80.00      88.00      54.00      31.00      65.00      87.00      73.00      53.00      31.00
      49.00      85.00      99.00     100.00     100.00      96.00      78.00      81.00      75.00      61.00
      63.00      61.00      54.00      44.00      40.00      48.00      48.00      42.00      43.00      48.00
      40.00      41.00      62.00      57.00      31.00      28.00      40.00      48.00      39.00      38.00
      45.00      43.00      53.00      62.00      47.00      34.00      40.00      52.00      56.00      48.00
      39.00      34.00      35.00      35.00      31.00      30.00      36.00      38.00      36.00      32.00
      35.00      32.00      18.00
      38.00      45.00      66.00      78.00      81.00      80.00      80.00      86.00      88.00      89.00
      92.00      91.00      80.00      58.00      33.00      38.00      61.00      44.00      38.00      47.00
      66.00      66.00      69.00      77.00      90.00      90.00      87.00      94.00      89.00      80.00
      75.00      65.00      70.00      72.00      60.00      53.00      46.00      40.00      38.00      50.00
      61.00      51.00      53.00      57.00      50.00      44.00      49.00      50.00      35.00      29.00
      42.00      43.00      42.00      43.00      34.00      34.00      41.00      47.00      49.00      46.00
      42.00      42.00      45.00      47.00      41.00      35.00      39.00      40.00      33.00      31.00
      36.00      36.00      29.00
      21.00      30.00      53.00      68.00      84.00      93.00      88.00      93.00      96.00      93.00
      86.00      66.00      44.00      35.00      31.00      34.00      46.00      59.00      66.00      73.00
      75.00      71.00      58.00      62.00      71.00      72.00      77.00      82.00      79.00      85.00
      91.00      79.00      78.00      87.00      81.00      63.00      44.00      37.00      43.00      60.00
      71.00      61.00      61.00      70.00      67.00      59.00      47.00      45.00      40.00      37.00
      36.00      37.00      41.00      36.00      26.00      31.00      44.00      45.00      37.00      35.00
      40.00      44.00      45.00      45.00      45.00      38.00      34.00      38.00      39.00      37.00
      34.00      33.00      35.00
       3.00       1.00      27.00      56.00      80.00      83.00      75.00      84.00      85.00      74.00
      47.00      22.00      16.00      18.00      20.00      16.00      44.00      73.00      89.00      94.00
      93.00      81.00      66.00      62.00      60.00      55.00      56.00      58.00      66.00      87.00
      98.00      88.00      79.00      81.00      73.00      49.00      35.00      38.00      53.00      65.00
      63.00      64.00      75.00      75.00      61.00      52.00      44.00      40.00      47.00      51.00
      40.00      37.00      44.00      36.00      26.00      37.00      51.00      47.00      35.00      33.00
      39.00      43.00      40.00      38.00      40.00      37.00      32.00      32.00      36.00      37.00
      36.00      37.00      43.00
       6.00       0.00      18.00      58.00      87.00      93.00      89.00      85.00      64.00      41.00
      18.00       9.00      18.00      22.00      49.00      30.00      23.00      50.00      73.00      91.00
      98.00      90.00      74.00      63.00      56.00      51.00      51.00      46.00      51.00      79.00
     100.00      99.00      79.00      70.00      61.00      43.00      41.00      47.00      58.00      60.00
      57.00      64.00      57.00      41.00      33.00      27.00      27.00      21.00      27.00      54.00
      61.00      52.00      45.00      37.00      34.00      38.00      38.00      37.00      34.00      36.00
      42.00      43.00      40.00      40.00      41.00      44.00      43.00      37.00      36.00      38.00
      39.00      41.00      45.00
