diamond 4 20年06月30日20时300百帕相对湿度
20 06 30  20  300 
2.500 -2.500  .0  180.0   90.0  .0
73  37
       4.00       4.00       4.00       4.00       4.00       4.00       4.00       4.00       4.00       4.00
       4.00       4.00       4.00       4.00       4.00       4.00       4.00       4.00       4.00       4.00
       4.00       4.00       4.00       4.00       4.00       4.00       4.00       4.00       4.00       4.00
       4.00       4.00       4.00       4.00       4.00       4.00       4.00       4.00       4.00       4.00
       4.00       4.00       4.00       4.00       4.00       4.00       4.00       4.00       4.00       4.00
       4.00       4.00       4.00       4.00       4.00       4.00       4.00       4.00       4.00       4.00
       4.00       4.00       4.00       4.00       4.00       4.00       4.00       4.00       4.00       4.00
       4.00       4.00       4.00
       1.00       1.00       1.00       1.00       1.00       1.00       1.00       0.00       0.00       0.00
       0.00       0.00       0.00       0.00       0.00       0.00       1.00       1.00       1.00       1.00
       2.00       2.00       2.00       2.00       2.00       2.00       2.00       2.00       2.00       2.00
       2.00       1.00       1.00       1.00       1.00       1.00       1.00       0.00       0.00       0.00
       0.00       0.00       0.00       0.00       0.00       0.00       0.00       0.00       0.00       0.00
       0.00       0.00       0.00       0.00       0.00       0.00       0.00       0.00       0.00       0.00
       0.00       0.00       0.00       0.00       0.00       0.00       0.00       0.00       0.00       0.00
       0.00       0.00       0.00
       2.00       1.00       1.00       0.00       0.00       0.00       0.00       1.00       3.00       4.00
       6.00       7.00       9.00      10.00      12.00      13.00      14.00      14.00      15.00      16.00
      16.00      16.00      16.00      16.00      16.00      16.00      15.00      15.00      14.00      14.00
      13.00      12.00      12.00      11.00      10.00      10.00       9.00       8.00       8.00       7.00
       6.00       6.00       5.00       5.00       4.00       3.00       3.00       2.00       1.00       0.00
       0.00       0.00       0.00       0.00       0.00       0.00       0.00       0.00       0.00       0.00
       0.00       0.00       0.00       0.00       0.00       0.00       0.00       0.00       0.00       0.00
       0.00       0.00       0.00
       7.00       8.00       9.00      12.00      16.00      20.00      25.00      29.00      34.00      38.00
      42.00      45.00      48.00      49.00      50.00      51.00      51.00      50.00      49.00      47.00
      46.00      44.00      43.00      42.00      41.00      41.00      41.00      41.00      42.00      43.00
      43.00      44.00      44.00      44.00      44.00      44.00      44.00      43.00      43.00      43.00
      42.00      42.00      41.00      41.00      40.00      38.00      37.00      34.00      32.00      29.00
      25.00      22.00      18.00      14.00      11.00       8.00       5.00       3.00       3.00       2.00
       2.00       2.00       1.00       1.00       1.00       0.00       0.00       0.00       0.00       0.00
       0.00       0.00       0.00
      17.00      19.00      23.00      30.00      39.00      50.00      62.00      73.00      82.00      87.00
      87.00      88.00      89.00      89.00      87.00      82.00      75.00      67.00      58.00      49.00
      39.00      30.00      23.00      17.00      15.00      15.00      19.00      25.00      33.00      42.00
      50.00      57.00      63.00      68.00      70.00      71.00      71.00      70.00      68.00      67.00
      65.00      65.00      64.00      65.00      65.00      66.00      67.00      67.00      67.00      65.00
      61.00      57.00      51.00      44.00      36.00      28.00      21.00      15.00       9.00       4.00
       2.00       1.00       0.00       0.00       0.00       0.00       0.00       0.00       0.00       0.00
       0.00       0.00       0.00
       6.00       3.00       1.00       2.00       6.00      12.00      20.00      30.00      39.00      47.00
      54.00      59.00      63.00      64.00      64.00      62.00      58.00      53.00      46.00      37.00
      26.00      15.00       3.00       1.00       0.00       0.00       0.00       0.00       2.00      14.00
      26.00      38.00      48.00      56.00      63.00      66.00      68.00      68.00      67.00      65.00
      63.00      60.00      58.00      57.00      58.00      61.00      65.00      71.00      76.00      81.00
      83.00      83.00      80.00      73.00      65.00      55.00      45.00      36.00      27.00      19.00
      12.00       5.00       1.00       0.00       0.00       0.00       0.00       0.00       0.00       0.00
       0.00       3.00       5.00
       0.00       0.00       0.00       0.00       0.00       0.00       0.00       0.00       0.00       2.00
       7.00      11.00      15.00      19.00      22.00      26.00      28.00      30.00      30.00      30.00
      28.00      26.00      21.00      16.00      11.00       5.00       1.00       0.00       0.00       0.00
       2.00       5.00      10.00      15.00      22.00      29.00      36.00      44.00      51.00      57.00
      60.00      59.00      56.00      50.00      44.00      39.00      37.00      40.00      46.00      53.00
      59.00      61.00      60.00      56.00      50.00      44.00      37.00      31.00      25.00      20.00
      14.00       8.00       2.00       0.00       0.00       0.00       0.00       0.00       1.00       6.00
       9.00      12.00      13.00
       0.00       0.00       0.00       0.00       0.00       0.00       0.00       0.00       7.00      17.00
      25.00      30.00      33.00      34.00      33.00      31.00      29.00      27.00      25.00      24.00
      25.00      28.00      32.00      35.00      36.00      35.00      32.00      28.00      25.00      22.00
      21.00      20.00      16.00      10.00       3.00       2.00       2.00       7.00      21.00      37.00
      52.00      61.00      64.00      59.00      48.00      35.00      24.00      19.00      19.00      23.00
      29.00      34.00      36.00      36.00      34.00      31.00      28.00      25.00      22.00      18.00
      13.00       8.00       5.00       5.00       8.00      14.00      21.00      29.00      36.00      42.00
      46.00      47.00      48.00
       0.00       0.00       0.00       0.00       0.00       0.00       0.00       6.00      24.00      46.00
      64.00      73.00      74.00      71.00      65.00      59.00      52.00      43.00      35.00      29.00
      26.00      27.00      31.00      36.00      41.00      45.00      46.00      47.00      48.00      50.00
      53.00      56.00      55.00      48.00      35.00      16.00       1.00       0.00       0.00       9.00
      37.00      61.00      74.00      74.00      62.00      44.00      27.00      17.00      14.00      12.00
       9.00      10.00      13.00      14.00      15.00      14.00      13.00      10.00       8.00       7.00
       6.00       8.00      12.00      19.00      24.00      28.00      30.00      31.00      34.00      36.00
      38.00      39.00      41.00
       0.00       0.00       0.00       2.00       6.00      14.00      25.00      41.00      59.00      71.00
      74.00      71.00      64.00      56.00      49.00      46.00      46.00      47.00      45.00      40.00
      33.00      27.00      23.00      20.00      21.00      27.00      38.00      52.00      62.00      67.00
      67.00      66.00      66.00      65.00      60.00      47.00      24.00       1.00       0.00       5.00
      30.00      52.00      67.00      71.00      64.00      47.00      34.00      28.00      25.00      19.00
      19.00      27.00      29.00      24.00      13.00       1.00       0.00       1.00       0.00       7.00
      21.00      32.00      40.00      42.00      39.00      31.00      16.00       1.00       0.00       0.00
       0.00       0.00       0.00
       7.00      14.00      19.00      25.00      36.00      49.00      63.00      73.00      76.00      79.00
      83.00      82.00      74.00      59.00      47.00      42.00      45.00      52.00      59.00      61.00
      56.00      46.00      34.00      21.00      10.00      14.00      32.00      53.00      66.00      72.00
      71.00      67.00      62.00      55.00      45.00      34.00      25.00      19.00      16.00      19.00
      24.00      31.00      38.00      45.00      53.00      56.00      52.00      46.00      37.00      21.00
      11.00      19.00      29.00      31.00      22.00      14.00      16.00      27.00      40.00      53.00
      56.00      47.00      36.00      31.00      30.00      28.00      22.00      15.00      10.00       8.00
       7.00       6.00       4.00
      57.00      57.00      58.00      63.00      64.00      70.00      75.00      73.00      75.00      82.00
      90.00      92.00      80.00      59.00      43.00      38.00      42.00      48.00      51.00      46.00
      37.00      30.00      27.00      36.00      56.00      71.00      65.00      47.00      31.00      26.00
      35.00      53.00      63.00      54.00      35.00      21.00      20.00      32.00      43.00      44.00
      37.00      28.00      29.00      40.00      58.00      73.00      73.00      58.00      40.00      21.00
       7.00       8.00      18.00      26.00      26.00      28.00      30.00      20.00      12.00      13.00
      15.00      21.00      32.00      42.00      43.00      33.00      20.00      13.00      13.00      16.00
      16.00      13.00       7.00
      37.00      22.00      18.00      38.00      65.00      99.00      95.00      84.00      77.00      82.00
      89.00      86.00      74.00      59.00      47.00      43.00      48.00      56.00      56.00      44.00
      25.00      11.00      10.00      29.00      56.00      62.00      50.00      34.00      28.00      41.00
      62.00      72.00      62.00      42.00      26.00      18.00      25.00      37.00      46.00      46.00
      37.00      27.00      27.00      39.00      52.00      59.00      58.00      50.00      43.00      38.00
      33.00      32.00      34.00      36.00      35.00      32.00      24.00      17.00      22.00      36.00
      57.00      75.00      74.00      58.00      41.00      33.00      35.00      43.00      51.00      57.00
      60.00      59.00      56.00
      48.00      21.00       4.00       8.00      35.00      73.00      81.00      62.00      33.00      24.00
      40.00      62.00      71.00      63.00      47.00      37.00      37.00      45.00      47.00      37.00
      27.00      29.00      40.00      43.00      33.00      25.00      25.00      37.00      60.00      81.00
      87.00      76.00      49.00      29.00      31.00      42.00      46.00      42.00      36.00      32.00
      29.00      25.00      23.00      25.00      27.00      29.00      31.00      32.00      34.00      33.00
      33.00      35.00      38.00      40.00      38.00      33.00      30.00      35.00      49.00      71.00
      96.00      96.00      67.00      18.00       3.00      32.00      71.00      93.00     100.00     100.00
     100.00     100.00     100.00
      68.00      71.00      57.00      48.00      57.00      76.00      78.00      59.00      36.00      19.00
      19.00      40.00      58.00      56.00      40.00      24.00      22.00      33.00      36.00      23.00
      12.00      17.00      23.00      13.00       8.00      21.00      45.00      74.00      89.00      88.00
      74.00      47.00      22.00      24.00      43.00      56.00      52.00      37.00      20.00      17.00
      27.00      30.00      23.00      10.00       3.00      24.00      46.00      45.00      27.00      17.00
      25.00      44.00      64.00      73.00      66.00      54.00      46.00      42.00      40.00      41.00
      49.00      54.00      41.00      27.00      41.00      71.00      91.00      95.00      95.00     100.00
     100.00     100.00     100.00
      57.00      72.00      69.00      59.00      59.00      67.00      69.00      66.00      64.00      55.00
      41.00      38.00      48.00      51.00      39.00      23.00      21.00      31.00      40.00      36.00
      23.00      16.00       6.00       0.00       0.00      19.00      57.00      88.00      93.00      69.00
      38.00      30.00      44.00      60.00      64.00      60.00      46.00      29.00       9.00       2.00
       6.00      29.00      34.00      30.00      36.00      55.00      62.00      57.00      42.00      31.00
      35.00      46.00      48.00      43.00      35.00      34.00      38.00      43.00      43.00      30.00
      25.00      35.00      44.00      53.00      69.00      88.00      91.00      68.00      37.00      44.00
      82.00     100.00     100.00
      64.00      58.00      45.00      34.00      37.00      39.00      27.00      18.00      25.00      33.00
      28.00      30.00      49.00      55.00      43.00      21.00      13.00      17.00      19.00      11.00
       7.00      10.00      23.00      29.00      28.00      29.00      40.00      55.00      56.00      27.00
       0.00       1.00      46.00      76.00      77.00      58.00      48.00      57.00      53.00      30.00
       4.00      14.00      43.00      64.00      83.00      80.00      71.00      72.00      62.00      39.00
      24.00      22.00      27.00      42.00      56.00      52.00      47.00      64.00      87.00      93.00
      94.00      74.00      60.00      57.00      61.00      71.00      85.00      86.00      49.00      21.00
      48.00      99.00     100.00
      40.00      36.00      23.00      12.00      15.00      17.00       4.00       2.00       5.00       6.00
      10.00      31.00      61.00      64.00      43.00      28.00      41.00      59.00      50.00      27.00
      17.00      33.00      57.00      70.00      68.00      56.00      44.00      41.00      52.00      48.00
      31.00      26.00      43.00      51.00      39.00      40.00      64.00      86.00      83.00      59.00
      34.00      29.00      36.00      42.00      51.00      65.00      77.00      85.00      62.00      30.00
      21.00      30.00      40.00      48.00      55.00      47.00      28.00      28.00      40.00      37.00
      26.00      19.00      21.00      34.00      48.00      47.00      55.00      78.00      74.00      30.00
      16.00      66.00      99.00
      16.00      20.00      22.00      22.00      34.00      43.00      30.00      17.00      13.00      11.00
      11.00      36.00      64.00      61.00      29.00      24.00      60.00      93.00      71.00      45.00
      47.00      60.00      76.00      84.00      75.00      54.00      41.00      49.00      87.00     100.00
      99.00      83.00      49.00      38.00      32.00      22.00      16.00      27.00      41.00      13.00
      18.00      51.00      56.00      39.00      30.00      44.00      66.00      60.00      34.00      23.00
      30.00      32.00      26.00      25.00      33.00      37.00      37.00      45.00      53.00      49.00
      37.00      21.00       7.00       3.00       3.00       2.00      23.00      73.00      97.00      65.00
      31.00      50.00      85.00
      16.00      14.00      23.00      28.00      31.00      33.00      25.00      10.00       9.00      11.00
       7.00      29.00      47.00      49.00      26.00      20.00      36.00      55.00      38.00      16.00
      14.00      14.00      23.00      36.00      33.00      14.00      10.00      39.00      71.00      69.00
      46.00      52.00      68.00      50.00      39.00      28.00      20.00      28.00      33.00      14.00
      19.00      56.00      80.00      58.00      34.00      28.00      50.00      51.00      45.00      51.00
      63.00      68.00      55.00      56.00      74.00      81.00      72.00      75.00      92.00      96.00
      89.00      74.00      49.00      33.00      33.00      46.00      67.00      89.00      93.00      72.00
      53.00      55.00      70.00
      13.00      20.00      29.00      26.00      18.00      12.00       7.00       7.00       9.00       6.00
       2.00       8.00      20.00      32.00      35.00      21.00      27.00      87.00      99.00      33.00
      12.00       4.00       1.00       7.00       6.00       3.00       7.00      15.00       0.00      34.00
       6.00      42.00      41.00      27.00      21.00      19.00      19.00      37.00      44.00      32.00
      48.00      71.00      79.00      59.00      31.00      18.00      23.00      37.00      65.00      75.00
      91.00      94.00      46.00      28.00      44.00      74.00      78.00      78.00      88.00      93.00
      98.00     100.00      98.00      90.00      81.00      77.00      78.00      79.00      70.00      59.00
      53.00      45.00      46.00
      23.00      22.00      21.00      20.00      19.00      17.00      11.00       7.00       5.00       1.00
       1.00       2.00       7.00       9.00       7.00       1.00       1.00       9.00      26.00      22.00
      15.00      13.00      15.00      12.00       9.00      10.00      11.00       4.00      43.00      25.00
      15.00      46.00      33.00      17.00      30.00      53.00      40.00      18.00      26.00      35.00
      78.00      85.00      69.00      66.00      55.00      30.00      14.00      25.00      51.00      54.00
      66.00      74.00      25.00       6.00      21.00      62.00      81.00      87.00      94.00      98.00
     100.00      96.00      88.00      79.00      68.00      58.00      58.00      56.00      44.00      38.00
      35.00      26.00      35.00
      19.00      11.00       3.00       4.00      11.00      11.00       8.00       4.00       4.00       4.00
       4.00       4.00       2.00       0.00       2.00       6.00       9.00      11.00       9.00       0.00
       0.00       5.00      10.00      14.00      15.00      18.00      17.00      29.00      51.00      62.00
      36.00      31.00      15.00      17.00      15.00       8.00       0.00      12.00      20.00      29.00
      46.00      67.00      69.00      77.00      81.00      57.00      34.00      27.00      19.00       7.00
      30.00      48.00      31.00      35.00      60.00      76.00      82.00      88.00      88.00      81.00
      72.00      62.00      51.00      44.00      41.00      41.00      43.00      39.00      30.00      27.00
      28.00      32.00      55.00
       9.00       8.00      11.00       9.00       4.00       3.00       5.00       8.00      10.00      10.00
       8.00       5.00       5.00       7.00      12.00      17.00      19.00      18.00      15.00      13.00
       6.00       0.00       5.00      16.00      18.00      16.00      10.00      12.00       7.00      16.00
      14.00       2.00       0.00       0.00       3.00       8.00       5.00      22.00      56.00      54.00
      40.00      41.00      46.00      59.00      69.00      60.00      46.00      39.00      32.00      35.00
      51.00      44.00      38.00      62.00      80.00      77.00      77.00      83.00      70.00      47.00
      36.00      36.00      42.00      47.00      47.00      41.00      28.00      22.00      34.00      48.00
      59.00      75.00      92.00
      13.00      14.00       9.00       6.00       7.00       7.00       8.00       8.00       8.00       9.00
       8.00      11.00      17.00      20.00      20.00      16.00      16.00      19.00      15.00      12.00
      13.00       1.00       2.00       4.00       3.00       3.00       8.00       5.00       1.00       4.00
       3.00       1.00       0.00       0.00       0.00       0.00       0.00      38.00      61.00      69.00
      38.00      42.00      34.00      41.00      44.00      39.00      37.00      38.00      34.00      35.00
      42.00      49.00      61.00      81.00      87.00      84.00      89.00      88.00      73.00      57.00
      47.00      45.00      47.00      38.00      26.00      19.00      14.00      25.00      57.00      77.00
      76.00      78.00      82.00
      12.00      14.00       8.00       6.00      11.00      11.00      12.00      16.00      20.00      24.00
      26.00      27.00      27.00      20.00      11.00       6.00       7.00      14.00      13.00       8.00
      11.00      16.00      10.00       7.00       5.00       3.00       2.00       1.00       1.00       0.00
       0.00       2.00      27.00      54.00      57.00      37.00      23.00      15.00      23.00      45.00
      85.00      70.00      51.00      41.00      36.00      33.00      25.00      24.00      23.00      27.00
      34.00      58.00      87.00      93.00      85.00      88.00      91.00      75.00      64.00      64.00
      56.00      49.00      44.00      27.00      23.00      33.00      43.00      56.00      74.00      80.00
      66.00      51.00      49.00
      10.00       9.00      10.00      13.00      15.00      12.00      23.00      40.00      43.00      41.00
      36.00      24.00      13.00       3.00       0.00       0.00       0.00       0.00       2.00       0.00
       4.00       9.00      12.00      17.00      15.00       4.00       0.00       2.00       7.00       6.00
       4.00      27.00      72.00      75.00      42.00      18.00      22.00      36.00      37.00      40.00
      53.00      57.00      50.00      36.00      37.00      44.00      39.00      45.00      62.00      72.00
      76.00      86.00      96.00      92.00      87.00      96.00      96.00      75.00      63.00      59.00
      47.00      42.00      37.00      32.00      46.00      59.00      60.00      60.00      57.00      57.00
      57.00      47.00      48.00
      10.00       7.00      15.00      18.00      13.00      14.00      37.00      56.00      50.00      35.00
      24.00      14.00       9.00      15.00      17.00      15.00       7.00       5.00      10.00      10.00
       6.00       6.00       6.00       9.00       7.00       8.00      22.00      42.00      51.00      43.00
      43.00      63.00      82.00      71.00      45.00      40.00      49.00      47.00      43.00      41.00
      38.00      40.00      42.00      44.00      46.00      46.00      52.00      59.00      76.00      86.00
      82.00      73.00      79.00      95.00      98.00      96.00      85.00      62.00      57.00      60.00
      46.00      35.00      26.00      28.00      48.00      53.00      47.00      44.00      35.00      37.00
      41.00      33.00      40.00
      14.00      16.00      20.00       9.00       2.00      11.00      46.00      64.00      54.00      41.00
      37.00      39.00      36.00      47.00      46.00      41.00      34.00      32.00      37.00      29.00
      17.00       6.00       3.00       7.00      18.00      36.00      67.00      87.00      87.00      83.00
      83.00      78.00      70.00      59.00      52.00      64.00      66.00      46.00      33.00      30.00
      30.00      39.00      52.00      55.00      52.00      48.00      41.00      34.00      34.00      38.00
      36.00      38.00      60.00      90.00      91.00      78.00      65.00      49.00      57.00      69.00
      47.00      28.00      25.00      27.00      37.00      44.00      53.00      61.00      60.00      61.00
      51.00      34.00      36.00
      30.00      26.00      21.00       1.00       2.00       8.00      41.00      59.00      55.00      46.00
      41.00      51.00      54.00      45.00      36.00      31.00      37.00      45.00      53.00      54.00
      30.00       8.00      10.00      27.00      43.00      55.00      75.00      88.00      83.00      81.00
      82.00      70.00      78.00      75.00      52.00      56.00      60.00      49.00      32.00      16.00
      15.00      48.00      64.00      58.00      50.00      45.00      36.00      23.00      24.00      29.00
      29.00      35.00      53.00      79.00      88.00      85.00      78.00      64.00      69.00      78.00
      53.00      33.00      32.00      32.00      33.00      47.00      69.00      77.00      84.00      87.00
      76.00      69.00      66.00
      42.00      44.00      36.00      15.00       5.00      12.00      31.00      47.00      52.00      40.00
      22.00      32.00      38.00      29.00      22.00      17.00      28.00      44.00      57.00      75.00
      52.00      39.00      41.00      43.00      53.00      62.00      71.00      73.00      63.00      57.00
      51.00      38.00      45.00      42.00      31.00      38.00      51.00      51.00      49.00      35.00
      32.00      57.00      70.00      62.00      55.00      55.00      45.00      32.00      35.00      37.00
      36.00      45.00      50.00      61.00      73.00      80.00      81.00      68.00      65.00      75.00
      62.00      39.00      32.00      41.00      52.00      71.00      91.00      94.00      96.00      90.00
      86.00      90.00      82.00
      45.00      60.00      65.00      59.00      48.00      39.00      41.00      49.00      61.00      49.00
      23.00      27.00      36.00      29.00      30.00      24.00      36.00      38.00      47.00      60.00
      63.00      61.00      54.00      46.00      51.00      61.00      64.00      59.00      56.00      59.00
      56.00      50.00      49.00      48.00      37.00      45.00      61.00      68.00      70.00      74.00
      78.00      71.00      62.00      66.00      76.00      82.00      69.00      46.00      37.00      36.00
      43.00      55.00      53.00      50.00      50.00      60.00      70.00      63.00      63.00      76.00
      69.00      45.00      35.00      47.00      55.00      77.00     100.00      99.00      92.00      82.00
      84.00      85.00      73.00
      54.00      61.00      73.00      79.00      68.00      55.00      52.00      57.00      67.00      52.00
      23.00      25.00      37.00      34.00      36.00      33.00      56.00      38.00      34.00      42.00
      55.00      56.00      56.00      53.00      55.00      57.00      57.00      60.00      72.00      80.00
      82.00      80.00      74.00      64.00      47.00      42.00      65.00      87.00      82.00      93.00
     100.00      81.00      56.00      61.00      81.00      89.00      72.00      44.00      30.00      34.00
      35.00      35.00      45.00      53.00      57.00      67.00      74.00      71.00      70.00      67.00
      60.00      49.00      45.00      50.00      55.00      80.00      93.00      73.00      61.00      64.00
      70.00      67.00      61.00
      70.00      64.00      62.00      61.00      60.00      53.00      45.00      55.00      71.00      59.00
      36.00      33.00      36.00      36.00      43.00      33.00      47.00      54.00      61.00      72.00
      75.00      70.00      75.00      82.00      71.00      57.00      61.00      76.00      79.00      80.00
      82.00      81.00      74.00      59.00      41.00      38.00      67.00      92.00      81.00      78.00
      84.00      69.00      54.00      57.00      74.00      79.00      62.00      39.00      27.00      27.00
      23.00      21.00      35.00      51.00      61.00      71.00      72.00      77.00      79.00      64.00
      52.00      44.00      42.00      44.00      54.00      68.00      59.00      40.00      47.00      62.00
      64.00      57.00      55.00
      80.00      76.00      72.00      72.00      82.00      73.00      51.00      65.00      80.00      67.00
      52.00      44.00      39.00      38.00      46.00      53.00      63.00      71.00      79.00      90.00
      97.00      98.00      98.00      90.00      81.00      61.00      54.00      64.00      64.00      72.00
      79.00      70.00      63.00      52.00      41.00      50.00      81.00      95.00      79.00      71.00
      74.00      66.00      49.00      48.00      66.00      72.00      52.00      36.00      21.00      19.00
      31.00      40.00      44.00      47.00      52.00      58.00      58.00      62.00      67.00      66.00
      61.00      52.00      47.00      39.00      37.00      37.00      25.00      23.00      38.00      56.00
      61.00      53.00      52.00
      85.00      93.00      91.00      83.00      85.00      67.00      49.00      51.00      45.00      35.00
      35.00      37.00      37.00      34.00      35.00      48.00      54.00      65.00      69.00      80.00
      95.00      94.00      87.00      82.00      90.00      77.00      51.00      48.00      46.00      55.00
      67.00      57.00      50.00      43.00      39.00      55.00      76.00      77.00      68.00      77.00
      86.00      72.00      46.00      37.00      53.00      57.00      45.00      33.00      28.00      36.00
      52.00      57.00      54.00      53.00      49.00      53.00      63.00      71.00      75.00      75.00
      70.00      66.00      65.00      55.00      48.00      43.00      31.00      28.00      35.00      49.00
      54.00      41.00      42.00
      71.00      84.00      85.00      79.00      76.00      63.00      43.00      24.00       8.00       4.00
      13.00      21.00      16.00      10.00      14.00      43.00      45.00      63.00      59.00      64.00
      85.00      86.00      85.00      85.00      92.00      76.00      46.00      42.00      36.00      33.00
      43.00      42.00      46.00      44.00      42.00      47.00      54.00      57.00      56.00      59.00
      62.00      59.00      45.00      31.00      36.00      46.00      47.00      41.00      48.00      64.00
      77.00      71.00      61.00      66.00      55.00      51.00      70.00      85.00      92.00      87.00
      76.00      67.00      61.00      55.00      52.00      47.00      40.00      42.00      47.00      53.00
      47.00      30.00      30.00
