diamond 4 20年06月27日8时300百帕相对湿度
20 06 27  8  300 
2.500 -2.500  .0  180.0   90.0  .0
73  37
       0.00       0.00       0.00       0.00       0.00       0.00       0.00       0.00       0.00       0.00
       0.00       0.00       0.00       0.00       0.00       0.00       0.00       0.00       0.00       0.00
       0.00       0.00       0.00       0.00       0.00       0.00       0.00       0.00       0.00       0.00
       0.00       0.00       0.00       0.00       0.00       0.00       0.00       0.00       0.00       0.00
       0.00       0.00       0.00       0.00       0.00       0.00       0.00       0.00       0.00       0.00
       0.00       0.00       0.00       0.00       0.00       0.00       0.00       0.00       0.00       0.00
       0.00       0.00       0.00       0.00       0.00       0.00       0.00       0.00       0.00       0.00
       0.00       0.00       0.00
       0.00       0.00       0.00       0.00       0.00       0.00       0.00       0.00       0.00       0.00
       0.00       0.00       0.00       0.00       0.00       0.00       0.00       0.00       0.00       0.00
       0.00       0.00       0.00       0.00       0.00       0.00       0.00       0.00       0.00       0.00
       0.00       0.00       0.00       0.00       0.00       0.00       1.00       1.00       1.00       1.00
       1.00       1.00       2.00       3.00       4.00       5.00       5.00       6.00       7.00       8.00
       8.00       9.00       9.00      10.00      10.00      10.00      10.00      10.00      10.00      10.00
       9.00       9.00       8.00       8.00       7.00       7.00       6.00       5.00       5.00       4.00
       3.00       3.00       2.00
       4.00       4.00       3.00       2.00       1.00       0.00       0.00       0.00       0.00       0.00
       0.00       0.00       0.00       0.00       0.00       0.00       0.00       0.00       0.00       0.00
       0.00       0.00       0.00       0.00       0.00       0.00       0.00       0.00       0.00       1.00
       2.00       3.00       4.00       5.00       6.00       7.00       7.00       7.00       8.00       8.00
       8.00       9.00       9.00      10.00      11.00      12.00      13.00      14.00      15.00      17.00
      18.00      19.00      21.00      22.00      23.00      24.00      25.00      25.00      25.00      25.00
      24.00      22.00      21.00      19.00      17.00      15.00      12.00      10.00       8.00       6.00
       4.00       3.00       2.00
      28.00      29.00      30.00      31.00      31.00      30.00      29.00      28.00      26.00      24.00
      22.00      20.00      19.00      17.00      16.00      15.00      14.00      13.00      13.00      13.00
      14.00      15.00      17.00      18.00      20.00      22.00      23.00      24.00      24.00      24.00
      23.00      22.00      20.00      17.00      15.00      12.00       9.00       7.00       4.00       2.00
       0.00       0.00       0.00       0.00       0.00       0.00       0.00       0.00       0.00       0.00
       2.00       4.00       7.00       9.00      12.00      15.00      17.00      18.00      19.00      19.00
      19.00      17.00      15.00      13.00      10.00       7.00       4.00       1.00       0.00       0.00
       0.00       0.00       0.00
      51.00      56.00      60.00      64.00      66.00      67.00      66.00      64.00      60.00      56.00
      51.00      47.00      43.00      39.00      36.00      33.00      30.00      27.00      24.00      21.00
      18.00      15.00      14.00      13.00      12.00      13.00      13.00      12.00      11.00       9.00
       7.00       4.00       0.00       0.00       0.00       0.00       0.00       0.00       0.00       0.00
       0.00       0.00       3.00       6.00       8.00      11.00      13.00      16.00      17.00      19.00
      20.00      22.00      23.00      24.00      26.00      28.00      30.00      31.00      32.00      32.00
      31.00      29.00      26.00      22.00      17.00      13.00       9.00       5.00       2.00       1.00
       0.00       0.00       1.00
      10.00      12.00      19.00      31.00      46.00      61.00      72.00      78.00      78.00      73.00
      64.00      54.00      45.00      37.00      31.00      27.00      24.00      20.00      16.00      11.00
       4.00       0.00       0.00       0.00       0.00       0.00       0.00       0.00       0.00       1.00
       1.00       1.00       1.00       1.00       1.00       2.00       3.00       4.00       7.00      10.00
      15.00      22.00      32.00      42.00      53.00      63.00      71.00      77.00      81.00      81.00
      79.00      77.00      72.00      66.00      60.00      56.00      52.00      50.00      49.00      48.00
      47.00      43.00      39.00      32.00      24.00      16.00       7.00       2.00       1.00       0.00
       0.00       0.00       0.00
       0.00       0.00       0.00       4.00      14.00      27.00      42.00      52.00      56.00      52.00
      42.00      30.00      20.00      12.00       9.00      10.00      13.00      15.00      16.00      14.00
      10.00       5.00       1.00       0.00       4.00      11.00      19.00      26.00      30.00      32.00
      33.00      36.00      39.00      44.00      49.00      52.00      51.00      48.00      41.00      35.00
      31.00      33.00      42.00      55.00      71.00      85.00      93.00      96.00      95.00      93.00
      90.00      85.00      77.00      67.00      57.00      49.00      44.00      41.00      41.00      43.00
      44.00      44.00      40.00      32.00      22.00      10.00       0.00       0.00       0.00       0.00
       0.00       0.00       0.00
      72.00      61.00      51.00      42.00      34.00      27.00      22.00      18.00      16.00      16.00
      15.00      15.00      14.00      13.00      13.00      15.00      19.00      23.00      25.00      25.00
      22.00      20.00      21.00      26.00      39.00      58.00      75.00      82.00      83.00      74.00
      59.00      46.00      38.00      37.00      42.00      48.00      53.00      52.00      44.00      34.00
      25.00      23.00      29.00      43.00      60.00      74.00      80.00      79.00      75.00      68.00
      59.00      49.00      42.00      36.00      31.00      29.00      29.00      30.00      32.00      35.00
      40.00      42.00      41.00      33.00      21.00       8.00       0.00       0.00       0.00       0.00
       0.00       0.00       1.00
      95.00      93.00      89.00      82.00      73.00      61.00      45.00      28.00      13.00       6.00
       6.00       9.00      11.00      12.00      13.00      15.00      19.00      23.00      27.00      27.00
      25.00      20.00      16.00      15.00      20.00      32.00      48.00      61.00      62.00      52.00
      34.00      16.00       4.00       3.00       9.00      26.00      45.00      58.00      61.00      52.00
      40.00      30.00      30.00      39.00      49.00      55.00      54.00      47.00      38.00      28.00
      19.00      14.00      14.00      16.00      19.00      21.00      23.00      25.00      27.00      32.00
      40.00      47.00      50.00      44.00      31.00      16.00       3.00       0.00       0.00       0.00
       0.00       0.00       0.00
      85.00      77.00      73.00      72.00      74.00      76.00      72.00      59.00      44.00      32.00
      24.00      17.00      11.00       7.00       5.00       9.00      16.00      24.00      30.00      32.00
      32.00      31.00      31.00      32.00      34.00      33.00      31.00      27.00      22.00      16.00
       8.00       0.00       0.00       2.00      15.00      36.00      57.00      71.00      74.00      69.00
      59.00      52.00      51.00      56.00      59.00      56.00      47.00      35.00      24.00      17.00
      16.00      21.00      24.00      21.00      14.00       9.00       9.00      13.00      22.00      37.00
      50.00      58.00      62.00      56.00      41.00      20.00       1.00       0.00       0.00       0.00
       0.00       0.00       0.00
      68.00      54.00      48.00      49.00      54.00      61.00      64.00      65.00      70.00      74.00
      74.00      66.00      55.00      46.00      41.00      41.00      41.00      38.00      29.00      17.00
       7.00       4.00      12.00      27.00      46.00      61.00      59.00      40.00      21.00       9.00
       7.00      13.00      26.00      41.00      51.00      57.00      54.00      46.00      45.00      47.00
      53.00      59.00      66.00      75.00      78.00      68.00      51.00      37.00      28.00      26.00
      35.00      49.00      52.00      44.00      28.00      12.00      10.00      27.00      54.00      73.00
      76.00      73.00      69.00      65.00      55.00      39.00      24.00      16.00      13.00       9.00
       2.00       0.00       0.00
      41.00      35.00      35.00      42.00      51.00      52.00      46.00      44.00      50.00      56.00
      57.00      52.00      47.00      49.00      58.00      69.00      74.00      72.00      64.00      51.00
      33.00      14.00       3.00       6.00      20.00      35.00      38.00      28.00      18.00      17.00
      26.00      42.00      61.00      73.00      72.00      61.00      47.00      35.00      30.00      34.00
      37.00      36.00      37.00      42.00      49.00      49.00      41.00      37.00      34.00      34.00
      38.00      43.00      45.00      43.00      37.00      32.00      25.00      21.00      25.00      31.00
      31.00      28.00      32.00      45.00      63.00      76.00      82.00      86.00      87.00      79.00
      59.00      33.00      11.00
      27.00      17.00      13.00      23.00      40.00      46.00      43.00      36.00      32.00      29.00
      26.00      22.00      23.00      31.00      44.00      55.00      59.00      64.00      72.00      82.00
      80.00      62.00      41.00      32.00      40.00      49.00      45.00      36.00      38.00      51.00
      64.00      71.00      70.00      60.00      45.00      34.00      31.00      33.00      34.00      28.00
      19.00      10.00      10.00      21.00      36.00      48.00      49.00      43.00      39.00      34.00
      22.00       7.00       2.00       9.00      21.00      30.00      29.00      24.00      23.00      24.00
      23.00      17.00      14.00      19.00      32.00      47.00      56.00      59.00      60.00      64.00
      65.00      59.00      47.00
      39.00      24.00       9.00       8.00      24.00      49.00      57.00      46.00      32.00      24.00
      24.00      24.00      24.00      26.00      29.00      33.00      39.00      49.00      61.00      77.00
      83.00      73.00      52.00      36.00      34.00      35.00      31.00      35.00      57.00      85.00
      96.00      89.00      64.00      33.00      16.00      20.00      35.00      45.00      43.00      37.00
      28.00      17.00      12.00      15.00      32.00      48.00      50.00      43.00      41.00      48.00
      51.00      45.00      32.00      23.00      24.00      26.00      28.00      34.00      42.00      54.00
      65.00      66.00      52.00      27.00       5.00       6.00      25.00      38.00      42.00      45.00
      50.00      54.00      50.00
      57.00      53.00      33.00      16.00      25.00      54.00      68.00      59.00      45.00      34.00
      29.00      28.00      25.00      22.00      22.00      29.00      38.00      46.00      55.00      68.00
      78.00      76.00      57.00      32.00      16.00      13.00      19.00      37.00      66.00      92.00
      94.00      82.00      55.00      23.00       7.00      16.00      37.00      49.00      48.00      44.00
      41.00      37.00      26.00      15.00      19.00      34.00      48.00      48.00      46.00      58.00
      76.00      88.00      90.00      75.00      51.00      29.00      21.00      20.00      20.00      23.00
      32.00      48.00      57.00      40.00       2.00       5.00       8.00      21.00      34.00      42.00
      45.00      43.00      43.00
      48.00      69.00      61.00      42.00      36.00      47.00      56.00      56.00      56.00      61.00
      60.00      49.00      36.00      26.00      23.00      30.00      41.00      44.00      41.00      42.00
      51.00      55.00      41.00      20.00      13.00      26.00      43.00      65.00      91.00      97.00
      85.00      75.00      67.00      50.00      18.00      11.00      23.00      39.00      43.00      64.00
      76.00      61.00      41.00      30.00      28.00      35.00      43.00      35.00      24.00      31.00
      45.00      52.00      49.00      44.00      37.00      32.00      25.00      18.00      11.00       9.00
       6.00      11.00      32.00      47.00      45.00      36.00      31.00      31.00      40.00      56.00
      59.00      45.00      46.00
      43.00      66.00      63.00      47.00      38.00      36.00      35.00      40.00      59.00      79.00
      75.00      59.00      41.00      26.00      18.00      22.00      32.00      38.00      38.00      44.00
      61.00      77.00      61.00      27.00      10.00      15.00      24.00      38.00      61.00      74.00
      77.00      80.00      78.00      62.00      18.00       0.00       5.00      21.00      40.00      61.00
      75.00      64.00      50.00      37.00      17.00      13.00      18.00      20.00      19.00      31.00
      47.00      53.00      49.00      42.00      42.00      50.00      50.00      43.00      39.00      38.00
      33.00      27.00      22.00      26.00      41.00      61.00      76.00      73.00      60.00      64.00
      76.00      80.00      89.00
      38.00      48.00      41.00      31.00      48.00      55.00      37.00      30.00      51.00      61.00
      44.00      31.00      30.00      28.00      27.00      29.00      25.00      17.00      20.00      31.00
      46.00      60.00      52.00      24.00      12.00      19.00      19.00      11.00      15.00      48.00
      91.00      99.00      97.00      92.00      75.00      52.00      29.00      27.00      40.00      56.00
      75.00      68.00      63.00      50.00      23.00      13.00      25.00      33.00      23.00      23.00
      39.00      61.00      66.00      56.00      50.00      58.00      62.00      56.00      60.00      74.00
      78.00      71.00      64.00      57.00      47.00      36.00      39.00      51.00      48.00      36.00
      54.00      91.00     100.00
      29.00      41.00      33.00      17.00      33.00      43.00      27.00      23.00      39.00      41.00
      26.00      28.00      31.00      32.00      37.00      44.00      34.00      16.00      20.00      32.00
      34.00      34.00      26.00       6.00       5.00      24.00      27.00      14.00       8.00      41.00
      93.00      98.00      90.00      83.00      80.00      64.00      52.00      58.00      74.00      83.00
      75.00      72.00      67.00      50.00      29.00      24.00      32.00      28.00      21.00      26.00
      50.00      79.00      91.00      74.00      51.00      34.00      34.00      45.00      65.00      85.00
      92.00      93.00      97.00      95.00      80.00      46.00      17.00      19.00      40.00      48.00
      64.00      91.00      84.00
      59.00      69.00      54.00      32.00      29.00      28.00      15.00       8.00      31.00      51.00
      45.00      44.00      31.00      17.00      13.00      16.00      20.00      32.00      38.00      43.00
      53.00      63.00      67.00      57.00      49.00      49.00      39.00      25.00      17.00      18.00
      36.00      32.00      49.00      53.00      35.00       9.00      15.00      61.00      86.00      78.00
      75.00      78.00      63.00      32.00      20.00      27.00      53.00      62.00      42.00      39.00
      43.00      55.00      79.00      77.00      58.00      41.00      39.00      45.00      55.00      72.00
      82.00      91.00     100.00     100.00      96.00      81.00      51.00      12.00       5.00      38.00
      58.00      48.00      14.00
      87.00      74.00      50.00      34.00      27.00      20.00      13.00      15.00      25.00      36.00
      33.00      27.00      21.00       9.00       5.00       5.00       3.00       4.00      12.00      19.00
      20.00      29.00      45.00      56.00      57.00      59.00      50.00      33.00      25.00       0.00
       0.00      35.00      33.00      48.00      46.00      11.00       5.00      20.00      31.00      44.00
      70.00      76.00      63.00      39.00      15.00       8.00      10.00       8.00       1.00       1.00
       0.00       0.00      41.00      64.00      69.00      70.00      72.00      70.00      66.00      68.00
      74.00      80.00      93.00      99.00     100.00      98.00      78.00      36.00       8.00      38.00
      44.00       3.00       2.00
      67.00      48.00      21.00      17.00      20.00      12.00       7.00       6.00       3.00       2.00
       3.00       5.00       4.00       5.00       7.00       6.00       7.00      11.00       9.00       6.00
       3.00       1.00       5.00      20.00      33.00      33.00      29.00      24.00      27.00       2.00
       0.00      24.00      24.00      16.00      19.00       3.00       8.00      38.00      21.00      12.00
      44.00      41.00      30.00      52.00      48.00      22.00      21.00      27.00      28.00      39.00
      51.00      57.00      74.00      88.00      91.00      92.00      92.00      81.00      73.00      71.00
      60.00      52.00      69.00      95.00     100.00     100.00      84.00      57.00      37.00      31.00
       4.00       5.00      49.00
      38.00      33.00      21.00      15.00      20.00      14.00       2.00       1.00       2.00       2.00
       5.00       7.00       7.00      10.00      11.00       3.00       0.00       4.00      11.00       3.00
       1.00       3.00       4.00       5.00       6.00      12.00      12.00       3.00       4.00       6.00
       0.00       0.00       0.00       0.00       0.00      27.00      29.00      44.00      70.00      48.00
      19.00      45.00      46.00      74.00      79.00      73.00      81.00      84.00      82.00      86.00
      87.00      81.00      84.00      89.00      79.00      62.00      62.00      64.00      61.00      48.00
      21.00      18.00      57.00      99.00     100.00     100.00      93.00      75.00      50.00      30.00
      26.00      59.00      90.00
      32.00      29.00      18.00      17.00      18.00      13.00       4.00       3.00       7.00       9.00
       9.00      10.00      10.00       9.00       6.00       1.00       0.00       1.00       7.00      18.00
      10.00       0.00       8.00      12.00       9.00       9.00       3.00       1.00       8.00      10.00
       9.00      12.00       0.00       0.00       0.00      19.00      30.00      24.00      46.00      58.00
      39.00      59.00      82.00      97.00      92.00      82.00      86.00      89.00      86.00      85.00
      80.00      76.00      80.00      79.00      59.00      41.00      44.00      47.00      38.00      22.00
       8.00      20.00      65.00      99.00     100.00     100.00     100.00      99.00      88.00      78.00
      85.00     100.00     100.00
      22.00      18.00      19.00      15.00       7.00       4.00       8.00      13.00      11.00       8.00
       5.00       8.00      11.00       9.00       3.00       1.00       2.00       2.00       4.00      10.00
      16.00       6.00       0.00       8.00       9.00      13.00      20.00      23.00      22.00      15.00
      14.00      10.00       7.00      11.00       0.00       0.00       1.00      36.00      52.00      51.00
      59.00      76.00      66.00      69.00      61.00      50.00      49.00      47.00      51.00      54.00
      58.00      75.00      91.00      94.00      80.00      67.00      61.00      47.00      27.00      22.00
      24.00      37.00      60.00      75.00      84.00      91.00      95.00      99.00     100.00     100.00
     100.00     100.00      90.00
      21.00      19.00      14.00       8.00       2.00       3.00      14.00      15.00       5.00       6.00
       8.00      15.00      23.00      21.00       6.00       0.00       5.00       8.00       5.00       5.00
       8.00       7.00       8.00      10.00       9.00       7.00      15.00      22.00      18.00      15.00
      13.00       7.00       5.00      14.00      24.00      12.00      19.00      28.00      27.00      33.00
      37.00      56.00      58.00      45.00      37.00      36.00      25.00      20.00      28.00      45.00
      62.00      82.00      91.00      92.00      90.00      83.00      68.00      40.00      22.00      31.00
      44.00      50.00      49.00      45.00      51.00      60.00      66.00      76.00      86.00      91.00
      94.00      79.00      55.00
      21.00      17.00       7.00       5.00       9.00      13.00       9.00       3.00       4.00       9.00
      16.00      22.00      28.00      26.00      14.00      14.00      27.00      30.00      22.00      14.00
       7.00       4.00       1.00       2.00       4.00       7.00      11.00      10.00       5.00       5.00
       3.00       0.00       1.00      17.00      27.00      32.00      45.00      51.00      40.00      36.00
      24.00      15.00      29.00      51.00      63.00      59.00      53.00      52.00      63.00      78.00
      88.00      79.00      58.00      50.00      53.00      50.00      45.00      30.00      19.00      32.00
      53.00      63.00      58.00      50.00      44.00      38.00      37.00      49.00      66.00      74.00
      73.00      58.00      32.00
      13.00       8.00       5.00       6.00      18.00      18.00       5.00       7.00      24.00      36.00
      26.00      10.00      16.00      26.00      26.00      26.00      44.00      35.00      28.00      25.00
      21.00      18.00      15.00      12.00      14.00      19.00      26.00      29.00      24.00      20.00
      17.00      16.00      26.00      43.00      65.00      78.00      78.00      82.00      68.00      45.00
      24.00      31.00      55.00      53.00      46.00      52.00      67.00      77.00      82.00      78.00
      71.00      48.00      30.00      29.00      32.00      36.00      42.00      38.00      28.00      38.00
      61.00      76.00      84.00      88.00      81.00      63.00      44.00      39.00      45.00      51.00
      49.00      45.00      34.00
       8.00       0.00       1.00      13.00      19.00      13.00       8.00      18.00      38.00      43.00
      27.00       3.00       6.00      23.00      37.00      34.00      42.00      30.00      29.00      35.00
      47.00      52.00      50.00      45.00      42.00      47.00      56.00      59.00      52.00      49.00
      53.00      61.00      70.00      77.00      84.00      91.00      81.00      73.00      70.00      61.00
      44.00      44.00      41.00      29.00      26.00      31.00      48.00      64.00      62.00      52.00
      42.00      29.00      33.00      48.00      52.00      54.00      50.00      41.00      35.00      50.00
      72.00      88.00      94.00      98.00      87.00      71.00      56.00      42.00      31.00      25.00
      31.00      59.00      67.00
      14.00       0.00       3.00      15.00      14.00       7.00      14.00      23.00      27.00      29.00
      32.00      20.00       9.00      18.00      33.00      36.00      39.00      42.00      40.00      46.00
      58.00      67.00      67.00      61.00      56.00      56.00      62.00      62.00      54.00      56.00
      69.00      79.00      83.00      80.00      78.00      85.00      82.00      79.00      82.00      78.00
      64.00      40.00      19.00      14.00      25.00      30.00      38.00      46.00      46.00      44.00
      38.00      36.00      47.00      61.00      64.00      70.00      67.00      47.00      46.00      59.00
      72.00      84.00      86.00      80.00      68.00      56.00      48.00      41.00      38.00      32.00
      36.00      64.00      71.00
      20.00      11.00       8.00      11.00       8.00       9.00      21.00      37.00      34.00      36.00
      50.00      53.00      42.00      27.00      27.00      40.00      34.00      44.00      42.00      43.00
      48.00      62.00      70.00      73.00      76.00      69.00      62.00      53.00      47.00      54.00
      61.00      64.00      62.00      63.00      74.00      87.00      87.00      92.00      96.00      95.00
      74.00      41.00      23.00      23.00      32.00      36.00      36.00      36.00      37.00      35.00
      37.00      44.00      54.00      57.00      52.00      59.00      63.00      48.00      47.00      55.00
      54.00      50.00      48.00      52.00      56.00      54.00      47.00      39.00      38.00      34.00
      38.00      54.00      51.00
      26.00      25.00      27.00      21.00      20.00      28.00      49.00      65.00      56.00      52.00
      61.00      66.00      63.00      43.00      34.00      50.00      43.00      40.00      54.00      52.00
      60.00      70.00      76.00      84.00      95.00      99.00      84.00      66.00      53.00      59.00
      66.00      69.00      64.00      60.00      65.00      79.00      82.00      84.00      89.00      90.00
      69.00      43.00      42.00      51.00      56.00      56.00      48.00      41.00      46.00      50.00
      50.00      58.00      63.00      58.00      42.00      32.00      32.00      31.00      36.00      41.00
      37.00      31.00      26.00      35.00      50.00      54.00      52.00      44.00      34.00      27.00
      31.00      36.00      34.00
      50.00      52.00      55.00      54.00      59.00      71.00      85.00      87.00      75.00      72.00
      72.00      62.00      56.00      49.00      46.00      37.00      45.00      49.00      77.00      91.00
      95.00      91.00      93.00      96.00      95.00      99.00      96.00      90.00      77.00      72.00
      74.00      76.00      76.00      65.00      62.00      74.00      80.00      82.00      81.00      77.00
      68.00      64.00      64.00      64.00      61.00      60.00      54.00      47.00      51.00      60.00
      63.00      62.00      66.00      69.00      62.00      49.00      39.00      33.00      30.00      29.00
      27.00      28.00      31.00      40.00      46.00      43.00      46.00      46.00      39.00      37.00
      33.00      24.00      28.00
      78.00      72.00      70.00      73.00      76.00      90.00      96.00      86.00      81.00      78.00
      70.00      55.00      51.00      53.00      47.00      35.00      44.00      48.00      75.00      91.00
      88.00      88.00      95.00      98.00      94.00      94.00      99.00     100.00      97.00      88.00
      78.00      77.00      83.00      70.00      55.00      55.00      59.00      68.00      76.00      72.00
      75.00      87.00      89.00      82.00      65.00      50.00      53.00      50.00      39.00      44.00
      51.00      58.00      66.00      68.00      64.00      64.00      57.00      45.00      37.00      33.00
      32.00      36.00      46.00      52.00      39.00      31.00      43.00      48.00      38.00      32.00
      29.00      24.00      34.00
      95.00      87.00      86.00      81.00      77.00      90.00      87.00      79.00      78.00      61.00
      47.00      42.00      54.00      60.00      40.00      26.00      23.00      26.00      38.00      50.00
      63.00      78.00      92.00      91.00      80.00      75.00      80.00      86.00      85.00      78.00
      73.00      77.00      82.00      72.00      66.00      65.00      61.00      67.00      83.00      84.00
      74.00      69.00      71.00      77.00      68.00      59.00      73.00      56.00      39.00      47.00
      63.00      68.00      63.00      51.00      46.00      53.00      54.00      46.00      39.00      41.00
      48.00      53.00      57.00      54.00      37.00      33.00      49.00      55.00      37.00      27.00
      28.00      31.00      39.00
      88.00      91.00      92.00      85.00      86.00      90.00      82.00      85.00      85.00      60.00
      26.00      17.00      26.00      32.00      14.00       6.00       2.00      24.00      40.00      51.00
      64.00      70.00      80.00      78.00      61.00      56.00      60.00      62.00      66.00      70.00
      72.00      71.00      67.00      67.00      75.00      75.00      60.00      53.00      69.00      81.00
      67.00      47.00      46.00      50.00      61.00      80.00      79.00      53.00      54.00      70.00
      90.00      96.00      80.00      64.00      62.00      67.00      70.00      60.00      45.00      41.00
      49.00      53.00      50.00      51.00      52.00      50.00      51.00      51.00      46.00      41.00
      41.00      40.00      43.00
      56.00      66.00      68.00      65.00      79.00      93.00      93.00      92.00      92.00      74.00
      31.00      14.00       4.00       9.00      16.00       6.00       6.00      16.00      43.00      60.00
      82.00      83.00      80.00      76.00      69.00      70.00      66.00      53.00      52.00      57.00
      58.00      49.00      40.00      38.00      38.00      30.00      17.00      23.00      50.00      70.00
      67.00      62.00      57.00      53.00      59.00      80.00      65.00      52.00      67.00      73.00
      77.00      90.00      84.00      76.00      73.00      70.00      71.00      66.00      58.00      49.00
      46.00      44.00      41.00      52.00      62.00      59.00      47.00      45.00      47.00      42.00
      43.00      47.00      49.00
