diamond 4 20年06月29日20时300百帕相对湿度
20 06 29  20  300 
2.500 -2.500  .0  180.0   90.0  .0
73  37
      11.00      11.00      11.00      11.00      11.00      11.00      11.00      11.00      11.00      11.00
      11.00      11.00      11.00      11.00      11.00      11.00      11.00      11.00      11.00      11.00
      11.00      11.00      11.00      11.00      11.00      11.00      11.00      11.00      11.00      11.00
      11.00      11.00      11.00      11.00      11.00      11.00      11.00      11.00      11.00      11.00
      11.00      11.00      11.00      11.00      11.00      11.00      11.00      11.00      11.00      11.00
      11.00      11.00      11.00      11.00      11.00      11.00      11.00      11.00      11.00      11.00
      11.00      11.00      11.00      11.00      11.00      11.00      11.00      11.00      11.00      11.00
      11.00      11.00      11.00
       3.00       2.00       1.00       1.00       1.00       0.00       0.00       0.00       0.00       0.00
       0.00       0.00       0.00       0.00       0.00       0.00       0.00       0.00       0.00       0.00
       0.00       0.00       0.00       0.00       0.00       0.00       0.00       0.00       0.00       0.00
       0.00       0.00       0.00       0.00       0.00       0.00       0.00       0.00       0.00       0.00
       0.00       0.00       0.00       0.00       0.00       0.00       0.00       0.00       0.00       0.00
       0.00       0.00       0.00       0.00       0.00       0.00       0.00       1.00       1.00       2.00
       2.00       3.00       3.00       4.00       5.00       5.00       6.00       7.00       8.00       9.00
       9.00      10.00      11.00
      11.00      10.00       8.00       6.00       5.00       4.00       3.00       2.00       1.00       1.00
       0.00       0.00       0.00       0.00       0.00       0.00       0.00       0.00       0.00       0.00
       0.00       0.00       0.00       0.00       0.00       0.00       0.00       0.00       0.00       0.00
       0.00       0.00       0.00       0.00       0.00       0.00       0.00       0.00       0.00       0.00
       0.00       0.00       0.00       0.00       0.00       0.00       0.00       0.00       0.00       0.00
       0.00       0.00       0.00       0.00       0.00       0.00       0.00       0.00       0.00       0.00
       0.00       0.00       0.00       0.00       0.00       1.00       1.00       1.00       1.00       2.00
       3.00       5.00       7.00
      23.00      22.00      21.00      20.00      18.00      15.00      12.00       9.00       6.00       3.00
       0.00       0.00       0.00       0.00       0.00       0.00       0.00       0.00       0.00       0.00
       0.00       0.00       0.00       0.00       0.00       1.00       2.00       4.00       5.00       7.00
       9.00      11.00      14.00      16.00      18.00      19.00      21.00      21.00      21.00      21.00
      19.00      17.00      15.00      12.00       8.00       4.00       1.00       0.00       0.00       0.00
       0.00       0.00       0.00       0.00       0.00       0.00       0.00       0.00       0.00       0.00
       0.00       0.00       0.00       0.00       0.00       0.00       0.00       0.00       0.00       0.00
       0.00       1.00       3.00
      23.00      23.00      22.00      20.00      18.00      15.00      11.00       6.00       2.00       1.00
       0.00       0.00       0.00       0.00       0.00       0.00       0.00       2.00       7.00      11.00
      15.00      18.00      20.00      21.00      22.00      23.00      23.00      24.00      25.00      27.00
      30.00      33.00      36.00      40.00      44.00      48.00      51.00      55.00      58.00      60.00
      62.00      63.00      64.00      63.00      62.00      59.00      54.00      48.00      41.00      34.00
      26.00      18.00      10.00       4.00       0.00       0.00       0.00       0.00       0.00       0.00
       0.00       0.00       0.00       0.00       0.00       0.00       0.00       0.00       0.00       0.00
       0.00       0.00       0.00
       9.00       8.00       7.00       8.00       8.00       8.00       7.00       5.00       2.00       0.00
       0.00       0.00       0.00       0.00       0.00       0.00       0.00       3.00       7.00      12.00
      18.00      22.00      26.00      29.00      29.00      29.00      28.00      27.00      26.00      26.00
      26.00      27.00      29.00      31.00      32.00      34.00      35.00      36.00      38.00      41.00
      45.00      50.00      56.00      61.00      66.00      69.00      70.00      69.00      65.00      59.00
      53.00      47.00      40.00      33.00      27.00      20.00      13.00       7.00       3.00       1.00
       0.00       1.00       3.00       8.00      12.00      16.00      19.00      21.00      21.00      19.00
      17.00      14.00      12.00
       3.00       3.00       3.00       3.00       3.00       3.00       3.00       2.00       0.00       0.00
       0.00       0.00       0.00       0.00       0.00       0.00       2.00       4.00       7.00      11.00
      18.00      25.00      33.00      39.00      42.00      41.00      37.00      33.00      28.00      24.00
      21.00      20.00      19.00      19.00      19.00      16.00      13.00       9.00       6.00       5.00
       5.00      10.00      18.00      28.00      38.00      45.00      49.00      50.00      49.00      48.00
      47.00      48.00      50.00      53.00      53.00      51.00      44.00      33.00      21.00      11.00
       7.00       9.00      15.00      23.00      31.00      37.00      39.00      38.00      34.00      31.00
      29.00      29.00      32.00
       0.00       0.00       0.00       0.00       0.00       0.00       0.00       1.00       1.00       2.00
       2.00       2.00       3.00       5.00       6.00       7.00       8.00       7.00       9.00      13.00
      21.00      32.00      44.00      53.00      57.00      55.00      47.00      38.00      29.00      23.00
      21.00      22.00      24.00      28.00      32.00      33.00      32.00      28.00      23.00      18.00
      17.00      20.00      29.00      40.00      51.00      58.00      60.00      57.00      51.00      46.00
      43.00      45.00      51.00      60.00      67.00      70.00      66.00      57.00      43.00      29.00
      20.00      20.00      30.00      43.00      52.00      54.00      49.00      40.00      29.00      21.00
      19.00      23.00      31.00
      13.00      17.00      21.00      24.00      25.00      25.00      26.00      27.00      29.00      28.00
      24.00      17.00      10.00       7.00       7.00       9.00       9.00       7.00       6.00      10.00
      19.00      33.00      49.00      61.00      65.00      59.00      47.00      34.00      23.00      17.00
      14.00      14.00      16.00      20.00      29.00      40.00      52.00      57.00      54.00      44.00
      35.00      34.00      38.00      46.00      56.00      65.00      70.00      68.00      63.00      55.00
      47.00      42.00      42.00      48.00      55.00      59.00      59.00      54.00      45.00      33.00
      23.00      20.00      24.00      30.00      32.00      28.00      19.00       8.00       0.00       0.00
       0.00       0.00       6.00
      69.00      77.00      82.00      83.00      80.00      75.00      67.00      62.00      58.00      52.00
      46.00      38.00      32.00      30.00      34.00      38.00      33.00      21.00       8.00       1.00
       6.00      22.00      41.00      58.00      67.00      65.00      53.00      40.00      30.00      26.00
      25.00      24.00      21.00      22.00      30.00      46.00      69.00      82.00      80.00      66.00
      48.00      35.00      31.00      31.00      33.00      37.00      40.00      42.00      42.00      43.00
      42.00      40.00      40.00      41.00      43.00      46.00      49.00      52.00      52.00      45.00
      37.00      30.00      26.00      24.00      19.00      10.00       0.00       0.00       0.00       0.00
       0.00       0.00       0.00
      79.00      93.00     100.00     100.00     100.00     100.00     100.00      86.00      66.00      54.00
      44.00      37.00      32.00      33.00      37.00      39.00      30.00      16.00       4.00       0.00
       0.00      10.00      24.00      39.00      52.00      60.00      60.00      55.00      52.00      57.00
      65.00      70.00      63.00      50.00      45.00      52.00      68.00      80.00      81.00      74.00
      66.00      64.00      66.00      67.00      59.00      44.00      32.00      27.00      25.00      25.00
      28.00      37.00      50.00      61.00      68.00      74.00      83.00      90.00      86.00      81.00
      75.00      65.00      52.00      45.00      41.00      35.00      24.00      12.00       4.00       1.00
       2.00       2.00       0.00
      51.00      70.00      76.00      74.00      73.00      82.00      94.00      86.00      74.00      63.00
      50.00      40.00      34.00      31.00      29.00      27.00      22.00      16.00      15.00      20.00
      28.00      34.00      39.00      47.00      60.00      67.00      61.00      49.00      47.00      57.00
      72.00      75.00      58.00      30.00      18.00      32.00      52.00      64.00      63.00      55.00
      48.00      48.00      54.00      57.00      50.00      34.00      22.00      25.00      28.00      28.00
      26.00      29.00      40.00      48.00      48.00      47.00      55.00      70.00      75.00      75.00
      72.00      65.00      62.00      66.00      78.00      87.00      78.00      51.00      18.00       0.00
       0.00       0.00       0.00
      47.00      82.00      90.00      61.00      38.00      44.00      57.00      60.00      66.00      71.00
      70.00      64.00      54.00      42.00      31.00      28.00      30.00      28.00      19.00      16.00
      24.00      40.00      54.00      61.00      59.00      53.00      44.00      38.00      45.00      64.00
      79.00      69.00      43.00      24.00      30.00      54.00      70.00      69.00      58.00      43.00
      30.00      27.00      34.00      44.00      46.00      36.00      29.00      32.00      42.00      49.00
      47.00      40.00      39.00      41.00      39.00      34.00      31.00      34.00      39.00      41.00
      43.00      45.00      49.00      59.00      71.00      82.00      92.00      95.00      90.00      70.00
      40.00      14.00       0.00
      26.00      45.00      63.00      68.00      63.00      57.00      56.00      58.00      62.00      69.00
      76.00      73.00      57.00      34.00      17.00      21.00      33.00      30.00      13.00       2.00
      17.00      47.00      67.00      63.00      43.00      32.00      37.00      49.00      57.00      59.00
      54.00      39.00      20.00      21.00      46.00      68.00      72.00      58.00      42.00      32.00
      29.00      27.00      31.00      42.00      49.00      46.00      45.00      51.00      58.00      57.00
      44.00      27.00      22.00      27.00      35.00      40.00      40.00      38.00      40.00      46.00
      53.00      52.00      44.00      36.00      31.00      34.00      45.00      57.00      69.00      87.00
      96.00     100.00      96.00
       1.00      17.00      46.00      70.00      78.00      76.00      68.00      61.00      59.00      64.00
      74.00      71.00      53.00      31.00      22.00      25.00      27.00      22.00       8.00       2.00
       2.00       5.00       4.00       2.00       6.00      19.00      34.00      42.00      38.00      33.00
      35.00      31.00      15.00      13.00      34.00      53.00      54.00      42.00      28.00      24.00
      29.00      27.00      24.00      25.00      21.00      26.00      53.00      69.00      67.00      50.00
      27.00       5.00       0.00       4.00      16.00      20.00      14.00      11.00      18.00      42.00
      62.00      60.00      37.00      20.00      29.00      48.00      59.00      61.00      53.00      43.00
      46.00      67.00      90.00
      20.00      31.00      38.00      30.00      30.00      52.00      70.00      69.00      66.00      68.00
      67.00      54.00      40.00      32.00      27.00      22.00      15.00      14.00      27.00      45.00
      49.00      39.00      28.00      35.00      56.00      67.00      60.00      51.00      49.00      60.00
      73.00      71.00      55.00      42.00      42.00      63.00      65.00      39.00      19.00      11.00
      38.00      52.00      47.00      50.00      48.00      66.00      83.00      80.00      58.00      37.00
      29.00      30.00      19.00      17.00      22.00      35.00      35.00      25.00      16.00      33.00
      64.00      77.00      69.00      68.00      85.00      93.00      91.00      88.00      85.00      77.00
      67.00      67.00      74.00
      27.00      36.00      35.00      14.00       4.00      39.00      74.00      73.00      70.00      71.00
      59.00      44.00      41.00      46.00      47.00      39.00      33.00      39.00      56.00      73.00
      82.00      80.00      72.00      72.00      83.00      87.00      76.00      59.00      50.00      52.00
      54.00      52.00      47.00      46.00      50.00      58.00      30.00       5.00      10.00      16.00
      46.00      67.00      63.00      46.00      37.00      68.00      80.00      62.00      27.00      16.00
      30.00      48.00      51.00      41.00      29.00      37.00      65.00      63.00      38.00      40.00
      77.00      95.00      87.00      84.00      94.00      97.00      97.00      93.00      91.00      90.00
      89.00      87.00      86.00
      31.00      42.00      41.00      19.00      12.00      31.00      58.00      59.00      63.00      69.00
      60.00      50.00      65.00      81.00      79.00      63.00      50.00      52.00      57.00      59.00
      54.00      50.00      41.00      32.00      39.00      52.00      49.00      29.00      16.00      16.00
      25.00      36.00      57.00      81.00      85.00      64.00      44.00      30.00       8.00       0.00
      11.00      48.00      63.00      37.00      23.00      46.00      52.00      25.00       2.00       9.00
      22.00      20.00      32.00      60.00      65.00      58.00      68.00      67.00      44.00      38.00
      59.00      54.00      27.00      30.00      55.00      82.00      94.00      91.00      86.00      85.00
      85.00      80.00      71.00
      34.00      38.00      40.00      27.00      22.00      34.00      40.00      38.00      42.00      49.00
      45.00      49.00      58.00      59.00      46.00      31.00      26.00      28.00      33.00      36.00
      33.00      28.00      28.00      38.00      53.00      55.00      41.00      25.00      13.00      23.00
      45.00      53.00      62.00      73.00      62.00      64.00      71.00      69.00      49.00       6.00
       0.00      17.00      44.00      55.00      54.00      49.00      34.00      16.00      23.00      48.00
      42.00       8.00       0.00      21.00      25.00      33.00      63.00      71.00      52.00      37.00
      24.00       4.00       9.00      33.00      57.00      81.00      92.00      91.00      88.00      86.00
      83.00      74.00      59.00
      31.00      28.00      26.00      25.00      22.00      18.00      19.00      23.00      31.00      31.00
      21.00      14.00      14.00       8.00       2.00       2.00       2.00      12.00      18.00      17.00
      16.00      15.00      27.00      58.00      87.00      88.00      60.00      47.00      35.00      12.00
      12.00       8.00      15.00      11.00       4.00      47.00      79.00      81.00      67.00      57.00
      40.00      13.00       0.00      25.00      51.00      62.00      65.00      60.00      62.00      78.00
      78.00      58.00      47.00      35.00      15.00      10.00      29.00      37.00      32.00      24.00
       3.00       8.00      41.00      65.00      69.00      62.00      60.00      73.00      89.00      92.00
      85.00      74.00      61.00
      29.00      28.00      27.00      29.00      27.00      22.00      21.00      24.00      24.00      18.00
       5.00       3.00       6.00       4.00       4.00       5.00       5.00      13.00      15.00       4.00
       4.00       5.00       4.00      23.00      49.00      76.00      83.00      80.00      65.00      50.00
      36.00      48.00      42.00      33.00      18.00      28.00      53.00      54.00      46.00      56.00
      42.00      18.00      13.00      16.00       9.00      47.00      98.00      91.00      59.00      62.00
      79.00      82.00      78.00      73.00      63.00      48.00      35.00      25.00      19.00       8.00
       8.00      22.00      64.00      70.00      46.00      22.00      22.00      52.00      81.00      92.00
      90.00      81.00      70.00
      20.00      14.00       6.00      12.00      18.00      18.00      17.00      14.00       9.00       7.00
       6.00       7.00       9.00       9.00       8.00       6.00       4.00       3.00       3.00       3.00
       1.00       2.00       5.00      25.00      26.00      39.00      55.00      75.00      98.00     100.00
      75.00      40.00      24.00      14.00      23.00      36.00      54.00      19.00      18.00      47.00
      37.00      21.00      23.00       8.00       0.00      17.00      49.00      44.00      26.00      33.00
      54.00      71.00      80.00      87.00      88.00      75.00      62.00      53.00      28.00       4.00
      12.00      69.00      89.00      75.00      44.00      23.00      24.00      42.00      67.00      82.00
      86.00      82.00      73.00
       9.00       2.00       5.00      24.00      20.00      10.00       8.00       8.00       8.00      10.00
      12.00      11.00       8.00       7.00       8.00       7.00       6.00       6.00       3.00       3.00
       2.00       1.00       4.00      11.00      18.00      30.00      40.00      27.00      17.00      18.00
      29.00      20.00       9.00      28.00      20.00       6.00      17.00      43.00      47.00      29.00
      24.00      13.00       8.00      27.00      28.00      38.00      39.00      25.00      15.00      13.00
      15.00      35.00      69.00      85.00      83.00      85.00      90.00      73.00      30.00       7.00
      51.00      94.00      91.00      65.00      46.00      35.00      22.00      27.00      52.00      71.00
      75.00      75.00      69.00
      11.00      16.00      26.00      27.00      23.00      14.00      14.00      17.00      16.00      13.00
      11.00       9.00       9.00      10.00      11.00      10.00      11.00      11.00       9.00      15.00
       6.00       0.00       6.00      17.00      13.00      14.00       0.00       0.00       4.00      14.00
       8.00       2.00       0.00       0.00       1.00       7.00      22.00      44.00      71.00      50.00
      38.00      45.00      39.00      46.00      55.00      54.00      37.00      27.00      30.00      14.00
       0.00      20.00      71.00      92.00      88.00      84.00      70.00      41.00      23.00      53.00
      89.00      86.00      68.00      54.00      41.00      26.00      14.00      24.00      52.00      73.00
      76.00      66.00      55.00
      21.00      24.00      21.00      15.00       7.00       7.00      18.00      21.00      15.00      11.00
      11.00      14.00      17.00      19.00      20.00      16.00      20.00      24.00      18.00      15.00
      26.00       5.00       0.00       9.00       9.00       9.00      14.00       6.00       3.00       5.00
       4.00       3.00      11.00       0.00       0.00       0.00      14.00      72.00      78.00      50.00
      50.00      53.00      29.00      26.00      37.00      39.00      34.00      42.00      54.00      41.00
      33.00      60.00      88.00      95.00      94.00      82.00      47.00      26.00      46.00      83.00
      83.00      58.00      53.00      51.00      31.00      18.00      19.00      35.00      62.00      82.00
      82.00      56.00      43.00
      11.00      15.00      12.00       5.00       5.00      16.00      30.00      23.00      11.00      15.00
      25.00      33.00      32.00      27.00      23.00      17.00      15.00      19.00      11.00       8.00
      12.00      16.00       9.00      11.00       5.00       0.00       0.00       5.00       6.00       6.00
       3.00       0.00       0.00      11.00      22.00      40.00      41.00      23.00      22.00      43.00
      36.00      32.00      29.00      28.00      30.00      34.00      43.00      58.00      54.00      50.00
      63.00      85.00      92.00      92.00      99.00      91.00      67.00      69.00      90.00      85.00
      63.00      59.00      68.00      42.00      16.00      24.00      40.00      51.00      68.00      85.00
      85.00      66.00      66.00
      10.00      15.00       6.00       1.00      12.00      27.00      29.00      15.00      11.00      28.00
      46.00      47.00      33.00      18.00       9.00       3.00       1.00       0.00       0.00       0.00
       0.00       4.00       4.00       7.00       7.00       4.00       7.00       6.00       4.00       5.00
      12.00       0.00       1.00      44.00      54.00      24.00      14.00      21.00      27.00      36.00
      37.00      16.00      18.00      30.00      33.00      29.00      40.00      65.00      70.00      72.00
      81.00      86.00      92.00      98.00     100.00      99.00      92.00      97.00      91.00      71.00
      60.00      85.00      83.00      38.00      18.00      38.00      54.00      58.00      57.00      58.00
      65.00      69.00      80.00
      19.00      14.00       3.00       7.00      27.00      28.00      14.00       9.00      10.00      42.00
      60.00      45.00      26.00       9.00       1.00       2.00       3.00       0.00       1.00       8.00
       8.00       7.00       7.00       4.00       7.00      17.00      24.00      17.00       8.00      28.00
      53.00      41.00      35.00      74.00      91.00      53.00      40.00      49.00      40.00      31.00
      36.00      38.00      34.00      34.00      43.00      43.00      39.00      57.00      81.00      95.00
      90.00      79.00      83.00      85.00      83.00      92.00      99.00      90.00      74.00      67.00
      64.00      71.00      72.00      41.00      23.00      35.00      49.00      53.00      47.00      41.00
      51.00      63.00      72.00
       9.00       0.00       5.00      28.00      43.00      25.00       6.00       9.00       3.00      32.00
      61.00      55.00      42.00      40.00      37.00      24.00      28.00      34.00      37.00      44.00
      38.00      26.00      19.00      15.00      20.00      33.00      45.00      40.00      37.00      65.00
      96.00      76.00      53.00      50.00      48.00      46.00      45.00      38.00      24.00      25.00
      37.00      39.00      25.00      23.00      37.00      44.00      37.00      48.00      62.00      62.00
      47.00      37.00      38.00      41.00      51.00      64.00      80.00      83.00      70.00      71.00
      68.00      56.00      60.00      45.00      27.00      39.00      55.00      61.00      64.00      68.00
      75.00      82.00      91.00
      18.00      20.00      36.00      60.00      57.00      22.00       5.00       4.00       3.00      17.00
      41.00      53.00      55.00      64.00      65.00      44.00      31.00      54.00      54.00      64.00
      66.00      56.00      40.00      32.00      30.00      34.00      44.00      53.00      56.00      65.00
      72.00      63.00      54.00      35.00      27.00      39.00      48.00      51.00      41.00      31.00
      38.00      29.00      16.00      20.00      33.00      43.00      47.00      46.00      47.00      41.00
      30.00      27.00      29.00      35.00      45.00      42.00      50.00      65.00      60.00      64.00
      63.00      49.00      48.00      40.00      29.00      40.00      54.00      64.00      77.00      87.00
      85.00      89.00      95.00
      52.00      48.00      56.00      73.00      70.00      47.00      25.00      13.00       7.00      18.00
      27.00      30.00      39.00      49.00      52.00      35.00      48.00      69.00      68.00      63.00
      75.00      73.00      64.00      49.00      35.00      30.00      38.00      53.00      53.00      46.00
      52.00      49.00      40.00      34.00      37.00      46.00      43.00      46.00      45.00      35.00
      43.00      39.00      23.00      27.00      41.00      53.00      60.00      53.00      56.00      54.00
      46.00      48.00      63.00      70.00      69.00      54.00      51.00      55.00      55.00      66.00
      63.00      48.00      45.00      38.00      26.00      27.00      47.00      72.00      80.00      82.00
      88.00      96.00     100.00
      67.00      48.00      47.00      53.00      63.00      69.00      56.00      31.00      23.00      34.00
      38.00      34.00      35.00      34.00      34.00      15.00      43.00      77.00      74.00      45.00
      39.00      52.00      64.00      60.00      52.00      59.00      63.00      64.00      48.00      38.00
      53.00      52.00      46.00      47.00      58.00      59.00      44.00      45.00      59.00      54.00
      49.00      46.00      47.00      56.00      57.00      64.00      72.00      69.00      77.00      72.00
      57.00      55.00      65.00      69.00      69.00      66.00      61.00      51.00      49.00      58.00
      57.00      51.00      46.00      40.00      30.00      34.00      65.00      89.00      83.00      81.00
      95.00     100.00     100.00
      71.00      55.00      47.00      41.00      46.00      63.00      62.00      53.00      54.00      55.00
      46.00      41.00      38.00      29.00      25.00      21.00      34.00      72.00      70.00      38.00
      13.00      17.00      26.00      38.00      47.00      54.00      58.00      60.00      51.00      44.00
      47.00      44.00      52.00      61.00      63.00      56.00      43.00      57.00      90.00      84.00
      56.00      55.00      70.00      75.00      75.00      82.00      83.00      75.00      69.00      63.00
      72.00      73.00      58.00      45.00      47.00      53.00      51.00      44.00      42.00      41.00
      41.00      41.00      39.00      41.00      45.00      60.00      81.00      85.00      73.00      73.00
      85.00      89.00      84.00
      78.00      67.00      55.00      46.00      40.00      52.00      58.00      59.00      67.00      68.00
      55.00      47.00      41.00      30.00      18.00      24.00      37.00      59.00      68.00      57.00
      42.00      30.00      16.00      23.00      32.00      28.00      30.00      38.00      48.00      53.00
      52.00      44.00      33.00      31.00      37.00      39.00      35.00      53.00      86.00      85.00
      61.00      60.00      65.00      63.00      76.00      89.00      80.00      66.00      55.00      54.00
      80.00      85.00      61.00      46.00      46.00      49.00      49.00      49.00      46.00      42.00
      45.00      45.00      41.00      44.00      54.00      67.00      72.00      69.00      64.00      65.00
      75.00      79.00      71.00
      93.00      91.00      77.00      69.00      52.00      41.00      48.00      47.00      45.00      49.00
      46.00      41.00      35.00      29.00      24.00      28.00      49.00      60.00      56.00      64.00
      80.00      68.00      44.00      54.00      58.00      36.00      26.00      29.00      35.00      41.00
      47.00      42.00      20.00      11.00      23.00      36.00      35.00      46.00      63.00      72.00
      68.00      61.00      51.00      54.00      74.00      85.00      81.00      71.00      66.00      64.00
      74.00      78.00      69.00      66.00      61.00      59.00      59.00      55.00      48.00      46.00
      57.00      62.00      52.00      42.00      46.00      54.00      54.00      59.00      63.00      68.00
      75.00      64.00      52.00
      84.00      89.00      78.00      73.00      65.00      45.00      33.00      21.00      18.00      13.00
       4.00       7.00      13.00       8.00      10.00      32.00      63.00      70.00      63.00      73.00
      92.00      91.00      83.00      85.00      76.00      50.00      37.00      41.00      41.00      36.00
      36.00      37.00      27.00      19.00      24.00      29.00      28.00      33.00      45.00      65.00
      77.00      67.00      50.00      49.00      65.00      79.00      74.00      71.00      70.00      67.00
      68.00      70.00      70.00      73.00      66.00      63.00      58.00      44.00      40.00      43.00
      58.00      74.00      66.00      50.00      55.00      64.00      65.00      75.00      75.00      71.00
      62.00      39.00      31.00
      51.00      34.00      20.00      30.00      46.00      58.00      38.00      17.00      15.00       1.00
       0.00       7.00       3.00       0.00       0.00       7.00      56.00      86.00      74.00      70.00
      89.00      89.00      85.00      82.00      64.00      45.00      38.00      42.00      47.00      36.00
      26.00      23.00      19.00      18.00      22.00      22.00      22.00      25.00      38.00      53.00
      61.00      65.00      53.00      43.00      48.00      65.00      75.00      75.00      84.00      74.00
      71.00      74.00      71.00      66.00      63.00      74.00      72.00      57.00      55.00      56.00
      64.00      72.00      63.00      53.00      70.00      89.00      87.00      85.00      75.00      66.00
      50.00      29.00      27.00
