diamond 4 20年06月29日8时300百帕相对湿度
20 06 29  8  300 
2.500 -2.500  .0  180.0   90.0  .0
73  37
       4.00       4.00       4.00       4.00       4.00       4.00       4.00       4.00       4.00       4.00
       4.00       4.00       4.00       4.00       4.00       4.00       4.00       4.00       4.00       4.00
       4.00       4.00       4.00       4.00       4.00       4.00       4.00       4.00       4.00       4.00
       4.00       4.00       4.00       4.00       4.00       4.00       4.00       4.00       4.00       4.00
       4.00       4.00       4.00       4.00       4.00       4.00       4.00       4.00       4.00       4.00
       4.00       4.00       4.00       4.00       4.00       4.00       4.00       4.00       4.00       4.00
       4.00       4.00       4.00       4.00       4.00       4.00       4.00       4.00       4.00       4.00
       4.00       4.00       4.00
      10.00       9.00       8.00       7.00       5.00       4.00       3.00       2.00       1.00       0.00
       0.00       0.00       0.00       0.00       0.00       0.00       0.00       0.00       0.00       0.00
       0.00       0.00       0.00       0.00       0.00       0.00       0.00       0.00       0.00       0.00
       0.00       0.00       0.00       0.00       0.00       0.00       0.00       0.00       0.00       0.00
       0.00       0.00       0.00       0.00       0.00       0.00       0.00       0.00       0.00       0.00
       0.00       0.00       0.00       0.00       0.00       0.00       0.00       0.00       0.00       0.00
       0.00       0.00       0.00       0.00       0.00       0.00       0.00       0.00       0.00       0.00
       1.00       2.00       3.00
      13.00      12.00      12.00      11.00      10.00       8.00       7.00       5.00       3.00       1.00
       0.00       0.00       0.00       0.00       0.00       0.00       0.00       0.00       0.00       0.00
       0.00       0.00       0.00       0.00       0.00       0.00       0.00       0.00       0.00       0.00
       0.00       0.00       0.00       0.00       0.00       0.00       0.00       0.00       0.00       0.00
       0.00       0.00       0.00       0.00       1.00       1.00       1.00       1.00       1.00       1.00
       0.00       0.00       0.00       0.00       0.00       0.00       0.00       0.00       0.00       0.00
       0.00       0.00       0.00       0.00       0.00       0.00       0.00       0.00       0.00       0.00
       0.00       2.00       4.00
      22.00      24.00      25.00      24.00      22.00      18.00      14.00      10.00       5.00       1.00
       0.00       0.00       0.00       0.00       0.00       0.00       0.00       1.00       3.00       5.00
       7.00       8.00       8.00       7.00       6.00       4.00       2.00       0.00       0.00       0.00
       0.00       0.00       0.00       0.00       0.00       0.00       0.00       0.00       0.00       0.00
       0.00       0.00       0.00       0.00       0.00       0.00       0.00       0.00       0.00       0.00
       0.00       0.00       0.00       0.00       0.00       0.00       0.00       0.00       0.00       0.00
       0.00       0.00       0.00       0.00       0.00       0.00       0.00       1.00       1.00       1.00
       4.00       7.00      11.00
      18.00      21.00      22.00      22.00      20.00      16.00      11.00       6.00       1.00       0.00
       0.00       0.00       0.00       1.00       1.00       1.00       4.00       7.00      10.00      11.00
      11.00      10.00       8.00       5.00       1.00       0.00       0.00       1.00       1.00       1.00
       1.00       1.00       1.00       1.00       2.00       5.00       9.00      12.00      16.00      19.00
      22.00      24.00      25.00      26.00      27.00      27.00      26.00      24.00      21.00      17.00
      13.00       8.00       3.00       0.00       0.00       0.00       0.00       0.00       0.00       0.00
       1.00       4.00       7.00       8.00       9.00       7.00       5.00       2.00       1.00       1.00
       1.00       1.00       2.00
       0.00       0.00       0.00       0.00       0.00       1.00       1.00       1.00       0.00       0.00
       0.00       0.00       0.00       0.00       1.00       1.00       2.00       1.00       0.00       0.00
       0.00       0.00       0.00       0.00       0.00       2.00      11.00      23.00      33.00      42.00
      48.00      54.00      58.00      62.00      65.00      67.00      69.00      71.00      71.00      71.00
      70.00      69.00      69.00      69.00      69.00      70.00      70.00      70.00      69.00      66.00
      62.00      55.00      47.00      36.00      24.00      11.00       0.00       0.00       0.00       0.00
       0.00       0.00       5.00       9.00      11.00      12.00      12.00      11.00       9.00       8.00
       7.00       7.00       6.00
       6.00       4.00       4.00       5.00       6.00       8.00       9.00       8.00       5.00       1.00
       0.00       0.00       0.00       0.00       0.00       2.00       5.00       7.00       6.00       2.00
       0.00       0.00       0.00      11.00      27.00      44.00      61.00      76.00      88.00      95.00
      98.00      99.00      97.00      93.00      88.00      82.00      76.00      70.00      64.00      57.00
      49.00      42.00      37.00      32.00      31.00      32.00      36.00      42.00      48.00      54.00
      58.00      59.00      56.00      50.00      42.00      32.00      24.00      19.00      18.00      21.00
      25.00      29.00      30.00      30.00      29.00      27.00      26.00      28.00      32.00      39.00
      46.00      52.00      56.00
      42.00      38.00      34.00      31.00      30.00      30.00      31.00      31.00      31.00      29.00
      25.00      21.00      17.00      15.00      14.00      14.00      15.00      16.00      16.00      16.00
      20.00      28.00      40.00      52.00      63.00      73.00      81.00      88.00      91.00      89.00
      83.00      73.00      61.00      50.00      40.00      32.00      25.00      21.00      19.00      19.00
      22.00      26.00      29.00      30.00      31.00      31.00      32.00      36.00      41.00      48.00
      53.00      55.00      53.00      47.00      38.00      30.00      25.00      27.00      34.00      43.00
      49.00      48.00      40.00      30.00      22.00      17.00      16.00      18.00      22.00      29.00
      36.00      43.00      50.00
      42.00      39.00      37.00      36.00      33.00      30.00      27.00      29.00      36.00      45.00
      52.00      55.00      50.00      41.00      30.00      21.00      15.00      10.00       6.00       4.00
       8.00      23.00      43.00      59.00      68.00      70.00      68.00      63.00      56.00      47.00
      38.00      31.00      26.00      22.00      17.00      13.00       9.00       9.00      15.00      27.00
      44.00      61.00      74.00      80.00      81.00      79.00      77.00      78.00      81.00      85.00
      89.00      86.00      75.00      59.00      43.00      34.00      34.00      42.00      55.00      65.00
      63.00      47.00      25.00       7.00       1.00       1.00       4.00       9.00      11.00      10.00
       8.00       6.00       6.00
      59.00      59.00      57.00      55.00      49.00      36.00      20.00      15.00      15.00      24.00
      39.00      47.00      44.00      36.00      30.00      29.00      31.00      31.00      27.00      19.00
      10.00      12.00      27.00      44.00      54.00      54.00      46.00      35.00      24.00      18.00
      17.00      21.00      25.00      28.00      28.00      24.00      18.00      12.00       6.00       6.00
      13.00      25.00      36.00      42.00      42.00      42.00      46.00      52.00      56.00      58.00
      61.00      56.00      48.00      42.00      40.00      43.00      50.00      59.00      69.00      75.00
      73.00      64.00      48.00      28.00      10.00       0.00       0.00       1.00       1.00       0.00
       0.00       0.00       0.00
     100.00     100.00      94.00      89.00      85.00      79.00      69.00      54.00      47.00      52.00
      63.00      68.00      60.00      41.00      22.00      16.00      24.00      38.00      44.00      38.00
      21.00      10.00      15.00      35.00      54.00      63.00      62.00      53.00      39.00      27.00
      22.00      20.00      20.00      20.00      21.00      25.00      29.00      26.00      25.00      24.00
      25.00      32.00      42.00      49.00      50.00      44.00      42.00      44.00      43.00      35.00
      22.00      11.00      10.00      22.00      36.00      42.00      39.00      28.00      15.00      13.00
      26.00      45.00      62.00      66.00      53.00      29.00       6.00       0.00       0.00       0.00
       0.00       0.00       0.00
      64.00      67.00      69.00      79.00      91.00      97.00      85.00      66.00      52.00      44.00
      44.00      52.00      59.00      58.00      44.00      27.00      17.00      22.00      35.00      39.00
      31.00      20.00      18.00      30.00      54.00      72.00      75.00      67.00      58.00      55.00
      53.00      44.00      27.00      11.00       6.00      15.00      33.00      48.00      49.00      40.00
      31.00      31.00      45.00      61.00      68.00      54.00      38.00      42.00      50.00      53.00
      44.00      29.00      23.00      23.00      24.00      25.00      21.00      18.00      13.00      13.00
      22.00      40.00      61.00      80.00      90.00      85.00      58.00      22.00       0.00       0.00
       0.00       0.00       0.00
      18.00      19.00      11.00      20.00      56.00      85.00      90.00      81.00      66.00      47.00
      35.00      34.00      46.00      61.00      67.00      56.00      37.00      31.00      46.00      60.00
      54.00      41.00      35.00      43.00      66.00      77.00      61.00      40.00      35.00      53.00
      80.00      88.00      66.00      36.00      19.00      23.00      36.00      42.00      39.00      27.00
      15.00      14.00      28.00      47.00      56.00      44.00      24.00      21.00      39.00      58.00
      60.00      45.00      30.00      21.00      14.00      10.00      11.00      19.00      27.00      32.00
      39.00      50.00      65.00      80.00      90.00      98.00      93.00      66.00      31.00       4.00
       0.00       0.00       0.00
      56.00      63.00      39.00      22.00      34.00      62.00      83.00      89.00      89.00      81.00
      65.00      48.00      41.00      45.00      44.00      27.00       7.00       2.00      18.00      42.00
      43.00      31.00      27.00      40.00      68.00      83.00      62.00      29.00      12.00      23.00
      53.00      71.00      60.00      47.00      51.00      57.00      55.00      48.00      45.00      47.00
      46.00      40.00      32.00      32.00      41.00      48.00      43.00      31.00      23.00      17.00
      10.00       9.00      14.00      20.00      24.00      24.00      22.00      20.00      18.00      21.00
      30.00      41.00      50.00      54.00      57.00      67.00      79.00      77.00      60.00      41.00
      30.00      26.00      24.00
      56.00      78.00      63.00      34.00      33.00      47.00      57.00      62.00      65.00      67.00
      62.00      52.00      48.00      53.00      54.00      42.00      33.00      35.00      44.00      45.00
      34.00      23.00      19.00      17.00      23.00      34.00      35.00      17.00       0.00       1.00
      26.00      42.00      41.00      48.00      59.00      59.00      49.00      36.00      32.00      42.00
      50.00      39.00      23.00      16.00      25.00      54.00      66.00      58.00      40.00      20.00
      10.00      17.00      28.00      27.00      17.00      10.00       7.00       2.00       1.00       8.00
      32.00      50.00      46.00      26.00      11.00      25.00      44.00      44.00      28.00      12.00
      16.00      26.00      29.00
      45.00      61.00      48.00      34.00      49.00      64.00      64.00      52.00      40.00      36.00
      39.00      43.00      49.00      59.00      67.00      74.00      83.00      93.00      91.00      79.00
      69.00      64.00      58.00      40.00      25.00      29.00      32.00      18.00       0.00       7.00
      39.00      59.00      63.00      69.00      71.00      64.00      45.00      27.00      24.00      19.00
      33.00      37.00      33.00      41.00      38.00      41.00      45.00      52.00      60.00      55.00
      51.00      57.00      59.00      43.00      31.00      30.00      18.00       5.00      10.00      43.00
      70.00      74.00      63.00      59.00      68.00      75.00      76.00      72.00      64.00      55.00
      44.00      30.00      18.00
      28.00      49.00      49.00      38.00      54.00      75.00      73.00      51.00      27.00      21.00
      34.00      47.00      53.00      58.00      63.00      70.00      77.00      82.00      77.00      67.00
      59.00      56.00      50.00      35.00      26.00      35.00      43.00      36.00      30.00      45.00
      59.00      49.00      50.00      70.00      83.00      77.00      39.00      24.00      31.00      21.00
      23.00      34.00      41.00      42.00      34.00      24.00      17.00      37.00      54.00      42.00
      32.00      43.00      48.00      38.00      45.00      68.00      56.00      27.00      32.00      68.00
      90.00      79.00      68.00      72.00      82.00      85.00      86.00      91.00      99.00      99.00
      95.00      64.00      29.00
      37.00      69.00      93.00      81.00      66.00      59.00      50.00      39.00      37.00      38.00
      54.00      68.00      73.00      73.00      68.00      58.00      50.00      48.00      43.00      41.00
      36.00      30.00      27.00      22.00      21.00      29.00      38.00      40.00      56.00      83.00
      92.00      63.00      47.00      74.00      84.00      73.00      39.00       2.00       1.00      10.00
      45.00      44.00      49.00      71.00      97.00      68.00      42.00      53.00      54.00      29.00
      19.00      37.00      59.00      54.00      56.00      63.00      49.00      34.00      38.00      63.00
      80.00      81.00      82.00      84.00      88.00      92.00      92.00      88.00      89.00      98.00
     100.00      85.00      53.00
      51.00      60.00      68.00      59.00      39.00      34.00      41.00      43.00      37.00      40.00
      53.00      53.00      45.00      38.00      30.00      23.00      22.00      31.00      32.00      27.00
      29.00      36.00      54.00      63.00      48.00      34.00      33.00      36.00      41.00      61.00
      75.00      55.00      46.00      69.00      70.00      49.00      33.00      16.00       1.00       1.00
      40.00      38.00      37.00      68.00      93.00      75.00      44.00      37.00      37.00      28.00
      17.00       5.00       7.00      27.00      49.00      53.00      41.00      36.00      43.00      53.00
      63.00      76.00      89.00      94.00      96.00      98.00      97.00      96.00      92.00      90.00
      96.00      96.00      71.00
      42.00      32.00      31.00      28.00      24.00      27.00      32.00      30.00      20.00      15.00
      11.00       7.00       2.00       0.00       1.00       3.00       8.00      13.00       8.00      10.00
      18.00      45.00      79.00      88.00      79.00      51.00      35.00      33.00      20.00      38.00
      38.00      19.00      67.00      88.00      64.00      63.00      55.00      45.00      34.00      23.00
      14.00      15.00      24.00      23.00      28.00      44.00      43.00      38.00      51.00      54.00
      44.00      26.00      13.00      19.00      26.00      30.00      32.00      21.00      13.00      29.00
      56.00      78.00      97.00     100.00      99.00      98.00      97.00      97.00      96.00      91.00
      95.00     100.00      98.00
      33.00      23.00      21.00      22.00      22.00      19.00      17.00      17.00      16.00       3.00
       0.00       2.00       2.00       1.00       2.00       3.00       2.00       3.00       9.00      14.00
      14.00      29.00      60.00      74.00      81.00      96.00      98.00      70.00      30.00       1.00
       4.00      41.00      25.00      24.00      48.00      76.00      78.00      65.00      54.00      31.00
       7.00      15.00      26.00       5.00       2.00      52.00      62.00      48.00      62.00      73.00
      70.00      71.00      76.00      61.00      28.00      16.00      31.00       2.00       0.00      25.00
      72.00      98.00      99.00      93.00      96.00      99.00      99.00      99.00      96.00      82.00
      83.00     100.00     100.00
      20.00      12.00       5.00       8.00      19.00      20.00      13.00       9.00       8.00       5.00
       4.00       6.00       5.00       2.00       1.00       2.00       1.00       4.00      10.00      12.00
      15.00      20.00      37.00      50.00      57.00      66.00      79.00      72.00      59.00      82.00
      66.00      51.00      38.00      24.00      30.00      76.00      51.00      34.00      23.00       3.00
       7.00      27.00      34.00      23.00      15.00      20.00       4.00       8.00      49.00      75.00
      69.00      68.00      83.00      75.00      38.00      19.00      23.00       1.00       9.00      65.00
     100.00      96.00      63.00      45.00      50.00      61.00      75.00      86.00      85.00      77.00
      76.00      84.00      93.00
      12.00       4.00      10.00      19.00      21.00      18.00      10.00       6.00       6.00       9.00
       9.00       8.00       5.00       5.00       8.00      12.00      14.00      13.00      13.00       4.00
       0.00      12.00      20.00      15.00      14.00      19.00       8.00      25.00      27.00      24.00
      42.00      29.00      75.00      92.00      50.00       0.00       0.00      18.00      27.00      17.00
      21.00      60.00      53.00      35.00      24.00      13.00       1.00       3.00      50.00      82.00
      82.00      79.00      81.00      76.00      57.00      28.00       3.00      11.00      63.00     100.00
      96.00      62.00      34.00      31.00      24.00      20.00      33.00      57.00      77.00      84.00
      72.00      61.00      71.00
      29.00      27.00      39.00      33.00      26.00      15.00       9.00      10.00      12.00      10.00
       7.00       5.00       7.00      11.00      17.00      20.00      22.00      21.00      20.00      26.00
      14.00       1.00      10.00       8.00       8.00      12.00       0.00       0.00       0.00       3.00
       3.00       2.00       0.00       0.00       7.00      19.00      52.00      55.00      44.00      43.00
      51.00      63.00      45.00      33.00      31.00      28.00      14.00      20.00      56.00      78.00
      84.00      80.00      62.00      35.00      15.00       6.00      22.00      62.00      95.00      99.00
      66.00      39.00      47.00      56.00      39.00      21.00      26.00      50.00      78.00      85.00
      64.00      46.00      65.00
      37.00      43.00      30.00      20.00      14.00       5.00       8.00      16.00      14.00       7.00
       6.00      10.00      15.00      20.00      21.00      21.00      25.00      22.00      12.00       8.00
      12.00       4.00       0.00       2.00       3.00       7.00       7.00       3.00       2.00       4.00
       5.00       7.00       4.00       3.00       0.00       0.00       0.00      51.00      54.00      31.00
      51.00      58.00      40.00      42.00      50.00      48.00      44.00      51.00      67.00      78.00
      78.00      67.00      48.00      24.00      12.00      29.00      69.00      98.00      98.00      71.00
      46.00      52.00      60.00      51.00      34.00      24.00      31.00      50.00      70.00      77.00
      66.00      64.00      84.00
      22.00      33.00      20.00       8.00      10.00      18.00      27.00      25.00      15.00      10.00
      15.00      23.00      26.00      22.00      16.00      14.00      14.00       9.00       1.00       1.00
       6.00       9.00      10.00      10.00       5.00       1.00       1.00       7.00      13.00       9.00
       5.00       2.00       0.00       7.00       3.00      52.00      76.00      68.00      48.00      58.00
      43.00      47.00      43.00      39.00      34.00      29.00      31.00      37.00      49.00      68.00
      71.00      65.00      71.00      73.00      74.00      91.00     100.00      88.00      69.00      53.00
      57.00      67.00      58.00      45.00      36.00      27.00      36.00      55.00      66.00      70.00
      77.00      86.00      89.00
      18.00      20.00      13.00       7.00      16.00      34.00      40.00      22.00       9.00      13.00
      27.00      38.00      37.00      23.00      12.00       2.00       1.00       0.00       0.00       0.00
       4.00       6.00       5.00       8.00       8.00       8.00      11.00      10.00       8.00       5.00
       6.00       5.00       0.00      12.00      51.00      49.00      41.00      37.00      34.00      47.00
      38.00      23.00      16.00      15.00      16.00       2.00       0.00      19.00      35.00      56.00
      65.00      65.00      76.00      88.00      93.00      93.00      73.00      56.00      61.00      71.00
      79.00      83.00      70.00      53.00      37.00      24.00      38.00      60.00      62.00      63.00
      63.00      57.00      54.00
      22.00      14.00       9.00      10.00      21.00      31.00      27.00      12.00       7.00      15.00
      25.00      40.00      47.00      35.00      18.00      15.00       5.00       2.00       1.00       0.00
       2.00       6.00       3.00       5.00       6.00      11.00      20.00      20.00      17.00      20.00
      24.00      32.00      24.00      28.00      62.00      71.00      51.00      55.00      60.00      53.00
      35.00      21.00      18.00      38.00      50.00      31.00      21.00      37.00      52.00      58.00
      62.00      58.00      56.00      54.00      52.00      50.00      41.00      56.00      82.00      83.00
      85.00      96.00      85.00      57.00      32.00      20.00      35.00      55.00      59.00      59.00
      55.00      47.00      53.00
       9.00       4.00       6.00      18.00      34.00      39.00      23.00       6.00       6.00      11.00
      12.00      33.00      54.00      59.00      51.00      43.00      36.00      30.00      33.00      38.00
      39.00      35.00      28.00      25.00      22.00      24.00      32.00      34.00      42.00      55.00
      62.00      71.00      76.00      70.00      69.00      63.00      51.00      50.00      54.00      45.00
      26.00      27.00      37.00      46.00      55.00      43.00      33.00      49.00      57.00      53.00
      54.00      51.00      45.00      33.00      34.00      42.00      48.00      71.00      89.00      79.00
      73.00      87.00      87.00      67.00      44.00      27.00      32.00      57.00      73.00      72.00
      68.00      75.00      84.00
       1.00      11.00      21.00      41.00      60.00      64.00      40.00       9.00       5.00       8.00
       3.00      23.00      52.00      58.00      64.00      68.00      62.00      65.00      49.00      64.00
      61.00      58.00      59.00      56.00      51.00      46.00      39.00      34.00      49.00      75.00
      89.00      95.00      96.00      73.00      49.00      40.00      39.00      41.00      48.00      40.00
      16.00      31.00      45.00      29.00      34.00      37.00      40.00      61.00      66.00      59.00
      59.00      61.00      57.00      43.00      37.00      41.00      48.00      61.00      74.00      74.00
      63.00      68.00      80.00      65.00      42.00      27.00      30.00      58.00      80.00      73.00
      75.00      91.00      92.00
      28.00      46.00      43.00      61.00      85.00      87.00      71.00      37.00      21.00      17.00
       7.00      18.00      41.00      42.00      42.00      43.00      68.00      65.00      47.00      59.00
      65.00      63.00      78.00      94.00      87.00      69.00      37.00      23.00      40.00      70.00
      91.00      96.00      72.00      53.00      43.00      44.00      44.00      39.00      46.00      49.00
      34.00      39.00      39.00      32.00      50.00      55.00      51.00      61.00      70.00      70.00
      68.00      77.00      88.00      82.00      66.00      48.00      44.00      48.00      56.00      59.00
      46.00      49.00      65.00      53.00      34.00      32.00      42.00      60.00      74.00      76.00
      85.00      96.00      89.00
      75.00      77.00      49.00      62.00      96.00      99.00      94.00      60.00      36.00      29.00
      22.00      31.00      49.00      51.00      46.00      18.00      31.00      46.00      45.00      62.00
      77.00      78.00      86.00      96.00      96.00      92.00      64.00      46.00      46.00      51.00
      57.00      71.00      73.00      65.00      66.00      67.00      54.00      32.00      40.00      60.00
      65.00      59.00      46.00      44.00      69.00      72.00      63.00      61.00      63.00      60.00
      55.00      62.00      71.00      73.00      68.00      52.00      40.00      37.00      45.00      48.00
      37.00      39.00      54.00      52.00      37.00      33.00      39.00      47.00      61.00      78.00
      93.00     100.00      85.00
      96.00      91.00      68.00      73.00      93.00     100.00      98.00      69.00      40.00      35.00
      42.00      51.00      57.00      61.00      59.00      47.00      30.00      42.00      59.00      76.00
     100.00      91.00      80.00      74.00      77.00      89.00      96.00      79.00      53.00      39.00
      41.00      46.00      50.00      57.00      64.00      70.00      59.00      37.00      51.00      75.00
      82.00      79.00      72.00      71.00      73.00      72.00      69.00      60.00      58.00      57.00
      50.00      55.00      60.00      52.00      43.00      39.00      33.00      31.00      38.00      40.00
      35.00      39.00      48.00      50.00      44.00      35.00      30.00      26.00      41.00      74.00
      91.00      96.00      81.00
      88.00      92.00      92.00      89.00      89.00      97.00      95.00      82.00      62.00      58.00
      67.00      60.00      47.00      50.00      45.00      37.00      36.00      42.00      72.00      91.00
      92.00      80.00      66.00      51.00      42.00      42.00      50.00      40.00      29.00      35.00
      46.00      40.00      25.00      29.00      40.00      52.00      52.00      49.00      67.00      77.00
      68.00      64.00      67.00      67.00      61.00      63.00      68.00      63.00      62.00      71.00
      73.00      81.00      88.00      67.00      38.00      33.00      37.00      40.00      44.00      49.00
      54.00      52.00      41.00      39.00      46.00      49.00      42.00      35.00      51.00      71.00
      73.00      76.00      73.00
      88.00      95.00      99.00      96.00      89.00      77.00      62.00      66.00      70.00      71.00
      62.00      34.00      17.00      19.00      30.00      20.00      20.00      38.00      56.00      68.00
      64.00      65.00      59.00      46.00      24.00       7.00       7.00       7.00      14.00      23.00
      23.00      20.00      12.00      16.00      22.00      29.00      39.00      49.00      63.00      64.00
      57.00      51.00      52.00      54.00      54.00      68.00      82.00      80.00      74.00      73.00
      75.00      82.00      87.00      67.00      52.00      49.00      40.00      40.00      44.00      55.00
      72.00      65.00      43.00      34.00      37.00      42.00      46.00      54.00      65.00      62.00
      55.00      64.00      65.00
      74.00      88.00      81.00      66.00      53.00      41.00      27.00      31.00      44.00      37.00
      15.00       9.00      15.00       1.00      10.00      22.00      39.00      50.00      54.00      57.00
      57.00      72.00      80.00      54.00      21.00      15.00      25.00      26.00      25.00      16.00
      10.00      20.00      22.00      19.00      13.00      11.00      25.00      41.00      49.00      53.00
      62.00      57.00      54.00      57.00      63.00      79.00      88.00      80.00      80.00      76.00
      73.00      72.00      67.00      59.00      70.00      67.00      35.00      24.00      29.00      37.00
      52.00      56.00      50.00      40.00      36.00      42.00      47.00      56.00      62.00      56.00
      55.00      58.00      46.00
      44.00      54.00      42.00      23.00      12.00      25.00      30.00      29.00      37.00      22.00
       0.00       4.00       5.00       1.00       0.00       0.00      15.00      61.00      67.00      59.00
      65.00      84.00      85.00      50.00      35.00      48.00      55.00      46.00      37.00      30.00
      25.00      31.00      26.00      25.00      21.00      13.00      17.00      29.00      37.00      42.00
      54.00      60.00      58.00      60.00      65.00      72.00      73.00      76.00      85.00      86.00
      79.00      67.00      62.00      62.00      63.00      54.00      37.00      31.00      34.00      46.00
      60.00      64.00      63.00      54.00      52.00      57.00      52.00      48.00      52.00      57.00
      57.00      44.00      23.00
