diamond 4 20年06月28日8时300百帕相对湿度
20 06 28  8  300 
2.500 -2.500  .0  180.0   90.0  .0
73  37
      10.00      10.00      10.00      10.00      10.00      10.00      10.00      10.00      10.00      10.00
      10.00      10.00      10.00      10.00      10.00      10.00      10.00      10.00      10.00      10.00
      10.00      10.00      10.00      10.00      10.00      10.00      10.00      10.00      10.00      10.00
      10.00      10.00      10.00      10.00      10.00      10.00      10.00      10.00      10.00      10.00
      10.00      10.00      10.00      10.00      10.00      10.00      10.00      10.00      10.00      10.00
      10.00      10.00      10.00      10.00      10.00      10.00      10.00      10.00      10.00      10.00
      10.00      10.00      10.00      10.00      10.00      10.00      10.00      10.00      10.00      10.00
      10.00      10.00      10.00
       5.00       5.00       4.00       4.00       4.00       3.00       3.00       3.00       2.00       2.00
       2.00       2.00       2.00       2.00       1.00       1.00       1.00       1.00       1.00       1.00
       1.00       1.00       2.00       2.00       2.00       2.00       2.00       2.00       2.00       2.00
       2.00       2.00       2.00       2.00       2.00       2.00       2.00       2.00       2.00       2.00
       2.00       2.00       1.00       1.00       1.00       1.00       1.00       1.00       1.00       0.00
       0.00       0.00       0.00       0.00       0.00       0.00       1.00       1.00       1.00       1.00
       2.00       2.00       3.00       3.00       4.00       4.00       5.00       5.00       6.00       7.00
       8.00       9.00      10.00
       5.00       4.00       3.00       2.00       1.00       0.00       0.00       0.00       0.00       0.00
       0.00       0.00       0.00       0.00       0.00       0.00       0.00       0.00       0.00       0.00
       0.00       0.00       0.00       0.00       0.00       0.00       0.00       0.00       0.00       0.00
       0.00       0.00       0.00       0.00       0.00       0.00       0.00       0.00       0.00       0.00
       0.00       0.00       0.00       0.00       0.00       0.00       0.00       0.00       0.00       0.00
       0.00       0.00       0.00       0.00       0.00       0.00       0.00       0.00       0.00       0.00
       0.00       0.00       0.00       0.00       0.00       2.00       4.00       5.00       7.00       9.00
      11.00      13.00      15.00
       1.00       0.00       0.00       0.00       0.00       0.00       0.00       0.00       0.00       0.00
       0.00       0.00       0.00       0.00       0.00       0.00       0.00       0.00       0.00       0.00
       0.00       0.00       0.00       0.00       0.00       0.00       0.00       0.00       0.00       1.00
       2.00       2.00       3.00       3.00       3.00       2.00       2.00       1.00       0.00       0.00
       0.00       0.00       0.00       0.00       0.00       0.00       0.00       0.00       1.00       1.00
       0.00       0.00       0.00       0.00       0.00       0.00       0.00       0.00       0.00       0.00
       0.00       0.00       0.00       2.00       5.00       8.00      11.00      14.00      17.00      20.00
      22.00      25.00      27.00
       1.00       1.00       1.00       0.00       0.00       0.00       0.00       0.00       0.00       0.00
       0.00       0.00       1.00       3.00       5.00       7.00       9.00      10.00      11.00      11.00
      10.00       9.00       8.00       7.00       7.00       6.00       6.00       6.00       7.00       9.00
      11.00      12.00      14.00      15.00      15.00      14.00      12.00       9.00       6.00       3.00
       1.00       0.00       0.00       0.00       0.00       0.00       1.00       2.00       3.00       2.00
       1.00       0.00       0.00       0.00       0.00       0.00       0.00       0.00       0.00       0.00
       4.00       9.00      13.00      16.00      19.00      20.00      20.00      21.00      21.00      22.00
      23.00      25.00      28.00
      11.00       8.00       8.00       9.00      10.00      12.00      13.00      14.00      13.00      12.00
      11.00      11.00      11.00      11.00      12.00      12.00      10.00       8.00       6.00       4.00
       3.00       4.00       6.00       9.00      12.00      14.00      15.00      14.00      11.00       9.00
       8.00       7.00       8.00      10.00      12.00      15.00      18.00      21.00      24.00      26.00
      28.00      31.00      33.00      36.00      37.00      38.00      36.00      32.00      27.00      20.00
      12.00       5.00       0.00       0.00       0.00       0.00       0.00       2.00      14.00      27.00
      40.00      50.00      56.00      58.00      55.00      48.00      39.00      30.00      22.00      17.00
      15.00      16.00      19.00
      37.00      35.00      37.00      40.00      45.00      48.00      48.00      45.00      40.00      34.00
      30.00      28.00      30.00      31.00      32.00      29.00      24.00      16.00       7.00       0.00
       0.00       0.00       5.00      14.00      23.00      27.00      26.00      20.00      12.00       4.00
       0.00       0.00       0.00       0.00       0.00       4.00      13.00      23.00      34.00      45.00
      56.00      68.00      78.00      85.00      88.00      85.00      77.00      65.00      51.00      39.00
      29.00      20.00      14.00      10.00       7.00       8.00      14.00      23.00      38.00      54.00
      71.00      82.00      86.00      81.00      68.00      51.00      33.00      17.00       5.00       1.00
       2.00       8.00      15.00
      69.00      70.00      72.00      76.00      79.00      80.00      77.00      68.00      57.00      45.00
      36.00      31.00      29.00      30.00      29.00      27.00      23.00      20.00      19.00      23.00
      31.00      41.00      46.00      44.00      34.00      21.00       9.00       1.00       0.00       0.00
       3.00       8.00      14.00      18.00      22.00      27.00      34.00      43.00      54.00      65.00
      75.00      84.00      90.00      92.00      88.00      79.00      66.00      52.00      41.00      34.00
      32.00      32.00      33.00      33.00      32.00      31.00      31.00      33.00      40.00      50.00
      63.00      74.00      77.00      70.00      53.00      33.00      15.00       3.00       0.00       0.00
       0.00       6.00      12.00
      47.00      50.00      54.00      58.00      61.00      65.00      67.00      67.00      64.00      57.00
      48.00      38.00      31.00      23.00      16.00       8.00       2.00       0.00       8.00      26.00
      56.00      79.00      82.00      66.00      33.00       6.00       0.00       0.00       1.00      18.00
      36.00      50.00      58.00      60.00      56.00      50.00      47.00      53.00      70.00      88.00
      98.00      98.00      92.00      82.00      72.00      61.00      53.00      47.00      43.00      40.00
      38.00      37.00      35.00      33.00      29.00      25.00      22.00      21.00      25.00      36.00
      50.00      64.00      70.00      63.00      46.00      25.00       8.00       0.00       0.00       0.00
       4.00       5.00       4.00
      19.00      22.00      28.00      34.00      38.00      45.00      54.00      63.00      66.00      59.00
      44.00      30.00      22.00      23.00      29.00      33.00      31.00      25.00      19.00      20.00
      30.00      41.00      39.00      22.00       1.00       0.00       0.00      11.00      33.00      57.00
      78.00      86.00      82.00      69.00      50.00      26.00       6.00      10.00      30.00      60.00
      78.00      76.00      61.00      47.00      42.00      45.00      49.00      50.00      45.00      33.00
      21.00      19.00      18.00      16.00      12.00       4.00       0.00       0.00       2.00      23.00
      47.00      65.00      71.00      64.00      43.00      13.00       0.00       1.00       4.00       5.00
       5.00       2.00       0.00
      53.00      54.00      54.00      52.00      51.00      57.00      68.00      80.00      85.00      81.00
      66.00      43.00      23.00      13.00      19.00      31.00      38.00      38.00      33.00      29.00
      24.00      19.00       9.00       0.00       0.00       0.00       7.00      32.00      57.00      80.00
      91.00      93.00      85.00      66.00      43.00      22.00       7.00       5.00      20.00      40.00
      51.00      47.00      35.00      28.00      34.00      46.00      51.00      49.00      38.00      18.00
       0.00       0.00       3.00       7.00       6.00       3.00       2.00       4.00      15.00      27.00
      41.00      59.00      73.00      64.00      33.00       3.00       0.00       2.00       1.00       0.00
       0.00       0.00       0.00
      98.00      95.00      91.00      88.00      87.00      82.00      81.00      79.00      80.00      81.00
      80.00      75.00      67.00      55.00      40.00      24.00      13.00      12.00      19.00      27.00
      30.00      27.00      21.00      13.00       7.00       9.00      20.00      40.00      64.00      85.00
      93.00      91.00      74.00      47.00      22.00      10.00      12.00      21.00      27.00      29.00
      26.00      26.00      31.00      36.00      41.00      48.00      52.00      51.00      43.00      32.00
      25.00      27.00      30.00      26.00      17.00      11.00      11.00      15.00      18.00      21.00
      32.00      52.00      69.00      69.00      50.00      30.00      22.00      24.00      24.00      17.00
      10.00       9.00      11.00
      51.00      62.00      78.00      89.00      88.00      73.00      60.00      47.00      35.00      29.00
      32.00      46.00      60.00      63.00      58.00      49.00      42.00      40.00      43.00      40.00
      29.00      19.00      15.00      17.00      22.00      22.00      25.00      39.00      64.00      90.00
      99.00      94.00      66.00      37.00      15.00      11.00      28.00      46.00      46.00      29.00
      14.00      10.00      17.00      22.00      19.00      21.00      38.00      58.00      64.00      53.00
      40.00      36.00      38.00      36.00      26.00      14.00      11.00      12.00      14.00      19.00
      32.00      55.00      73.00      75.00      64.00      53.00      51.00      52.00      48.00      41.00
      42.00      50.00      53.00
       0.00      18.00      40.00      53.00      54.00      49.00      41.00      31.00      22.00      19.00
      29.00      43.00      50.00      44.00      38.00      43.00      57.00      69.00      70.00      60.00
      41.00      25.00      21.00      32.00      44.00      43.00      38.00      50.00      73.00      88.00
      82.00      60.00      41.00      34.00      36.00      40.00      47.00      54.00      48.00      33.00
      17.00       7.00       9.00      11.00      11.00      10.00      22.00      41.00      52.00      49.00
      45.00      43.00      39.00      31.00      20.00       8.00       4.00       6.00       9.00      13.00
      19.00      27.00      31.00      31.00      32.00      33.00      36.00      38.00      37.00      37.00
      42.00      51.00      55.00
       6.00      35.00      68.00      72.00      52.00      35.00      32.00      37.00      41.00      50.00
      66.00      75.00      69.00      49.00      35.00      38.00      45.00      46.00      44.00      52.00
      64.00      68.00      67.00      75.00      88.00      77.00      50.00      48.00      79.00      89.00
      58.00      22.00      24.00      56.00      71.00      61.00      44.00      34.00      29.00      25.00
      22.00      22.00      25.00      27.00      27.00      21.00      13.00       9.00      21.00      56.00
      86.00      95.00      81.00      48.00      22.00      12.00      12.00      12.00      14.00      16.00
      15.00      15.00      15.00      24.00      39.00      40.00      33.00      24.00      20.00      26.00
      36.00      41.00      39.00
      21.00      55.00      83.00      76.00      54.00      44.00      45.00      43.00      37.00      41.00
      59.00      71.00      67.00      54.00      42.00      37.00      29.00      20.00      21.00      39.00
      60.00      64.00      61.00      72.00      93.00      87.00      51.00      23.00      61.00      96.00
      67.00      26.00      32.00      65.00      83.00      69.00      41.00      19.00      10.00       4.00
      14.00      28.00      26.00      26.00      29.00      35.00      33.00      27.00      29.00      53.00
      73.00      78.00      72.00      64.00      59.00      53.00      42.00      29.00      23.00      27.00
      33.00      38.00      39.00      38.00      37.00      34.00      28.00      19.00      20.00      39.00
      62.00      68.00      61.00
      69.00      74.00      70.00      52.00      34.00      33.00      40.00      33.00      25.00      34.00
      59.00      75.00      73.00      62.00      45.00      28.00      17.00      13.00      19.00      30.00
      40.00      45.00      47.00      55.00      70.00      74.00      53.00      31.00      49.00      72.00
      45.00      16.00      28.00      49.00      62.00      71.00      60.00      41.00      27.00      21.00
      34.00      54.00      47.00      44.00      52.00      60.00      64.00      65.00      42.00      16.00
      25.00      52.00      63.00      58.00      53.00      48.00      38.00      35.00      38.00      48.00
      62.00      72.00      68.00      55.00      43.00      36.00      32.00      25.00      21.00      32.00
      47.00      48.00      46.00
      77.00      67.00      60.00      43.00      14.00      15.00      26.00      25.00      31.00      41.00
      54.00      59.00      60.00      54.00      40.00      24.00      18.00      20.00      25.00      29.00
      32.00      41.00      49.00      50.00      54.00      61.00      55.00      39.00      19.00      17.00
      22.00      48.00      74.00      73.00      64.00      55.00      25.00      12.00      29.00      50.00
      65.00      69.00      75.00      79.00      78.00      72.00      70.00      65.00      32.00       0.00
      14.00      52.00      60.00      46.00      34.00      31.00      36.00      47.00      57.00      71.00
      86.00      96.00      94.00      86.00      79.00      71.00      58.00      44.00      33.00      27.00
      28.00      31.00      43.00
      44.00      50.00      55.00      41.00      29.00      38.00      34.00      19.00      25.00      48.00
      46.00      26.00      26.00      25.00      22.00      24.00      28.00      20.00      19.00      39.00
      56.00      53.00      28.00      12.00      27.00      55.00      64.00      51.00      28.00      21.00
      43.00      77.00      74.00      58.00      60.00      56.00      37.00      17.00      26.00      68.00
      91.00      82.00      77.00      76.00      70.00      57.00      47.00      40.00      34.00      27.00
      24.00      27.00      36.00      45.00      51.00      48.00      42.00      44.00      51.00      54.00
      57.00      60.00      66.00      81.00      98.00     100.00      86.00      74.00      65.00      47.00
      27.00      35.00      68.00
      28.00      34.00      33.00      32.00      41.00      58.00      46.00      12.00      18.00      48.00
      61.00      29.00      18.00      14.00       7.00       7.00      10.00      12.00      29.00      54.00
      88.00      94.00      79.00      34.00      22.00      23.00      26.00      35.00      41.00      10.00
      54.00      77.00      43.00      34.00      46.00      54.00      38.00      37.00      30.00      22.00
      34.00      46.00      38.00      45.00      62.00      66.00      45.00      25.00      25.00      23.00
      12.00      21.00      60.00      71.00      60.00      40.00      29.00      37.00      48.00      51.00
      50.00      46.00      50.00      71.00      95.00     100.00     100.00      92.00      80.00      55.00
      25.00      11.00      23.00
      27.00      19.00      15.00      19.00      26.00      39.00      38.00      15.00       0.00      10.00
      20.00      16.00      11.00       7.00       5.00       5.00       7.00       4.00      15.00      33.00
      48.00      73.00      95.00      97.00      80.00      51.00       8.00       4.00       1.00      15.00
      48.00      72.00      60.00      53.00      40.00      22.00      29.00      51.00      29.00       2.00
      13.00       3.00       0.00      23.00      63.00      71.00      53.00      34.00      26.00       8.00
       1.00      40.00      53.00      18.00       5.00      21.00      45.00      63.00      74.00      80.00
      83.00      79.00      74.00      81.00      91.00      92.00      86.00      85.00      85.00      85.00
      81.00      63.00      44.00
      33.00      27.00      27.00      39.00      38.00      28.00      22.00      14.00       4.00       1.00
       1.00       1.00       1.00       5.00      10.00      10.00      11.00      16.00       9.00       5.00
      18.00      31.00      57.00      80.00      84.00      78.00      71.00      43.00      31.00      14.00
      34.00      52.00      38.00      27.00      12.00      35.00      27.00      15.00      15.00      13.00
       0.00       0.00       9.00      44.00      53.00      36.00      34.00      50.00      51.00      33.00
      15.00       5.00       0.00       1.00      13.00      57.00      76.00      85.00      97.00     100.00
      99.00      88.00      81.00      86.00      96.00      98.00      95.00      95.00      98.00     100.00
     100.00      94.00      87.00
      37.00      37.00      43.00      48.00      35.00      19.00       9.00       7.00       7.00       5.00
       4.00       8.00      12.00      18.00      22.00      20.00      10.00      10.00      17.00       1.00
       0.00       0.00       1.00      11.00      22.00      37.00      33.00      28.00      23.00      19.00
      27.00       2.00       3.00      40.00      33.00      13.00      32.00      23.00       3.00       9.00
      22.00      25.00      60.00      79.00      59.00      39.00      54.00      72.00      73.00      67.00
      59.00      41.00      31.00      45.00      69.00      84.00      87.00      94.00      97.00      77.00
      53.00      46.00      53.00      62.00      74.00      84.00      83.00      77.00      76.00      78.00
      82.00      88.00      96.00
      29.00      29.00      31.00      21.00      11.00      10.00       9.00       7.00       8.00       9.00
       9.00      14.00      19.00      19.00      21.00      15.00       5.00       0.00       1.00      10.00
       6.00       0.00       0.00       0.00       0.00       1.00       0.00       1.00       4.00       7.00
       8.00       2.00       2.00      10.00      13.00      19.00      53.00      49.00      13.00      19.00
      65.00      64.00      67.00      73.00      58.00      58.00      81.00      92.00      86.00      87.00
      90.00      81.00      75.00      81.00      91.00      92.00      86.00      77.00      55.00      25.00
      12.00      19.00      31.00      31.00      30.00      39.00      40.00      40.00      56.00      77.00
      90.00      97.00      97.00
      47.00      33.00      26.00      19.00       8.00       4.00       7.00       8.00       7.00      11.00
      13.00      16.00      22.00      30.00      27.00      16.00      11.00       3.00       0.00       2.00
      12.00      11.00       3.00       8.00       6.00       4.00       7.00       2.00       0.00       2.00
       2.00       6.00      15.00      13.00       0.00       0.00       0.00      29.00      38.00      46.00
      59.00      58.00      46.00      53.00      54.00      54.00      72.00      74.00      70.00      75.00
      75.00      75.00      81.00      87.00      92.00      89.00      69.00      39.00      14.00      12.00
      31.00      45.00      49.00      41.00      32.00      42.00      56.00      68.00      88.00     100.00
     100.00     100.00      99.00
      37.00      26.00      13.00      12.00      10.00       1.00       1.00       8.00      10.00      12.00
      16.00      19.00      27.00      38.00      34.00      20.00      15.00       9.00       2.00       3.00
       9.00      14.00      12.00      15.00      12.00       9.00      12.00      16.00      16.00      15.00
       8.00       8.00       7.00       8.00      32.00      44.00      43.00      42.00      32.00      38.00
      35.00      48.00      50.00      52.00      40.00      30.00      24.00      13.00      23.00      36.00
      41.00      62.00      83.00      91.00      92.00      79.00      45.00      17.00      16.00      48.00
      79.00      70.00      61.00      59.00      47.00      49.00      66.00      78.00      90.00      96.00
      95.00      92.00      83.00
      23.00      19.00       6.00       4.00       5.00       5.00      17.00      30.00      20.00       9.00
      10.00      20.00      30.00      33.00      28.00      23.00      23.00      13.00       6.00       2.00
       1.00       2.00       1.00       3.00       7.00       9.00      12.00      16.00      13.00      13.00
       9.00       5.00       0.00       2.00      17.00      35.00      58.00      69.00      33.00      38.00
      52.00      40.00      35.00      33.00      28.00      22.00      13.00      20.00      38.00      45.00
      51.00      71.00      87.00      90.00      85.00      63.00      32.00      22.00      32.00      66.00
      89.00      70.00      67.00      77.00      58.00      36.00      35.00      48.00      67.00      77.00
      74.00      65.00      52.00
      11.00       4.00       7.00      12.00      13.00      18.00      32.00      40.00      26.00       6.00
      12.00      23.00      28.00      27.00      20.00      27.00      33.00      22.00      11.00       4.00
       0.00       7.00      11.00      15.00      20.00      16.00      12.00       8.00       5.00       7.00
      13.00      21.00      24.00      33.00      58.00      78.00      78.00      80.00      51.00      48.00
      54.00      55.00      44.00      38.00      38.00      39.00      36.00      45.00      64.00      72.00
      74.00      77.00      79.00      76.00      69.00      56.00      51.00      53.00      51.00      63.00
      79.00      73.00      84.00      92.00      79.00      46.00      30.00      42.00      60.00      61.00
      47.00      43.00      53.00
       2.00       0.00       4.00      12.00      14.00      22.00      33.00      32.00      21.00       7.00
      11.00      17.00      23.00      25.00      23.00      33.00      42.00      38.00      35.00      36.00
      36.00      42.00      46.00      51.00      49.00      37.00      25.00      21.00      31.00      43.00
      51.00      67.00      73.00      77.00      86.00      87.00      65.00      51.00      51.00      56.00
      36.00      30.00      29.00      37.00      36.00      35.00      31.00      39.00      53.00      60.00
      56.00      48.00      47.00      47.00      51.00      50.00      59.00      75.00      75.00      71.00
      72.00      72.00      84.00      94.00      84.00      56.00      37.00      42.00      53.00      53.00
      49.00      68.00      93.00
       6.00       4.00       6.00       4.00       7.00      24.00      38.00      36.00      26.00      21.00
      17.00      14.00      21.00      23.00      22.00      31.00      49.00      61.00      63.00      66.00
      68.00      71.00      72.00      73.00      69.00      64.00      59.00      56.00      62.00      75.00
      79.00      81.00      91.00      87.00      78.00      81.00      72.00      67.00      67.00      50.00
      19.00      16.00      21.00      16.00      25.00      30.00      28.00      34.00      42.00      44.00
      39.00      40.00      44.00      48.00      57.00      51.00      46.00      66.00      72.00      66.00
      66.00      68.00      76.00      85.00      78.00      56.00      40.00      40.00      50.00      61.00
      71.00      92.00     100.00
       7.00       0.00       5.00      11.00      23.00      43.00      56.00      53.00      48.00      46.00
      35.00      20.00      21.00      19.00      17.00      15.00      38.00      65.00      66.00      70.00
      72.00      69.00      72.00      81.00      88.00      92.00      89.00      84.00      72.00      62.00
      55.00      60.00      72.00      76.00      84.00      97.00      95.00      84.00      68.00      43.00
      27.00      34.00      34.00      27.00      39.00      41.00      38.00      41.00      39.00      32.00
      38.00      55.00      68.00      68.00      67.00      55.00      44.00      51.00      55.00      56.00
      59.00      56.00      63.00      73.00      69.00      49.00      37.00      38.00      43.00      51.00
      70.00      85.00      99.00
       5.00       8.00      24.00      40.00      55.00      66.00      78.00      82.00      74.00      66.00
      49.00      27.00      23.00      32.00      41.00      20.00      30.00      62.00      69.00      61.00
      61.00      65.00      76.00      89.00      91.00      90.00      91.00      87.00      63.00      41.00
      32.00      48.00      65.00      71.00      74.00      85.00      91.00      84.00      65.00      46.00
      42.00      52.00      55.00      46.00      46.00      50.00      54.00      55.00      49.00      39.00
      36.00      45.00      54.00      53.00      52.00      51.00      42.00      38.00      37.00      39.00
      41.00      39.00      52.00      66.00      58.00      39.00      34.00      41.00      35.00      36.00
      58.00      69.00      78.00
      31.00      51.00      74.00      91.00      87.00      78.00      84.00      88.00      80.00      70.00
      58.00      39.00      33.00      45.00      57.00      28.00      27.00      76.00      77.00      72.00
      73.00      76.00      84.00      88.00      82.00      86.00      91.00      94.00      77.00      52.00
      36.00      32.00      43.00      49.00      47.00      56.00      69.00      74.00      63.00      53.00
      64.00      78.00      70.00      54.00      54.00      64.00      66.00      62.00      54.00      48.00
      57.00      60.00      57.00      52.00      52.00      52.00      45.00      36.00      31.00      29.00
      30.00      32.00      43.00      52.00      43.00      31.00      34.00      44.00      34.00      32.00
      50.00      47.00      45.00
      79.00      85.00      96.00      99.00      94.00      80.00      78.00      78.00      73.00      75.00
      71.00      49.00      35.00      34.00      31.00       9.00       3.00      73.00      80.00      78.00
      76.00      77.00      72.00      65.00      69.00      83.00      92.00      92.00      86.00      72.00
      53.00      41.00      41.00      43.00      40.00      38.00      42.00      50.00      58.00      64.00
      78.00      81.00      66.00      62.00      72.00      79.00      75.00      69.00      68.00      60.00
      74.00      84.00      78.00      71.00      62.00      53.00      45.00      44.00      43.00      41.00
      42.00      42.00      45.00      46.00      35.00      29.00      37.00      51.00      44.00      35.00
      38.00      30.00      29.00
      88.00      76.00      74.00      82.00      90.00      82.00      72.00      65.00      54.00      61.00
      69.00      51.00      23.00       8.00       5.00       3.00      16.00      48.00      53.00      51.00
      60.00      75.00      66.00      59.00      69.00      81.00      83.00      77.00      68.00      58.00
      55.00      58.00      51.00      41.00      36.00      39.00      48.00      49.00      56.00      68.00
      71.00      58.00      53.00      68.00      79.00      86.00      87.00      81.00      75.00      60.00
      57.00      75.00      80.00      76.00      70.00      56.00      42.00      41.00      47.00      52.00
      56.00      55.00      54.00      51.00      40.00      40.00      49.00      58.00      54.00      42.00
      36.00      31.00      33.00
      66.00      63.00      60.00      62.00      74.00      75.00      73.00      63.00      40.00      34.00
      42.00      35.00      22.00      13.00       4.00       3.00      14.00      19.00      25.00      29.00
      40.00      59.00      61.00      61.00      72.00      77.00      68.00      53.00      45.00      40.00
      47.00      57.00      45.00      37.00      32.00      34.00      41.00      36.00      46.00      71.00
      73.00      61.00      64.00      71.00      73.00      80.00      95.00      86.00      74.00      65.00
      73.00      84.00      78.00      73.00      71.00      62.00      46.00      38.00      41.00      44.00
      45.00      50.00      60.00      63.00      54.00      55.00      59.00      58.00      54.00      53.00
      55.00      46.00      39.00
      49.00      54.00      46.00      44.00      49.00      61.00      80.00      81.00      59.00      32.00
      18.00      17.00      12.00       5.00       0.00       2.00      26.00      26.00      33.00      38.00
      53.00      67.00      68.00      63.00      66.00      63.00      49.00      33.00      25.00      23.00
      31.00      31.00      25.00      37.00      39.00      30.00      22.00      23.00      44.00      60.00
      51.00      53.00      59.00      57.00      65.00      69.00      70.00      81.00      82.00      78.00
      80.00      70.00      54.00      53.00      54.00      50.00      47.00      39.00      32.00      31.00
      32.00      44.00      66.00      79.00      67.00      53.00      55.00      59.00      56.00      54.00
      58.00      51.00      38.00
