diamond 4 20年06月26日20时300百帕相对湿度
20 06 26  20  300 
2.500 -2.500  .0  180.0   90.0  .0
73  37
       0.00       0.00       0.00       0.00       0.00       0.00       0.00       0.00       0.00       0.00
       0.00       0.00       0.00       0.00       0.00       0.00       0.00       0.00       0.00       0.00
       0.00       0.00       0.00       0.00       0.00       0.00       0.00       0.00       0.00       0.00
       0.00       0.00       0.00       0.00       0.00       0.00       0.00       0.00       0.00       0.00
       0.00       0.00       0.00       0.00       0.00       0.00       0.00       0.00       0.00       0.00
       0.00       0.00       0.00       0.00       0.00       0.00       0.00       0.00       0.00       0.00
       0.00       0.00       0.00       0.00       0.00       0.00       0.00       0.00       0.00       0.00
       0.00       0.00       0.00
       4.00       5.00       6.00       6.00       7.00       7.00       8.00       8.00       8.00       9.00
       9.00       9.00       9.00       9.00       9.00       8.00       8.00       8.00       7.00       7.00
       7.00       6.00       6.00       6.00       5.00       5.00       5.00       5.00       5.00       5.00
       5.00       5.00       5.00       5.00       6.00       6.00       6.00       7.00       7.00       7.00
       8.00       8.00       8.00       8.00       8.00       8.00       8.00       8.00       7.00       7.00
       7.00       6.00       5.00       5.00       4.00       3.00       2.00       1.00       0.00       0.00
       0.00       0.00       0.00       0.00       0.00       0.00       0.00       0.00       0.00       0.00
       0.00       0.00       0.00
      35.00      39.00      43.00      47.00      51.00      53.00      56.00      57.00      58.00      59.00
      58.00      58.00      56.00      55.00      53.00      51.00      49.00      46.00      44.00      41.00
      38.00      35.00      33.00      30.00      28.00      25.00      23.00      22.00      20.00      19.00
      18.00      18.00      18.00      19.00      20.00      21.00      23.00      25.00      27.00      29.00
      31.00      33.00      35.00      37.00      38.00      39.00      39.00      39.00      38.00      37.00
      35.00      33.00      30.00      27.00      24.00      20.00      16.00      12.00       9.00       5.00
       2.00       0.00       0.00       0.00       0.00       0.00       0.00       0.00       0.00       0.00
       0.00       0.00       0.00
      61.00      65.00      69.00      71.00      72.00      71.00      69.00      66.00      61.00      56.00
      50.00      45.00      40.00      36.00      33.00      30.00      28.00      27.00      27.00      26.00
      26.00      25.00      25.00      24.00      23.00      21.00      19.00      17.00      15.00      13.00
      11.00      10.00       9.00       8.00       8.00       8.00       9.00      11.00      13.00      16.00
      19.00      22.00      25.00      29.00      32.00      34.00      37.00      38.00      39.00      40.00
      40.00      39.00      38.00      36.00      34.00      31.00      27.00      23.00      19.00      14.00
       9.00       4.00       0.00       0.00       0.00       0.00       0.00       0.00       0.00       0.00
       0.00       0.00       0.00
      39.00      44.00      48.00      49.00      49.00      45.00      38.00      29.00      19.00       9.00
       3.00       2.00       1.00       1.00       0.00       0.00       0.00       2.00       5.00       9.00
      11.00      13.00      14.00      14.00      14.00      13.00      12.00      11.00       9.00       7.00
       5.00       4.00       2.00       1.00       0.00       0.00       0.00       1.00       3.00       5.00
       8.00      12.00      16.00      21.00      25.00      29.00      32.00      34.00      37.00      39.00
      41.00      44.00      47.00      51.00      55.00      58.00      60.00      60.00      57.00      52.00
      44.00      34.00      24.00      14.00       5.00       0.00       0.00       0.00       0.00       0.00
       0.00       0.00       0.00
      29.00      38.00      47.00      55.00      59.00      60.00      56.00      47.00      36.00      25.00
      16.00      11.00      10.00      13.00      18.00      24.00      29.00      32.00      34.00      33.00
      29.00      24.00      18.00      12.00       8.00       5.00       3.00       0.00       0.00       0.00
       0.00       0.00       0.00       0.00       0.00       0.00       0.00       2.00       7.00      14.00
      23.00      32.00      40.00      48.00      54.00      57.00      57.00      54.00      50.00      45.00
      41.00      39.00      41.00      45.00      53.00      63.00      72.00      80.00      83.00      78.00
      66.00      50.00      32.00      15.00       2.00       0.00       0.00       0.00       0.00       0.00
       0.00       0.00       0.00
       1.00       7.00      14.00      22.00      29.00      32.00      31.00      27.00      21.00      16.00
      12.00      10.00      11.00      14.00      19.00      24.00      29.00      32.00      31.00      27.00
      20.00      12.00       4.00       0.00       0.00       0.00       0.00       1.00       1.00       1.00
       1.00       1.00       3.00       7.00      14.00      24.00      34.00      43.00      51.00      58.00
      64.00      69.00      73.00      75.00      76.00      75.00      71.00      64.00      55.00      44.00
      33.00      24.00      20.00      22.00      31.00      45.00      58.00      71.00      82.00      86.00
      78.00      63.00      43.00      23.00       7.00       0.00       0.00       0.00       0.00       0.00
       0.00       0.00       0.00
       1.00       1.00       1.00       1.00       0.00       0.00       0.00       0.00       0.00       0.00
       0.00       1.00       3.00       4.00       4.00       6.00       9.00      14.00      20.00      23.00
      23.00      17.00       9.00       1.00       0.00       0.00       2.00      11.00      21.00      29.00
      36.00      40.00      41.00      42.00      43.00      46.00      51.00      59.00      67.00      74.00
      79.00      80.00      78.00      75.00      71.00      67.00      63.00      59.00      54.00      48.00
      40.00      31.00      24.00      22.00      27.00      37.00      50.00      58.00      66.00      71.00
      68.00      57.00      41.00      22.00       5.00       0.00       0.00       0.00       0.00       0.00
       0.00       0.00       0.00
      62.00      60.00      57.00      54.00      49.00      41.00      30.00      17.00       9.00       7.00
       9.00      11.00       9.00       2.00       0.00       0.00       0.00       1.00      15.00      27.00
      33.00      28.00      17.00       5.00       0.00       1.00      13.00      32.00      53.00      67.00
      73.00      72.00      66.00      56.00      43.00      30.00      22.00      27.00      45.00      67.00
      82.00      88.00      87.00      84.00      79.00      74.00      68.00      62.00      56.00      51.00
      43.00      34.00      26.00      22.00      22.00      28.00      36.00      45.00      51.00      55.00
      56.00      53.00      48.00      39.00      27.00      14.00       3.00       0.00       0.00       0.00
       0.00       1.00       1.00
      70.00      72.00      74.00      77.00      83.00      90.00      91.00      86.00      75.00      67.00
      61.00      54.00      45.00      32.00      19.00      11.00      12.00      22.00      36.00      47.00
      48.00      37.00      21.00       9.00       8.00      21.00      45.00      61.00      60.00      51.00
      45.00      43.00      45.00      47.00      46.00      44.00      45.00      51.00      63.00      76.00
      87.00      92.00      91.00      89.00      86.00      79.00      68.00      56.00      46.00      33.00
      24.00      23.00      24.00      25.00      28.00      33.00      38.00      46.00      56.00      63.00
      64.00      60.00      57.00      56.00      52.00      39.00      20.00       4.00       0.00       0.00
       0.00       0.00       0.00
      75.00      70.00      67.00      67.00      67.00      70.00      74.00      72.00      67.00      64.00
      64.00      61.00      58.00      53.00      50.00      52.00      57.00      63.00      72.00      78.00
      74.00      56.00      34.00      19.00      22.00      46.00      76.00      76.00      49.00      22.00
       8.00       6.00      13.00      25.00      37.00      45.00      49.00      59.00      72.00      80.00
      84.00      87.00      87.00      85.00      79.00      64.00      51.00      44.00      39.00      29.00
      27.00      42.00      56.00      66.00      64.00      51.00      41.00      40.00      49.00      65.00
      76.00      76.00      68.00      57.00      45.00      30.00      15.00       5.00       1.00       4.00
      11.00      17.00      18.00
      66.00      56.00      46.00      34.00      33.00      42.00      49.00      49.00      43.00      37.00
      33.00      32.00      33.00      35.00      38.00      44.00      53.00      61.00      68.00      70.00
      64.00      45.00      20.00       1.00       0.00      24.00      54.00      57.00      38.00      19.00
      12.00      20.00      35.00      46.00      49.00      44.00      32.00      23.00      25.00      37.00
      56.00      75.00      84.00      81.00      66.00      47.00      39.00      47.00      53.00      47.00
      35.00      32.00      38.00      44.00      36.00      18.00      13.00      16.00      25.00      41.00
      51.00      51.00      46.00      44.00      47.00      52.00      55.00      55.00      54.00      57.00
      63.00      69.00      71.00
      42.00      21.00       4.00       1.00      24.00      42.00      51.00      44.00      34.00      26.00
      23.00      24.00      25.00      26.00      29.00      36.00      48.00      58.00      61.00      58.00
      45.00      25.00       7.00       0.00       8.00      30.00      39.00      27.00       9.00       0.00
       4.00      21.00      43.00      59.00      62.00      49.00      28.00      12.00       7.00      11.00
      22.00      37.00      52.00      56.00      48.00      39.00      43.00      60.00      73.00      63.00
      39.00      20.00      14.00       9.00       2.00       2.00      12.00      31.00      45.00      48.00
      39.00      28.00      21.00      24.00      33.00      37.00      37.00      35.00      32.00      27.00
      22.00      25.00      35.00
      56.00      33.00      20.00      27.00      45.00      53.00      45.00      33.00      25.00      21.00
      19.00      18.00      19.00      21.00      26.00      35.00      45.00      52.00      53.00      51.00
      42.00      25.00      17.00      23.00      37.00      39.00      25.00      13.00      12.00      17.00
      21.00      22.00      26.00      39.00      50.00      50.00      43.00      40.00      45.00      48.00
      43.00      34.00      38.00      44.00      42.00      33.00      32.00      49.00      70.00      78.00
      81.00      84.00      79.00      60.00      37.00      31.00      38.00      52.00      64.00      73.00
      78.00      70.00      53.00      32.00      20.00      17.00      16.00      18.00      29.00      44.00
      57.00      64.00      72.00
      51.00      33.00      23.00      29.00      48.00      61.00      59.00      54.00      48.00      38.00
      27.00      19.00      17.00      21.00      26.00      33.00      39.00      41.00      44.00      49.00
      48.00      31.00      17.00      14.00      20.00      21.00      18.00      25.00      44.00      60.00
      56.00      34.00      16.00      23.00      42.00      53.00      53.00      56.00      59.00      52.00
      38.00      32.00      35.00      39.00      29.00      10.00      14.00      38.00      58.00      68.00
      71.00      61.00      38.00      15.00       7.00      14.00      19.00      23.00      42.00      82.00
     100.00      89.00      53.00       6.00       3.00      30.00      41.00      39.00      42.00      62.00
      77.00      68.00      51.00
      32.00      33.00      26.00      17.00      25.00      53.00      70.00      68.00      64.00      61.00
      47.00      33.00      25.00      21.00      21.00      24.00      28.00      26.00      26.00      36.00
      42.00      27.00      11.00       9.00      26.00      39.00      42.00      52.00      69.00      77.00
      67.00      48.00      38.00      35.00      37.00      41.00      39.00      52.00      50.00      21.00
       3.00      26.00      45.00      43.00      27.00      29.00      51.00      57.00      53.00      59.00
      66.00      54.00      37.00      25.00      27.00      32.00      28.00      16.00      15.00      45.00
      76.00      79.00      60.00      34.00      33.00      53.00      67.00      65.00      50.00      43.00
      48.00      43.00      25.00
      61.00      76.00      62.00      34.00      17.00      34.00      54.00      54.00      59.00      64.00
      54.00      34.00      22.00      20.00      21.00      26.00      32.00      31.00      25.00      30.00
      39.00      30.00      14.00      14.00      27.00      35.00      33.00      36.00      47.00      64.00
      69.00      51.00      29.00      27.00      21.00       9.00      48.00      88.00      94.00      84.00
      66.00      70.00      74.00      54.00      28.00      51.00      65.00      43.00      23.00      38.00
      56.00      58.00      57.00      54.00      47.00      44.00      46.00      42.00      26.00      12.00
       9.00      28.00      54.00      65.00      44.00      16.00      23.00      55.00      47.00      10.00
      24.00      68.00      85.00
      74.00      83.00      62.00      38.00      27.00      35.00      41.00      40.00      59.00      68.00
      42.00      14.00      13.00      23.00      24.00      21.00      23.00      27.00      31.00      35.00
      37.00      26.00       9.00       3.00      12.00      33.00      49.00      45.00      38.00      61.00
      80.00      72.00      45.00      48.00      76.00      71.00      58.00      68.00      87.00      79.00
      53.00      51.00      63.00      47.00      29.00      50.00      52.00      44.00      56.00      70.00
      66.00      57.00      53.00      56.00      58.00      62.00      80.00      90.00      80.00      57.00
      36.00      27.00      34.00      46.00      39.00      12.00      12.00      53.00      71.00      46.00
      46.00      86.00      98.00
      45.00      48.00      40.00      32.00      30.00      29.00      24.00      23.00      28.00      30.00
      24.00      33.00      47.00      56.00      49.00      35.00      23.00      24.00      30.00      30.00
      25.00      18.00      11.00       3.00       7.00      33.00      63.00      76.00      70.00      80.00
      98.00      84.00      44.00      35.00      58.00      55.00      39.00      53.00      82.00      83.00
      58.00      50.00      50.00      47.00      48.00      51.00      58.00      80.00      91.00      78.00
      83.00      78.00      72.00      89.00     100.00      92.00      81.00      91.00      96.00      94.00
      87.00      71.00      48.00      37.00      51.00      64.00      39.00      18.00      40.00      77.00
      80.00      81.00      84.00
      31.00      35.00      34.00      31.00      30.00      30.00      26.00      16.00      16.00      28.00
      40.00      52.00      43.00      43.00      34.00      28.00      29.00      34.00      30.00      20.00
      15.00      13.00      16.00      13.00       9.00      16.00      35.00      39.00      37.00      45.00
      63.00      68.00      68.00      47.00       0.00      13.00      46.00      87.00      87.00      80.00
      77.00      66.00      28.00       7.00      20.00      24.00      29.00      73.00      68.00      55.00
      56.00      37.00      29.00      66.00      75.00      25.00      22.00      63.00      90.00     100.00
     100.00      93.00      67.00      40.00      25.00      25.00      20.00      12.00      24.00      30.00
       4.00       0.00      52.00
      30.00      34.00      34.00      31.00      27.00      25.00      22.00      25.00      44.00      61.00
      51.00      20.00       8.00      20.00      20.00      15.00      20.00      38.00      36.00      16.00
      12.00      11.00      13.00      12.00      10.00      10.00       9.00       6.00       0.00      13.00
      47.00      37.00      45.00      43.00      23.00      11.00      49.00      89.00      87.00      54.00
      63.00      71.00      43.00      28.00      28.00       3.00       0.00      24.00      64.00      75.00
      63.00      43.00      54.00      82.00      68.00      21.00      32.00      74.00      95.00     100.00
     100.00     100.00      83.00      56.00      29.00      13.00      21.00      52.00      62.00      26.00
       0.00      15.00      71.00
      28.00      32.00      30.00      20.00       8.00       9.00      11.00      13.00      29.00      39.00
      22.00       3.00       0.00       4.00       5.00       2.00       4.00       8.00       6.00      11.00
      20.00      14.00      11.00      11.00      11.00       8.00       7.00      12.00       8.00       2.00
      10.00      12.00       9.00      12.00      14.00       0.00      15.00      48.00      41.00      72.00
      63.00      71.00      61.00      60.00      57.00      38.00      34.00      54.00      80.00      93.00
      87.00      78.00      89.00      94.00      71.00      39.00      54.00      65.00      64.00      79.00
     100.00     100.00      97.00      82.00      61.00      41.00      24.00       6.00       0.00       9.00
      52.00      83.00      96.00
      27.00      37.00      40.00      24.00       4.00       8.00      18.00      14.00       8.00       6.00
       2.00       2.00       5.00       9.00       9.00       6.00       9.00      12.00      10.00       0.00
       0.00       9.00       6.00       9.00       9.00      10.00      14.00      12.00       8.00       6.00
       0.00       1.00      13.00      24.00      11.00       0.00       0.00       5.00      31.00      71.00
      63.00      55.00      68.00      70.00      75.00      88.00      94.00      94.00      97.00      99.00
      90.00      74.00      60.00      40.00      25.00      48.00      66.00      32.00      10.00      38.00
      82.00     100.00     100.00     100.00      94.00      76.00      58.00      46.00      46.00      64.00
      82.00      92.00      98.00
      31.00      29.00      35.00      30.00      22.00      20.00      14.00       8.00       6.00       4.00
       6.00      10.00       8.00       4.00       2.00       2.00       4.00       8.00      10.00      13.00
       7.00       0.00       6.00      13.00      15.00      19.00      17.00       5.00       9.00      17.00
      14.00       4.00       0.00       0.00       0.00      31.00      39.00      21.00      18.00      43.00
      63.00      56.00      67.00      69.00      77.00      81.00      89.00      89.00      74.00      60.00
      48.00      39.00      29.00      21.00      43.00      74.00      64.00      19.00       4.00      19.00
      39.00      59.00      69.00      77.00      90.00      96.00      94.00      95.00      95.00      94.00
      94.00      97.00      97.00
      27.00      24.00      27.00      23.00      22.00      15.00       5.00       5.00      13.00      16.00
      13.00       9.00       5.00       2.00       0.00       2.00       6.00       9.00       9.00      11.00
      19.00       6.00       4.00       8.00      10.00      17.00      25.00      20.00      13.00      11.00
       8.00       0.00       3.00      10.00       0.00       0.00       1.00      22.00      42.00      44.00
      49.00      40.00      32.00      41.00      53.00      49.00      48.00      34.00      34.00      36.00
      37.00      51.00      68.00      81.00      93.00      89.00      48.00      27.00      36.00      24.00
      11.00      22.00      36.00      53.00      77.00      89.00      96.00      98.00      94.00      93.00
      90.00      72.00      51.00
      24.00      22.00      22.00       9.00       0.00       6.00      14.00      19.00      20.00      13.00
       6.00       3.00       4.00       3.00       6.00       1.00       2.00       4.00       1.00       4.00
       8.00       5.00       6.00       9.00       9.00       6.00       9.00      14.00      10.00       5.00
       4.00       2.00       1.00      15.00      28.00      21.00      24.00      22.00      13.00      16.00
      19.00      28.00      28.00      31.00      42.00      45.00      36.00      32.00      38.00      57.00
      71.00      87.00      96.00      91.00      78.00      57.00      37.00      47.00      48.00      27.00
      27.00      47.00      57.00      70.00      75.00      71.00      83.00      90.00      78.00      75.00
      70.00      40.00      19.00
      27.00      19.00      12.00       6.00       1.00      15.00      26.00      24.00      10.00       1.00
       0.00       1.00      15.00      26.00      24.00      11.00       1.00       5.00      13.00      17.00
      15.00       9.00       6.00       5.00       4.00       3.00       4.00       8.00       7.00       8.00
      14.00      15.00      14.00      22.00      28.00      26.00      33.00      41.00      35.00      31.00
      43.00      20.00      14.00      39.00      60.00      73.00      80.00      77.00      69.00      77.00
      88.00      84.00      70.00      51.00      33.00      30.00      39.00      44.00      24.00       9.00
      31.00      61.00      71.00      63.00      42.00      40.00      64.00      68.00      49.00      36.00
      36.00      43.00      42.00
      20.00      13.00       2.00       0.00      13.00      26.00      17.00       7.00       0.00       0.00
       7.00      27.00      33.00      31.00      31.00      29.00      16.00      15.00      36.00      47.00
      37.00      19.00      12.00       6.00      10.00      20.00      23.00      23.00      28.00      35.00
      36.00      37.00      43.00      52.00      61.00      70.00      68.00      69.00      48.00      42.00
      39.00      30.00      45.00      61.00      70.00      75.00      81.00      89.00      89.00      87.00
      77.00      52.00      40.00      36.00      32.00      34.00      37.00      32.00      16.00      14.00
      40.00      72.00      84.00      70.00      51.00      54.00      57.00      47.00      38.00      20.00
      22.00      62.00      53.00
       0.00       0.00       0.00       5.00      21.00      23.00      14.00       9.00       5.00      18.00
      43.00      57.00      37.00      13.00      18.00      36.00      37.00      24.00      42.00      50.00
      38.00      23.00      25.00      32.00      40.00      49.00      47.00      42.00      52.00      63.00
      55.00      46.00      56.00      79.00      87.00      90.00      83.00      65.00      54.00      69.00
      73.00      65.00      60.00      54.00      55.00      49.00      57.00      73.00      73.00      64.00
      50.00      34.00      38.00      53.00      51.00      41.00      40.00      40.00      28.00      25.00
      45.00      70.00      83.00      83.00      80.00      79.00      63.00      57.00      65.00      49.00
      50.00      75.00      44.00
      14.00       6.00       3.00       8.00      22.00      19.00      15.00      19.00      18.00      24.00
      43.00      56.00      44.00      11.00       5.00      24.00      44.00      50.00      45.00      49.00
      39.00      29.00      34.00      50.00      56.00      54.00      45.00      40.00      46.00      52.00
      44.00      31.00      34.00      56.00      69.00      81.00      81.00      80.00      91.00     100.00
      99.00      88.00      59.00      33.00      29.00      29.00      48.00      62.00      45.00      28.00
      30.00      34.00      48.00      66.00      56.00      34.00      32.00      39.00      36.00      32.00
      40.00      55.00      65.00      67.00      67.00      66.00      60.00      57.00      61.00      55.00
      63.00      67.00      37.00
      32.00      28.00      23.00      17.00      20.00      16.00      11.00      25.00      37.00      33.00
      33.00      40.00      49.00      33.00      19.00      25.00      37.00      61.00      82.00      68.00
      49.00      38.00      36.00      46.00      57.00      58.00      52.00      40.00      32.00      37.00
      31.00      24.00      36.00      46.00      58.00      69.00      74.00      86.00      97.00     100.00
      95.00      76.00      48.00      17.00      17.00      23.00      46.00      57.00      43.00      26.00
      34.00      49.00      58.00      60.00      51.00      31.00      25.00      28.00      37.00      43.00
      52.00      74.00      76.00      56.00      49.00      56.00      58.00      46.00      44.00      54.00
      60.00      47.00      25.00
      39.00      43.00      44.00      27.00      17.00      23.00      33.00      53.00      69.00      56.00
      39.00      43.00      51.00      50.00      49.00      30.00      39.00      52.00      80.00      73.00
      55.00      52.00      48.00      54.00      66.00      75.00      74.00      58.00      38.00      43.00
      37.00      31.00      39.00      52.00      52.00      46.00      53.00      68.00      73.00      82.00
      71.00      46.00      36.00      32.00      32.00      29.00      43.00      53.00      51.00      47.00
      48.00      60.00      62.00      54.00      50.00      43.00      36.00      28.00      32.00      36.00
      41.00      58.00      50.00      36.00      44.00      51.00      51.00      42.00      39.00      44.00
      42.00      29.00      14.00
      63.00      59.00      50.00      32.00      25.00      42.00      62.00      74.00      77.00      61.00
      46.00      51.00      53.00      46.00      43.00      27.00      35.00      39.00      68.00      75.00
      59.00      60.00      64.00      75.00      82.00      88.00      93.00      86.00      69.00      66.00
      64.00      54.00      50.00      57.00      56.00      49.00      61.00      74.00      64.00      64.00
      59.00      48.00      53.00      62.00      52.00      36.00      39.00      50.00      58.00      64.00
      55.00      50.00      52.00      54.00      57.00      54.00      51.00      45.00      42.00      41.00
      42.00      40.00      31.00      44.00      61.00      51.00      45.00      46.00      36.00      29.00
      22.00      15.00       8.00
      83.00      76.00      63.00      47.00      41.00      53.00      66.00      61.00      58.00      54.00
      47.00      53.00      56.00      46.00      35.00      26.00      38.00      39.00      49.00      54.00
      55.00      58.00      65.00      81.00      95.00      99.00     100.00     100.00     100.00     100.00
      97.00      90.00      77.00      66.00      60.00      61.00      80.00      89.00      77.00      69.00
      70.00      68.00      68.00      69.00      60.00      41.00      38.00      47.00      49.00      52.00
      42.00      35.00      47.00      57.00      57.00      50.00      50.00      57.00      58.00      56.00
      60.00      55.00      43.00      55.00      62.00      39.00      33.00      41.00      35.00      29.00
      17.00       7.00      11.00
      95.00      94.00      82.00      60.00      57.00      62.00      64.00      55.00      49.00      50.00
      47.00      42.00      45.00      36.00      33.00      43.00      56.00      57.00      50.00      49.00
      58.00      75.00      89.00      95.00      99.00     100.00      98.00      98.00      94.00      86.00
      84.00      91.00      94.00      75.00      53.00      56.00      72.00      82.00      90.00      94.00
      84.00      66.00      54.00      49.00      50.00      53.00      62.00      61.00      41.00      36.00
      34.00      36.00      48.00      49.00      42.00      36.00      38.00      50.00      55.00      51.00
      51.00      51.00      45.00      49.00      52.00      33.00      26.00      34.00      37.00      38.00
      32.00      25.00      32.00
      89.00      95.00      87.00      65.00      63.00      60.00      54.00      60.00      67.00      70.00
      49.00      22.00      30.00      26.00      11.00      17.00      33.00      51.00      69.00      74.00
      73.00      87.00     100.00      97.00      85.00      83.00      84.00      82.00      74.00      66.00
      74.00      83.00      83.00      67.00      39.00      37.00      41.00      41.00      48.00      67.00
      67.00      48.00      43.00      35.00      35.00      53.00      71.00      65.00      43.00      32.00
      42.00      51.00      53.00      50.00      46.00      46.00      45.00      46.00      45.00      39.00
      33.00      37.00      44.00      49.00      54.00      43.00      33.00      37.00      35.00      37.00
      44.00      45.00      50.00
      47.00      69.00      75.00      70.00      65.00      59.00      51.00      57.00      69.00      73.00
      47.00      11.00       9.00      11.00      22.00      21.00       3.00      21.00      60.00      88.00
      86.00      84.00      92.00      85.00      73.00      70.00      71.00      69.00      68.00      71.00
      78.00      72.00      56.00      40.00      22.00      23.00      21.00      13.00      11.00      23.00
      38.00      38.00      51.00      56.00      46.00      46.00      56.00      62.00      47.00      24.00
      48.00      66.00      64.00      67.00      72.00      69.00      63.00      59.00      54.00      47.00
      35.00      32.00      39.00      48.00      55.00      54.00      50.00      44.00      32.00      30.00
      36.00      39.00      43.00
