diamond 4 20年06月25日8时925百帕高度场
20 06 25  8  925 
2.500 -2.500  .0  180.0   90.0  .0
73  37
      71.10      71.10      71.10      71.10      71.10      71.10      71.10      71.10      71.10      71.10
      71.10      71.10      71.10      71.10      71.10      71.10      71.10      71.10      71.10      71.10
      71.10      71.10      71.10      71.10      71.10      71.10      71.10      71.10      71.10      71.10
      71.10      71.10      71.10      71.10      71.10      71.10      71.10      71.10      71.10      71.10
      71.10      71.10      71.10      71.10      71.10      71.10      71.10      71.10      71.10      71.10
      71.10      71.10      71.10      71.10      71.10      71.10      71.10      71.10      71.10      71.10
      71.10      71.10      71.10      71.10      71.10      71.10      71.10      71.10      71.10      71.10
      71.10      71.10      71.10
      71.80      71.80      71.80      71.90      71.90      71.90      72.00      72.00      72.00      72.10
      72.10      72.10      72.10      72.10      72.10      72.10      72.10      72.10      72.10      72.10
      72.10      72.10      72.10      72.00      72.00      72.00      71.90      71.90      71.80      71.80
      71.70      71.70      71.60      71.50      71.50      71.40      71.30      71.20      71.20      71.10
      71.00      70.90      70.80      70.70      70.60      70.50      70.40      70.30      70.20      70.10
      70.00      69.80      69.70      69.60      69.50      69.40      69.30      69.20      69.10      69.00
      68.90      68.80      68.70      68.70      68.60      68.60      68.50      68.50      68.40      68.40
      68.40      68.40      68.40
      72.10      72.30      72.50      72.60      72.80      73.00      73.10      73.20      73.40      73.50
      73.60      73.70      73.80      73.80      73.90      73.90      74.00      74.00      74.00      74.00
      74.00      73.90      73.90      73.90      73.80      73.80      73.70      73.60      73.60      73.50
      73.40      73.30      73.20      73.10      73.00      72.90      72.80      72.60      72.50      72.40
      72.20      72.00      71.80      71.60      71.40      71.20      70.90      70.70      70.40      70.10
      69.80      69.40      69.10      68.70      68.40      68.00      67.60      67.20      66.80      66.50
      66.10      65.70      65.40      65.00      64.70      64.50      64.20      64.00      63.80      63.70
      63.60      63.50      63.50
      73.10      73.40      73.70      74.00      74.30      74.50      74.80      75.00      75.20      75.30
      75.50      75.60      75.70      75.70      75.80      75.80      75.80      75.80      75.80      75.80
      75.80      75.70      75.70      75.70      75.60      75.60      75.50      75.50      75.40      75.40
      75.30      75.30      75.20      75.20      75.10      75.10      75.00      74.90      74.80      74.70
      74.60      74.40      74.20      74.00      73.70      73.40      73.10      72.70      72.30      71.90
      71.40      70.80      70.20      69.60      68.90      68.20      67.50      66.70      66.00      65.20
      64.40      63.60      62.90      62.10      61.40      60.80      60.20      59.70      59.30      58.90
      58.70      58.50      58.40
      74.80      75.10      75.40      75.70      75.90      76.10      76.30      76.40      76.50      76.60
      76.70      76.70      76.70      76.60      76.60      76.50      76.40      76.30      76.20      76.10
      76.00      75.90      75.90      75.80      75.80      75.80      75.80      75.80      75.80      75.90
      76.00      76.00      76.10      76.10      76.20      76.30      76.30      76.30      76.30      76.30
      76.30      76.30      76.20      76.00      75.80      75.60      75.30      75.00      74.50      74.10
      73.50      72.90      72.20      71.50      70.70      69.80      68.90      68.00      67.00      66.00
      65.00      63.90      62.90      61.90      61.00      60.10      59.20      58.50      57.90      57.30
      56.90      56.70      56.50
      76.30      76.60      76.80      77.10      77.30      77.40      77.50      77.60      77.60      77.50
      77.50      77.40      77.20      77.00      76.70      76.40      76.10      75.80      75.40      75.10
      74.80      74.50      74.30      74.10      74.00      73.90      73.90      74.00      74.10      74.20
      74.30      74.50      74.60      74.80      74.90      75.10      75.20      75.40      75.50      75.60
      75.80      75.90      75.90      76.00      76.00      75.90      75.80      75.60      75.30      74.90
      74.50      74.00      73.40      72.80      72.20      71.50      70.70      70.00      69.20      68.30
      67.50      66.60      65.60      64.70      63.80      62.80      62.00      61.20      60.40      59.90
      59.40      59.10      58.90
      76.70      77.10      77.60      78.00      78.40      78.70      79.00      79.20      79.30      79.40
      79.30      79.20      78.90      78.60      78.20      77.60      77.00      76.30      75.50      74.70
      73.90      73.20      72.60      72.10      71.70      71.40      71.30      71.30      71.30      71.40
      71.50      71.70      71.80      71.90      72.00      72.10      72.20      72.40      72.60      72.90
      73.20      73.50      73.90      74.20      74.50      74.70      74.90      74.90      74.90      74.70
      74.50      74.10      73.80      73.40      73.00      72.50      72.20      71.80      71.40      71.00
      70.60      70.10      69.50      68.80      68.10      67.30      66.50      65.80      65.00      64.40
      63.90      63.50      63.30
      75.70      76.60      77.60      78.60      79.40      80.20      80.90      81.40      81.90      82.10
      82.30      82.30      82.10      81.80      81.30      80.60      79.60      78.50      77.30      76.00
      74.60      73.40      72.30      71.40      70.70      70.20      70.00      69.90      69.90      70.00
      70.00      70.00      70.00      69.90      69.70      69.60      69.60      69.70      69.90      70.20
      70.70      71.30      72.00      72.70      73.40      73.90      74.40      74.70      74.90      74.90
      74.80      74.60      74.40      74.10      73.80      73.60      73.40      73.40      73.30      73.30
      73.30      73.20      73.00      72.60      72.00      71.30      70.50      69.70      69.00      68.30
      67.70      67.20      66.90
      74.80      76.30      77.90      79.50      80.80      82.00      83.00      83.70      84.20      84.60
      84.90      85.00      84.90      84.70      84.20      83.40      82.30      81.00      79.50      77.90
      76.20      74.60      73.20      72.10      71.30      70.80      70.50      70.40      70.50      70.60
      70.60      70.50      70.30      70.00      69.60      69.30      69.00      68.90      69.10      69.50
      70.20      71.00      71.90      72.80      73.70      74.40      75.00      75.50      75.80      76.00
      76.00      75.90      75.70      75.40      75.10      74.90      74.80      74.90      75.00      75.20
      75.40      75.60      75.50      75.20      74.70      74.00      73.20      72.30      71.40      70.70
      70.00      69.50      69.00
      75.90      77.90      79.80      81.50      83.00      84.10      85.00      85.50      85.90      86.10
      86.20      86.20      86.00      85.70      85.20      84.40      83.40      82.10      80.60      79.00
      77.40      75.80      74.50      73.30      72.40      71.80      71.40      71.20      71.20      71.30
      71.40      71.40      71.20      70.90      70.40      70.00      69.70      69.60      69.90      70.40
      71.20      72.10      73.00      73.90      74.60      75.10      75.50      75.80      76.10      76.30
      76.50      76.60      76.60      76.50      76.30      76.10      76.00      75.90      76.10      76.30
      76.60      76.80      76.90      76.60      76.10      75.40      74.60      73.70      73.00      72.30
      71.80      71.30      70.70
      79.40      81.40      83.10      84.60      85.80      86.60      87.10      87.30      87.30      87.20
      87.00      86.80      86.40      85.80      85.10      84.20      83.10      81.90      80.70      79.40
      78.10      76.80      75.40      74.10      72.90      71.70      70.80      70.10      69.80      69.80
      70.10      70.40      70.60      70.60      70.50      70.30      70.10      70.10      70.40      71.00
      71.90      72.80      73.60      74.20      74.50      74.50      74.40      74.20      74.30      74.60
      75.10      75.70      76.20      76.50      76.60      76.60      76.40      76.30      76.30      76.50
      76.70      76.90      77.00      76.70      76.20      75.50      74.80      74.10      73.60      73.30
      73.00      72.70      72.10
      83.70      85.20      86.50      87.50      88.30      88.80      89.00      89.10      89.00      88.80
      88.50      88.10      87.40      86.60      85.60      84.40      83.20      82.00      81.00      79.90
      78.90      77.70      76.30      74.50      72.50      70.50      68.70      67.40      66.80      66.80
      67.40      68.40      69.30      70.00      70.40      70.30      70.10      70.00      70.00      70.50
      71.20      72.10      72.80      73.10      73.10      72.70      72.20      71.70      71.60      72.00
      72.80      73.90      75.10      76.00      76.50      76.70      76.60      76.40      76.20      76.20
      76.40      76.50      76.40      76.10      75.50      74.70      73.90      73.30      73.00      72.90
      72.90      72.70      72.30
      86.60      87.70      88.50      89.20      89.70      90.00      90.20      90.40      90.40      90.40
      90.20      89.90      89.20      88.30      87.10      85.70      84.30      83.10      82.00      80.90
      79.90      78.50      76.70      74.50      71.90      69.30      67.10      65.50      65.00      65.40
      66.60      68.20      69.80      71.00      71.50      71.30      70.80      70.10      69.60      69.50
      69.90      70.50      71.10      71.50      71.60      71.30      70.90      70.60      70.60      71.00
      71.90      73.30      74.70      75.90      76.80      77.20      77.30      77.10      76.90      76.90
      76.90      76.80      76.60      76.10      75.30      74.30      73.40      72.60      72.00      71.80
      71.70      71.60      71.30
      87.30      88.30      89.00      89.50      89.90      90.10      90.30      90.50      90.70      90.90
      91.00      90.90      90.50      89.80      88.60      87.30      85.80      84.40      83.00      81.70
      80.30      78.60      76.50      74.10      71.60      69.30      67.60      66.60      66.60      67.40
      68.80      70.50      71.90      72.90      73.10      72.60      71.70      70.70      69.90      69.50
      69.50      69.80      70.30      70.70      71.10      71.40      71.70      71.90      72.20      72.60
      73.20      74.10      75.20      76.30      77.30      78.00      78.40      78.50      78.50      78.50
      78.40      78.20      77.80      77.10      76.20      75.10      74.00      73.00      72.20      71.50
      71.10      70.70      70.50
      86.30      87.30      88.10      88.70      89.00      89.20      89.40      89.50      89.80      90.00
      90.40      90.60      90.50      90.10      89.20      87.90      86.30      84.60      82.90      81.20
      79.40      77.60      75.70      73.80      72.20      70.90      70.30      70.20      70.60      71.30
      72.10      72.80      73.20      73.30      73.00      72.50      71.80      71.30      71.10      71.00
      71.10      71.20      71.20      71.30      71.60      72.30      73.20      74.20      74.80      75.00
      74.90      74.80      75.20      75.90      76.90      78.00      78.80      79.40      79.80      79.90
      79.90      79.50      78.90      78.00      76.90      75.90      74.90      74.10      73.30      72.60
      71.90      71.40      71.10
      84.40      85.40      86.20      86.80      87.20      87.40      87.60      87.70      88.00      88.40
      88.80      89.20      89.30      88.90      87.90      86.50      84.80      82.90      81.00      79.20
      77.50      76.10      75.00      74.20      73.70      73.60      73.70      74.00      74.30      74.30
      74.00      73.60      72.90      72.30      71.70      71.40      71.40      71.70      72.40      73.20
      73.70      73.60      73.00      72.10      71.70      72.10      73.30      74.80      75.70      75.70
      74.90      74.00      73.70      74.10      75.30      76.80      78.20      79.30      80.00      80.30
      80.20      79.80      78.90      77.70      76.50      75.50      74.90      74.40      74.10      73.70
      73.40      73.10      72.90
      82.50      83.30      84.00      84.50      84.90      85.20      85.50      85.80      86.20      86.70
      87.20      87.40      87.30      86.60      85.40      83.80      81.90      79.90      78.00      76.40
      75.40      75.00      75.10      75.50      75.90      76.20      76.20      76.10      75.90      75.50
      74.90      74.20      73.40      72.70      72.20      71.90      71.90      72.30      73.20      74.40
      75.20      75.00      73.80      71.90      70.50      70.20      71.20      72.90      74.10      74.20
      73.30      72.20      71.70      72.30      73.80      75.70      77.40      78.70      79.60      80.00
      80.00      79.60      78.70      77.50      76.30      75.20      74.60      74.40      74.40      74.40
      74.40      74.50      74.40
      81.40      82.10      82.60      83.10      83.40      83.80      84.20      84.60      85.10      85.60
      85.80      85.80      85.30      84.30      83.00      81.50      79.80      78.00      76.20      74.90
      74.40      74.80      75.90      77.00      77.50      77.30      76.60      76.10      75.90      76.10
      76.20      76.10      75.80      75.30      74.80      74.10      73.40      72.80      72.80      73.40
      74.20      74.30      73.00      70.80      68.60      67.80      68.60      70.30      71.80      72.30
      71.80      71.00      70.90      71.80      73.60      75.60      77.30      78.50      79.30      79.70
      79.90      79.80      79.40      78.60      77.60      76.60      75.80      75.30      75.10      75.00
      75.10      75.10      75.00
      81.70      82.40      82.80      83.10      83.50      83.90      84.20      84.50      84.80      85.00
      84.90      84.50      83.80      82.90      82.00      81.00      79.90      78.60      76.90      75.50
      74.90      75.30      76.50      77.40      77.40      76.50      75.30      74.90      75.70      77.10
      78.10      78.20      77.40      76.30      75.40      74.50      73.30      72.00      71.30      71.40
      72.10      72.50      71.70      69.90      67.90      67.00      67.50      69.00      70.50      71.10
      71.00      70.80      71.20      72.40      74.10      75.90      77.40      78.50      79.10      79.40
      79.50      79.60      79.60      79.50      79.10      78.30      77.40      76.60      76.00      75.70
      75.60      75.40      75.10
      82.60      83.20      83.50      83.80      84.10      84.50      84.80      84.80      84.80      84.50
      84.10      83.50      82.80      82.10      81.60      81.40      80.90      80.00      78.50      76.90
      75.80      75.70      76.20      76.50      75.90      74.60      73.70      74.30      76.50      78.90
      79.90      78.80      76.10      73.60      72.10      71.70      71.60      71.30      70.90      71.00
      71.60      72.00      71.50      70.20      68.70      68.10      68.50      69.40      70.10      70.30
      70.20      70.40      71.10      72.40      73.90      75.50      76.90      78.10      78.60      78.60
      78.30      77.90      77.70      77.80      77.70      77.30      76.50      75.80      75.50      75.60
      75.80      75.90      75.60
      82.70      83.10      83.40      83.80      84.20      84.70      84.80      84.70      84.30      83.80
      83.20      82.50      81.80      81.20      80.80      80.50      80.10      79.30      78.00      76.60
      75.60      75.30      75.40      75.20      74.40      73.30      73.20      74.90      78.10      81.00
      81.60      79.10      75.00      71.60      70.30      71.10      72.60      73.70      74.10      74.10
      74.00      73.40      72.30      71.00      70.10      69.90      70.20      70.30      69.90      69.20
      68.80      69.10      70.10      71.40      72.70      74.30      76.00      77.60      78.50      78.30
      77.20      75.80      74.90      74.50      74.20      73.70      73.00      72.70      73.20      74.40
      75.70      76.60      76.70
      82.10      82.40      82.70      83.30      84.00      84.40      84.50      84.20      83.70      83.10
      82.40      81.70      81.00      80.20      79.30      78.20      77.10      75.90      75.00      74.40
      74.20      74.40      74.70      74.50      73.90      73.20      73.50      75.50      78.70      81.60
      82.40      80.70      78.00      76.10      76.10      77.60      79.30      80.10      79.90      79.10
      77.50      75.40      73.00      71.20      70.60      71.00      71.40      70.90      69.60      68.20
      67.70      68.30      69.60      70.90      72.20      73.80      75.90      78.00      79.30      79.20
      77.90      76.10      74.60      73.60      72.70      71.70      70.90      70.80      71.90      73.90
      76.10      77.60      78.10
      81.30      81.90      82.60      83.50      84.30      84.60      84.50      84.10      83.50      82.90
      82.30      81.50      80.70      79.80      78.40      76.60      74.60      73.00      72.20      72.40
      73.10      74.00      74.40      74.40      73.90      73.30      73.30      74.30      76.30      78.50
      80.30      81.70      83.00      84.80      86.60      87.60      87.30      85.80      83.80      81.80
      79.40      76.20      73.00      70.70      70.30      71.20      71.90      71.30      69.90      68.60
      68.50      69.60      71.10      72.40      73.60      75.00      77.10      79.20      80.80      81.10
      80.30      79.10      77.90      76.90      75.80      74.50      73.50      73.20      74.10      75.80
      77.50      78.70      79.00
      80.90      81.90      83.10      84.20      85.00      85.20      84.90      84.50      84.00      83.50
      82.80      81.90      81.00      79.90      78.60      76.70      74.60      72.80      72.00      72.10
      72.90      73.70      74.10      73.90      73.30      72.50      71.90      71.40      71.60      72.60
      74.80      78.60      83.60      88.40      91.40      91.40      88.70      85.10      82.10      80.30
      78.40      75.70      72.60      70.50      70.20      71.10      71.90      71.70      70.80      70.30
      71.00      72.40      74.00      75.20      76.30      77.50      79.00      80.70      81.90      82.60
      82.70      82.40      82.00      81.50      80.80      79.80      78.90      78.40      78.50      79.00
      79.40      79.60      79.40
      80.30      81.60      82.90      84.10      84.70      84.80      84.60      84.50      84.50      84.20
      83.50      82.40      81.10      79.80      78.60      77.30      75.80      74.40      73.20      72.70
      72.70      72.90      73.00      72.70      72.10      71.40      70.50      69.50      68.40      68.00
      69.20      72.50      77.60      82.60      85.50      85.00      82.00      78.70      76.90      76.50
      76.20      74.70      72.30      70.60      70.30      71.10      71.80      71.80      71.70      72.20
      73.40      75.00      76.40      77.60      78.70      79.80      80.90      81.80      82.50      83.20
      83.70      84.00      84.10      83.90      83.60      83.20      82.70      82.20      81.70      81.30
      80.70      80.20      79.70
      79.20      80.30      81.40      82.30      82.80      83.10      83.30      83.60      84.00      84.00
      83.40      82.30      80.80      79.10      77.70      76.80      76.10      75.20      73.80      72.40
      71.40      71.10      71.20      71.40      71.20      70.80      70.50      70.00      69.10      68.20
      67.70      68.40      70.50      73.30      75.20      75.30      74.10      73.10      73.10      74.00
      74.40      73.50      71.70      70.50      70.50      71.20      71.70      72.00      72.50      73.40
      74.80      76.30      77.50      78.80      80.20      81.40      82.20      82.60      83.00      83.40
      83.80      84.00      84.00      83.80      83.60      83.50      83.40      83.00      82.40      81.70
      81.10      80.70      80.50
      78.10      78.80      79.50      80.20      80.60      81.00      81.50      82.00      82.40      82.40
      82.20      81.50      80.30      78.50      76.80      75.70      75.30      74.80      73.60      71.60
      69.90      69.30      69.70      70.50      70.80      70.90      71.00      71.40      71.70      71.30
      70.20      69.10      68.50      68.90      70.00      71.10      71.90      72.50      73.30      73.80
      73.50      72.10      70.80      70.20      70.80      71.80      72.60      73.10      73.80      74.70
      75.80      77.00      78.30      79.70      81.10      82.10      82.70      83.00      83.30      83.70
      83.90      83.80      83.50      83.20      83.00      82.90      82.70      82.30      81.70      81.40
      81.20      81.20      81.20
      77.90      78.30      78.80      79.10      79.30      79.50      79.90      80.20      80.20      79.90
      79.80      79.80      79.40      78.10      76.30      75.00      74.60      74.50      73.60      71.60
      69.60      68.70      69.00      69.90      70.50      70.60      70.80      71.50      72.40      73.00
      72.80      71.80      70.90      70.80      71.70      73.10      74.30      75.00      75.00      74.30
      72.90      71.40      70.40      70.50      71.60      73.10      74.30      75.10      75.70      76.20
      76.90      78.00      79.50      80.90      81.90      82.30      82.40      82.60      83.00      83.40
      83.60      83.50      83.20      83.00      82.80      82.70      82.30      81.80      81.30      81.00
      81.10      81.20      81.30
      78.60      78.90      79.10      78.90      78.70      78.60      78.70      78.60      78.10      77.40
      77.00      77.20      77.40      76.90      75.60      74.30      73.90      74.10      73.90      72.70
      70.80      69.50      69.10      69.50      69.90      70.00      70.10      70.50      71.20      72.00
      72.70      73.10      73.30      73.80      74.70      75.60      76.10      75.90      75.20      74.20
      73.00      72.00      71.50      71.90      73.10      74.60      75.90      76.80      77.20      77.40
      77.80      79.00      80.50      81.70      82.00      81.80      81.60      81.80      82.20      82.60
      82.70      82.60      82.50      82.30      82.20      82.00      81.80      81.40      81.00      80.70
      80.60      80.60      80.60
      79.40      79.40      79.20      78.70      78.20      77.80      77.50      77.30      76.80      76.00
      75.30      75.00      75.00      74.80      74.10      73.20      72.70      73.00      73.40      73.20
      72.10      70.70      69.80      69.50      69.70      70.00      70.30      70.50      70.70      71.20
      71.80      72.60      73.50      74.30      75.00      75.40      75.20      74.80      74.40      74.20
      74.00      73.70      73.50      73.70      74.40      75.40      76.50      77.30      77.60      77.70
      78.00      79.10      80.50      81.40      81.40      80.90      80.80      81.10      81.50      81.60
      81.40      81.40      81.30      81.10      80.80      80.70      80.70      80.80      80.60      80.20
      79.90      79.70      79.70
      79.60      79.20      78.80      78.30      77.80      77.30      76.90      76.70      76.60      76.30
      75.60      74.60      73.90      73.70      73.50      72.90      72.10      71.70      72.00      72.50
      72.30      71.50      70.80      70.40      70.60      71.00      71.50      72.00      72.30      72.30
      72.40      72.60      73.00      73.40      73.90      74.10      74.20      74.30      74.60      75.00
      75.30      75.20      74.90      74.80      75.10      75.70      76.40      77.00      77.40      77.40
      77.80      78.70      79.80      80.40      80.30      80.10      80.30      80.70      80.80      80.70
      80.50      80.50      80.50      80.20      79.70      79.50      79.70      80.00      79.90      79.50
      79.10      79.00      79.10
      79.40      78.90      78.50      78.20      78.00      77.70      77.20      76.90      77.10      77.40
      77.00      75.80      74.70      74.50      74.80      74.50      73.30      71.90      71.40      71.60
      71.90      71.90      71.90      72.00      72.00      72.20      72.60      73.30      73.90      74.10
      73.80      73.30      73.10      73.10      73.60      74.20      74.90      75.50      75.90      76.00
      75.90      75.50      75.10      75.10      75.50      75.90      76.40      76.90      77.20      77.40
      77.60      78.20      78.90      79.30      79.50      79.60      79.80      80.00      79.80      79.60
      79.70      80.00      80.20      79.90      79.40      79.10      79.20      79.30      79.20      78.80
      78.50      78.50      78.70
      79.50      79.20      78.90      78.80      78.80      78.50      77.90      77.30      77.30      77.90
      77.90      77.00      76.00      76.00      76.90      77.10      75.80      73.80      72.40      71.90
      72.00      72.30      72.90      73.40      73.40      73.00      72.80      73.30      74.20      74.60
      74.40      73.80      73.40      73.40      74.10      75.10      76.10      76.70      76.70      76.30
      75.60      75.20      75.10      75.50      76.00      76.40      76.70      77.00      77.30      77.40
      77.60      77.90      78.30      78.60      78.90      79.10      79.10      78.80      78.50      78.40
      78.90      79.50      79.70      79.50      79.10      78.90      78.80      78.60      78.40      78.10
      78.00      78.00      78.30
      80.10      79.90      79.70      79.40      79.30      79.10      78.60      77.80      77.30      77.60
      77.70      77.10      76.40      76.60      77.60      78.30      77.40      75.80      74.30      73.50
      73.20      73.30      73.90      74.40      74.30      73.50      72.90      73.30      74.10      74.50
      74.30      73.80      73.40      73.60      74.30      75.30      76.20      76.50      76.30      75.80
      75.50      75.40      75.70      76.20      76.60      76.80      76.90      77.10      77.30      77.50
      77.50      77.60      77.80      78.10      78.40      78.60      78.50      78.00      77.60      77.70
      78.30      78.90      78.90      78.70      78.40      78.30      78.10      77.90      77.80      77.80
      77.80      77.80      77.90
      80.50      80.50      80.30      79.80      79.40      79.40      79.10      78.40      77.80      77.60
      77.60      77.10      76.40      76.30      77.20      77.80      77.50      76.60      75.70      75.20
      74.70      74.50      74.70      74.90      74.60      73.70      73.30      73.80      74.70      75.00
      74.70      74.10      73.80      73.80      74.30      75.00      75.60      75.90      75.80      75.70
      75.90      76.20      76.60      77.00      77.10      77.10      77.10      77.30      77.40      77.50
      77.50      77.50      77.60      77.80      78.10      78.40      78.30      77.90      77.60      77.80
      78.30      78.50      78.30      78.00      77.80      77.80      77.70      77.60      77.80      78.00
      78.10      77.90      77.90
      80.50      80.60      80.50      80.10      79.60      79.60      79.60      79.20      78.70      78.50
      78.40      78.00      77.30      76.80      77.10      77.50      77.30      76.70      76.30      76.00
      75.70      75.30      75.20      75.00      74.40      73.60      73.40      74.20      75.10      75.50
      75.30      74.80      74.50      74.40      74.60      75.10      75.60      75.80      75.90      75.90
      76.20      76.60      76.90      77.10      77.20      77.30      77.30      77.40      77.50      77.70
      77.80      77.90      77.90      77.90      78.00      78.20      78.30      78.20      78.00      78.10
      78.20      78.20      77.90      77.60      77.50      77.60      77.60      77.80      78.10      78.40
      78.40      78.10      77.90
      80.30      80.60      80.70      80.40      80.00      79.90      79.90      79.70      79.30      79.00
      79.10      79.00      78.60      78.20      78.30      78.40      77.90      77.20      76.50      76.10
      75.80      75.50      75.30      74.90      74.20      73.30      73.00      73.50      74.30      74.80
      74.90      74.90      74.90      74.90      75.10      75.50      75.80      76.00      76.00      76.00
      76.10      76.30      76.50      76.90      77.20      77.40      77.40      77.30      77.30      77.60
      78.00      78.20      78.20      77.90      77.80      78.00      78.20      78.20      78.00      77.90
      77.90      77.80      77.60      77.40      77.40      77.40      77.50      77.80      78.20      78.40
      78.20      78.00      77.80
