diamond 4 20年06月27日20时925百帕高度场
20 06 27  20  925 
2.500 -2.500  .0  180.0   90.0  .0
73  37
      78.20      78.20      78.20      78.20      78.20      78.20      78.20      78.20      78.20      78.20
      78.20      78.20      78.20      78.20      78.20      78.20      78.20      78.20      78.20      78.20
      78.20      78.20      78.20      78.20      78.20      78.20      78.20      78.20      78.20      78.20
      78.20      78.20      78.20      78.20      78.20      78.20      78.20      78.20      78.20      78.20
      78.20      78.20      78.20      78.20      78.20      78.20      78.20      78.20      78.20      78.20
      78.20      78.20      78.20      78.20      78.20      78.20      78.20      78.20      78.20      78.20
      78.20      78.20      78.20      78.20      78.20      78.20      78.20      78.20      78.20      78.20
      78.20      78.20      78.20
      79.40      79.20      79.00      78.80      78.60      78.40      78.20      78.00      77.80      77.50
      77.30      77.10      76.80      76.60      76.40      76.20      75.90      75.70      75.50      75.20
      75.00      74.80      74.50      74.30      74.10      73.90      73.70      73.50      73.20      73.00
      72.90      72.70      72.50      72.30      72.20      72.00      71.90      71.70      71.60      71.50
      71.40      71.40      71.30      71.30      71.20      71.20      71.30      71.30      71.30      71.40
      71.50      71.60      71.70      71.90      72.00      72.20      72.40      72.60      72.90      73.10
      73.40      73.70      73.90      74.20      74.60      74.90      75.20      75.50      75.80      76.20
      76.50      76.80      77.20
      80.20      79.90      79.60      79.30      78.90      78.60      78.20      77.90      77.60      77.20
      76.90      76.50      76.20      75.90      75.60      75.20      74.90      74.60      74.30      74.00
      73.70      73.30      73.00      72.70      72.40      72.10      71.70      71.40      71.00      70.70
      70.30      70.00      69.60      69.20      68.90      68.50      68.10      67.80      67.40      67.10
      66.80      66.50      66.20      65.90      65.70      65.50      65.40      65.30      65.20      65.20
      65.30      65.40      65.50      65.70      66.00      66.30      66.70      67.20      67.70      68.20
      68.80      69.40      70.10      70.80      71.50      72.20      73.00      73.70      74.40      75.20
      75.90      76.60      77.30
      80.20      79.70      79.30      78.90      78.50      78.00      77.60      77.20      76.80      76.40
      76.00      75.70      75.40      75.10      74.90      74.60      74.40      74.30      74.10      74.00
      73.80      73.70      73.50      73.40      73.20      73.00      72.80      72.60      72.40      72.10
      71.80      71.40      71.10      70.70      70.20      69.80      69.30      68.80      68.30      67.70
      67.20      66.60      66.10      65.50      65.00      64.50      64.10      63.70      63.40      63.20
      63.00      63.00      63.00      63.20      63.50      63.90      64.30      64.90      65.60      66.40
      67.30      68.20      69.20      70.30      71.40      72.40      73.50      74.60      75.70      76.70
      77.60      78.50      79.30
      80.10      79.60      79.10      78.60      78.10      77.60      77.00      76.50      76.00      75.60
      75.10      74.80      74.50      74.30      74.10      74.10      74.00      74.00      74.10      74.20
      74.20      74.30      74.40      74.40      74.40      74.40      74.40      74.30      74.20      74.10
      74.00      73.80      73.60      73.40      73.20      72.90      72.50      72.10      71.70      71.20
      70.70      70.10      69.40      68.80      68.10      67.50      66.80      66.30      65.80      65.30
      65.00      64.80      64.80      64.90      65.10      65.60      66.10      66.90      67.70      68.70
      69.80      70.90      72.10      73.40      74.60      75.90      77.10      78.20      79.30      80.30
      81.20      82.00      82.60
      81.20      80.90      80.40      80.00      79.40      78.80      78.10      77.50      76.80      76.10
      75.50      75.00      74.60      74.30      74.10      74.00      73.90      73.90      74.00      74.00
      74.00      74.00      73.90      73.80      73.60      73.40      73.20      73.00      72.80      72.70
      72.70      72.70      72.70      72.80      72.90      73.00      73.20      73.20      73.20      73.10
      72.90      72.60      72.20      71.80      71.20      70.60      70.00      69.40      68.90      68.50
      68.20      68.00      68.00      68.20      68.50      69.10      69.80      70.70      71.70      72.80
      74.00      75.20      76.30      77.50      78.60      79.60      80.50      81.30      82.00      82.60
      83.10      83.50      83.80
      83.10      83.10      82.90      82.60      82.20      81.60      80.90      80.10      79.20      78.40
      77.60      76.80      76.10      75.50      75.10      74.70      74.40      74.00      73.70      73.30
      72.80      72.30      71.60      70.80      70.00      69.20      68.50      67.80      67.30      67.00
      67.00      67.10      67.50      68.10      68.70      69.50      70.20      71.00      71.60      72.10
      72.50      72.60      72.60      72.50      72.20      71.80      71.30      70.90      70.40      70.10
      69.90      69.80      70.00      70.30      70.80      71.50      72.40      73.40      74.50      75.60
      76.70      77.80      78.60      79.30      79.90      80.20      80.30      80.20      80.10      79.80
      79.60      79.40      79.20
      83.50      83.80      84.00      84.00      83.90      83.50      83.00      82.40      81.60      80.80
      79.90      79.00      78.10      77.20      76.40      75.70      74.90      74.10      73.20      72.20
      71.10      69.80      68.40      66.90      65.40      63.90      62.70      61.60      61.00      60.70
      60.70      61.20      62.10      63.20      64.50      65.90      67.30      68.60      69.80      70.70
      71.40      71.90      72.10      72.10      72.00      71.70      71.30      71.00      70.60      70.40
      70.20      70.20      70.40      70.80      71.40      72.10      73.00      74.00      75.10      76.10
      77.00      77.70      78.10      78.20      78.00      77.40      76.50      75.30      74.00      72.70
      71.40      70.50      69.80
      81.00      81.60      82.00      82.40      82.60      82.80      82.80      82.60      82.30      81.80
      81.10      80.30      79.40      78.40      77.30      76.20      75.00      73.70      72.40      70.90
      69.30      67.60      65.90      64.10      62.30      60.80      59.50      58.50      58.00      58.00
      58.50      59.40      60.70      62.30      64.00      65.80      67.50      69.00      70.20      71.20
      71.90      72.30      72.40      72.30      72.00      71.70      71.30      71.00      70.70      70.40
      70.30      70.30      70.50      70.80      71.20      71.80      72.50      73.30      74.10      74.90
      75.60      76.10      76.20      76.00      75.30      74.10      72.50      70.50      68.30      66.00
      63.90      62.20      61.10
      77.10      77.80      78.40      79.00      79.60      80.20      80.80      81.20      81.50      81.60
      81.30      80.80      79.90      78.80      77.40      76.00      74.40      72.80      71.20      69.70
      68.10      66.50      65.00      63.50      62.20      61.10      60.20      59.80      59.70      60.10
      60.90      62.10      63.50      65.20      66.90      68.60      70.00      71.30      72.30      72.90
      73.30      73.40      73.20      72.80      72.40      71.90      71.50      71.10      70.90      70.70
      70.70      70.70      70.80      70.90      71.20      71.50      71.90      72.30      72.90      73.50
      74.00      74.30      74.40      74.20      73.50      72.40      70.80      68.80      66.40      63.90
      61.60      59.50      58.10
      74.20      75.10      75.90      76.60      77.40      78.20      79.10      79.90      80.60      81.00
      81.10      80.70      79.90      78.70      77.10      75.30      73.50      71.70      70.00      68.50
      67.10      66.00      65.10      64.30      63.70      63.30      63.10      63.10      63.30      63.80
      64.60      65.60      66.80      68.10      69.50      70.70      71.80      72.70      73.40      73.70
      73.80      73.70      73.40      73.00      72.40      71.90      71.50      71.20      71.00      71.00
      71.10      71.20      71.30      71.50      71.60      71.70      71.80      72.00      72.30      72.60
      72.90      73.10      73.20      73.10      72.70      71.90      70.80      69.30      67.50      65.60
      63.80      62.10      61.00
      72.40      73.80      75.00      76.00      76.90      77.70      78.50      79.20      80.00      80.50
      80.70      80.50      79.80      78.50      76.90      75.00      72.90      70.90      69.00      67.40
      66.20      65.40      64.90      64.80      65.00      65.20      65.40      65.50      65.60      65.70
      65.90      66.50      67.20      68.20      69.30      70.30      71.20      71.90      72.40      72.70
      72.90      72.80      72.70      72.40      72.10      71.80      71.50      71.30      71.20      71.30
      71.50      71.70      72.00      72.20      72.40      72.50      72.60      72.60      72.70      72.80
      72.90      73.00      72.90      72.70      72.20      71.60      70.80      69.90      68.90      67.90
      67.00      66.30      65.90
      70.00      72.20      74.10      75.60      76.70      77.50      78.10      78.60      79.20      79.80
      80.20      80.40      80.00      79.20      77.80      75.90      73.80      71.60      69.50      67.60
      66.10      65.20      64.90      65.10      65.60      66.10      66.30      66.00      65.40      64.70
      64.20      64.20      64.70      65.80      67.10      68.30      69.40      70.10      70.60      70.80
      71.00      71.10      71.20      71.30      71.40      71.40      71.40      71.40      71.50      71.60
      71.90      72.20      72.50      72.80      73.10      73.30      73.50      73.70      73.80      74.00
      74.00      73.90      73.70      73.20      72.50      71.70      70.80      70.10      69.50      69.20
      69.20      69.30      69.70
      66.80      69.70      72.40      74.50      76.00      76.80      77.20      77.60      78.20      79.00
      79.90      80.70      81.00      80.80      80.00      78.60      76.80      74.60      72.30      70.00
      68.10      66.80      66.40      66.60      67.10      67.40      67.00      65.90      64.10      62.30
      60.90      60.60      61.30      62.90      64.90      66.70      68.10      68.90      69.30      69.30
      69.20      69.20      69.40      69.70      70.10      70.50      70.90      71.20      71.50      71.70
      72.00      72.20      72.60      72.90      73.30      73.70      74.10      74.50      74.90      75.20
      75.40      75.40      75.10      74.50      73.70      72.70      71.80      71.10      70.80      70.80
      71.00      71.30      71.50
      65.30      68.40      71.40      73.80      75.40      76.20      76.50      76.80      77.50      78.60
      80.10      81.50      82.50      83.00      82.80      82.00      80.60      78.80      76.70      74.40
      72.30      70.70      69.80      69.70      69.90      69.70      68.50      66.30      63.30      60.40
      58.50      58.10      59.30      61.50      64.10      66.40      68.00      68.80      68.90      68.60
      68.20      68.00      68.00      68.30      68.80      69.40      70.10      70.60      71.00      71.30
      71.50      71.80      72.10      72.50      73.00      73.50      74.10      74.70      75.30      75.90
      76.30      76.50      76.30      75.80      75.00      74.20      73.50      73.20      73.10      73.20
      73.20      72.70      71.90
      67.70      70.40      73.00      75.10      76.30      76.70      76.70      77.00      77.70      79.10
      80.80      82.50      83.70      84.40      84.40      84.00      83.30      82.20      80.70      78.80
      76.80      75.00      73.90      73.30      72.90      72.20      70.40      67.50      64.00      61.00
      59.20      59.10      60.60      63.00      65.40      67.40      68.60      69.00      69.00      68.80
      68.40      68.10      68.10      68.20      68.60      69.10      69.70      70.10      70.50      70.70
      70.90      71.10      71.40      71.80      72.30      73.00      73.70      74.50      75.40      76.20
      76.80      77.00      76.80      76.30      75.70      75.20      75.00      75.20      75.60      75.80
      75.30      73.80      71.40
      73.10      74.90      76.70      77.90      78.50      78.40      78.20      78.30      79.10      80.40
      82.00      83.50      84.40      84.80      84.70      84.30      84.00      83.50      82.80      81.70
      80.10      78.30      76.80      75.80      74.90      73.90      72.00      69.50      66.70      64.60
      63.80      64.30      65.70      67.20      68.30      68.80      69.00      69.00      69.00      69.10
      69.10      69.10      69.10      69.30      69.60      70.00      70.20      70.40      70.40      70.40
      70.40      70.60      70.80      71.10      71.50      72.10      72.90      73.90      75.10      76.20
      77.00      77.40      77.30      76.90      76.40      76.10      76.00      76.40      77.00      77.20
      76.60      74.60      71.20
      78.10      79.20      80.10      80.60      80.60      80.20      80.00      80.30      81.10      82.30
      83.40      84.30      84.70      84.60      84.10      83.60      83.30      83.30      83.30      83.10
      82.20      80.70      78.90      77.40      76.20      75.10      73.80      72.30      71.00      70.30
      70.40      71.10      71.60      71.40      70.50      69.40      68.60      68.40      68.60      68.90
      69.10      69.10      69.30      69.70      70.30      70.80      71.10      71.00      70.70      70.40
      70.30      70.20      70.20      70.30      70.40      70.70      71.40      72.40      73.70      75.10
      76.40      77.30      77.80      78.00      77.90      77.80      77.70      77.70      77.80      77.80
      77.30      75.70      72.90
      80.70      81.20      81.60      81.70      81.50      81.30      81.50      82.00      82.80      83.60
      84.10      84.20      84.10      83.70      83.00      82.20      81.70      82.00      82.80      83.70
      83.90      82.90      81.20      79.30      77.80      76.80      76.10      75.50      75.10      75.10
      75.30      75.20      74.20      72.30      70.10      68.40      67.70      68.00      68.50      68.70
      68.20      67.70      67.60      68.40      69.60      70.80      71.50      71.60      71.20      70.80
      70.50      70.20      70.00      69.70      69.40      69.30      69.50      70.20      71.20      72.60
      74.10      75.60      77.10      78.50      79.50      80.10      80.00      79.60      79.00      78.60
      78.30      77.60      76.40
      81.30      81.40      81.60      81.60      81.60      81.70      82.20      82.90      83.40      83.50
      83.00      82.50      82.00      81.50      80.70      79.50      78.80      79.20      80.90      83.20
      84.70      84.70      83.20      81.30      79.70      78.80      78.30      77.90      77.60      77.30
      76.50      75.10      72.70      69.90      67.70      66.90      67.70      69.20      70.30      69.90
      68.30      66.60      65.80      66.60      68.50      70.50      71.70      72.10      71.80      71.40
      71.00      70.70      70.30      69.80      69.30      68.90      68.70      68.80      69.20      69.90
      71.00      72.60      74.70      77.20      79.60      81.20      81.90      81.50      80.60      80.00
      79.90      80.10      80.10
      81.50      81.40      81.40      81.50      81.50      81.80      82.40      82.90      82.90      82.20
      80.90      79.70      79.00      78.40      77.30      75.70      74.50      74.90      77.20      80.50
      83.10      83.90      83.00      81.30      80.00      79.40      79.00      78.70      78.20      77.40
      76.10      73.90      71.20      68.70      67.40      67.90      70.10      72.60      73.90      73.10
      70.50      67.70      66.10      66.60      68.50      70.60      72.10      72.50      72.30      71.90
      71.50      71.20      70.80      70.50      70.20      70.00      69.80      69.60      69.30      69.20
      69.50      70.50      72.30      74.90      77.80      80.20      81.80      82.20      82.00      81.70
      81.80      82.10      82.40
      81.80      81.80      81.80      81.90      81.90      82.10      82.50      82.70      82.30      81.10
      79.40      77.90      77.10      76.40      74.90      72.70      70.80      70.70      72.70      76.00
      78.50      79.40      78.80      77.90      77.30      77.10      77.10      77.00      76.80      76.50
      76.00      75.00      73.50      72.10      71.50      72.30      74.10      76.10      77.00      76.00
      73.20      70.10      68.10      68.10      69.50      71.20      72.30      72.60      72.30      71.80
      71.40      71.10      70.90      71.00      71.30      71.70      71.90      71.90      71.60      71.30
      71.20      71.60      72.40      74.00      76.00      78.20      80.10      81.50      82.30      82.80
      83.10      83.20      83.20
      81.70      82.10      82.50      82.70      82.70      82.70      82.80      82.90      82.40      81.20
      79.60      78.20      77.30      76.30      74.50      71.90      69.60      68.90      70.10      72.00
      73.20      73.10      72.40      72.00      72.10      72.50      72.50      72.50      72.90      74.00
      75.30      76.50      77.20      77.40      77.20      77.00      76.90      77.00      76.80      75.80
      73.70      71.20      69.30      69.00      69.90      71.20      72.10      72.20      71.90      71.40
      71.00      70.80      70.80      71.40      72.30      73.20      73.90      74.20      74.50      74.80
      75.00      75.20      75.30      75.50      76.10      77.20      78.60      80.30      81.80      82.90
      83.30      83.30      83.10
      80.90      82.00      82.90      83.40      83.40      83.30      83.20      83.20      82.80      81.80
      80.50      79.20      78.20      77.10      75.20      72.70      70.70      69.90      70.30      70.60
      69.90      68.40      67.20      67.00      67.50      67.70      67.40      67.00      67.60      69.40
      72.10      74.80      77.20      78.70      79.10      78.00      76.20      74.50      73.50      72.70
      71.50      69.70      68.30      68.10      69.10      70.60      71.70      72.10      72.00      71.70
      71.50      71.40      71.80      72.80      74.00      75.00      75.70      76.30      77.00      77.80
      78.60      79.00      78.90      78.40      78.00      78.10      78.70      80.00      81.40      82.40
      82.90      83.00      83.10
      80.20      81.70      82.90      83.50      83.60      83.40      83.20      83.00      82.70      81.80
      80.50      79.20      78.10      76.90      75.30      73.50      72.20      71.90      72.10      71.70
      69.90      67.50      65.90      65.60      65.90      65.70      64.70      63.90      64.20      65.70
      67.80      70.00      72.40      74.50      75.50      74.80      73.00      71.20      70.30      69.80
      69.00      67.60      66.50      66.70      68.30      70.40      72.00      72.80      73.10      73.20
      73.40      73.70      74.50      75.70      76.90      77.80      78.30      78.60      79.30      80.20
      81.00      81.30      81.20      80.80      80.30      80.10      80.30      81.00      81.80      82.50
      82.80      83.10      83.70
      80.00      81.20      82.20      82.70      82.70      82.50      82.30      82.20      81.70      80.80
      79.50      78.20      77.10      76.10      75.00      73.70      72.90      72.90      73.20      72.80
      71.20      69.10      67.60      67.30      67.30      66.80      65.70      64.90      65.10      65.90
      66.40      66.80      67.60      69.00      70.30      70.80      70.30      69.70      69.50      69.30
      68.50      67.10      66.20      66.90      69.00      71.50      73.30      74.30      74.90      75.40
      76.00      76.70      77.70      78.90      79.90      80.50      80.80      81.00      81.50      82.10
      82.30      82.20      81.90      81.80      81.90      82.00      82.20      82.60      83.00      83.40
      83.60      83.90      84.50
      80.10      80.60      80.90      81.00      80.80      80.60      80.50      80.50      80.30      79.50
      78.30      77.20      76.40      75.80      75.10      74.00      73.00      72.50      72.50      72.30
      71.60      70.40      69.50      69.30      69.40      69.10      68.50      68.40      68.90      69.30
      68.90      67.70      66.90      67.10      68.10      69.00      69.50      70.10      70.60      70.70
      69.80      68.40      67.90      69.00      71.20      73.50      74.90      75.60      76.30      77.10
      78.00      78.80      79.70      80.60      81.30      81.60      81.80      82.20      82.70      83.10
      82.90      82.30      81.90      82.00      82.40      82.90      83.20      83.60      83.90      84.20
      84.40      84.70      85.00
      80.20      79.80      79.40      78.90      78.40      78.10      78.10      78.40      78.60      78.20
      77.30      76.30      75.70      75.50      75.30      74.40      73.00      71.60      70.80      70.50
      70.30      69.90      69.70      69.80      70.30      70.50      70.60      70.90      71.50      72.00
      71.60      70.50      69.40      68.90      69.20      69.70      70.40      71.20      72.00      72.10
      71.30      70.30      70.10      71.40      73.50      75.20      76.00      76.30      77.00      77.90
      78.90      79.60      80.20      80.70      81.00      81.10      81.30      81.70      82.20      82.50
      82.30      81.70      81.40      81.50      82.00      82.50      82.90      83.30      83.70      84.00
      84.20      84.40      84.50
      79.90      79.30      78.40      77.40      76.40      75.90      76.00      76.50      76.90      76.80
      76.10      75.10      74.50      74.50      74.60      74.20      72.90      71.20      69.80      69.20
      69.00      68.90      69.00      69.40      70.30      71.10      71.50      71.60      71.80      71.90
      71.80      71.50      71.20      71.10      71.20      71.40      71.80      72.40      73.00      73.00
      72.40      71.70      71.80      73.00      74.50      75.70      76.10      76.40      77.10      78.00
      78.90      79.50      79.90      80.20      80.40      80.50      80.50      80.70      81.00      81.10
      80.80      80.50      80.30      80.50      80.90      81.30      81.70      82.10      82.40      82.70
      82.90      83.10      83.30
      79.40      78.90      78.00      76.80      75.60      75.00      75.00      75.40      75.80      75.70
      75.00      73.90      73.20      73.10      73.50      73.60      72.90      71.50      70.10      69.40
      69.20      69.10      69.20      69.70      70.70      71.80      72.40      72.30      71.70      71.10
      70.80      70.80      71.20      71.70      72.30      72.70      73.10      73.60      74.00      73.90
      73.40      72.80      72.80      73.50      74.60      75.40      75.80      76.20      76.80      77.60
      78.30      78.90      79.30      79.80      80.20      80.40      80.40      80.30      80.10      79.90
      79.60      79.30      79.10      79.30      79.60      79.90      80.40      80.90      81.20      81.30
      81.40      81.60      81.80
      78.60      78.30      77.50      76.50      75.70      75.30      75.40      75.60      75.70      75.40
      74.70      73.80      73.20      73.10      73.40      73.50      72.90      71.90      70.90      70.50
      70.50      70.60      70.80      71.20      72.00      73.00      73.70      73.70      73.00      72.00
      71.00      70.50      70.70      71.40      72.40      73.40      74.10      74.60      74.80      74.70
      74.30      73.90      73.70      73.90      74.50      75.10      75.60      76.00      76.50      77.10
      77.60      78.10      78.50      79.00      79.50      79.90      80.10      79.90      79.60      79.30
      79.00      78.70      78.50      78.50      78.70      79.10      79.60      80.00      80.30      80.30
      80.30      80.30      80.40
      77.80      77.50      76.90      76.40      76.20      76.20      76.30      76.40      76.10      75.70
      75.10      74.70      74.50      74.50      74.50      74.10      73.40      72.40      71.70      71.50
      71.90      72.50      72.90      73.10      73.30      73.80      74.30      74.70      74.50      73.60
      72.40      71.30      70.90      71.40      72.40      73.60      74.40      74.90      75.10      75.10
      74.90      74.70      74.50      74.60      75.00      75.40      75.80      75.90      76.20      76.70
      77.20      77.70      77.90      78.00      78.20      78.50      78.70      78.70      78.70      78.70
      78.60      78.60      78.50      78.40      78.50      78.80      79.10      79.30      79.30      79.30
      79.20      79.20      79.00
      77.60      77.20      76.90      76.70      76.70      76.70      76.70      76.50      76.20      75.80
      75.50      75.40      75.50      75.60      75.40      75.00      74.30      73.40      72.80      72.70
      73.20      74.00      74.60      74.70      74.50      74.20      74.20      74.50      74.70      74.30
      73.30      72.30      71.70      72.00      72.80      73.70      74.40      74.80      75.00      75.10
      75.20      75.10      75.20      75.40      75.80      76.20      76.40      76.20      76.10      76.50
      77.20      77.70      77.70      77.40      77.10      77.10      77.20      77.30      77.50      77.80
      78.10      78.30      78.40      78.40      78.60      78.70      78.60      78.40      78.10      78.00
      78.00      77.90      77.70
      78.30      78.00      77.80      77.60      77.30      76.90      76.40      76.10      75.90      75.80
      75.60      75.50      75.50      75.60      75.60      75.70      75.70      75.50      75.20      74.90
      75.00      75.40      75.80      75.90      75.50      74.90      74.50      74.30      74.30      74.10
      73.50      73.00      72.70      72.90      73.40      74.00      74.60      75.00      75.30      75.40
      75.40      75.50      75.60      75.90      76.40      76.90      77.00      76.60      76.20      76.30
      77.10      77.80      77.90      77.50      77.00      76.80      76.80      76.90      77.00      77.30
      77.70      78.00      78.10      78.20      78.40      78.40      78.20      77.70      77.20      77.00
      77.00      76.90      76.70
      79.30      79.20      79.10      78.70      78.00      77.10      76.30      76.00      76.00      76.10
      76.00      75.70      75.50      75.40      75.70      76.50      77.40      78.00      78.00      77.40
      76.90      76.50      76.40      76.40      76.30      76.00      75.50      75.00      74.70      74.30
      74.10      73.90      73.80      73.80      74.00      74.50      75.10      75.60      75.80      75.80
      75.80      75.90      75.90      76.10      76.50      77.10      77.50      77.20      76.50      76.30
      76.90      77.60      78.00      77.70      77.40      77.30      77.30      77.40      77.40      77.50
      77.70      77.90      78.10      78.10      78.20      78.20      77.90      77.50      77.00      76.70
      76.60      76.50      76.40
      80.10      80.00      79.80      79.30      78.50      77.60      77.00      76.90      77.00      77.00
      76.80      76.50      76.20      76.10      76.50      77.50      78.80      79.60      79.50      78.70
      77.80      77.00      76.50      76.30      76.30      76.40      76.20      75.80      75.40      75.10
      75.00      74.90      74.70      74.50      74.40      74.60      75.30      75.80      76.00      76.00
      76.10      76.30      76.40      76.20      76.30      77.00      77.70      77.80      77.30      76.90
      77.00      77.60      77.90      77.70      77.50      77.50      77.70      77.70      77.70      77.70
      77.90      78.10      78.20      78.20      78.10      78.00      77.80      77.50      77.20      76.90
      76.70      76.60      76.40
      80.50      80.20      79.80      79.20      78.70      78.20      78.00      78.00      78.00      77.70
      77.40      77.20      77.00      77.00      77.30      78.30      79.40      79.80      79.20      78.20
      77.30      76.80      76.30      76.00      76.00      76.00      76.00      75.70      75.40      75.30
      75.40      75.50      75.30      74.90      74.60      74.70      75.10      75.50      75.70      75.80
      76.20      76.80      76.90      76.50      76.20      76.70      77.70      78.30      78.20      77.70
      77.70      77.90      78.00      77.80      77.50      77.50      77.50      77.60      77.60      77.70
      77.90      78.10      78.30      78.30      78.10      77.90      77.70      77.50      77.30      77.20
      77.00      76.90      76.60
