diamond 4 20年06月26日8时200百帕高度场
20 06 26  8  200 
2.500 -2.500  .0  180.0   90.0  .0
73  37
    1177.30    1177.30    1177.30    1177.30    1177.30    1177.30    1177.30    1177.30    1177.30    1177.30
    1177.30    1177.30    1177.30    1177.30    1177.30    1177.30    1177.30    1177.30    1177.30    1177.30
    1177.30    1177.30    1177.30    1177.30    1177.30    1177.30    1177.30    1177.30    1177.30    1177.30
    1177.30    1177.30    1177.30    1177.30    1177.30    1177.30    1177.30    1177.30    1177.30    1177.30
    1177.30    1177.30    1177.30    1177.30    1177.30    1177.30    1177.30    1177.30    1177.30    1177.30
    1177.30    1177.30    1177.30    1177.30    1177.30    1177.30    1177.30    1177.30    1177.30    1177.30
    1177.30    1177.30    1177.30    1177.30    1177.30    1177.30    1177.30    1177.30    1177.30    1177.30
    1177.30    1177.30    1177.30
    1179.70    1179.60    1179.50    1179.40    1179.30    1179.20    1179.10    1179.00    1178.90    1178.80
    1178.60    1178.50    1178.40    1178.30    1178.20    1178.10    1178.00    1177.90    1177.80    1177.70
    1177.60    1177.60    1177.50    1177.40    1177.30    1177.20    1177.20    1177.10    1177.00    1176.90
    1176.90    1176.80    1176.70    1176.70    1176.60    1176.50    1176.40    1176.30    1176.20    1176.10
    1176.00    1175.90    1175.80    1175.70    1175.60    1175.50    1175.30    1175.20    1175.00    1174.90
    1174.70    1174.60    1174.40    1174.30    1174.10    1174.00    1173.80    1173.70    1173.50    1173.40
    1173.20    1173.10    1173.00    1172.90    1172.80    1172.70    1172.60    1172.60    1172.50    1172.50
    1172.50    1172.50    1172.50
    1179.80    1179.60    1179.40    1179.10    1178.90    1178.70    1178.50    1178.30    1178.00    1177.80
    1177.60    1177.30    1177.10    1176.90    1176.70    1176.50    1176.30    1176.10    1176.00    1175.80
    1175.70    1175.60    1175.50    1175.50    1175.40    1175.40    1175.40    1175.40    1175.50    1175.60
    1175.60    1175.70    1175.80    1175.90    1176.00    1176.10    1176.20    1176.30    1176.40    1176.40
    1176.40    1176.40    1176.30    1176.20    1176.10    1175.90    1175.70    1175.50    1175.20    1174.80
    1174.50    1174.10    1173.70    1173.20    1172.70    1172.30    1171.80    1171.30    1170.80    1170.30
    1169.80    1169.30    1168.90    1168.50    1168.10    1167.80    1167.50    1167.20    1167.00    1166.90
    1166.80    1166.70    1166.80
    1178.20    1178.10    1177.90    1177.70    1177.60    1177.30    1177.10    1176.90    1176.60    1176.30
    1176.00    1175.70    1175.30    1175.00    1174.60    1174.30    1174.00    1173.60    1173.40    1173.10
    1172.90    1172.70    1172.60    1172.50    1172.40    1172.50    1172.60    1172.70    1173.00    1173.20
    1173.60    1174.00    1174.40    1174.80    1175.30    1175.80    1176.30    1176.80    1177.20    1177.60
    1178.00    1178.20    1178.50    1178.60    1178.60    1178.60    1178.40    1178.20    1177.80    1177.30
    1176.80    1176.10    1175.40    1174.60    1173.80    1172.90    1171.90    1170.90    1170.00    1169.00
    1168.10    1167.20    1166.30    1165.50    1164.80    1164.10    1163.50    1163.00    1162.60    1162.40
    1162.20    1162.10    1162.10
    1176.00    1176.00    1176.00    1176.00    1176.00    1175.90    1175.80    1175.60    1175.40    1175.20
    1174.90    1174.60    1174.30    1173.90    1173.50    1173.10    1172.70    1172.30    1171.90    1171.50
    1171.10    1170.70    1170.50    1170.30    1170.10    1170.10    1170.20    1170.40    1170.70    1171.10
    1171.60    1172.20    1172.90    1173.70    1174.60    1175.50    1176.50    1177.40    1178.40    1179.30
    1180.10    1180.90    1181.50    1182.00    1182.40    1182.50    1182.60    1182.40    1182.10    1181.60
    1180.90    1180.10    1179.10    1178.00    1176.70    1175.40    1174.00    1172.60    1171.10    1169.70
    1168.30    1166.90    1165.60    1164.30    1163.20    1162.20    1161.30    1160.60    1160.00    1159.60
    1159.30    1159.20    1159.20
    1174.20    1174.30    1174.30    1174.40    1174.40    1174.40    1174.40    1174.40    1174.40    1174.30
    1174.20    1174.10    1173.90    1173.60    1173.30    1173.00    1172.60    1172.20    1171.70    1171.20
    1170.70    1170.30    1169.90    1169.50    1169.20    1169.10    1169.00    1169.10    1169.40    1169.90
    1170.50    1171.20    1172.20    1173.30    1174.50    1175.80    1177.10    1178.50    1179.90    1181.30
    1182.60    1183.80    1184.90    1185.80    1186.50    1187.00    1187.20    1187.30    1187.00    1186.60
    1185.80    1184.90    1183.70    1182.30    1180.80    1179.10    1177.30    1175.40    1173.50    1171.50
    1169.60    1167.80    1166.00    1164.30    1162.70    1161.40    1160.20    1159.10    1158.30    1157.70
    1157.30    1157.10    1157.10
    1174.00    1174.00    1174.00    1173.90    1173.90    1174.00    1174.00    1174.10    1174.20    1174.20
    1174.30    1174.30    1174.30    1174.20    1174.00    1173.80    1173.40    1172.90    1172.40    1171.80
    1171.20    1170.60    1170.00    1169.40    1169.00    1168.70    1168.60    1168.70    1169.00    1169.50
    1170.20    1171.10    1172.30    1173.60    1175.10    1176.70    1178.40    1180.20    1181.90    1183.70
    1185.30    1186.90    1188.20    1189.40    1190.40    1191.10    1191.60    1191.80    1191.70    1191.30
    1190.70    1189.70    1188.50    1187.00    1185.30    1183.30    1181.20    1178.90    1176.60    1174.20
    1171.80    1169.50    1167.20    1165.10    1163.10    1161.30    1159.70    1158.30    1157.10    1156.30
    1155.70    1155.30    1155.30
    1176.30    1176.40    1176.50    1176.50    1176.60    1176.70    1176.90    1177.00    1177.20    1177.30
    1177.50    1177.50    1177.50    1177.30    1177.00    1176.50    1175.80    1175.00    1174.10    1173.10
    1172.10    1171.00    1170.10    1169.30    1168.60    1168.20    1168.10    1168.20    1168.60    1169.30
    1170.20    1171.30    1172.70    1174.30    1176.00    1177.90    1179.80    1181.70    1183.70    1185.60
    1187.40    1189.10    1190.60    1191.90    1193.00    1193.90    1194.60    1195.00    1195.10    1194.90
    1194.50    1193.80    1192.70    1191.40    1189.70    1187.80    1185.60    1183.20    1180.70    1178.10
    1175.40    1172.70    1170.10    1167.60    1165.20    1163.00    1161.00    1159.20    1157.70    1156.60
    1155.70    1155.20    1155.00
    1181.40    1182.00    1182.60    1183.10    1183.60    1184.00    1184.30    1184.60    1184.90    1185.00
    1185.00    1184.90    1184.60    1184.00    1183.10    1182.00    1180.60    1179.00    1177.30    1175.40
    1173.60    1171.80    1170.30    1169.00    1168.00    1167.40    1167.20    1167.40    1168.00    1168.80
    1170.00    1171.40    1172.90    1174.60    1176.40    1178.30    1180.30    1182.30    1184.30    1186.20
    1188.00    1189.70    1191.10    1192.40    1193.60    1194.50    1195.30    1195.90    1196.40    1196.60
    1196.60    1196.30    1195.70    1194.80    1193.50    1191.90    1190.00    1187.90    1185.50    1183.00
    1180.50    1177.80    1175.20    1172.50    1169.90    1167.50    1165.20    1163.10    1161.30    1159.80
    1158.60    1157.80    1157.30
    1188.50    1190.00    1191.30    1192.40    1193.30    1194.00    1194.60    1195.00    1195.30    1195.40
    1195.30    1194.80    1194.00    1192.80    1191.10    1189.10    1186.70    1184.00    1181.10    1178.20
    1175.40    1172.80    1170.60    1168.70    1167.40    1166.60    1166.30    1166.50    1167.20    1168.20
    1169.60    1171.10    1172.70    1174.50    1176.30    1178.20    1180.10    1182.10    1184.00    1185.80
    1187.50    1189.00    1190.30    1191.50    1192.40    1193.30    1194.10    1194.80    1195.50    1196.20
    1196.60    1196.80    1196.70    1196.30    1195.50    1194.40    1193.00    1191.40    1189.60    1187.70
    1185.60    1183.40    1181.10    1178.70    1176.30    1173.80    1171.40    1169.00    1166.90    1165.00
    1163.40    1162.20    1161.20
    1196.00    1198.20    1200.00    1201.50    1202.60    1203.60    1204.30    1204.80    1205.10    1205.10
    1204.80    1203.90    1202.60    1200.70    1198.30    1195.30    1191.80    1188.10    1184.20    1180.40
    1176.70    1173.50    1170.70    1168.40    1166.80    1165.80    1165.50    1165.70    1166.50    1167.70
    1169.30    1171.10    1172.90    1174.90    1176.80    1178.80    1180.80    1182.80    1184.70    1186.40
    1188.00    1189.20    1190.10    1190.80    1191.30    1191.70    1192.20    1192.80    1193.50    1194.20
    1194.80    1195.20    1195.40    1195.20    1194.80    1194.10    1193.30    1192.40    1191.30    1190.20
    1189.00    1187.60    1186.00    1184.20    1182.10    1179.90    1177.50    1175.10    1172.60    1170.30
    1168.20    1166.30    1164.70
    1202.30    1204.80    1206.70    1208.20    1209.40    1210.30    1211.10    1211.70    1212.00    1212.00
    1211.50    1210.40    1208.70    1206.40    1203.30    1199.60    1195.40    1190.80    1186.00    1181.40
    1177.20    1173.50    1170.30    1167.90    1166.10    1165.10    1164.70    1165.10    1166.10    1167.70
    1169.80    1172.20    1174.70    1177.20    1179.60    1181.90    1184.10    1186.20    1188.10    1189.70
    1191.00    1191.70    1191.90    1191.70    1191.30    1190.90    1190.70    1190.80    1191.10    1191.60
    1192.00    1192.30    1192.30    1192.10    1191.80    1191.40    1191.00    1190.80    1190.60    1190.40
    1190.10    1189.60    1188.90    1187.70    1186.20    1184.40    1182.20    1179.70    1177.10    1174.30
    1171.70    1169.20    1166.90
    1206.50    1209.00    1210.90    1212.20    1213.20    1214.00    1214.70    1215.30    1215.80    1215.90
    1215.50    1214.50    1212.80    1210.40    1207.10    1203.00    1198.30    1193.00    1187.50    1182.20
    1177.30    1173.20    1169.90    1167.40    1165.70    1164.70    1164.50    1165.10    1166.60    1168.90
    1171.90    1175.10    1178.50    1181.70    1184.50    1187.10    1189.50    1191.60    1193.40    1194.90
    1195.70    1195.90    1195.30    1194.10    1192.60    1191.10    1190.00    1189.30    1189.20    1189.30
    1189.40    1189.50    1189.20    1188.80    1188.40    1188.20    1188.20    1188.60    1189.20    1189.80
    1190.30    1190.60    1190.30    1189.60    1188.50    1186.80    1184.80    1182.30    1179.60    1176.60
    1173.70    1170.90    1168.40
    1208.90    1211.40    1213.10    1214.00    1214.50    1214.90    1215.40    1216.10    1216.80    1217.30
    1217.40    1216.80    1215.60    1213.50    1210.50    1206.50    1201.50    1195.70    1189.60    1183.50
    1178.00    1173.50    1170.10    1167.70    1166.30    1165.60    1165.80    1167.00    1169.10    1172.20
    1175.90    1179.90    1183.70    1187.10    1190.00    1192.30    1194.40    1196.30    1198.00    1199.30
    1200.10    1199.90    1198.90    1197.00    1194.70    1192.40    1190.60    1189.40    1188.90    1188.80
    1188.80    1188.70    1188.30    1187.70    1187.20    1186.90    1187.20    1187.90    1188.90    1190.10
    1191.00    1191.40    1191.30    1190.60    1189.20    1187.40    1185.10    1182.60    1179.80    1177.00
    1174.30    1171.90    1169.80
    1210.50    1213.00    1214.20    1214.30    1213.90    1213.50    1213.60    1214.40    1215.50    1216.70
    1217.50    1217.70    1217.10    1215.70    1213.20    1209.60    1204.70    1198.70    1192.10    1185.60
    1179.80    1175.10    1171.90    1169.90    1169.00    1169.00    1169.80    1171.50    1174.20    1177.70
    1181.70    1185.70    1189.20    1191.90    1193.80    1195.30    1196.60    1198.10    1199.70    1201.30
    1202.40    1202.60    1201.70    1199.80    1197.40    1194.90    1192.90    1191.80    1191.40    1191.50
    1191.70    1191.60    1191.20    1190.50    1189.90    1189.50    1189.60    1190.10    1191.00    1191.90
    1192.60    1192.80    1192.30    1191.00    1189.00    1186.60    1183.90    1181.20    1178.50    1176.10
    1174.10    1172.50    1171.40
    1211.70    1214.30    1215.10    1214.20    1212.60    1211.20    1210.70    1211.50    1213.20    1215.00
    1216.50    1217.30    1217.30    1216.50    1214.60    1211.50    1207.10    1201.40    1195.00    1188.60
    1183.00    1178.70    1176.00    1174.70    1174.50    1175.10    1176.40    1178.50    1181.30    1184.70
    1188.30    1191.50    1193.80    1195.20    1195.80    1196.10    1196.60    1197.80    1199.50    1201.40
    1203.00    1203.80    1203.40    1201.90    1199.80    1197.70    1196.30    1195.80    1196.10    1196.80
    1197.40    1197.70    1197.60    1197.20    1196.70    1196.30    1196.00    1195.90    1195.90    1195.90
    1195.70    1195.00    1193.60    1191.60    1188.90    1185.90    1182.80    1180.00    1177.50    1175.60
    1174.30    1173.80    1173.80
    1212.90    1215.80    1216.50    1215.10    1212.60    1210.30    1209.40    1210.10    1212.00    1214.20
    1215.90    1216.90    1217.10    1216.70    1215.50    1213.20    1209.60    1204.90    1199.30    1193.80
    1189.00    1185.40    1183.20    1182.40    1182.60    1183.40    1184.80    1186.70    1189.00    1191.70
    1194.40    1196.40    1197.50    1197.70    1197.20    1196.80    1197.10    1198.20    1200.00    1202.00
    1203.60    1204.30    1203.90    1202.60    1200.80    1199.40    1198.80    1199.20    1200.40    1201.90
    1203.20    1204.20    1204.90    1205.60    1206.00    1206.20    1205.90    1205.10    1204.00    1202.60
    1200.90    1198.80    1196.20    1193.10    1189.60    1186.10    1182.80    1180.00    1177.80    1176.30
    1175.70    1176.00    1177.20
    1214.50    1217.80    1218.80    1217.40    1214.80    1212.40    1211.30    1211.80    1213.40    1215.10
    1216.30    1217.10    1217.50    1217.80    1217.70    1216.70    1214.50    1211.20    1207.10    1202.80
    1199.00    1196.00    1194.20    1193.30    1193.20    1193.60    1194.30    1195.30    1196.60    1198.10
    1199.60    1200.60    1200.80    1200.30    1199.60    1199.30    1199.90    1201.30    1203.00    1204.50
    1205.30    1205.20    1204.20    1202.70    1201.10    1200.00    1199.90    1200.90    1202.50    1204.30
    1206.10    1207.90    1210.00    1212.50    1215.00    1216.80    1217.30    1216.50    1214.50    1211.80
    1208.60    1204.90    1200.70    1196.00    1191.30    1187.00    1183.30    1180.30    1178.10    1176.80
    1176.70    1178.10    1180.70
    1216.80    1220.20    1221.40    1220.60    1218.60    1216.70    1215.80    1216.00    1216.80    1217.60
    1218.10    1218.70    1219.80    1221.40    1222.90    1223.70    1223.20    1221.50    1218.90    1216.00
    1213.20    1210.70    1208.70    1207.30    1206.50    1205.90    1205.50    1205.10    1204.90    1204.90
    1205.10    1205.20    1204.80    1204.20    1203.70    1204.00    1205.20    1207.00    1208.60    1209.30
    1209.20    1208.20    1206.70    1205.10    1203.60    1202.60    1202.40    1202.80    1203.70    1204.70
    1206.10    1208.40    1212.10    1216.90    1221.90    1225.90    1227.70    1227.50    1225.50    1222.40
    1218.40    1213.40    1207.60    1201.10    1194.70    1189.00    1184.10    1180.30    1177.50    1176.20
    1176.70    1179.50    1184.10
    1220.00    1222.70    1223.90    1223.70    1222.60    1221.50    1221.10    1221.10    1221.40    1221.50
    1221.80    1222.80    1224.90    1228.00    1231.30    1233.70    1234.60    1234.20    1232.90    1231.20
    1229.30    1227.40    1225.30    1223.50    1222.00    1220.60    1219.10    1217.40    1215.60    1214.10
    1213.10    1212.30    1211.50    1210.60    1210.20    1210.80    1212.40    1214.40    1215.80    1216.20
    1215.60    1214.50    1213.40    1212.40    1211.40    1210.40    1209.50    1208.50    1207.50    1206.80
    1207.10    1209.40    1214.20    1220.90    1227.90    1233.30    1236.10    1236.40    1234.90    1232.30
    1228.70    1223.80    1217.20    1209.60    1201.60    1194.20    1187.80    1182.60    1178.90    1177.40
    1178.80    1183.10    1189.70
    1224.20    1226.00    1226.80    1226.80    1226.50    1226.20    1226.40    1226.80    1227.20    1227.60
    1228.40    1230.10    1233.20    1237.20    1241.20    1244.20    1245.60    1245.80    1245.30    1244.60
    1243.70    1242.50    1240.90    1239.20    1237.50    1236.00    1234.10    1231.70    1229.00    1226.50
    1224.50    1223.10    1221.70    1220.30    1219.50    1219.70    1221.20    1223.00    1224.40    1224.80
    1224.40    1224.00    1223.90    1223.90    1223.70    1222.80    1221.20    1218.80    1216.00    1213.60
    1212.80    1214.90    1220.20    1227.60    1235.00    1240.30    1242.90    1243.10    1242.10    1240.50
    1238.10    1234.20    1228.40    1221.00    1212.90    1204.90    1197.70    1191.60    1187.40    1185.90
    1187.90    1193.10    1200.60
    1229.50    1230.60    1231.00    1231.00    1231.00    1231.30    1232.00    1233.10    1234.30    1235.70
    1237.40    1240.00    1243.30    1246.90    1250.30    1252.60    1253.70    1253.90    1253.70    1253.50
    1253.30    1252.90    1252.10    1251.00    1249.80    1248.70    1247.10    1244.90    1242.20    1239.60
    1237.40    1235.70    1234.00    1232.30    1230.90    1230.50    1231.40    1232.90    1234.10    1234.60
    1234.70    1235.00    1235.50    1236.10    1236.20    1235.60    1233.80    1231.10    1227.80    1224.80
    1223.80    1225.70    1230.70    1237.20    1243.20    1247.10    1248.40    1248.20    1247.30    1246.40
    1245.10    1242.50    1238.30    1232.70    1226.20    1219.50    1213.10    1207.50    1203.70    1202.60
    1204.70    1209.50    1215.80
    1235.50    1236.10    1236.30    1236.30    1236.40    1237.00    1238.20    1239.90    1241.80    1244.10
    1246.60    1249.40    1252.10    1254.60    1256.60    1257.90    1258.50    1258.60    1258.40    1258.20
    1258.20    1258.20    1258.00    1257.40    1256.80    1256.20    1255.40    1254.00    1252.10    1249.90
    1248.00    1246.50    1245.00    1243.40    1242.00    1241.40    1241.70    1242.70    1243.70    1244.20
    1244.50    1244.90    1245.30    1245.60    1245.50    1244.90    1243.60    1241.60    1239.20    1237.10
    1236.50    1238.20    1241.80    1246.10    1249.60    1251.40    1251.60    1251.10    1250.40    1249.80
    1248.80    1247.10    1244.50    1241.20    1237.30    1233.00    1228.60    1224.70    1222.10    1221.50
    1223.10    1226.40    1230.30
    1240.80    1241.10    1241.20    1241.30    1241.70    1242.70    1244.20    1246.10    1248.20    1250.60
    1253.20    1255.60    1257.60    1258.90    1259.70    1260.50    1261.20    1261.50    1261.30    1260.80
    1260.50    1260.40    1260.30    1260.00    1259.50    1259.10    1258.80    1258.20    1257.10    1255.60
    1254.10    1253.00    1252.00    1251.00    1250.20    1249.90    1250.10    1250.80    1251.30    1251.70
    1251.80    1251.90    1251.90    1251.50    1250.90    1250.20    1249.40    1248.50    1247.50    1246.70
    1246.70    1247.70    1249.30    1250.80    1251.60    1251.70    1251.40    1251.20    1251.10    1250.80
    1249.90    1248.60    1247.00    1245.30    1243.50    1241.30    1239.00    1236.90    1235.60    1235.30
    1236.10    1237.50    1239.00
    1244.40    1244.60    1244.70    1245.10    1245.90    1247.20    1249.00    1250.70    1252.40    1254.20
    1256.20    1258.00    1259.30    1260.00    1260.50    1261.30    1262.40    1263.20    1263.20    1262.50
    1261.80    1261.40    1261.20    1260.90    1260.40    1259.90    1259.60    1259.30    1258.60    1257.50
    1256.40    1255.60    1255.10    1254.90    1254.80    1255.00    1255.40    1255.80    1256.00    1255.90
    1255.80    1255.60    1255.30    1254.70    1254.00    1253.30    1252.80    1252.40    1252.10    1252.10
    1252.20    1252.40    1252.20    1251.40    1250.40    1249.50    1249.20    1249.60    1250.20    1250.20
    1249.60    1248.60    1247.50    1246.60    1245.70    1244.70    1243.50    1242.50    1241.80    1241.40
    1241.40    1241.60    1242.10
    1246.90    1247.00    1247.20    1247.80    1248.90    1250.40    1252.00    1253.40    1254.40    1255.30
    1256.40    1257.60    1258.50    1259.20    1259.80    1260.80    1262.00    1263.00    1263.20    1262.60
    1261.70    1261.30    1261.10    1261.00    1260.70    1260.20    1259.80    1259.40    1258.70    1257.80
    1257.00    1256.60    1256.60    1256.80    1257.10    1257.60    1258.00    1258.30    1258.10    1257.60
    1257.00    1256.60    1256.30    1256.00    1255.70    1255.30    1254.80    1254.40    1254.00    1254.00
    1253.90    1253.40    1252.20    1250.60    1249.10    1248.20    1248.00    1248.40    1249.00    1249.30
    1249.00    1248.00    1246.90    1246.00    1245.40    1245.00    1244.60    1244.10    1243.50    1242.80
    1242.40    1242.30    1242.90
    1248.90    1249.00    1249.50    1250.10    1251.10    1252.20    1253.30    1254.10    1254.50    1254.70
    1255.00    1255.60    1256.30    1257.10    1257.90    1258.80    1259.80    1260.60    1260.70    1260.30
    1259.60    1259.30    1259.40    1259.60    1259.80    1259.70    1259.40    1258.90    1258.10    1257.50
    1257.20    1257.50    1258.00    1258.30    1258.50    1258.60    1258.90    1259.00    1258.70    1258.00
    1257.10    1256.40    1256.00    1255.90    1256.00    1256.00    1255.60    1254.90    1254.30    1253.90
    1253.40    1252.40    1251.10    1249.90    1249.20    1248.90    1248.70    1248.60    1248.60    1248.60
    1248.00    1246.50    1244.80    1243.60    1243.40    1244.00    1244.60    1244.70    1244.10    1243.20
    1242.50    1242.60    1243.50
    1250.50    1250.60    1251.00    1251.50    1252.10    1252.50    1252.90    1253.20    1253.40    1253.30
    1253.20    1253.10    1253.50    1254.40    1255.30    1256.10    1256.50    1256.70    1256.70    1256.40
    1256.00    1255.80    1255.80    1256.30    1256.90    1257.50    1257.70    1257.30    1256.70    1256.20
    1256.40    1257.30    1258.30    1258.80    1258.60    1258.30    1258.30    1258.50    1258.30    1257.60
    1256.60    1255.70    1255.10    1254.80    1255.00    1255.10    1254.80    1254.10    1253.50    1253.00
    1252.20    1250.90    1249.60    1249.10    1249.50    1250.00    1249.90    1249.20    1248.60    1248.00
    1246.70    1244.20    1241.50    1240.00    1240.60    1242.70    1244.70    1245.60    1245.10    1244.00
    1243.20    1243.30    1244.00
    1251.10    1250.90    1251.00    1251.50    1251.80    1251.80    1251.60    1251.60    1251.80    1251.80
    1251.50    1251.00    1251.10    1251.90    1252.80    1253.40    1253.30    1253.00    1252.80    1252.70
    1252.50    1252.10    1251.80    1252.00    1252.70    1253.70    1254.50    1254.80    1254.50    1254.10
    1254.30    1255.20    1256.30    1257.00    1256.90    1256.60    1256.50    1256.60    1256.60    1256.10
    1255.40    1254.50    1253.60    1253.10    1252.90    1253.00    1252.90    1252.50    1252.00    1251.50
    1250.70    1249.40    1248.30    1248.20    1249.00    1249.90    1249.90    1249.20    1248.50    1247.80
    1246.10    1242.90    1239.60    1238.20    1239.50    1242.60    1245.50    1246.80    1246.60    1245.50
    1244.50    1244.10    1244.10
    1250.80    1250.20    1250.10    1250.50    1250.80    1250.70    1250.50    1250.40    1250.60    1250.60
    1250.20    1249.60    1249.40    1250.00    1250.80    1251.20    1250.90    1250.30    1250.00    1249.90
    1249.70    1249.10    1248.40    1248.10    1248.50    1249.50    1250.80    1251.80    1252.10    1251.80
    1251.40    1251.60    1252.40    1253.20    1253.60    1253.80    1253.90    1254.10    1254.00    1253.70
    1253.20    1252.60    1251.70    1251.00    1250.70    1250.90    1251.10    1250.80    1250.30    1249.90
    1249.50    1248.70    1248.00    1248.00    1248.70    1249.40    1249.40    1248.90    1248.70    1248.30
    1246.90    1244.10    1241.30    1240.40    1241.80    1244.60    1246.90    1248.00    1248.00    1247.30
    1246.30    1245.20    1244.30
    1250.40    1249.70    1249.40    1249.60    1249.90    1250.00    1249.80    1249.60    1249.50    1249.40
    1249.10    1248.60    1248.30    1248.50    1249.00    1249.30    1249.00    1248.40    1248.00    1247.70
    1247.30    1246.60    1245.70    1245.20    1245.20    1245.80    1247.20    1248.90    1250.00    1250.00
    1249.00    1248.30    1248.40    1249.20    1250.20    1251.00    1251.50    1251.70    1251.50    1251.10
    1250.80    1250.50    1249.80    1249.10    1248.90    1249.40    1250.00    1249.80    1249.10    1248.60
    1248.60    1248.70    1248.80    1249.00    1249.40    1249.70    1249.50    1249.30    1249.40    1249.50
    1248.90    1247.30    1245.80    1245.50    1246.40    1247.60    1248.40    1248.80    1248.90    1248.70
    1247.90    1246.50    1245.00
    1250.20    1249.70    1249.40    1249.20    1249.30    1249.40    1249.30    1248.90    1248.40    1248.10
    1247.90    1247.60    1247.30    1247.20    1247.40    1247.70    1247.70    1247.20    1246.60    1245.90
    1245.00    1244.20    1243.60    1243.40    1243.30    1243.50    1244.50    1246.30    1248.00    1248.50
    1247.50    1246.20    1245.90    1246.60    1247.80    1248.90    1249.60    1249.80    1249.50    1249.10
    1249.00    1248.90    1248.40    1247.70    1247.70    1248.60    1249.60    1249.60    1248.70    1248.00
    1248.20    1249.00    1249.60    1250.00    1250.30    1250.40    1250.20    1250.10    1250.20    1250.50
    1250.50    1250.20    1249.90    1250.00    1250.10    1249.80    1249.20    1248.90    1249.10    1249.30
    1248.80    1247.60    1246.20
    1250.00    1249.70    1249.40    1248.90    1248.70    1248.60    1248.50    1248.00    1247.40    1246.90
    1246.80    1246.80    1246.50    1246.20    1246.20    1246.60    1246.80    1246.60    1245.80    1244.70
    1243.50    1242.60    1242.20    1242.50    1242.70    1242.70    1243.10    1244.40    1246.00    1246.70
    1246.10    1245.10    1244.70    1245.40    1246.60    1247.50    1248.00    1248.00    1247.70    1247.50
    1247.50    1247.70    1247.30    1246.80    1246.80    1247.90    1249.20    1249.50    1248.80    1248.10
    1248.30    1249.10    1249.70    1250.00    1250.10    1250.30    1250.30    1250.20    1250.30    1250.60
    1250.90    1251.20    1251.40    1251.70    1251.50    1250.70    1249.80    1249.30    1249.30    1249.30
    1248.90    1248.20    1247.50
    1249.30    1249.30    1249.00    1248.50    1247.90    1247.70    1247.70    1247.30    1246.70    1246.20
    1246.30    1246.50    1246.30    1245.90    1245.80    1246.10    1246.20    1246.00    1245.30    1244.40
    1243.20    1242.20    1241.90    1242.30    1242.90    1243.00    1242.80    1243.20    1244.00    1244.50
    1244.30    1243.80    1243.90    1244.70    1245.70    1246.30    1246.50    1246.40    1246.00    1245.70
    1245.90    1246.30    1246.30    1246.00    1246.00    1246.90    1248.10    1248.70    1248.60    1248.40
    1248.70    1249.20    1249.40    1249.40    1249.40    1249.50    1249.60    1249.60    1249.70    1250.00
    1250.40    1250.70    1250.90    1251.20    1251.30    1251.10    1250.70    1250.30    1249.90    1249.40
    1248.90    1248.70    1248.60
    1248.40    1248.60    1248.50    1248.00    1247.50    1247.30    1247.30    1247.10    1246.60    1246.20
    1246.30    1246.50    1246.40    1246.00    1245.80    1245.70    1245.40    1244.90    1244.40    1244.10
    1243.60    1242.80    1242.20    1242.40    1243.00    1243.30    1243.00    1242.70    1242.70    1242.80
    1242.60    1242.50    1242.90    1243.80    1244.60    1245.10    1245.30    1245.10    1244.60    1244.20
    1244.30    1244.90    1245.40    1245.40    1245.50    1245.90    1246.70    1247.40    1247.80    1248.20
    1248.80    1249.10    1249.20    1249.10    1249.10    1249.10    1249.10    1249.00    1249.10    1249.40
    1249.70    1249.90    1250.10    1250.40    1250.90    1251.30    1251.40    1251.10    1250.30    1249.40
    1249.00    1249.00    1249.30
    1247.60    1247.90    1248.10    1247.80    1247.50    1247.20    1247.30    1247.10    1246.80    1246.40
    1246.30    1246.40    1246.20    1245.80    1245.50    1245.20    1244.60    1243.80    1243.50    1243.70
    1243.80    1243.30    1242.50    1242.20    1242.70    1243.10    1243.00    1242.60    1242.20    1242.10
    1241.90    1241.90    1242.20    1242.90    1243.50    1244.00    1244.30    1244.30    1243.90    1243.40
    1243.50    1244.10    1245.00    1245.40    1245.50    1245.60    1245.90    1246.40    1247.00    1247.80
    1248.40    1248.70    1248.80    1248.90    1249.10    1249.20    1249.00    1248.80    1248.90    1249.20
    1249.50    1249.60    1249.90    1250.30    1250.80    1251.20    1251.20    1250.80    1250.10    1249.40
    1249.00    1249.10    1249.10
    1246.90    1247.20    1247.60    1247.60    1247.50    1247.30    1247.20    1247.20    1246.90    1246.50
    1246.20    1245.90    1245.60    1245.30    1245.10    1244.90    1244.30    1243.50    1243.10    1243.40
    1243.60    1243.30    1242.50    1242.10    1242.20    1242.60    1242.60    1242.50    1242.40    1242.40
    1242.30    1242.30    1242.40    1242.60    1242.90    1243.20    1243.60    1243.80    1243.80    1243.50
    1243.60    1244.30    1245.20    1245.80    1246.00    1246.10    1246.20    1246.50    1247.10    1247.60
    1247.90    1248.00    1248.00    1248.30    1248.70    1248.90    1248.80    1248.90    1249.10    1249.30
    1249.50    1249.70    1250.10    1250.70    1251.00    1250.90    1250.40    1249.80    1249.40    1249.20
    1249.10    1248.80    1248.30
