diamond 4 20年06月24日20时400百帕高度场
20 06 24  20  400 
2.500 -2.500  .0  180.0   90.0  .0
73  37
     707.40     707.40     707.40     707.40     707.40     707.40     707.40     707.40     707.40     707.40
     707.40     707.40     707.40     707.40     707.40     707.40     707.40     707.40     707.40     707.40
     707.40     707.40     707.40     707.40     707.40     707.40     707.40     707.40     707.40     707.40
     707.40     707.40     707.40     707.40     707.40     707.40     707.40     707.40     707.40     707.40
     707.40     707.40     707.40     707.40     707.40     707.40     707.40     707.40     707.40     707.40
     707.40     707.40     707.40     707.40     707.40     707.40     707.40     707.40     707.40     707.40
     707.40     707.40     707.40     707.40     707.40     707.40     707.40     707.40     707.40     707.40
     707.40     707.40     707.40
     713.00     713.00     712.90     712.90     712.90     712.80     712.70     712.70     712.60     712.50
     712.40     712.40     712.30     712.20     712.10     711.90     711.80     711.70     711.60     711.50
     711.40     711.30     711.10     711.00     710.90     710.80     710.70     710.50     710.40     710.30
     710.20     710.10     709.90     709.80     709.70     709.50     709.40     709.20     709.10     708.90
     708.70     708.50     708.40     708.10     707.90     707.70     707.50     707.20     707.00     706.70
     706.40     706.10     705.80     705.50     705.10     704.80     704.50     704.10     703.80     703.40
     703.10     702.80     702.40     702.10     701.80     701.50     701.20     700.90     700.60     700.40
     700.20     700.00     699.80
     718.20     718.20     718.20     718.10     718.10     718.00     717.80     717.70     717.50     717.30
     717.00     716.80     716.50     716.20     715.90     715.50     715.20     714.90     714.50     714.20
     713.80     713.50     713.20     713.00     712.70     712.50     712.30     712.20     712.00     711.90
     711.90     711.80     711.80     711.80     711.80     711.90     711.90     711.90     712.00     712.00
     712.00     711.90     711.90     711.80     711.60     711.40     711.20     710.90     710.50     710.10
     709.60     709.00     708.40     707.70     707.00     706.20     705.30     704.40     703.50     702.50
     701.50     700.50     699.50     698.50     697.40     696.40     695.50     694.50     693.70     692.80
     692.10     691.40     690.80
     722.10     722.40     722.70     722.80     723.00     723.00     723.00     722.90     722.70     722.40
     722.00     721.50     720.90     720.30     719.60     718.80     718.00     717.20     716.40     715.60
     714.80     714.10     713.40     712.80     712.20     711.80     711.50     711.30     711.10     711.10
     711.20     711.40     711.70     712.00     712.40     712.90     713.40     713.90     714.40     715.00
     715.50     715.90     716.40     716.70     717.00     717.10     717.20     717.20     717.00     716.70
     716.20     715.70     714.90     714.00     713.00     711.80     710.50     709.10     707.60     706.00
     704.20     702.50     700.70     698.80     697.00     695.10     693.30     691.60     689.90     688.30
     686.90     685.50     684.30
     722.00     722.90     723.70     724.40     725.00     725.50     725.80     726.00     726.00     725.70
     725.30     724.70     723.90     722.90     721.80     720.50     719.20     717.80     716.40     715.00
     713.60     712.40     711.20     710.20     709.40     708.80     708.40     708.10     708.10     708.40
     708.80     709.40     710.10     711.00     712.00     713.00     714.20     715.30     716.50     717.70
     718.80     719.80     720.80     721.70     722.50     723.10     723.70     724.00     724.20     724.20
     724.10     723.70     723.10     722.30     721.30     720.00     718.60     716.90     715.10     713.10
     710.90     708.60     706.20     703.80     701.30     698.80     696.40     694.00     691.70     689.40
     687.40     685.40     683.70
     717.90     719.50     721.00     722.30     723.50     724.50     725.20     725.80     726.00     726.00
     725.70     725.10     724.20     723.10     721.70     720.10     718.40     716.50     714.70     712.80
     711.00     709.30     707.80     706.50     705.50     704.80     704.50     704.40     704.70     705.30
     706.30     707.40     708.80     710.40     712.00     713.80     715.60     717.30     719.00     720.70
     722.20     723.70     725.00     726.20     727.30     728.30     729.10     729.80     730.30     730.60
     730.70     730.60     730.30     729.80     729.00     728.00     726.70     725.20     723.30     721.30
     719.00     716.50     713.90     711.10     708.30     705.40     702.40     699.60     696.80     694.20
     691.60     689.30     687.10
     714.60     716.50     718.30     720.00     721.40     722.70     723.80     724.70     725.20     725.50
     725.40     724.90     724.10     723.00     721.60     719.90     717.90     715.90     713.80     711.60
     709.60     707.60     705.90     704.40     703.30     702.50     702.10     702.20     702.70     703.70
     705.10     706.80     708.80     711.00     713.30     715.70     718.00     720.20     722.30     724.30
     726.00     727.60     729.10     730.30     731.50     732.40     733.30     734.00     734.60     735.00
     735.20     735.30     735.20     735.00     734.50     733.90     732.90     731.70     730.20     728.30
     726.10     723.60     720.80     717.80     714.60     711.30     707.90     704.60     701.40     698.30
     695.40     692.70     690.30
     716.00     717.90     719.70     721.40     722.90     724.30     725.50     726.50     727.30     727.70
     727.80     727.50     726.70     725.50     723.90     722.10     720.00     717.70     715.40     713.10
     711.00     708.90     707.00     705.40     704.10     703.10     702.50     702.40     702.80     703.80
     705.20     707.20     709.60     712.20     715.00     717.90     720.70     723.30     725.70     727.80
     729.60     731.20     732.50     733.70     734.80     735.70     736.50     737.10     737.50     737.90
     738.10     738.10     738.10     738.00     737.80     737.40     736.90     736.10     734.90     733.40
     731.40     729.00     726.10     722.90     719.30     715.50     711.70     707.80     704.00     700.50
     697.20     694.20     691.60
     720.90     723.10     725.10     726.90     728.60     730.10     731.40     732.60     733.40     733.90
     733.90     733.30     732.20     730.50     728.30     725.80     723.10     720.30     717.60     715.00
     712.70     710.70     708.90     707.40     706.10     705.00     704.30     703.90     703.90     704.60
     705.80     707.70     710.20     713.10     716.40     719.60     722.80     725.70     728.20     730.30
     731.90     733.30     734.40     735.40     736.30     737.10     737.90     738.50     738.90     739.20
     739.40     739.40     739.40     739.30     739.20     739.10     739.00     738.60     737.90     736.90
     735.30     733.10     730.30     727.10     723.40     719.40     715.20     711.00     706.90     702.90
     699.30     696.10     693.30
     725.60     728.90     731.80     734.20     736.30     738.00     739.40     740.50     741.20     741.40
     741.10     740.00     738.10     735.50     732.20     728.50     724.60     720.70     717.10     713.90
     711.30     709.30     707.80     706.70     705.90     705.30     704.90     704.60     704.70     705.20
     706.30     708.10     710.60     713.70     717.30     721.00     724.50     727.50     729.90     731.60
     732.70     733.30     733.70     734.10     734.60     735.20     736.00     736.90     737.60     738.10
     738.50     738.60     738.70     738.80     738.90     739.10     739.30     739.40     739.20     738.60
     737.50     735.70     733.40     730.50     727.20     723.50     719.60     715.60     711.60     707.70
     703.90     700.50     697.60
     728.90     733.80     738.00     741.20     743.60     745.30     746.50     747.20     747.60     747.40
     746.60     745.00     742.60     739.20     735.10     730.30     725.20     720.00     715.20     711.00
     707.60     705.30     703.80     703.20     703.20     703.60     704.10     704.70     705.30     706.20
     707.40     709.20     711.70     715.00     718.70     722.70     726.40     729.40     731.50     732.50
     732.50     731.90     731.00     730.30     730.10     730.30     731.20     732.30     733.50     734.60
     735.40     735.90     736.20     736.40     736.80     737.20     737.70     738.20     738.50     738.40
     737.80     736.60     734.90     732.60     730.00     727.00     723.90     720.60     717.20     713.70
     710.30     706.90     703.90
     732.90     739.00     743.90     747.30     749.60     750.80     751.40     751.50     751.20     750.60
     749.50     747.80     745.40     742.10     738.00     733.10     727.70     722.00     716.40     711.30
     706.90     703.70     701.70     700.90     701.30     702.50     704.20     705.90     707.50     709.00
     710.60     712.40     714.80     717.80     721.40     725.20     728.80     731.60     733.20     733.50
     732.50     730.70     728.60     726.80     725.70     725.60     726.30     727.70     729.30     730.70
     731.80     732.40     732.70     732.90     733.30     733.80     734.50     735.40     736.10     736.60
     736.60     736.10     735.10     733.50     731.50     729.30     726.90     724.30     721.60     718.80
     715.80     712.80     709.90
     739.00     744.90     749.20     752.10     753.50     754.00     753.90     753.50     752.80     752.00
     750.80     749.20     747.00     744.30     740.90     737.00     732.60     727.80     722.60     717.50
     712.70     708.60     705.60     704.10     704.00     705.20     707.40     709.90     712.30     714.40
     716.20     717.90     719.80     722.20     725.00     728.20     731.10     733.50     734.80     734.70
     733.40     731.20     728.70     726.50     725.00     724.70     725.30     726.50     728.00     729.20
     729.90     730.10     729.90     729.70     729.70     730.00     730.70     731.80     732.90     734.00
     734.70     735.00     734.80     734.00     732.60     730.90     728.80     726.60     724.20     721.80
     719.30     716.80     714.30
     745.40     749.80     752.70     754.20     754.60     754.40     753.90     753.40     752.90     752.20
     751.20     749.70     747.70     745.30     742.70     740.00     737.10     734.10     730.70     726.90
     722.80     718.70     715.20     712.80     711.80     712.30     714.10     716.40     718.90     721.00
     722.60     724.00     725.40     727.00     728.90     731.10     733.10     734.80     735.80     735.90
     735.10     733.50     731.50     729.70     728.50     728.00     728.40     729.10     729.90     730.20
     730.10     729.50     728.80     728.10     727.80     727.90     728.40     729.20     730.30     731.40
     732.60     733.50     734.10     734.00     733.30     731.90     730.10     728.00     725.80     723.50
     721.30     719.20     717.30
     749.70     752.40     753.60     753.50     752.50     751.30     750.50     750.30     750.50     750.80
     750.60     749.60     747.80     745.60     743.20     741.10     739.30     737.80     736.30     734.50
     732.20     729.40     726.50     724.00     722.60     722.30     723.00     724.40     725.80     726.90
     727.80     728.50     729.40     730.60     732.00     733.50     734.80     735.90     736.60     736.90
     736.70     735.90     734.90     733.70     732.80     732.40     732.40     732.60     732.50     732.10
     731.20     730.30     729.50     729.10     729.00     729.20     729.40     729.60     729.70     730.10
     730.70     731.40     732.10     732.50     732.30     731.50     730.20     728.40     726.40     724.40
     722.30     720.40     718.70
     751.70     753.30     753.10     751.30     748.60     746.00     744.50     744.40     745.70     747.40
     748.70     749.00     748.20     746.40     744.10     742.00     740.40     739.40     738.90     738.60
     738.10     737.10     735.70     734.30     733.20     732.60     732.50     732.30     731.90     731.30
     730.70     730.50     731.20     732.40     734.00     735.40     736.40     737.10     737.40     737.60
     737.40     736.90     736.10     735.20     734.60     734.30     734.40     734.40     734.10     733.30
     732.30     731.60     731.40     731.90     732.80     733.50     733.60     733.00     731.90     730.70
     729.80     729.40     729.20     729.30     729.20     728.80     728.00     726.80     725.40     723.70
     721.90     720.20     718.50
     752.70     753.70     752.80     749.90     745.90     741.90     739.50     739.20     741.00     743.80
     746.40     748.00     748.20     747.30     745.50     743.60     741.90     740.90     740.60     740.80
     741.30     741.70     741.80     741.70     741.50     741.10     740.50     739.10     736.90     734.50
     732.40     731.40     731.80     733.40     735.40     737.00     738.10     738.50     738.50     738.10
     737.20     736.00     734.50     733.40     732.90     733.30     734.10     734.90     735.10     734.50
     733.70     733.30     733.80     735.20     736.90     738.30     738.60     737.70     735.80     733.40
     731.00     729.00     727.40     726.40     725.70     725.10     724.50     723.70     722.70     721.40
     719.90     718.40     716.80
     753.00     754.00     753.30     750.60     746.50     742.40     739.60     739.00     740.40     742.90
     745.30     746.70     747.00     746.40     745.30     744.30     743.30     742.80     742.70     743.20
     743.90     744.80     745.50     746.00     746.40     746.30     745.40     743.50     740.60     737.30
     734.70     733.40     733.90     735.50     737.60     739.20     740.20     740.40     740.00     739.00
     737.20     734.70     732.20     730.60     730.40     731.80     734.00     735.90     736.80     736.50
     735.80     735.50     736.20     737.90     740.00     741.70     742.40     741.80     740.00     737.50
     734.50     731.50     728.80     726.60     724.90     723.70     722.80     721.80     720.60     719.20
     717.80     716.50     715.00
     752.80     753.90     754.00     752.60     749.90     746.80     744.50     743.90     744.60     745.80
     746.40     745.90     744.80     743.60     743.10     743.30     744.00     744.80     745.70     746.60
     747.40     748.10     748.60     748.80     748.90     748.60     747.60     745.70     743.20     740.50
     738.50     737.80     738.50     740.00     741.50     742.50     743.10     743.10     742.70     741.40
     738.90     735.60     732.40     730.30     730.40     732.40     735.40     737.90     739.00     739.00
     738.40     738.40     739.40     741.10     743.20     744.80     745.60     745.50     744.50     742.60
     740.00     736.90     733.70     730.90     728.60     726.80     725.30     723.80     722.00     720.10
     718.40     716.80     715.20
     753.00     754.00     754.80     754.50     753.20     751.30     749.80     749.40     749.70     749.70
     748.70     746.60     744.10     742.40     742.20     743.60     745.80     748.20     750.20     751.60
     752.50     752.80     752.60     752.10     751.40     750.40     749.10     747.50     745.70     744.20
     743.40     743.60     744.50     745.50     746.30     746.70     746.80     746.90     746.60     745.50
     743.10     739.80     736.30     734.20     734.00     735.60     738.00     739.90     740.80     740.90
     741.20     742.30     744.20     746.30     748.20     749.50     750.20     750.40     749.90     748.70
     746.60     743.80     740.90     738.10     735.80     733.90     732.10     730.00     727.70     725.40
     723.30     721.40     719.60
     754.30     755.20     755.80     755.70     754.60     752.90     751.50     751.00     751.20     751.40
     750.70     749.00     746.90     745.70     746.20     748.30     751.30     754.30     756.60     758.00
     758.70     758.60     758.00     756.90     755.60     754.10     752.40     750.80     749.50     748.70
     748.60     749.10     749.70     750.30     750.60     750.70     750.90     751.10     751.20     750.40
     748.60     745.70     742.70     740.50     739.70     740.10     741.10     741.90     742.40     743.10
     744.70     747.30     750.20     752.70     754.30     755.20     755.70     756.00     755.80     755.00
     753.40     751.20     748.70     746.40     744.40     742.70     740.90     738.80     736.50     734.10
     732.10     730.30     728.40
     756.70     757.30     757.40     756.70     755.00     752.70     750.70     749.70     750.00     751.10
     752.10     752.50     752.50     753.00     754.40     756.70     759.40     761.80     763.50     764.40
     764.60     764.30     763.50     762.30     760.80     759.10     757.40     755.90     754.70     754.00
     753.70     753.60     753.50     753.50     753.70     754.10     754.60     755.00     755.00     754.50
     753.10     751.10     748.70     746.60     745.20     744.60     744.60     744.80     745.50     747.10
     749.60     752.80     755.80     757.90     758.80     759.20     759.60     760.20     760.60     760.40
     759.30     757.80     756.00     754.30     752.70     751.20     749.50     747.70     745.80     744.00
     742.40     740.90     739.40
     758.90     759.20     759.00     758.00     756.30     753.80     751.30     749.80     750.00     751.80
     754.30     756.60     758.50     760.30     762.30     764.40     766.30     767.70     768.50     768.90
     768.80     768.40     767.60     766.40     765.00     763.40     761.90     760.60     759.70     758.90
     758.20     757.40     756.60     756.20     756.40     756.90     757.60     757.90     757.70     757.10
     756.10     754.80     753.10     751.20     749.70     748.80     748.90     749.60     750.90     752.80
     755.20     757.60     759.40     760.20     760.20     760.20     760.90     762.20     763.30     763.80
     763.60     762.80     761.90     760.80     759.50     758.10     756.70     755.40     754.10     752.80
     751.60     750.50     749.30
     760.40     760.20     759.90     759.40     758.30     756.50     754.60     753.30     753.60     755.50
     758.20     760.90     763.20     765.10     766.80     768.30     769.40     770.10     770.50     770.60
     770.50     770.20     769.50     768.50     767.10     765.60     764.30     763.30     762.60     762.20
     761.50     760.70     759.70     759.10     759.10     759.40     759.80     759.90     759.50     758.90
     758.30     757.50     756.30     754.80     753.50     753.10     753.80     755.20     756.80     758.20
     759.50     760.50     760.90     760.70     760.20     760.30     761.40     763.20     764.90     765.80
     766.10     765.90     765.60     764.90     764.00     763.00     762.00     761.10     760.20     759.20
     758.20     757.10     756.10
     761.40     760.70     760.20     760.00     759.70     759.00     758.10     757.80     758.70     760.60
     762.90     764.90     766.40     767.50     768.50     769.30     769.70     770.00     770.10     770.20
     770.20     770.00     769.50     768.80     767.60     766.30     765.00     764.00     763.50     763.30
     763.10     762.70     762.20     761.70     761.50     761.40     761.40     761.30     761.00     760.60
     760.30     759.80     759.00     758.00     757.30     757.30     758.20     759.60     760.60     761.10
     761.30     761.40     761.40     761.20     761.10     761.60     762.90     764.70     766.20     767.10
     767.40     767.30     767.10     766.60     766.00     765.40     764.90     764.40     763.70     762.80
     761.90     761.00     760.20
     762.20     761.20     760.40     760.20     760.10     760.00     760.00     760.70     762.30     764.30
     766.10     767.30     768.00     768.40     768.80     768.90     769.00     769.00     768.90     768.80
     768.70     768.40     768.20     767.80     767.10     766.10     764.90     764.00     763.30     763.10
     763.10     763.40     763.50     763.40     763.10     762.70     762.40     762.30     762.20     762.10
     761.80     761.50     761.00     760.50     760.20     760.40     761.00     761.60     761.70     761.40
     761.20     761.50     761.90     762.40     762.70     763.40     764.60     766.00     767.10     767.70
     767.70     767.60     767.20     766.60     766.00     765.70     765.60     765.40     764.90     764.10
     763.50     763.10     762.80
     762.70     761.80     761.00     760.60     760.50     760.60     761.20     762.30     764.00     765.70
     766.90     767.50     767.80     767.90     767.90     767.70     767.50     767.40     767.30     767.10
     766.70     766.30     766.10     765.90     765.50     764.90     764.30     763.60     763.10     762.70
     762.80     763.20     763.80     764.00     763.80     763.30     763.00     763.00     762.90     762.70
     762.20     761.90     761.70     761.60     761.70     761.80     761.90     761.80     761.40     760.90
     760.90     761.40     762.20     762.90     763.40     764.10     765.10     766.10     766.90     767.20
     767.20     767.10     766.50     765.60     764.80     764.60     764.80     764.90     764.70     764.20
     764.00     764.10     764.20
     763.00     762.50     762.00     761.80     761.80     762.10     762.80     763.90     765.00     765.80
     766.10     766.00     765.80     765.80     765.70     765.40     765.10     765.10     765.10     765.00
     764.70     764.30     764.00     763.60     763.20     762.90     762.80     762.80     762.80     762.60
     762.60     762.90     763.50     763.80     763.70     763.30     763.10     763.10     762.90     762.50
     761.90     761.60     761.60     761.80     761.90     761.90     761.70     761.30     761.00     760.80
     760.90     761.30     761.80     762.20     762.70     763.50     764.50     765.40     765.80     765.80
     765.90     765.70     765.20     764.10     763.20     763.00     763.70     764.30     764.50     764.30
     764.20     764.30     764.40
     763.40     763.10     762.90     762.90     763.10     763.60     764.20     764.90     765.40     765.40
     764.70     763.90     763.40     763.20     763.00     762.80     762.50     762.50     762.70     762.80
     762.70     762.60     762.40     761.90     761.20     760.80     761.00     761.60     762.00     762.00
     762.00     762.10     762.50     762.70     762.60     762.40     762.40     762.40     762.20     761.90
     761.50     761.40     761.50     761.60     761.70     761.50     761.30     761.10     761.00     760.90
     760.80     760.80     760.80     761.00     761.70     762.80     764.00     764.80     764.80     764.40
     764.20     764.10     763.60     762.60     761.80     762.00     763.10     764.30     764.80     764.60
     764.20     763.90     763.50
     763.90     763.60     763.30     763.30     763.40     763.60     764.00     764.50     764.90     764.60
     763.60     762.40     761.60     761.20     761.10     761.00     760.90     760.70     760.60     760.50
     760.60     761.00     761.30     761.00     760.30     759.80     760.00     760.50     760.90     760.90
     760.70     760.70     760.90     761.10     761.00     760.90     761.00     761.10     761.20     761.10
     761.10     761.10     761.20     761.20     761.20     761.20     761.20     761.20     761.20     760.90
     760.70     760.40     760.20     760.50     761.30     762.60     763.80     764.30     764.00     763.40
     763.00     762.80     762.50     761.90     761.50     762.00     763.30     764.60     765.00     764.70
     764.00     763.30     762.60
     763.80     763.50     763.20     763.00     762.90     762.70     762.80     763.20     763.60     763.50
     762.70     761.50     760.60     760.20     760.30     760.40     760.30     759.90     759.30     758.70
     758.70     759.30     760.00     760.30     760.00     759.80     759.90     760.20     760.10     759.60
     759.20     759.20     759.50     759.70     759.70     759.70     759.90     760.00     760.20     760.30
     760.40     760.40     760.30     760.30     760.50     760.90     761.20     761.30     761.10     760.90
     760.80     760.70     760.80     761.00     761.50     762.40     763.20     763.50     763.30     762.90
     762.60     762.50     762.30     762.10     762.10     762.70     763.70     764.50     764.60     764.10
     763.40     762.70     762.20
     763.10     762.90     762.80     762.80     762.50     762.20     762.00     762.10     762.40     762.40
     761.80     760.80     760.00     759.70     760.00     760.30     760.10     759.50     758.50     757.60
     757.30     757.80     758.70     759.30     759.50     759.60     759.90     760.10     759.80     759.00
     758.50     758.50     758.90     759.10     759.10     759.20     759.40     759.50     759.50     759.50
     759.40     759.20     759.00     759.20     759.70     760.30     760.70     760.80     760.80     760.90
     761.20     761.70     761.90     761.90     761.90     762.00     762.20     762.50     762.70     762.70
     762.80     762.80     762.70     762.60     762.70     763.00     763.50     763.70     763.70     763.30
     762.70     762.30     761.90
     762.30     762.40     762.50     762.50     762.40     762.20     761.90     761.60     761.40     761.20
     760.80     760.10     759.50     759.50     759.80     760.00     759.70     759.00     758.10     757.20
     756.70     757.00     757.70     758.30     758.60     758.90     759.30     759.70     759.50     758.80
     758.40     758.40     758.60     758.70     758.70     758.80     759.00     759.10     759.00     758.90
     758.70     758.50     758.40     758.70     759.30     759.80     759.90     759.90     760.10     760.70
     761.50     762.20     762.50     762.40     762.00     761.70     761.70     761.90     762.40     762.70
     762.90     762.80     762.70     762.60     762.60     762.60     762.60     762.70     762.70     762.60
     762.30     761.90     761.40
     762.20     762.30     762.30     762.20     762.00     761.80     761.60     761.20     760.70     760.20
     759.90     759.50     759.30     759.40     759.60     759.70     759.30     758.60     757.80     757.10
     756.60     756.70     757.30     757.80     758.00     758.10     758.40     758.70     758.70     758.30
     758.00     757.90     757.90     757.80     757.80     758.00     758.20     758.30     758.40     758.40
     758.40     758.30     758.40     758.70     759.10     759.30     759.20     759.20     759.60     760.30
     761.20     761.80     762.00     761.90     761.70     761.50     761.50     761.60     761.90     762.20
     762.40     762.30     762.10     762.10     762.00     761.70     761.50     761.60     761.90     762.00
     761.80     761.30     760.80
     762.30     762.30     762.10     761.70     761.30     761.20     761.20     761.00     760.50     760.00
     759.70     759.50     759.30     759.30     759.40     759.40     758.90     758.30     757.60     757.10
     756.70     756.70     757.20     757.80     757.90     757.70     757.60     757.60     757.50     757.20
     756.90     756.80     756.60     756.50     756.60     757.00     757.30     757.60     757.70     758.00
     758.20     758.20     758.20     758.40     758.70     758.80     758.70     758.80     759.30     760.00
     760.60     760.80     760.90     760.90     761.00     761.00     760.90     760.70     760.90     761.20
     761.40     761.40     761.40     761.50     761.50     761.20     760.90     760.80     761.00     761.10
     760.90     760.60     760.30
     761.90     762.10     762.00     761.50     761.00     761.00     761.20     761.40     761.10     760.70
     760.20     759.80     759.40     759.20     759.20     759.20     758.80     758.20     757.70     757.20
     756.90     756.70     757.10     757.60     757.70     757.40     757.00     756.80     756.60     756.30
     756.00     755.80     755.80     755.80     756.00     756.50     756.90     757.20     757.50     757.90
     758.00     757.80     757.60     757.60     757.90     758.20     758.40     758.80     759.30     759.80
     760.20     760.20     760.20     760.30     760.40     760.30     760.00     759.70     759.80     760.20
     760.70     760.90     761.10     761.30     761.30     761.10     760.70     760.40     760.40     760.30
     760.10     760.00     760.10
     761.30     761.70     762.00     761.80     761.40     761.30     761.70     762.00     761.80     761.40
     760.90     760.30     759.70     759.30     759.20     759.10     758.70     758.10     757.70     757.50
     757.10     756.80     756.80     757.00     757.00     756.80     756.50     756.40     756.20     756.00
     755.70     755.60     755.60     755.80     756.00     756.30     756.70     757.10     757.60     758.10
     758.20     757.70     757.20     757.10     757.50     758.00     758.30     758.70     759.10     759.70
     760.00     760.00     760.00     760.10     760.20     760.10     759.80     759.60     759.70     760.20
     760.70     760.90     761.00     761.10     761.20     761.10     760.70     760.40     760.20     760.00
     759.90     759.90     760.10
