diamond 4 20年06月27日8时400百帕高度场
20 06 27  8  400 
2.500 -2.500  .0  180.0   90.0  .0
73  37
     701.30     701.30     701.30     701.30     701.30     701.30     701.30     701.30     701.30     701.30
     701.30     701.30     701.30     701.30     701.30     701.30     701.30     701.30     701.30     701.30
     701.30     701.30     701.30     701.30     701.30     701.30     701.30     701.30     701.30     701.30
     701.30     701.30     701.30     701.30     701.30     701.30     701.30     701.30     701.30     701.30
     701.30     701.30     701.30     701.30     701.30     701.30     701.30     701.30     701.30     701.30
     701.30     701.30     701.30     701.30     701.30     701.30     701.30     701.30     701.30     701.30
     701.30     701.30     701.30     701.30     701.30     701.30     701.30     701.30     701.30     701.30
     701.30     701.30     701.30
     703.40     703.00     702.70     702.30     701.90     701.60     701.30     700.90     700.60     700.30
     699.90     699.60     699.30     699.00     698.70     698.40     698.10     697.90     697.60     697.30
     697.10     696.80     696.60     696.40     696.20     696.00     695.80     695.60     695.50     695.30
     695.20     695.00     694.90     694.80     694.70     694.70     694.60     694.60     694.60     694.50
     694.60     694.60     694.60     694.70     694.80     694.90     695.00     695.10     695.30     695.50
     695.60     695.90     696.10     696.30     696.60     696.90     697.20     697.50     697.80     698.20
     698.50     698.90     699.30     699.70     700.10     700.60     701.00     701.40     701.90     702.40
     702.80     703.30     703.80
     709.20     708.70     708.20     707.70     707.10     706.60     706.10     705.50     705.00     704.50
     703.90     703.40     702.90     702.40     701.90     701.40     700.90     700.40     700.00     699.50
     699.10     698.70     698.30     697.90     697.50     697.20     696.90     696.50     696.20     695.90
     695.60     695.40     695.10     694.90     694.70     694.50     694.30     694.10     694.00     693.90
     693.80     693.70     693.70     693.70     693.70     693.80     693.90     694.00     694.20     694.40
     694.60     694.80     695.10     695.40     695.80     696.20     696.60     697.00     697.50     698.00
     698.50     699.10     699.70     700.30     701.00     701.70     702.40     703.20     704.00     704.80
     705.70     706.50     707.40
     715.00     714.50     714.10     713.60     713.10     712.60     712.00     711.40     710.80     710.10
     709.40     708.70     708.00     707.20     706.50     705.80     705.10     704.40     703.70     703.10
     702.60     702.00     701.60     701.10     700.70     700.40     700.00     699.70     699.40     699.20
     698.90     698.70     698.40     698.20     697.90     697.70     697.60     697.40     697.30     697.20
     697.10     697.10     697.10     697.10     697.20     697.40     697.50     697.70     698.00     698.20
     698.40     698.70     698.90     699.20     699.40     699.60     699.80     700.10     700.30     700.50
     700.80     701.10     701.40     701.80     702.20     702.70     703.30     704.00     704.70     705.50
     706.40     707.40     708.40
     717.80     717.70     717.60     717.40     717.20     716.80     716.30     715.80     715.10     714.30
     713.40     712.40     711.30     710.20     709.10     708.00     706.90     705.90     705.00     704.20
     703.50     702.90     702.50     702.20     702.00     701.80     701.80     701.70     701.70     701.80
     701.80     701.80     701.80     701.90     701.90     701.90     702.00     702.10     702.20     702.40
     702.60     702.90     703.30     703.70     704.20     704.70     705.30     705.80     706.30     706.80
     707.20     707.60     707.80     707.90     707.90     707.70     707.50     707.10     706.60     706.10
     705.50     705.00     704.40     704.00     703.60     703.40     703.30     703.40     703.60     704.10
     704.70     705.50     706.40
     718.40     718.70     718.90     719.00     719.00     718.90     718.60     718.10     717.30     716.40
     715.20     713.80     712.30     710.70     709.00     707.40     705.90     704.60     703.40     702.50
     701.80     701.40     701.20     701.20     701.40     701.70     702.10     702.60     703.10     703.60
     704.10     704.50     705.00     705.50     705.90     706.40     706.90     707.50     708.00     708.70
     709.40     710.20     711.10     712.00     713.00     714.00     715.10     716.10     717.00     717.80
     718.40     718.90     719.10     719.00     718.70     718.00     717.10     716.00     714.60     713.00
     711.40     709.70     708.00     706.30     704.90     703.70     702.70     702.00     701.70     701.60
     701.90     702.50     703.30
     719.60     719.90     720.10     720.30     720.30     720.10     719.70     719.10     718.10     716.80
     715.20     713.40     711.30     709.10     706.90     704.90     703.00     701.50     700.40     699.70
     699.30     699.40     699.70     700.30     701.00     701.80     702.70     703.60     704.40     705.30
     706.20     707.10     708.00     708.90     709.90     711.00     712.00     713.10     714.10     715.20
     716.30     717.40     718.50     719.70     720.90     722.10     723.30     724.50     725.60     726.50
     727.20     727.70     727.80     727.70     727.10     726.20     724.80     723.10     721.10     718.70
     716.10     713.40     710.60     707.80     705.20     702.90     701.00     699.50     698.60     698.10
     698.20     698.70     699.60
     723.30     723.40     723.40     723.20     722.90     722.40     721.60     720.40     718.90     717.00
     714.70     712.20     709.40     706.60     703.90     701.50     699.50     698.00     697.10     696.80
     697.10     697.70     698.70     699.80     700.90     702.00     703.00     704.00     704.90     705.80
     706.90     708.10     709.50     711.10     712.80     714.60     716.30     718.00     719.40     720.80
     721.90     722.90     723.90     724.80     725.70     726.60     727.60     728.50     729.40     730.20
     730.90     731.30     731.50     731.40     731.00     730.20     729.00     727.40     725.40     722.80
     719.80     716.50     712.80     709.00     705.20     701.60     698.40     695.80     693.90     692.70
     692.40     692.80     693.90
     728.40     728.70     728.70     728.50     727.90     727.00     725.70     724.10     721.90     719.40
     716.50     713.30     709.90     706.50     703.30     700.50     698.20     696.60     695.70     695.60
     696.00     696.90     697.90     699.10     700.10     700.90     701.60     702.20     702.80     703.70
     704.90     706.60     708.80     711.30     714.10     716.90     719.50     721.70     723.50     724.90
     725.70     726.30     726.70     727.00     727.30     727.80     728.40     729.10     729.80     730.50
     731.20     731.70     732.10     732.30     732.30     732.00     731.50     730.60     729.20     727.30
     724.60     721.20     717.20     712.60     707.60     702.50     697.60     693.30     689.80     687.40
     686.20     686.20     687.30
     732.50     733.50     734.10     734.30     734.10     733.40     732.20     730.60     728.50     726.00
     723.00     719.80     716.30     712.80     709.30     706.00     703.30     701.00     699.50     698.50
     698.20     698.20     698.40     698.70     698.90     698.90     698.90     699.00     699.30     700.30
     701.90     704.40     707.60     711.30     715.30     719.10     722.50     725.20     727.00     728.00
     728.40     728.30     728.00     727.70     727.50     727.70     728.20     728.90     729.80     730.60
     731.40     732.00     732.50     732.80     733.10     733.30     733.40     733.30     732.90     731.90
     730.20     727.60     724.00     719.50     714.10     708.20     702.10     696.30     691.20     687.30
     684.90     684.10     685.00
     734.20     735.90     737.30     738.30     738.90     739.00     738.70     738.00     736.80     735.20
     733.20     730.80     728.00     725.00     721.70     718.40     715.10     712.10     709.30     706.90
     704.90     703.30     701.80     700.60     699.50     698.50     697.80     697.60     698.00     699.30
     701.60     704.90     709.00     713.70     718.30     722.70     726.20     728.90     730.40     731.00
     730.80     730.10     729.30     728.50     728.00     728.00     728.40     729.20     730.20     731.30
     732.20     732.80     733.10     733.20     733.20     733.20     733.40     733.60     733.90     733.90
     733.40     732.30     730.20     727.10     722.90     717.80     712.10     706.30     700.70     696.00
     692.70     691.10     691.20
     734.00     736.00     737.90     739.50     740.90     742.00     742.70     743.20     743.30     743.10
     742.40     741.30     739.70     737.60     735.00     732.10     728.90     725.40     721.80     718.10
     714.50     711.10     707.90     705.10     702.80     701.10     700.10     700.00     700.80     702.70
     705.70     709.60     714.00     718.70     723.20     727.10     730.20     732.30     733.40     733.70
     733.30     732.50     731.40     730.30     729.40     728.80     728.80     729.30     730.20     731.20
     732.00     732.50     732.50     732.00     731.30     730.70     730.30     730.30     730.70     731.30
     731.90     732.30     732.30     731.50     729.80     727.10     723.50     719.30     714.70     710.50
     707.10     705.00     704.30
     733.30     735.50     737.60     739.40     741.00     742.40     743.60     744.70     745.80     746.60
     747.00     747.00     746.40     745.10     743.30     741.00     738.20     735.00     731.40     727.30
     722.90     718.40     714.00     710.00     706.80     704.70     703.80     704.20     705.80     708.60
     712.10     716.20     720.30     724.30     727.80     730.50     732.60     733.90     734.70     735.10
     735.20     734.90     734.20     733.10     731.60     730.20     729.20     728.80     729.00     729.70
     730.50     730.80     730.60     729.70     728.50     727.20     726.20     725.80     726.00     726.80
     728.00     729.40     730.80     731.90     732.40     732.10     730.90     728.80     726.10     723.10
     720.30     718.30     717.20
     732.60     735.60     738.00     739.60     740.60     741.40     742.20     743.30     744.70     746.20
     747.50     748.30     748.30     747.50     746.10     744.20     742.00     739.30     736.20     732.30
     727.70     722.60     717.20     712.10     708.10     705.70     705.10     706.40     709.20     713.00
     717.30     721.50     725.20     728.30     730.50     731.90     732.70     733.30     733.90     734.70
     735.70     736.50     736.70     736.00     734.30     732.10     730.00     728.50     727.90     728.20
     728.90     729.40     729.20     728.30     726.80     725.30     724.10     723.50     723.70     724.50
     725.80     727.40     729.10     730.80     732.10     732.80     732.80     731.90     730.40     728.60
     726.70     725.10     724.20
     731.90     736.10     739.00     740.40     740.50     740.10     740.00     740.70     742.40     744.60
     746.80     748.30     749.00     748.60     747.40     745.70     743.70     741.40     738.50     734.70
     729.90     724.00     717.40     711.10     706.00     703.10     702.80     705.10     709.30     714.40
     719.60     724.20     727.80     730.20     731.50     731.90     731.90     731.80     732.10     733.20
     735.00     736.90     738.20     738.30     736.90     734.40     731.50     729.10     727.90     727.90
     728.60     729.30     729.40     728.80     727.60     726.30     725.40     725.00     725.20     726.00
     727.00     728.30     729.50     730.70     731.50     731.80     731.50     730.70     729.40     728.00
     726.50     725.30     724.60
     732.00     737.10     740.40     741.50     740.90     739.70     738.90     739.40     741.20     743.90
     746.80     749.10     750.40     750.50     749.60     748.10     746.30     744.00     741.00     737.10
     731.80     725.00     717.30     709.60     703.40     699.90     699.70     702.80     708.20     714.50
     720.60     725.60     729.20     731.30     732.40     732.50     732.00     731.60     731.60     732.60
     734.60     737.10     739.10     739.90     739.00     736.50     733.40     730.70     729.00     728.70
     729.30     730.20     730.80     730.80     730.20     729.50     729.00     728.80     729.00     729.40
     729.90     730.50     731.20     731.70     731.80     731.40     730.30     728.80     727.10     725.40
     723.70     722.20     721.20
     734.20     739.20     742.40     743.50     742.80     741.60     740.80     741.20     742.90     745.40
     748.00     750.10     751.30     751.60     751.10     750.10     748.60     746.50     743.60     739.70
     734.30     727.30     719.20     711.00     704.20     700.30     700.00     703.40     709.20     716.00
     722.30     727.30     730.80     733.00     734.10     734.40     734.10     733.60     733.50     734.30
     736.10     738.50     740.60     741.50     740.70     738.50     735.40     732.60     730.70     730.00
     730.40     731.30     732.10     732.60     732.80     732.80     732.80     732.70     732.70     732.50
     732.40     732.30     732.40     732.60     732.30     731.50     729.90     727.90     725.70     723.40
     721.00     718.60     716.70
     738.80     742.50     745.20     746.40     746.40     745.90     745.60     746.00     747.10     748.50
     749.70     750.40     750.50     750.30     749.90     749.30     748.40     747.00     744.80     741.50
     737.00     731.10     724.00     716.70     710.40     706.50     705.90     708.70     713.80     719.90
     725.50     730.00     733.30     735.50     736.70     737.20     737.10     736.70     736.70     737.40
     739.10     741.20     742.90     743.40     742.30     740.00     737.20     734.50     732.60     731.60
     731.40     731.80     732.40     732.90     733.50     734.00     734.40     734.80     734.80     734.50
     734.00     733.60     733.40     733.20     732.90     731.80     730.00     727.50     724.80     721.80
     718.80     715.80     713.40
     744.00     746.10     748.10     749.50     750.20     750.40     750.60     750.90     751.30     751.60
     751.30     750.30     749.00     747.80     747.00     746.80     746.60     746.10     745.00     743.10
     740.20     736.20     731.30     725.90     721.00     717.50     716.40     717.90     721.20     725.60
     729.90     733.50     736.40     738.50     739.60     739.90     739.40     738.70     738.70     739.70
     741.70     743.80     745.20     745.20     743.70     741.20     738.60     736.20     734.40     733.10
     732.30     732.00     731.80     732.00     732.40     733.00     733.90     734.90     735.70     736.10
     736.00     735.80     735.50     735.10     734.40     733.00     730.70     727.50     724.10     720.70
     717.40     714.70     713.20
     748.20     749.20     750.60     752.00     752.80     753.10     753.00     752.90     752.90     752.80
     752.10     750.70     748.80     747.10     746.20     746.20     746.70     747.10     747.20     746.50
     745.00     742.80     739.80     736.40     733.00     730.20     728.70     728.60     729.80     732.00
     734.60     737.20     739.60     741.40     742.20     741.90     740.60     739.30     739.00     740.20
     742.70     745.40     746.90     746.80     745.10     742.60     740.00     737.90     736.20     734.90
     733.80     733.00     732.50     732.30     732.50     733.10     734.20     735.70     737.40     738.80
     739.60     739.90     739.70     739.10     738.00     736.10     733.00     729.10     724.80     720.90
     718.00     716.50     716.90
     751.30     751.90     753.10     754.30     754.80     754.40     753.30     752.40     752.20     752.50
     752.60     752.10     751.00     749.80     749.30     749.70     750.70     751.70     752.40     752.40
     751.70     750.30     748.40     746.10     743.80     741.70     740.00     738.90     738.50     738.80
     739.70     741.00     742.60     743.90     744.50     743.80     742.10     740.40     739.80     741.00
     743.60     746.50     748.50     748.70     747.40     745.10     742.80     740.70     739.10     737.90
     737.10     736.70     736.60     736.80     737.10     737.70     738.70     740.10     741.90     743.70
     744.90     745.50     745.30     744.60     743.20     741.00     737.50     733.10     728.30     724.30
     722.00     721.90     724.30
     754.50     755.30     756.50     757.50     757.40     756.10     754.20     752.60     752.10     752.80
     754.00     754.80     755.00     755.00     755.20     756.00     757.10     758.20     758.90     759.10
     758.60     757.40     755.90     754.20     752.50     750.90     749.30     747.80     746.60     745.70
     745.30     745.30     745.80     746.40     746.90     746.60     745.40     744.10     743.50     744.30
     746.30     748.70     750.50     751.20     750.70     749.20     747.40     745.50     744.00     743.20
     743.00     743.40     744.10     745.00     745.80     746.50     747.10     747.90     748.90     750.00
     750.90     751.20     750.90     750.10     748.70     746.70     743.60     739.50     735.10     731.50
     729.90     730.80     734.30
     758.50     759.40     760.30     760.80     760.40     758.80     756.80     755.20     754.80     755.60
     757.10     758.50     759.60     760.40     761.20     762.00     762.70     763.30     763.60     763.70
     763.50     762.80     761.80     760.50     759.10     757.80     756.40     755.00     753.60     752.30
     751.10     750.10     749.50     749.40     749.80     750.10     750.00     749.60     749.50     749.80
     750.70     751.90     752.90     753.70     754.00     753.70     752.80     751.60     750.50     750.10
     750.40     751.20     752.10     753.00     753.90     754.70     755.10     755.20     755.40     755.70
     756.00     756.10     755.60     754.80     753.80     752.30     750.10     747.20     744.10     741.70
     740.90     742.10     745.20
     762.60     763.00     763.20     762.90     762.10     761.00     759.80     759.20     759.30     760.00
     761.10     762.20     763.30     764.20     765.10     765.50     765.60     765.40     765.30     765.40
     765.70     765.70     765.30     764.60     763.60     762.40     761.20     759.90     758.70     757.50
     756.10     754.60     753.40     752.80     753.00     753.50     754.10     754.50     754.90     755.10
     755.20     755.10     755.10     755.50     756.30     757.00     757.20     756.80     756.30     756.30
     756.70     757.10     757.30     757.70     758.20     758.90     759.40     759.50     759.40     759.30
     759.50     759.50     759.20     758.70     758.00     757.10     756.00     754.60     753.20     752.30
     752.30     753.20     755.10
     765.30     765.10     764.30     763.20     762.30     761.90     762.00     762.50     763.00     763.60
     764.00     764.60     765.20     765.80     766.30     766.40     766.00     765.50     765.20     765.40
     766.00     766.40     766.50     766.10     765.40     764.50     763.40     762.30     761.30     760.20
     759.10     757.80     756.60     756.00     755.80     756.10     756.50     757.10     757.80     758.40
     758.30     757.80     757.10     757.10     757.90     758.90     759.60     759.80     759.80     759.90
     760.10     760.10     759.80     759.60     759.90     760.50     761.10     761.40     761.40     761.40
     761.50     761.50     761.40     761.10     760.80     760.50     760.20     759.90     759.90     760.20
     760.60     761.10     761.70
     766.20     765.50     764.10     762.80     762.10     762.40     763.30     764.20     764.60     764.70
     764.60     764.70     765.00     765.50     765.80     765.70     765.40     765.00     764.90     765.10
     765.40     765.60     765.50     765.30     764.90     764.30     763.50     762.50     761.60     760.70
     759.90     759.10     758.40     758.10     758.10     758.10     758.20     758.50     759.10     759.80
     760.10     759.80     759.20     759.00     759.50     760.30     760.90     761.20     761.30     761.40
     761.50     761.60     761.40     761.40     761.70     762.30     762.80     762.90     762.90     762.70
     762.50     762.20     761.90     761.80     761.90     762.10     762.30     762.60     763.00     763.60
     764.20     764.40     764.40
     765.70     764.70     763.40     762.40     762.30     763.00     763.80     764.20     763.90     763.40
     763.10     763.20     763.60     764.10     764.40     764.50     764.40     764.40     764.40     764.50
     764.40     764.10     763.90     763.60     763.40     763.00     762.30     761.60     760.80     760.20
     759.70     759.30     759.20     759.40     759.70     759.90     759.90     760.00     760.30     760.70
     760.90     760.90     760.70     760.70     761.00     761.30     761.70     762.00     762.20     762.30
     762.30     762.50     762.90     763.30     763.80     764.10     764.20     764.10     763.90     763.40
     762.50     761.50     760.90     760.90     761.60     762.50     763.10     763.40     763.70     764.00
     764.40     764.50     764.50
     764.60     763.60     762.60     762.00     762.20     762.70     763.00     762.60     761.70     761.00
     760.70     761.00     761.70     762.40     762.90     763.10     763.20     763.30     763.30     763.30
     763.00     762.70     762.50     762.50     762.40     761.90     761.20     760.50     760.00     759.80
     759.60     759.50     759.70     760.10     760.60     761.10     761.40     761.50     761.40     761.10
     760.80     760.80     761.10     761.40     761.60     761.70     762.00     762.50     762.90     763.00
     762.90     763.00     763.30     763.80     764.10     764.00     763.80     763.70     763.60     763.00
     761.60     760.10     759.30     759.60     761.00     762.50     763.50     763.90     763.90     763.80
     763.80     763.80     764.00
     763.70     762.70     761.80     761.30     761.20     761.10     760.70     759.90     759.20     758.90
     758.90     759.40     760.00     760.80     761.40     761.70     761.70     761.60     761.70     761.70
     761.50     761.40     761.50     761.80     761.70     761.10     760.20     759.60     759.40     759.60
     759.80     760.00     760.10     760.40     760.70     761.20     761.60     761.70     761.40     760.70
     760.10     760.00     760.50     761.10     761.20     761.20     761.40     762.20     763.10     763.30
     763.10     762.70     762.60     762.70     762.60     762.20     762.00     762.30     762.40     761.90
     760.40     758.80     758.10     758.80     760.60     762.50     763.80     764.30     764.30     763.90
     763.60     763.50     763.60
     762.80     762.00     761.20     760.50     759.90     759.20     758.40     757.90     757.90     758.20
     758.50     758.80     759.10     759.60     760.10     760.30     760.30     760.20     760.30     760.40
     760.20     760.10     760.10     760.40     760.40     759.90     759.20     758.80     758.80     759.20
     759.60     759.80     759.90     760.00     760.10     760.20     760.50     760.60     760.50     760.00
     759.50     759.60     760.20     760.70     760.70     760.50     760.70     761.50     762.50     762.90
     762.60     762.20     762.00     761.90     761.60     761.30     761.10     761.40     761.50     760.80
     759.40     758.00     757.60     758.60     760.40     762.20     763.40     764.00     764.10     763.80
     763.40     763.20     763.10
     761.90     761.30     760.70     760.00     759.20     758.40     757.70     757.60     758.00     758.70
     759.00     758.90     758.80     759.00     759.20     759.30     759.20     759.20     759.50     759.60
     759.30     758.70     758.30     758.30     758.40     758.40     758.20     758.10     758.30     758.50
     758.70     758.80     758.80     758.90     759.00     759.10     759.20     759.40     759.60     759.60
     759.50     759.80     760.20     760.60     760.50     760.30     760.40     761.00     761.70     762.00
     761.90     761.70     761.80     762.00     762.00     761.80     761.50     761.30     761.00     760.20
     759.00     758.00     758.00     759.00     760.50     761.70     762.50     762.90     763.10     763.00
     762.60     762.40     762.30
     761.00     760.70     760.40     759.80     759.20     758.50     758.10     758.10     758.50     759.10
     759.30     759.10     758.80     758.70     758.70     758.60     758.40     758.50     758.80     759.00
     758.50     757.60     756.90     756.70     757.00     757.40     757.60     757.70     757.70     757.70
     757.70     757.50     757.60     757.70     758.00     758.30     758.60     759.00     759.30     759.60
     759.70     759.90     760.00     760.10     760.10     760.20     760.40     760.70     760.90     761.00
     760.90     761.10     761.40     761.90     762.30     762.20     761.70     761.10     760.40     759.80
     759.30     759.00     759.20     760.00     760.90     761.50     761.90     762.00     762.10     762.00
     761.80     761.50     761.50
     760.40     760.40     760.20     759.70     759.20     758.70     758.40     758.40     758.60     758.80
     758.80     758.60     758.40     758.30     758.20     757.90     757.60     757.60     757.80     757.90
     757.60     756.90     756.40     756.40     756.80     757.10     757.30     757.20     757.10     757.10
     757.10     757.00     756.80     756.90     757.20     757.80     758.40     758.80     759.20     759.40
     759.50     759.40     759.30     759.20     759.30     759.70     760.10     760.30     760.20     760.10
     760.00     760.20     760.50     760.90     761.40     761.50     761.10     760.40     759.90     759.90
     760.20     760.40     760.60     760.90     761.20     761.60     761.70     761.80     761.80     761.70
     761.40     761.00     760.90
     760.00     760.10     760.10     759.60     759.00     758.60     758.40     758.40     758.40     758.40
     758.20     757.90     757.80     757.70     757.60     757.40     757.00     756.80     756.90     757.00
     756.90     756.60     756.50     756.60     756.80     756.90     756.80     756.50     756.30     756.50
     756.80     756.90     756.70     756.40     756.60     757.20     757.90     758.40     758.70     758.80
     758.90     758.80     758.60     758.50     758.70     759.00     759.40     759.60     759.60     759.60
     759.70     759.70     759.70     759.90     760.30     760.60     760.50     760.00     759.90     760.30
     760.90     761.20     761.10     761.00     761.10     761.30     761.50     761.60     761.60     761.40
     761.20     760.80     760.50
     759.30     759.50     759.70     759.40     758.90     758.50     758.40     758.50     758.60     758.50
     758.00     757.50     757.30     757.40     757.40     757.20     756.80     756.50     756.50     756.60
     756.60     756.50     756.30     756.20     756.00     755.90     755.80     755.60     755.50     755.70
     756.20     756.50     756.40     756.20     756.20     756.60     757.30     757.80     758.10     758.30
     758.30     758.40     758.40     758.40     758.60     758.80     759.10     759.20     759.40     759.60
     759.80     759.90     759.80     759.80     760.20     760.50     760.50     760.20     760.10     760.30
     760.70     760.90     760.60     760.40     760.50     760.70     761.00     761.00     760.90     760.80
     760.70     760.50     760.30
     758.60     758.70     759.00     759.10     758.80     758.50     758.40     758.70     758.80     758.50
     757.90     757.20     757.10     757.30     757.40     757.20     756.80     756.60     756.70     756.80
     756.70     756.40     756.00     755.50     755.00     754.90     755.00     755.10     755.10     755.20
     755.40     755.80     756.00     756.00     756.20     756.50     757.00     757.50     757.90     758.10
     758.20     758.30     758.30     758.50     758.80     759.00     759.30     759.40     759.40     759.60
     759.80     760.00     760.00     760.10     760.30     760.50     760.50     760.20     760.10     760.10
     760.10     760.10     760.00     760.10     760.30     760.50     760.70     760.60     760.30     760.10
     760.10     760.20     760.20
     758.40     758.20     758.50     758.80     758.70     758.40     758.30     758.30     758.30     757.80
     757.10     756.60     756.70     757.10     757.20     756.90     756.60     756.70     757.00     757.10
     756.90     756.60     756.10     755.50     754.90     754.70     754.90     755.10     755.10     755.00
     755.10     755.50     755.90     756.20     756.50     756.70     757.00     757.40     758.00     758.40
     758.50     758.30     758.20     758.40     758.90     759.40     759.70     759.80     759.60     759.50
     759.40     759.60     759.80     760.00     760.20     760.20     760.20     760.20     760.20     760.20
     760.00     759.80     759.90     760.20     760.50     760.70     760.80     760.70     760.40     760.10
     759.90     760.00     760.20
