diamond 4 20年06月26日20时400百帕高度场
20 06 26  20  400 
2.500 -2.500  .0  180.0   90.0  .0
73  37
     704.00     704.00     704.00     704.00     704.00     704.00     704.00     704.00     704.00     704.00
     704.00     704.00     704.00     704.00     704.00     704.00     704.00     704.00     704.00     704.00
     704.00     704.00     704.00     704.00     704.00     704.00     704.00     704.00     704.00     704.00
     704.00     704.00     704.00     704.00     704.00     704.00     704.00     704.00     704.00     704.00
     704.00     704.00     704.00     704.00     704.00     704.00     704.00     704.00     704.00     704.00
     704.00     704.00     704.00     704.00     704.00     704.00     704.00     704.00     704.00     704.00
     704.00     704.00     704.00     704.00     704.00     704.00     704.00     704.00     704.00     704.00
     704.00     704.00     704.00
     709.80     709.60     709.30     709.10     708.90     708.60     708.40     708.10     707.90     707.60
     707.40     707.10     706.80     706.60     706.30     706.00     705.80     705.50     705.20     705.00
     704.70     704.50     704.20     704.00     703.80     703.50     703.30     703.10     702.80     702.60
     702.40     702.20     702.00     701.80     701.70     701.50     701.30     701.10     701.00     700.80
     700.60     700.50     700.30     700.20     700.00     699.90     699.80     699.60     699.50     699.30
     699.20     699.10     699.00     698.90     698.80     698.70     698.60     698.50     698.40     698.40
     698.30     698.30     698.30     698.20     698.30     698.30     698.30     698.40     698.50     698.60
     698.70     698.90     699.00
     714.50     714.20     713.80     713.40     713.00     712.50     712.10     711.60     711.10     710.70
     710.20     709.70     709.10     708.60     708.10     707.60     707.10     706.60     706.10     705.60
     705.10     704.70     704.30     703.80     703.40     703.10     702.70     702.40     702.10     701.90
     701.70     701.50     701.30     701.20     701.00     701.00     700.90     700.80     700.80     700.70
     700.70     700.70     700.60     700.60     700.50     700.40     700.30     700.20     700.10     699.90
     699.70     699.50     699.20     698.90     698.60     698.30     698.00     697.60     697.30     697.00
     696.70     696.40     696.10     695.90     695.70     695.50     695.40     695.40     695.40     695.50
     695.70     695.90     696.20
     716.90     716.70     716.40     716.00     715.60     715.10     714.60     714.10     713.50     712.90
     712.20     711.50     710.80     710.00     709.30     708.60     707.80     707.10     706.40     705.60
     705.00     704.30     703.70     703.10     702.60     702.10     701.70     701.30     701.00     700.70
     700.60     700.50     700.50     700.60     700.70     700.90     701.20     701.50     701.90     702.30
     702.80     703.20     703.70     704.10     704.50     704.80     705.10     705.30     705.40     705.40
     705.30     705.00     704.70     704.30     703.70     703.10     702.30     701.60     700.70     699.80
     699.00     698.10     697.30     696.50     695.80     695.30     694.80     694.50     694.30     694.20
     694.40     694.60     695.10
     717.00     717.00     716.90     716.70     716.50     716.10     715.60     715.00     714.30     713.60
     712.80     712.00     711.20     710.30     709.50     708.60     707.80     707.00     706.20     705.50
     704.80     704.10     703.50     702.90     702.40     701.90     701.50     701.20     700.90     700.80
     700.70     700.80     701.00     701.30     701.70     702.30     703.10     703.90     704.80     705.90
     707.00     708.10     709.20     710.30     711.30     712.30     713.10     713.70     714.20     714.50
     714.50     714.30     713.90     713.30     712.40     711.30     710.10     708.60     707.00     705.30
     703.60     701.80     700.10     698.40     696.90     695.60     694.40     693.50     692.90     692.60
     692.60     692.90     693.40
     715.80     716.00     716.00     715.80     715.40     714.90     714.30     713.50     712.70     711.80
     710.80     709.90     708.90     708.00     707.20     706.40     705.70     705.20     704.70     704.20
     703.90     703.60     703.40     703.30     703.10     703.00     703.00     703.00     703.00     703.10
     703.30     703.70     704.10     704.80     705.50     706.50     707.60     708.80     710.20     711.70
     713.20     714.80     716.40     718.00     719.50     720.80     722.00     722.90     723.60     724.10
     724.20     724.10     723.60     722.80     721.60     720.20     718.40     716.30     713.90     711.40
     708.60     705.80     702.90     700.10     697.50     695.00     692.90     691.20     690.00     689.20
     688.90     689.10     689.70
     715.60     715.60     715.40     714.90     714.10     713.20     712.20     711.00     709.80     708.50
     707.30     706.10     705.00     704.10     703.20     702.60     702.10     701.80     701.70     701.70
     701.90     702.30     702.70     703.20     703.70     704.20     704.70     705.20     705.80     706.40
     707.10     707.80     708.70     709.70     710.80     712.10     713.50     715.00     716.50     718.20
     719.90     721.60     723.20     724.80     726.30     727.60     728.80     729.70     730.40     730.80
     731.00     730.80     730.30     729.50     728.40     726.90     725.00     722.70     720.10     717.00
     713.60     709.90     706.10     702.10     698.20     694.50     691.20     688.40     686.20     684.80
     684.10     684.10     684.90
     718.50     718.20     717.70     716.90     715.80     714.60     713.20     711.70     710.20     708.70
     707.30     705.90     704.60     703.40     702.40     701.60     701.00     700.70     700.60     700.70
     701.10     701.60     702.30     703.00     703.80     704.50     705.40     706.20     707.10     708.10
     709.30     710.50     711.90     713.40     715.00     716.60     718.20     719.80     721.40     723.00
     724.50     725.90     727.30     728.60     729.80     730.90     731.80     732.60     733.20     733.50
     733.70     733.60     733.30     732.80     732.00     730.90     729.50     727.70     725.50     722.60
     719.30     715.30     710.80     706.00     701.00     696.10     691.50     687.60     684.40     682.20
     681.00     680.90     681.70
     724.00     724.10     723.90     723.30     722.40     721.30     720.10     718.80     717.50     716.10
     714.70     713.40     712.00     710.60     709.30     708.00     706.90     705.90     705.10     704.60
     704.20     704.10     704.10     704.20     704.40     704.60     705.00     705.60     706.40     707.50
     708.90     710.70     712.60     714.80     717.00     719.10     721.00     722.70     724.10     725.40
     726.50     727.50     728.40     729.40     730.30     731.30     732.20     733.00     733.70     734.10
     734.40     734.40     734.30     734.00     733.70     733.10     732.50     731.50     730.10     728.10
     725.30     721.80     717.50     712.40     706.90     701.20     695.70     690.80     686.80     684.00
     682.40     682.10     682.80
     730.10     731.20     731.90     732.10     732.00     731.60     731.00     730.30     729.50     728.70
     727.70     726.60     725.30     723.80     722.20     720.30     718.40     716.40     714.50     712.70
     711.00     709.60     708.20     707.00     705.90     705.00     704.40     704.20     704.50     705.50
     707.20     709.50     712.30     715.30     718.30     721.00     723.30     725.00     726.30     727.10
     727.60     728.00     728.50     729.00     729.80     730.70     731.80     732.80     733.80     734.50
     734.90     735.00     734.90     734.60     734.20     733.80     733.50     733.20     732.60     731.70
     730.00     727.50     724.00     719.60     714.50     709.00     703.50     698.50     694.20     691.20
     689.30     688.70     689.10
     734.70     736.70     738.20     739.30     740.10     740.50     740.70     740.70     740.60     740.30
     739.80     739.00     738.00     736.60     734.80     732.60     730.00     727.20     724.10     721.00
     718.00     715.10     712.30     709.70     707.30     705.30     703.70     702.80     702.90     703.90
     706.00     709.10     712.80     716.70     720.60     723.90     726.50     728.30     729.20     729.60
     729.50     729.30     729.10     729.10     729.50     730.20     731.10     732.30     733.40     734.40
     734.90     735.00     734.60     733.90     733.10     732.50     732.10     731.90     731.90     731.90
     731.40     730.30     728.40     725.50     721.70     717.50     713.10     708.90     705.20     702.50
     700.60     699.60     699.20
     736.90     739.20     741.20     742.80     744.20     745.20     746.00     746.50     746.80     746.90
     746.80     746.40     745.70     744.50     742.80     740.60     737.70     734.30     730.50     726.50
     722.30     718.20     714.30     710.70     707.60     705.00     703.20     702.30     702.50     704.00
     706.80     710.70     715.20     719.80     724.20     727.80     730.40     732.00     732.70     732.80
     732.40     731.70     731.00     730.30     729.90     729.80     730.10     730.80     731.80     732.70
     733.20     733.20     732.70     731.70     730.40     729.30     728.60     728.40     728.80     729.40
     730.00     730.30     730.00     728.90     727.10     724.80     722.10     719.30     716.80     714.70
     712.90     711.40     710.10
     737.60     739.70     741.60     743.40     744.90     746.30     747.40     748.30     749.00     749.40
     749.70     749.60     749.20     748.20     746.70     744.60     741.70     738.10     733.80     729.10
     724.00     719.00     714.20     710.00     706.70     704.30     703.00     702.90     704.10     706.50
     710.10     714.50     719.20     723.90     728.00     731.20     733.40     734.70     735.40     735.50
     735.30     734.80     733.90     732.70     731.30     730.10     729.30     729.00     729.40     730.00
     730.60     730.70     730.10     729.00     727.60     726.20     725.40     725.10     725.60     726.60
     728.00     729.20     730.20     730.70     730.50     729.70     728.40     726.90     725.20     723.50
     721.90     720.10     718.00
     737.50     739.60     741.30     742.90     744.20     745.40     746.50     747.70     748.90     750.00
     750.90     751.40     751.30     750.50     749.00     746.80     743.90     740.10     735.60     730.40
     724.60     718.60     713.10     708.50     705.30     703.60     703.60     705.00     707.60     711.10
     715.30     719.70     724.10     728.10     731.20     733.40     734.80     735.70     736.30     737.00
     737.50     737.70     737.20     735.90     733.80     731.60     729.60     728.40     728.10     728.50
     729.10     729.40     729.10     728.10     726.70     725.40     724.40     724.20     724.60     725.60
     727.10     728.80     730.30     731.50     732.00     731.80     731.00     729.60     728.10     726.40
     724.80     723.10     721.10
     737.40     739.70     741.40     742.30     742.80     743.20     744.00     745.30     747.20     749.30
     751.20     752.50     752.90     752.20     750.60     748.30     745.20     741.50     736.90     731.30
     725.00     718.40     712.30     707.40     704.50     703.80     705.30     708.30     712.30     716.70
     721.10     725.20     728.70     731.40     733.20     734.20     734.70     735.10     735.90     737.10
     738.60     739.70     739.90     738.90     736.70     733.90     731.20     729.50     728.90     729.30
     730.10     730.70     730.60     729.90     728.70     727.40     726.50     726.00     726.10     726.70
     727.80     729.30     730.80     731.90     732.30     731.70     730.30     728.40     726.30     724.40
     722.80     721.60     720.60
     737.90     740.70     742.10     742.20     741.50     740.80     740.80     742.00     744.50     747.50
     750.50     752.60     753.50     753.00     751.50     749.10     746.10     742.50     738.10     732.60
     726.30     719.50     713.10     708.20     705.70     705.80     708.40     712.60     717.40     722.10
     726.20     729.50     732.00     733.50     734.20     734.20     734.00     734.10     735.00     736.60
     738.60     740.40     741.20     740.60     738.70     736.00     733.40     731.60     731.00     731.50
     732.50     733.40     733.60     733.20     732.40     731.40     730.50     729.80     729.30     729.20
     729.60     730.50     731.50     732.20     732.00     730.80     728.60     725.90     723.30     721.20
     719.80     719.30     719.30
     739.50     742.50     743.70     743.30     741.80     740.30     739.80     740.80     743.30     746.60
     749.70     752.00     753.00     752.70     751.50     749.60     747.00     743.80     739.90     734.90
     729.00     722.60     716.50     711.90     709.70     710.30     713.30     717.70     722.40     726.70
     730.10     732.70     734.40     735.20     735.20     734.70     734.20     734.20     735.10     736.90
     738.90     740.80     741.70     741.40     739.90     737.60     735.30     733.70     733.20     733.60
     734.50     735.30     735.70     735.70     735.50     735.20     734.70     734.10     733.30     732.50
     732.20     732.30     732.70     732.70     732.00     730.10     727.40     724.40     721.70     719.60
     718.40     718.10     718.80
     741.90     744.70     746.10     745.80     744.50     743.10     742.60     743.60     745.70     748.20
     750.20     751.30     751.60     751.30     750.60     749.60     748.00     745.70     742.50     738.40
     733.40     727.80     722.50     718.50     716.60     717.10     719.70     723.30     727.10     730.50
     733.30     735.40     736.90     737.50     737.30     736.60     736.10     736.30     737.40     739.10
     741.00     742.30     742.70     742.20     740.80     738.90     736.80     735.30     734.50     734.40
     734.80     735.20     735.50     735.70     736.20     736.80     737.30     737.30     736.80     736.00
     735.20     734.80     734.50     733.90     732.50     730.30     727.40     724.40     721.60     719.30
     717.70     717.20     718.10
     744.40     747.00     748.60     748.90     748.30     747.70     747.80     748.90     750.40     751.40
     751.50     750.70     749.70     749.10     749.00     749.10     748.90     747.90     745.90     742.90
     739.00     734.60     730.30     726.90     725.20     725.30     726.90     729.30     731.80     734.20
     736.40     738.40     739.90     740.60     740.20     739.30     738.80     739.30     740.80     742.80
     744.40     745.00     744.70     743.60     741.90     740.00     738.00     736.30     735.00     734.40
     734.10     733.90     733.80     734.10     735.00     736.60     738.30     739.60     740.00     739.70
     739.00     738.20     737.20     735.80     733.70     731.10     728.10     724.90     721.70     718.60
     716.10     715.00     716.20
     747.10     749.30     751.00     751.60     751.50     751.30     751.70     752.80     753.80     753.90
     752.60     750.50     748.50     747.60     748.10     749.40     750.50     750.90     750.30     748.60
     746.00     742.80     739.40     736.50     734.70     734.30     734.90     736.00     737.20     738.50
     740.10     741.80     743.10     743.40     742.60     741.40     740.80     741.50     743.50     745.90
     747.50     747.70     746.80     745.30     743.40     741.40     739.40     737.50     736.10     735.30
     734.80     734.30     733.90     734.00     735.20     737.40     740.10     742.60     744.10     744.60
     744.20     743.00     741.20     738.80     735.90     732.70     729.40     725.80     721.90     717.90
     714.80     713.70     715.60
     750.40     752.30     753.60     754.00     753.60     753.10     753.20     753.80     754.60     754.60
     753.50     751.60     749.90     749.50     750.50     752.40     754.40     755.80     756.20     755.60
     754.10     751.80     749.10     746.60     744.80     743.80     743.50     743.50     743.60     744.00
     744.60     745.40     745.90     745.50     744.20     742.70     742.00     742.80     744.90     747.40
     749.00     749.40     748.60     747.20     745.60     743.90     742.20     740.70     739.70     739.30
     739.20     738.90     738.60     738.60     739.60     741.80     744.80     747.70     749.90     750.80
     750.60     749.10     746.70     743.40     739.80     736.00     732.20     728.20     724.00     720.10
     717.40     717.30     720.60
     754.50     756.00     756.80     756.70     755.80     754.60     753.90     754.00     754.60     755.20
     755.30     755.00     754.70     755.10     756.50     758.40     760.40     761.90     762.70     762.60
     761.80     760.20     758.20     756.10     754.30     752.90     751.90     751.20     750.60     750.10
     749.70     749.40     748.80     747.70     746.30     744.90     744.30     744.90     746.60     748.60
     750.10     750.70     750.40     749.80     749.00     748.00     747.00     746.20     745.90     746.20
     746.70     747.00     746.90     746.80     747.50     749.10     751.50     753.90     755.80     756.70
     756.50     755.10     752.60     749.20     745.40     741.50     737.60     733.70     730.00     727.20
     726.00     727.50     731.70
     758.90     759.80     760.00     759.50     758.40     757.10     756.10     755.80     756.30     757.40
     758.60     759.70     760.80     761.90     763.20     764.60     765.80     766.70     767.20     767.30
     766.90     765.90     764.60     763.10     761.60     760.10     758.80     757.60     756.60     755.70
     754.80     753.60     752.30     751.00     750.00     749.20     749.00     749.30     750.10     751.20
     752.10     752.70     753.00     753.10     753.00     753.00     752.80     752.70     753.00     753.60
     754.30     754.80     754.90     754.80     755.10     756.10     757.40     758.80     759.80     760.30
     760.10     759.20     757.40     754.90     752.00     748.80     745.40     742.20     739.50     738.10
     738.60     740.90     744.80
     762.80     762.80     762.30     761.60     760.80     760.10     759.60     759.50     759.90     761.00
     762.50     764.00     765.30     766.40     767.30     767.80     768.10     768.30     768.50     768.70
     768.70     768.30     767.60     766.70     765.60     764.30     762.90     761.60     760.60     759.80
     758.80     757.50     756.10     755.00     754.40     754.30     754.50     754.60     754.70     754.80
     755.20     755.70     756.00     756.30     756.60     757.00     757.50     757.90     758.20     758.60
     759.00     759.30     759.40     759.60     759.80     760.30     760.90     761.30     761.60     761.60
     761.50     761.10     760.30     759.10     757.50     755.60     753.40     751.20     749.60     749.30
     750.30     752.30     754.80
     765.40     764.80     763.70     762.70     762.30     762.30     762.60     763.10     763.80     764.70
     765.70     766.60     767.30     767.90     768.20     768.20     768.00     767.80     768.00     768.30
     768.60     768.40     768.00     767.40     766.60     765.70     764.60     763.50     762.70     762.10
     761.40     760.40     759.30     758.40     758.00     758.00     758.20     758.10     757.90     757.90
     758.10     758.50     758.80     758.80     758.90     759.40     760.10     760.70     760.90     760.70
     760.60     760.60     761.00     761.40     761.90     762.40     762.70     762.80     762.70     762.60
     762.40     762.10     761.70     761.20     760.70     759.90     758.80     757.70     757.00     757.10
     757.80     758.80     759.70
     766.50     765.70     764.50     763.40     763.00     763.30     764.00     765.00     765.90     766.80
     767.30     767.50     767.50     767.50     767.60     767.50     767.20     767.10     767.30     767.70
     768.00     767.80     767.20     766.60     766.10     765.50     764.80     764.00     763.30     762.90
     762.50     762.10     761.40     760.70     760.20     759.90     759.70     759.60     759.50     759.60
     760.10     760.60     760.80     760.60     760.40     760.70     761.30     761.80     761.80     761.40
     761.10     761.20     761.70     762.40     763.10     763.60     763.80     764.00     764.00     763.90
     763.60     763.00     762.30     761.70     761.30     761.20     761.00     760.70     760.50     760.60
     760.90     761.20     761.40
     766.40     765.90     764.80     763.70     763.20     763.30     763.90     764.80     765.80     766.60
     767.00     766.90     766.60     766.40     766.50     766.70     766.60     766.40     766.50     766.80
     766.90     766.60     766.10     765.50     765.10     764.70     764.20     763.70     763.10     762.80
     762.70     762.70     762.60     762.30     761.70     761.20     760.80     760.60     760.60     760.80
     761.20     761.70     761.90     761.70     761.40     761.40     761.80     762.20     762.20     761.90
     761.70     762.00     762.60     763.30     763.80     764.10     764.30     764.40     764.60     764.50
     764.10     763.10     762.10     761.20     760.90     761.10     761.50     761.70     761.60     761.60
     761.60     761.80     762.10
     765.70     765.30     764.30     763.30     762.60     762.70     763.10     763.60     764.20     764.70
     765.10     765.00     764.70     764.50     764.80     765.10     765.20     765.10     764.90     764.90
     764.90     764.80     764.50     764.30     764.10     763.70     763.30     762.80     762.40     762.20
     762.20     762.60     763.00     763.20     763.00     762.60     762.20     762.00     761.90     761.80
     761.80     761.90     762.00     762.00     761.70     761.60     761.70     761.90     762.10     762.10
     762.20     762.50     763.10     763.60     763.80     763.70     763.60     763.60     763.70     763.50
     762.80     761.70     760.70     760.20     760.60     761.40     762.30     762.70     762.60     762.20
     761.90     762.00     762.30
     764.90     764.30     763.20     762.20     761.70     761.90     762.20     762.40     762.50     762.70
     762.80     762.70     762.30     762.10     762.40     762.90     763.20     763.20     763.00     762.90
     762.90     762.80     762.80     762.90     762.80     762.50     762.00     761.60     761.40     761.30
     761.40     761.90     762.60     763.10     763.20     763.10     763.00     762.90     762.70     762.30
     761.80     761.50     761.50     761.50     761.40     761.20     761.10     761.30     761.60     761.80
     762.10     762.30     762.70     763.00     763.10     763.00     762.80     762.60     762.30     761.70
     760.80     759.60     758.80     759.10     760.30     762.00     763.40     764.00     763.70     763.00
     762.30     762.00     762.00
     764.00     763.30     762.20     761.30     761.00     761.30     761.70     761.70     761.60     761.40
     761.40     761.10     760.60     760.30     760.50     761.10     761.60     761.90     762.00     762.00
     761.80     761.40     761.10     761.10     761.20     761.00     760.60     760.40     760.40     760.30
     760.40     760.70     761.30     761.90     762.20     762.30     762.30     762.40     762.30     761.90
     761.40     761.00     761.00     761.00     761.00     760.80     760.70     760.80     761.20     761.50
     761.70     761.80     762.00     762.40     762.70     762.70     762.50     762.20     761.80     761.00
     759.80     758.50     757.80     758.40     760.10     762.10     763.60     764.20     763.90     763.30
     762.50     761.80     761.40
     762.90     762.40     761.80     761.20     760.80     760.90     761.20     761.20     761.10     760.90
     760.80     760.40     759.90     759.50     759.70     760.30     760.90     761.40     761.80     761.90
     761.40     760.40     759.60     759.20     759.20     759.30     759.30     759.30     759.30     759.20
     759.10     759.20     759.80     760.40     760.80     761.00     761.00     761.10     761.10     761.00
     760.90     760.80     760.90     760.90     760.80     760.70     760.60     760.80     761.10     761.40
     761.50     761.60     761.80     762.10     762.40     762.50     762.40     762.10     761.90     761.40
     760.50     759.30     758.60     759.00     760.30     761.70     762.70     763.00     763.00     762.60
     762.00     761.40     761.00
     761.60     761.60     761.50     761.20     760.70     760.50     760.50     760.50     760.50     760.40
     760.30     760.00     759.50     759.30     759.60     760.10     760.50     760.90     761.30     761.40
     760.90     759.70     758.50     757.90     757.90     758.10     758.40     758.50     758.30     758.10
     757.90     758.00     758.60     759.30     759.90     760.20     760.20     760.20     760.20     760.20
     760.40     760.60     760.70     760.70     760.50     760.40     760.40     760.70     761.00     761.10
     761.30     761.50     761.70     761.90     762.00     762.00     761.80     761.70     761.70     761.80
     761.60     761.00     760.50     760.50     761.00     761.60     761.90     761.80     761.80     761.70
     761.30     760.80     760.60
     760.70     760.70     760.90     760.70     760.20     759.80     759.70     759.80     759.80     759.80
     759.70     759.50     759.10     759.00     759.40     759.80     760.10     760.10     760.20     760.20
     759.80     759.00     758.30     757.90     757.80     757.90     757.90     757.90     757.60     757.30
     757.10     757.30     757.90     758.50     759.20     759.60     759.70     759.60     759.40     759.40
     759.60     759.80     759.90     759.70     759.60     759.60     759.80     760.20     760.40     760.60
     760.80     761.10     761.30     761.30     761.30     761.20     761.10     761.20     761.30     761.70
     762.00     762.00     761.80     761.60     761.70     761.80     761.60     761.40     761.30     761.30
     760.90     760.50     760.30
     760.20     760.10     760.10     759.90     759.60     759.30     759.30     759.40     759.50     759.40
     759.40     759.20     759.00     758.90     759.20     759.50     759.70     759.60     759.40     759.00
     758.80     758.60     758.60     758.50     758.30     757.90     757.70     757.50     757.20     757.00
     756.90     757.10     757.50     757.90     758.30     758.70     758.80     758.70     758.40     758.40
     758.50     758.60     758.60     758.60     758.70     758.90     759.30     759.60     759.90     760.00
     760.20     760.50     760.60     760.60     760.60     760.70     760.90     761.00     761.10     761.40
     761.70     761.90     761.80     761.60     761.60     761.50     761.30     761.10     761.10     761.10
     760.90     760.40     760.20
     759.80     759.50     759.50     759.40     759.30     759.20     759.30     759.50     759.50     759.50
     759.60     759.50     759.30     759.10     759.10     759.30     759.50     759.50     759.10     758.60
     758.20     758.30     758.60     758.70     758.30     757.60     757.10     756.90     756.80     756.80
     756.90     757.10     757.20     757.30     757.40     757.60     757.70     757.60     757.60     757.70
     757.80     757.80     757.90     758.20     758.60     759.00     759.20     759.40     759.70     759.80
     760.00     760.20     760.30     760.20     760.20     760.40     760.70     760.90     761.00     761.00
     761.20     761.30     761.20     761.00     760.90     760.90     760.60     760.40     760.50     760.70
     760.70     760.50     760.30
     759.20     759.10     759.20     759.40     759.50     759.50     759.50     759.50     759.60     759.70
     759.80     759.90     759.70     759.30     759.00     759.00     759.20     759.40     759.10     758.50
     758.00     758.10     758.30     758.30     757.70     756.90     756.50     756.30     756.20     756.30
     756.60     756.80     756.90     756.80     756.80     757.00     757.00     757.10     757.20     757.60
     757.80     757.80     757.90     758.40     759.00     759.40     759.40     759.40     759.60     759.90
     760.10     760.30     760.40     760.40     760.20     760.20     760.30     760.50     760.60     760.80
     761.00     761.10     761.00     760.90     760.90     760.70     760.40     759.90     759.80     760.00
     760.30     760.30     760.10
     758.90     758.90     759.30     759.80     760.00     759.90     759.70     759.50     759.60     759.70
     759.80     759.80     759.50     759.20     758.80     758.70     758.80     758.80     758.60     758.30
     758.00     758.10     758.20     758.00     757.30     756.60     756.20     756.10     756.00     756.00
     756.30     756.50     756.60     756.50     756.50     756.80     756.90     757.00     757.20     757.70
     758.00     758.00     758.10     758.60     759.20     759.50     759.30     759.10     759.40     759.90
     760.30     760.60     760.80     760.90     760.70     760.50     760.40     760.40     760.60     761.00
     761.30     761.50     761.50     761.50     761.50     761.40     760.90     760.30     759.90     759.80
     759.90     759.90     759.60
