diamond 4 20年06月30日8时400百帕高度场
20 06 30  8  400 
2.500 -2.500  .0  180.0   90.0  .0
73  37
     715.00     715.00     715.00     715.00     715.00     715.00     715.00     715.00     715.00     715.00
     715.00     715.00     715.00     715.00     715.00     715.00     715.00     715.00     715.00     715.00
     715.00     715.00     715.00     715.00     715.00     715.00     715.00     715.00     715.00     715.00
     715.00     715.00     715.00     715.00     715.00     715.00     715.00     715.00     715.00     715.00
     715.00     715.00     715.00     715.00     715.00     715.00     715.00     715.00     715.00     715.00
     715.00     715.00     715.00     715.00     715.00     715.00     715.00     715.00     715.00     715.00
     715.00     715.00     715.00     715.00     715.00     715.00     715.00     715.00     715.00     715.00
     715.00     715.00     715.00
     716.50     716.20     715.90     715.60     715.30     715.00     714.70     714.50     714.20     713.90
     713.70     713.40     713.20     713.00     712.70     712.50     712.30     712.10     711.90     711.70
     711.50     711.30     711.10     710.90     710.80     710.60     710.50     710.30     710.20     710.00
     709.90     709.70     709.60     709.50     709.40     709.30     709.20     709.10     709.00     708.90
     708.80     708.80     708.70     708.70     708.70     708.60     708.60     708.60     708.60     708.60
     708.70     708.70     708.80     708.90     708.90     709.00     709.20     709.30     709.50     709.60
     709.80     710.00     710.20     710.50     710.70     711.00     711.30     711.50     711.90     712.20
     712.50     712.80     713.20
     716.70     716.20     715.70     715.20     714.80     714.40     714.00     713.70     713.30     713.00
     712.80     712.50     712.30     712.20     712.00     711.90     711.70     711.60     711.50     711.50
     711.40     711.30     711.20     711.20     711.10     711.00     711.00     710.90     710.80     710.80
     710.70     710.60     710.50     710.40     710.30     710.20     710.10     710.00     709.90     709.80
     709.70     709.50     709.40     709.30     709.10     709.00     708.80     708.70     708.50     708.40
     708.20     708.10     708.00     707.90     707.90     707.80     707.80     707.80     707.90     708.00
     708.10     708.30     708.50     708.80     709.10     709.40     709.80     710.20     710.70     711.20
     711.70     712.20     712.80
     715.70     714.90     714.10     713.50     712.90     712.30     711.90     711.50     711.20     711.00
     710.90     710.90     710.90     711.00     711.20     711.50     711.70     712.00     712.40     712.70
     713.10     713.40     713.70     714.00     714.30     714.50     714.80     715.00     715.20     715.40
     715.60     715.80     715.90     716.10     716.30     716.50     716.60     716.80     716.90     717.00
     717.10     717.10     717.10     717.00     716.80     716.60     716.30     716.00     715.60     715.20
     714.70     714.20     713.70     713.20     712.70     712.20     711.80     711.40     711.10     710.90
     710.70     710.70     710.70     710.80     711.00     711.30     711.60     712.00     712.40     712.90
     713.40     713.90     714.40
     713.00     711.70     710.50     709.40     708.50     707.60     707.00     706.50     706.20     706.00
     706.10     706.40     706.80     707.30     708.00     708.80     709.60     710.50     711.50     712.40
     713.30     714.10     714.90     715.60     716.20     716.80     717.40     717.90     718.40     719.00
     719.50     720.10     720.80     721.40     722.20     722.90     723.70     724.50     725.20     725.90
     726.50     727.00     727.40     727.60     727.70     727.50     727.20     726.70     726.00     725.10
     724.20     723.10     722.00     720.80     719.70     718.60     717.60     716.70     715.90     715.30
     714.80     714.50     714.30     714.30     714.40     714.60     714.90     715.30     715.60     716.00
     716.40     716.80     717.10
     708.10     706.20     704.50     702.90     701.50     700.40     699.50     698.90     698.60     698.60
     698.90     699.50     700.20     701.20     702.40     703.60     705.00     706.40     707.70     709.00
     710.20     711.30     712.30     713.20     714.00     714.70     715.40     716.10     716.90     717.70
     718.70     719.80     721.00     722.40     723.90     725.60     727.20     728.90     730.60     732.10
     733.50     734.70     735.70     736.40     736.70     736.70     736.40     735.80     734.80     733.60
     732.10     730.50     728.70     726.90     725.20     723.50     722.00     720.60     719.50     718.60
     717.90     717.50     717.20     717.20     717.20     717.40     717.70     718.00     718.30     718.60
     718.90     719.00     719.10
     703.00     700.70     698.60     696.70     695.20     694.10     693.30     692.90     692.90     693.30
     693.90     694.80     695.90     697.10     698.50     699.80     701.20     702.50     703.70     704.70
     705.70     706.50     707.20     707.80     708.30     708.90     709.50     710.20     711.20     712.30
     713.70     715.40     717.40     719.70     722.10     724.70     727.30     729.90     732.40     734.80
     736.90     738.70     740.20     741.30     742.00     742.30     742.10     741.50     740.50     739.10
     737.40     735.40     733.30     731.10     728.90     726.90     725.00     723.40     722.10     721.10
     720.40     719.80     719.50     719.20     719.10     718.90     718.80     718.60     718.50     718.40
     718.30     718.20     718.10
     702.40     699.90     697.70     696.00     694.60     693.80     693.50     693.60     694.10     695.00
     696.10     697.30     698.50     699.70     700.70     701.50     702.10     702.50     702.80     702.90
     702.90     702.90     702.80     702.80     702.90     703.10     703.50     704.30     705.30     706.80
     708.70     711.00     713.70     716.70     719.90     723.30     726.60     729.80     732.80     735.60
     738.00     740.20     741.90     743.40     744.40     745.10     745.30     745.10     744.50     743.30
     741.70     739.70     737.40     735.00     732.40     730.00     727.80     725.90     724.40     723.20
     722.30     721.50     720.80     720.00     719.10     718.10     716.90     715.70     714.50     713.50
     712.70     712.20     711.90
     708.50     706.10     704.00     702.40     701.20     700.70     700.80     701.40     702.40     703.80
     705.20     706.50     707.50     708.20     708.40     708.10     707.50     706.60     705.60     704.50
     703.40     702.50     701.70     701.20     700.90     700.90     701.10     701.80     702.80     704.40
     706.50     709.10     712.20     715.60     719.30     723.00     726.70     730.10     733.30     736.10
     738.50     740.70     742.50     744.00     745.40     746.40     747.20     747.60     747.60     747.00
     745.70     743.90     741.40     738.50     735.40     732.30     729.30     726.70     724.60     723.00
     721.60     720.50     719.30     717.90     716.20     714.10     711.70     709.20     706.70     704.60
     703.00     701.90     701.50
     716.80     714.60     712.60     711.10     710.10     709.70     710.00     710.90     712.30     713.90
     715.40     716.60     717.30     717.30     716.60     715.20     713.40     711.30     709.20     707.20
     705.50     704.20     703.30     702.70     702.30     702.20     702.20     702.40     703.00     704.00
     705.70     708.10     711.10     714.70     718.80     722.90     727.00     730.80     734.20     737.10
     739.40     741.30     742.90     744.20     745.40     746.40     747.40     748.10     748.50     748.40
     747.60     746.00     743.60     740.40     736.60     732.60     728.60     725.10     722.10     719.80
     718.00     716.50     715.00     713.30     711.20     708.60     705.70     702.50     699.50     696.90
     694.80     693.60     693.10
     719.10     717.40     715.90     714.90     714.40     714.50     715.40     716.80     718.50     720.40
     722.10     723.20     723.70     723.20     721.90     719.70     717.10     714.20     711.40     708.90
     707.00     705.70     705.00     704.60     704.40     704.00     703.50     702.90     702.40     702.50
     703.30     705.10     708.10     712.10     716.80     721.90     727.00     731.60     735.60     738.80
     741.20     742.90     743.90     744.50     744.80     745.10     745.50     745.90     746.40     746.60
     746.30     745.30     743.40     740.40     736.60     732.30     727.80     723.60     720.00     717.20
     715.10     713.40     712.10     710.60     708.80     706.60     704.10     701.40     698.90     696.70
     695.10     694.20     693.80
     713.20     712.20     711.60     711.70     712.50     713.90     715.90     718.40     721.00     723.50
     725.60     727.10     727.60     727.10     725.50     723.00     719.80     716.30     712.80     709.70
     707.40     705.80     705.10     704.70     704.50     704.00     703.00     701.60     700.20     699.30
     699.50     701.10     704.40     709.20     715.00     721.40     727.60     733.30     738.00     741.50
     743.90     745.10     745.50     745.10     744.40     743.60     743.00     742.70     742.80     743.20
     743.50     743.30     742.30     740.30     737.30     733.50     729.40     725.40     721.90     719.10
     717.10     715.60     714.50     713.50     712.40     711.10     709.60     708.10     706.70     705.60
     704.90     704.40     704.30
     705.30     704.90     705.40     706.90     709.20     712.10     715.40     719.00     722.50     725.80
     728.60     730.60     731.60     731.40     729.90     727.30     723.70     719.40     715.00     710.80
     707.40     705.00     703.70     703.30     703.20     703.00     702.30     701.00     699.60     698.60
     698.90     700.90     704.80     710.40     717.10     724.10     730.80     736.60     741.20     744.40
     746.20     746.90     746.60     745.60     744.20     742.80     741.60     740.90     740.80     741.10
     741.60     741.90     741.40     740.00     737.70     734.70     731.40     728.30     725.80     723.80
     722.50     721.60     720.90     720.30     719.80     719.30     718.80     718.50     718.20     718.00
     717.90     717.80     717.80
     704.10     703.90     704.90     707.00     710.00     713.30     717.00     720.80     724.60     728.30
     731.60     734.20     735.70     735.90     734.70     732.10     728.40     723.70     718.40     713.10
     708.40     704.90     703.00     702.70     703.30     704.20     704.80     704.90     704.60     704.60
     705.70     708.30     712.60     718.20     724.50     730.90     736.70     741.40     744.70     746.70
     747.40     747.10     746.10     744.80     743.40     742.10     741.20     740.70     740.60     740.70
     740.80     740.40     739.30     737.30     734.70     731.90     729.40     727.50     726.50     726.10
     726.00     725.90     725.70     725.20     724.90     724.90     725.30     725.90     726.60     727.00
     727.20     727.30     727.30
     712.20     711.90     712.70     714.40     716.60     718.90     721.30     724.00     727.00     730.40
     733.90     736.80     738.70     739.10     738.10     735.70     732.20     727.60     722.30     716.80
     711.60     707.80     705.80     705.90     707.60     709.90     712.20     713.80     715.00     716.30
     718.20     721.00     724.80     729.30     734.00     738.50     742.50     745.60     747.60     748.40
     747.90     746.50     744.60     742.80     741.30     740.40     740.00     740.00     740.10     739.90
     739.30     737.70     735.20     732.00     728.40     725.30     723.20     722.50     723.10     724.30
     725.50     726.00     725.70     725.00     724.50     724.80     726.00     727.90     729.80     731.30
     732.00     732.20     732.10
     725.10     724.90     725.40     726.20     727.00     727.40     727.80     728.50     730.10     732.80
     736.10     739.10     740.90     741.20     739.90     737.60     734.50     730.90     726.80     722.20
     717.90     714.60     713.20     713.80     716.20     719.20     722.20     724.50     726.30     728.10
     730.10     732.40     734.90     737.30     739.60     742.00     744.60     747.20     749.00     749.70
     748.80     746.60     743.80     741.10     739.20     738.20     738.00     738.20     738.40     738.10
     736.90     734.80     731.60     727.70     723.80     720.60     718.90     718.90     720.50     722.60
     724.30     724.70     723.70     722.10     720.90     721.20     723.50     727.10     730.90     734.00
     735.90     736.50     736.40
     737.30     737.40     737.90     738.30     738.20     737.30     736.00     735.10     735.30     737.00
     739.70     742.20     743.50     743.10     741.30     738.90     736.40     734.10     731.60     728.90
     726.20     724.00     723.20     724.00     726.10     728.60     730.80     732.40     733.80     735.20
     736.80     738.30     739.00     739.10     739.00     739.80     741.80     745.00     748.10     750.00
     749.90     747.70     744.50     741.20     738.80     737.50     737.20     737.40     737.50     737.10
     736.00     734.10     731.50     728.40     725.30     722.70     721.20     721.30     722.60     724.50
     725.80     725.50     723.50     720.80     719.00     719.40     722.60     727.90     733.60     738.40
     741.40     742.40     742.20
     746.40     746.90     747.60     748.20     748.10     747.00     745.20     743.40     742.40     742.80
     744.20     745.40     745.70     744.60     742.40     740.10     738.20     737.00     736.10     735.00
     733.60     732.30     731.60     731.90     733.00     734.20     735.10     735.70     736.50     737.70
     739.00     739.80     739.20     737.40     735.40     735.00     736.90     741.00     745.80     749.20
     750.20     748.70     745.80     742.80     740.60     739.40     739.10     739.10     739.00     738.40
     737.40     736.00     734.40     732.80     731.10     729.40     728.00     727.40     727.70     728.60
     729.20     728.50     726.30     723.50     721.80     722.50     726.40     732.50     739.10     744.40
     747.50     748.50     747.80
     752.80     753.50     754.30     755.00     755.40     754.90     753.50     751.40     749.50     748.20
     747.40     746.80     745.90     744.40     742.50     740.70     739.60     739.20     739.10     738.80
     738.00     736.90     735.70     735.00     734.80     735.00     735.30     735.90     737.00     738.60
     740.30     741.00     739.90     737.20     734.40     733.20     735.00     739.40     744.60     748.50
     750.00     749.20     747.00     744.70     743.10     742.20     741.80     741.50     740.80     739.80
     738.50     737.30     736.50     736.10     735.80     735.10     733.90     732.70     732.00     732.20
     732.60     732.50     731.40     729.70     728.90     730.30     734.30     740.10     746.00     750.40
     752.60     752.80     751.50
     757.20     757.70     758.10     758.80     759.50     759.80     759.10     757.30     754.60     751.50
     748.60     746.20     744.30     742.90     742.00     741.30     741.00     741.00     741.10     741.10
     740.40     738.90     737.00     735.20     734.10     734.00     734.80     736.40     738.40     740.80
     742.90     743.90     743.20     740.90     738.40     737.30     738.70     742.40     746.70     749.90
     751.00     750.20     748.40     746.40     744.70     743.30     742.20     741.10     739.90     738.50
     737.10     736.00     735.80     736.50     737.60     738.10     737.70     736.70     735.90     736.00
     736.90     737.70     738.00     737.80     738.20     740.20     744.00     748.70     752.90     755.60
     756.50     755.70     753.90
     760.00     760.00     760.00     760.30     761.00     761.80     761.70     760.30     757.40     753.40
     749.20     745.80     743.70     742.90     743.10     743.50     743.80     743.90     743.90     743.80
     743.20     741.70     739.30     736.90     735.50     735.60     737.10     739.50     742.10     744.50
     746.40     747.50     747.60     746.70     745.50     745.00     746.10     748.50     751.20     753.10
     753.50     752.50     750.80     748.60     746.10     743.30     740.60     738.50     737.00     735.80
     734.90     734.60     735.30     737.10     739.40     741.40     742.20     742.20     741.90     742.40
     743.50     744.80     745.70     746.40     747.50     749.60     752.80     756.20     758.80     759.90
     759.60     758.30     756.10
     761.70     761.40     760.90     760.90     761.40     762.10     762.40     761.40     758.80     755.10
     751.10     747.90     746.30     746.30     747.20     748.20     748.70     748.70     748.50     748.40
     748.00     746.80     744.70     742.50     741.20     741.50     743.10     745.40     747.30     748.60
     749.60     750.60     751.40     751.90     752.00     752.00     752.60     753.70     755.10     756.00
     756.20     755.60     754.20     752.00     748.80     744.90     741.10     738.20     736.60     736.10
     736.20     736.90     738.50     741.10     744.20     747.00     748.80     749.50     749.90     750.40
     751.30     752.30     753.20     754.00     755.20     757.20     759.60     761.70     762.90     762.80
     761.90     760.30     757.80
     763.10     762.60     762.00     761.70     761.90     762.40     762.60     761.90     760.00     757.30
     754.50     752.50     751.80     752.30     753.40     754.40     754.80     754.60     754.20     754.00
     753.60     752.90     751.60     750.10     749.30     749.50     750.60     751.80     752.40     752.50
     752.50     753.10     754.20     755.40     756.00     756.10     755.90     756.20     756.80     757.50
     758.00     758.10     757.60     756.10     753.50     749.90     746.20     743.30     741.90     741.70
     742.40     743.70     745.60     748.10     750.80     753.30     755.00     755.90     756.30     756.80
     757.40     758.10     758.80     759.80     761.10     762.70     764.20     765.20     765.20     764.40
     763.00     761.10     758.50
     764.10     763.80     763.20     762.80     762.90     763.30     763.50     762.90     761.70     760.10
     758.80     758.20     758.20     758.70     759.40     760.00     760.10     759.80     759.30     758.80
     758.30     757.70     757.10     756.40     756.10     756.20     756.50     756.60     756.30     755.80
     755.40     755.70     756.60     757.60     758.00     757.80     757.30     757.20     757.60     758.40
     759.10     759.60     759.80     759.50     758.30     756.30     753.80     751.60     750.40     750.20
     750.70     751.80     753.10     754.60     756.30     757.70     758.60     759.10     759.50     759.90
     760.50     761.40     762.50     763.80     765.10     766.20     766.80     766.70     766.00     764.80
     763.20     761.20     758.60
     764.40     764.30     764.00     763.90     764.20     764.70     765.00     764.70     764.00     763.30
     763.10     763.20     763.40     763.50     763.60     763.50     763.20     762.90     762.40     761.90
     761.20     760.70     760.30     760.10     760.10     760.00     759.70     759.20     758.80     758.40
     758.00     758.00     758.20     758.60     758.70     758.60     758.40     758.60     759.20     759.80
     760.20     760.40     760.60     761.00     761.10     760.60     759.50     758.30     757.40     757.20
     757.40     757.80     758.30     758.90     759.60     760.10     760.30     760.30     760.30     760.80
     761.90     763.30     764.80     766.10     767.00     767.50     767.30     766.60     765.60     764.50
     763.30     761.50     759.20
     763.80     764.00     764.20     764.40     765.00     765.80     766.20     766.20     765.90     765.70
     765.90     766.20     766.20     765.90     765.30     764.70     764.20     763.90     763.60     763.30
     762.80     762.30     761.90     761.80     761.80     761.50     760.90     760.30     760.10     759.90
     759.70     759.20     758.70     758.60     758.80     759.20     759.70     760.20     760.80     761.00
     760.80     760.60     760.70     761.10     761.70     762.00     761.70     761.20     760.90     760.90
     761.00     761.20     761.20     761.40     761.80     761.90     761.60     760.90     760.50     761.00
     762.40     764.20     765.60     766.40     766.60     766.50     766.00     765.30     764.50     763.90
     763.30     762.20     760.60
     763.30     763.60     764.00     764.50     765.10     765.70     766.00     766.10     766.10     766.20
     766.50     766.60     766.30     765.70     765.10     764.50     764.00     763.70     763.60     763.70
     763.50     763.10     762.70     762.50     762.30     761.80     761.00     760.40     760.20     760.20
     759.90     759.20     758.50     758.30     758.80     759.60     760.30     760.80     761.00     760.80
     760.60     760.40     760.60     761.10     761.60     761.80     761.80     761.80     761.90     762.20
     762.60     762.70     762.70     762.90     763.30     763.40     762.60     761.20     760.20     760.50
     762.20     764.10     765.10     765.10     764.60     764.20     764.10     763.80     763.50     763.20
     763.00     762.70     761.80
     763.20     763.40     763.90     764.40     764.70     764.70     764.60     764.50     764.60     764.80
     765.00     764.80     764.40     764.10     763.90     763.70     763.50     763.30     763.30     763.40
     763.40     763.10     762.70     762.40     762.00     761.30     760.30     759.60     759.40     759.40
     759.40     758.90     758.40     758.40     758.90     759.60     760.10     760.30     760.10     759.80
     759.80     760.20     760.80     761.20     761.50     761.60     761.70     761.80     762.10     762.60
     763.00     763.10     763.20     763.40     763.90     763.90     762.90     761.10     759.70     759.90
     761.60     763.30     763.90     763.30     762.40     762.20     762.40     762.70     762.60     762.40
     762.40     762.50     762.40
     763.30     763.50     763.80     764.00     763.90     763.50     763.00     762.70     762.70     762.90
     762.90     762.60     762.20     762.10     762.40     762.70     762.80     762.70     762.70     762.80
     762.80     762.60     762.20     761.70     761.10     760.20     759.10     758.30     758.10     758.30
     758.60     758.70     758.50     758.50     758.70     759.20     759.60     759.60     759.40     759.30
     759.50     760.10     760.70     760.90     760.90     761.10     761.50     761.80     762.10     762.40
     762.70     763.00     763.10     763.30     763.60     763.60     762.70     761.20     759.90     760.00
     761.40     762.70     763.00     762.30     761.30     760.90     761.00     761.30     761.40     761.50
     761.80     762.10     762.50
     763.10     763.30     763.50     763.50     763.20     762.60     762.00     761.60     761.40     761.50
     761.40     761.10     760.80     760.70     761.10     761.50     761.70     761.80     761.80     762.00
     762.10     762.00     761.70     761.20     760.50     759.60     758.50     757.70     757.50     757.80
     758.20     758.30     758.20     758.00     758.00     758.30     759.00     759.40     759.50     759.30
     759.40     759.70     759.90     759.60     759.50     759.90     760.80     761.50     761.80     761.90
     762.20     762.70     763.00     763.00     763.00     762.90     762.50     761.70     760.90     760.80
     761.50     762.30     762.40     761.80     760.90     759.90     759.30     759.10     759.60     760.40
     761.30     761.90     762.30
     762.80     763.00     763.00     762.70     762.30     761.80     761.30     760.90     760.70     760.70
     760.50     760.30     760.00     759.90     760.00     760.20     760.40     760.50     760.70     761.00
     761.30     761.40     761.30     761.00     760.50     759.70     758.90     758.30     758.00     758.00
     758.00     757.90     757.50     757.10     757.00     757.50     758.50     759.40     759.50     759.20
     759.00     759.00     758.80     758.30     758.10     758.70     760.00     760.90     761.30     761.30
     761.70     762.30     762.70     762.60     762.30     762.10     762.00     761.80     761.40     761.10
     761.10     761.30     761.40     761.20     760.40     759.10     757.70     757.10     757.80     759.40
     760.80     761.60     761.90
     762.60     762.60     762.20     761.70     761.20     760.70     760.40     760.10     760.10     760.00
     759.80     759.50     759.30     759.20     759.30     759.40     759.40     759.50     759.70     760.10
     760.40     760.50     760.50     760.30     760.10     759.80     759.40     759.00     758.70     758.40
     758.00     757.60     757.20     756.80     756.60     757.20     758.20     759.10     759.20     758.80
     758.50     758.50     758.30     757.90     757.70     758.40     759.50     760.50     760.90     761.00
     761.30     761.80     762.10     761.90     761.40     761.20     761.10     761.00     760.70     760.40
     760.20     760.10     760.20     760.30     759.90     758.70     757.20     756.40     757.10     758.70
     760.30     760.90     761.10
     762.20     761.90     761.30     760.60     760.00     759.50     759.20     759.20     759.30     759.30
     759.10     758.80     758.60     758.60     758.80     759.00     759.10     759.10     759.20     759.20
     759.20     759.10     758.90     758.70     758.70     758.80     758.90     758.90     758.70     758.30
     757.90     757.70     757.50     757.10     756.90     757.20     758.00     758.70     758.80     758.60
     758.40     758.60     758.60     758.50     758.30     758.70     759.60     760.30     760.70     760.80
     761.00     761.30     761.30     761.10     760.80     760.50     760.20     759.90     759.70     759.60
     759.70     759.80     759.80     759.70     759.40     758.70     757.70     757.20     757.50     758.50
     759.60     760.10     760.30
     761.40     760.90     760.20     759.50     759.00     758.60     758.50     758.50     758.70     758.60
     758.40     758.10     758.00     758.00     758.30     758.60     758.90     758.90     758.60     758.30
     757.90     757.50     757.00     756.70     756.80     757.10     757.50     757.80     757.80     757.70
     757.60     757.70     757.70     757.40     757.10     757.10     757.70     758.40     758.80     758.80
     758.70     758.80     758.80     758.80     758.80     759.10     759.60     760.10     760.50     760.80
     761.00     761.00     760.90     760.70     760.50     760.30     759.90     759.50     759.20     759.50
     759.90     760.30     760.10     759.70     759.20     758.80     758.50     758.20     758.10     758.50
     759.00     759.50     759.80
     760.40     759.90     759.30     758.80     758.60     758.50     758.50     758.40     758.20     757.90
     757.70     757.70     757.70     757.70     757.80     758.00     758.30     758.40     758.00     757.50
     757.00     756.40     756.00     755.60     755.50     755.90     756.40     756.90     757.20     757.30
     757.30     757.30     757.30     757.20     757.00     757.00     757.50     758.20     758.80     759.00
     758.80     758.50     758.40     758.50     758.80     759.20     759.60     760.00     760.50     760.90
     761.00     761.00     760.80     760.60     760.50     760.20     759.90     759.50     759.30     759.50
     760.00     760.40     760.30     759.70     759.20     759.00     758.90     758.70     758.60     758.60
     758.80     759.20     759.50
     759.80     759.50     759.00     758.70     758.70     758.70     758.70     758.40     757.90     757.30
     757.20     757.50     757.80     757.80     757.60     757.60     757.90     758.10     757.80     757.20
     756.70     756.30     756.00     755.60     755.40     755.60     756.20     756.80     757.20     757.30
     757.10     756.90     756.90     757.00     757.20     757.40     757.70     758.10     758.60     758.90
     758.70     758.20     758.00     758.30     758.90     759.40     759.70     760.00     760.30     760.70
     760.90     760.80     760.70     760.50     760.20     759.90     759.70     759.60     759.40     759.20
     759.40     759.70     759.80     759.70     759.50     759.40     759.20     759.00     758.90     758.90
     759.00     759.10     759.10
     759.70     759.50     759.20     758.90     758.80     758.80     758.70     758.30     757.80     757.30
     757.30     757.70     758.10     758.10     757.80     757.80     758.10     758.40     758.10     757.60
     757.10     756.90     756.70     756.30     755.90     755.90     756.40     757.10     757.50     757.50
     757.30     757.10     757.20     757.70     758.20     758.40     758.30     758.20     758.40     758.70
     758.70     758.40     758.30     758.60     759.20     759.50     759.60     759.70     760.10     760.40
     760.50     760.40     760.40     760.20     759.90     759.60     759.50     759.70     759.60     759.20
     758.90     759.10     759.40     759.70     759.80     759.70     759.50     759.20     759.10     759.20
     759.20     759.00     758.70
