diamond 4 20年06月27日20时400百帕高度场
20 06 27  20  400 
2.500 -2.500  .0  180.0   90.0  .0
73  37
     707.90     707.90     707.90     707.90     707.90     707.90     707.90     707.90     707.90     707.90
     707.90     707.90     707.90     707.90     707.90     707.90     707.90     707.90     707.90     707.90
     707.90     707.90     707.90     707.90     707.90     707.90     707.90     707.90     707.90     707.90
     707.90     707.90     707.90     707.90     707.90     707.90     707.90     707.90     707.90     707.90
     707.90     707.90     707.90     707.90     707.90     707.90     707.90     707.90     707.90     707.90
     707.90     707.90     707.90     707.90     707.90     707.90     707.90     707.90     707.90     707.90
     707.90     707.90     707.90     707.90     707.90     707.90     707.90     707.90     707.90     707.90
     707.90     707.90     707.90
     705.50     705.20     704.90     704.60     704.30     704.00     703.80     703.50     703.30     703.00
     702.80     702.60     702.40     702.20     702.10     701.90     701.80     701.60     701.50     701.40
     701.20     701.10     701.00     700.90     700.80     700.80     700.70     700.60     700.60     700.50
     700.40     700.40     700.40     700.30     700.30     700.30     700.30     700.30     700.30     700.30
     700.40     700.40     700.50     700.60     700.70     700.80     700.90     701.00     701.20     701.40
     701.50     701.80     702.00     702.20     702.50     702.80     703.10     703.40     703.70     704.10
     704.40     704.80     705.20     705.60     706.00     706.40     706.80     707.30     707.70     708.10
     708.60     709.00     709.50
     704.90     704.50     704.00     703.60     703.30     702.90     702.60     702.30     702.00     701.80
     701.60     701.40     701.20     701.00     700.80     700.70     700.60     700.50     700.30     700.30
     700.20     700.10     700.00     699.90     699.80     699.70     699.60     699.50     699.40     699.30
     699.10     699.00     698.80     698.60     698.40     698.20     698.00     697.80     697.60     697.40
     697.30     697.10     696.90     696.80     696.70     696.70     696.70     696.70     696.70     696.80
     697.00     697.20     697.50     697.70     698.10     698.50     698.90     699.40     699.90     700.50
     701.10     701.70     702.40     703.10     703.90     704.60     705.40     706.20     707.00     707.80
     708.60     709.50     710.30
     707.80     707.40     707.10     706.80     706.50     706.10     705.90     705.60     705.30     705.00
     704.70     704.40     704.20     703.90     703.70     703.50     703.30     703.20     703.00     703.00
     702.90     702.90     702.90     702.90     702.90     702.90     702.90     702.90     702.90     702.80
     702.70     702.60     702.40     702.10     701.80     701.50     701.10     700.70     700.30     699.80
     699.40     699.00     698.60     698.20     697.90     697.60     697.40     697.30     697.30     697.30
     697.40     697.60     697.80     698.10     698.50     698.90     699.40     699.90     700.50     701.00
     701.60     702.30     702.90     703.60     704.40     705.10     705.90     706.80     707.70     708.50
     709.50     710.40     711.30
     712.90     712.80     712.70     712.50     712.30     712.00     711.70     711.30     710.80     710.30
     709.70     709.10     708.50     707.90     707.40     706.90     706.40     706.10     705.80     705.60
     705.50     705.60     705.70     705.80     706.10     706.30     706.60     706.90     707.10     707.40
     707.50     707.70     707.70     707.70     707.60     707.50     707.20     706.90     706.50     706.10
     705.70     705.20     704.80     704.40     704.10     703.90     703.70     703.70     703.80     704.00
     704.20     704.60     705.00     705.40     705.90     706.30     706.70     707.00     707.30     707.50
     707.70     707.80     707.90     708.10     708.20     708.40     708.60     708.90     709.30     709.80
     710.50     711.20     711.90
     718.00     718.10     718.20     718.10     717.90     717.50     717.00     716.30     715.60     714.70
     713.70     712.60     711.50     710.50     709.50     708.60     707.90     707.30     706.90     706.60
     706.50     706.60     706.80     707.00     707.40     707.80     708.20     708.70     709.20     709.70
     710.20     710.80     711.30     711.90     712.40     712.80     713.20     713.50     713.70     713.70
     713.70     713.60     713.50     713.40     713.30     713.20     713.30     713.50     713.80     714.30
     714.80     715.40     716.10     716.60     717.10     717.50     717.70     717.60     717.40     716.90
     716.20     715.30     714.30     713.30     712.20     711.30     710.40     709.80     709.30     709.20
     709.20     709.50     710.10
     722.70     722.80     722.80     722.50     722.10     721.50     720.70     719.70     718.60     717.30
     715.90     714.50     713.10     711.70     710.40     709.30     708.40     707.70     707.20     707.00
     706.90     707.00     707.10     707.30     707.40     707.60     707.70     707.90     708.30     708.70
     709.40     710.30     711.40     712.70     714.20     715.70     717.20     718.50     719.70     720.70
     721.40     721.90     722.20     722.40     722.40     722.50     722.60     722.90     723.20     723.80
     724.40     725.10     725.80     726.40     726.80     727.00     726.90     726.40     725.40     724.10
     722.40     720.30     718.10     715.70     713.30     711.00     708.90     707.20     705.80     704.80
     704.30     704.30     704.70
     727.70     727.70     727.40     726.90     726.10     725.20     724.10     722.80     721.50     720.00
     718.30     716.50     714.70     712.90     711.20     709.60     708.40     707.40     706.80     706.60
     706.50     706.50     706.60     706.60     706.40     706.10     705.70     705.40     705.30     705.50
     706.20     707.40     709.20     711.40     714.00     716.90     719.70     722.30     724.60     726.50
     727.90     728.80     729.30     729.50     729.50     729.40     729.30     729.30     729.50     729.90
     730.30     730.90     731.50     732.00     732.30     732.30     731.90     731.00     729.60     727.70
     725.20     722.20     718.90     715.30     711.70     708.10     704.80     701.90     699.50     697.70
     696.50     696.10     696.30
     732.10     732.30     732.10     731.50     730.70     729.70     728.50     727.30     725.90     724.30
     722.50     720.30     717.70     715.00     712.20     709.50     707.20     705.40     704.20     703.50
     703.30     703.30     703.40     703.40     703.30     703.00     702.50     702.20     702.20     702.60
     703.80     705.70     708.40     711.70     715.40     719.30     723.10     726.50     729.30     731.40
     732.70     733.40     733.60     733.50     733.20     732.80     732.60     732.50     732.60     732.80
     733.10     733.60     734.00     734.40     734.60     734.50     734.20     733.30     731.90     729.90
     727.20     723.90     719.90     715.50     710.80     706.00     701.40     697.10     693.40     690.40
     688.30     687.20     687.10
     734.40     735.20     735.50     735.30     734.90     734.20     733.50     732.70     731.70     730.30
     728.30     725.70     722.30     718.30     714.00     709.60     705.70     702.40     700.00     698.60
     697.90     697.80     698.10     698.50     698.90     699.30     699.70     700.30     701.20     702.80
     705.10     708.10     711.80     716.00     720.30     724.60     728.40     731.50     733.70     735.10
     735.60     735.50     735.00     734.30     733.70     733.20     733.10     733.10     733.40     733.80
     734.30     734.70     735.10     735.30     735.50     735.50     735.40     734.90     734.00     732.60
     730.40     727.50     723.70     719.10     713.90     708.20     702.40     696.70     691.60     687.20
     684.00     682.00     681.50
     734.40     735.90     737.00     737.60     737.80     737.80     737.70     737.50     737.10     736.20
     734.60     732.00     728.20     723.50     718.10     712.60     707.40     702.90     699.50     697.20
     695.80     695.30     695.40     695.90     696.70     697.90     699.30     701.20     703.60     706.50
     710.00     714.00     718.20     722.60     726.80     730.60     733.60     735.70     736.90     737.20
     736.80     735.80     734.70     733.50     732.70     732.30     732.20     732.60     733.20     734.00
     734.60     735.00     735.20     735.20     735.10     735.00     734.90     734.80     734.60     734.10
     733.20     731.50     729.00     725.40     720.80     715.40     709.50     703.30     697.50     692.30
     688.30     685.70     684.70
     732.70     735.10     737.00     738.30     739.20     739.70     740.00     740.30     740.50     740.50
     739.70     738.00     735.00     730.90     725.90     720.50     715.30     710.80     707.00     704.20
     702.10     700.60     699.70     699.40     699.70     700.80     702.50     705.00     708.10     711.80
     715.70     719.80     723.90     727.70     731.10     733.90     736.00     737.30     737.80     737.70
     737.00     736.00     734.80     733.60     732.70     732.00     731.80     732.10     732.70     733.50
     734.10     734.50     734.50     734.00     733.30     732.50     731.90     731.60     731.70     732.10
     732.60     732.80     732.30     730.80     728.30     724.70     720.20     715.20     710.10     705.40
     701.60     698.90     697.70
     729.10     732.40     735.30     737.60     739.10     739.90     740.40     740.80     741.40     742.10
     742.50     742.30     741.10     738.70     735.30     731.40     727.40     723.70     720.30     717.30
     714.50     711.90     709.40     707.50     706.40     706.30     707.40     709.40     712.20     715.50
     719.10     722.80     726.20     729.30     732.00     734.00     735.30     736.20     736.70     736.90
     736.90     736.60     736.10     735.30     734.20     733.20     732.30     731.90     732.00     732.50
     733.10     733.40     733.20     732.40     731.00     729.40     727.80     726.90     726.70     727.40
     728.80     730.40     731.90     732.70     732.50     731.30     729.20     726.40     723.20     720.10
     717.20     714.90     713.40
     723.60     728.10     732.50     735.90     738.20     739.20     739.40     739.50     740.00     741.10
     742.70     744.10     744.70     744.30     742.70     740.40     737.80     735.00     732.30     729.40
     726.10     722.50     718.70     715.20     712.50     711.00     710.70     711.60     713.50     716.10
     719.20     722.60     726.00     729.00     731.50     733.10     734.00     734.40     734.70     735.20
     736.00     736.70     737.20     737.10     736.20     734.70     733.10     731.80     731.00     731.00
     731.50     732.00     732.00     731.30     729.70     727.70     725.60     723.90     723.30     723.70
     725.20     727.30     729.70     731.60     732.80     733.10     732.70     731.60     730.20     728.50
     726.50     724.50     722.40
     719.50     725.20     730.70     735.20     738.00     739.00     738.80     738.30     738.40     739.60
     741.80     744.30     746.30     747.20     746.70     745.30     743.30     741.10     738.70     736.00
     732.70     728.60     724.00     719.40     715.40     712.50     710.90     710.50     711.40     713.50
     716.70     720.70     725.00     729.00     732.00     733.70     734.10     733.80     733.50     733.70
     734.70     736.20     737.50     738.20     737.70     736.20     734.00     731.90     730.30     729.70
     729.90     730.60     731.10     731.00     730.10     728.50     726.60     725.00     724.20     724.30
     725.40     727.00     728.90     730.50     731.60     731.90     731.80     731.20     730.40     729.20
     727.30     724.80     721.70
     721.80     727.40     732.90     737.30     740.00     740.90     740.30     739.40     739.20     740.20
     742.50     745.30     747.70     748.90     748.70     747.50     745.60     743.70     741.60     739.30
     736.20     732.10     727.10     721.60     716.30     711.90     708.90     707.40     707.70     709.80
     713.60     718.80     724.50     729.80     733.70     735.70     735.90     735.00     734.10     734.00
     734.90     736.70     738.60     739.80     739.70     738.30     735.80     733.10     730.90     729.60
     729.60     730.30     731.20     731.80     731.70     731.00     730.00     729.10     728.50     728.50
     729.00     729.80     730.70     731.40     731.60     731.30     730.60     729.80     728.80     727.30
     724.90     721.40     717.20
     731.10     734.90     738.60     741.80     743.80     744.30     743.90     743.20     743.00     743.90
     745.80     748.00     749.70     750.40     750.00     748.70     747.10     745.60     744.20     742.60
     740.10     736.20     730.70     724.20     717.50     711.70     707.50     705.40     705.80     708.40
     713.00     719.10     725.60     731.50     735.70     737.90     738.20     737.40     736.70     736.70
     737.80     739.60     741.40     742.70     742.80     741.50     739.00     736.00     733.20     731.40
     730.90     731.50     732.50     733.40     733.70     733.50     733.10     732.80     732.60     732.60
     732.70     733.00     733.20     733.30     733.00     732.40     731.50     730.50     729.30     727.50
     724.50     720.20     715.30
     741.80     743.00     744.30     745.60     746.70     747.30     747.50     747.60     748.00     748.80
     749.90     750.90     751.30     751.00     750.00     748.80     747.70     746.90     746.50     745.80
     744.10     740.70     735.30     728.20     720.70     714.10     709.60     707.80     708.80     712.20
     717.30     723.40     729.40     734.60     738.20     739.90     740.30     740.00     739.90     740.30
     741.40     743.00     744.60     745.70     745.90     744.90     742.70     739.60     736.50     734.20
     733.20     733.30     733.90     734.40     734.40     734.10     733.80     733.80     734.00     734.30
     734.50     734.60     734.70     734.80     734.60     734.10     733.30     732.30     731.10     729.20
     726.10     721.60     716.90
     748.50     747.80     747.30     747.30     747.90     748.70     749.60     750.50     751.30     752.00
     752.30     752.10     751.30     750.10     748.80     747.70     747.10     746.90     747.10     747.20
     746.40     744.00     739.40     733.10     726.20     720.30     716.60     715.70     717.50     721.20
     726.00     731.00     735.60     739.10     741.40     742.30     742.40     742.20     742.00     742.30
     743.10     744.30     745.60     746.90     747.60     747.40     745.70     742.80     739.40     736.40
     734.60     734.00     734.10     734.00     733.50     732.90     732.60     733.00     733.90     734.80
     735.50     735.90     736.30     736.50     736.50     736.00     735.00     733.80     732.30     730.20
     727.00     722.90     719.10
     751.30     750.00     748.90     748.60     749.00     750.00     750.90     751.70     752.40     752.70
     752.60     752.00     750.90     749.70     748.60     747.80     747.40     747.30     747.50     747.80
     747.70     746.40     743.40     739.00     734.10     729.90     727.60     727.40     729.20     732.10
     735.40     738.60     741.40     743.50     744.70     745.10     744.70     744.00     743.20     742.80
     742.90     743.70     745.10     746.90     748.60     749.30     748.30     745.60     741.70     737.90
     735.20     734.00     733.60     733.40     733.00     732.70     733.00     734.20     735.90     737.50
     738.70     739.40     740.00     740.30     740.20     739.40     737.90     736.00     733.90     731.30
     727.90     724.20     721.50
     753.50     752.50     751.70     751.60     752.10     752.60     752.90     752.70     752.60     752.60
     752.70     752.80     752.60     752.20     751.80     751.50     751.30     751.00     750.80     750.80
     750.70     750.10     748.60     746.30     743.50     741.20     739.80     739.60     740.20     741.30
     742.70     744.00     745.30     746.40     747.30     747.70     747.40     746.40     745.20     744.20
     744.00     744.70     746.30     748.40     750.40     751.50     750.90     748.40     744.50     740.40
     737.30     735.70     735.40     735.70     736.10     736.80     738.00     739.80     741.90     743.60
     744.80     745.40     745.90     746.20     745.90     744.90     743.00     740.80     738.30     735.40
     732.00     728.70     726.90
     756.70     756.20     755.90     756.10     756.40     756.50     755.90     754.80     753.90     753.80
     754.50     755.70     756.70     757.40     757.70     757.80     757.70     757.30     756.90     756.70
     756.40     756.00     755.10     753.90     752.60     751.40     750.40     749.50     748.90     748.50
     748.30     748.20     748.40     748.80     749.60     750.30     750.50     750.00     749.10     748.30
     748.30     749.00     750.40     752.00     753.30     754.00     753.50     751.60     748.60     745.20
     742.60     741.30     741.30     742.10     743.40     744.80     746.40     748.10     749.70     750.90
     751.50     751.90     752.20     752.30     752.00     751.00     749.40     747.60     745.50     743.10
     740.20     737.50     736.50
     760.00     760.00     760.00     760.10     760.20     760.00     759.10     757.80     756.80     756.90
     758.10     759.90     761.40     762.50     763.00     763.10     763.10     763.00     762.90     762.70
     762.40     761.90     761.20     760.40     759.60     758.90     757.90     756.70     755.60     754.70
     754.00     753.30     752.60     752.20     752.50     753.20     753.90     754.10     753.80     753.70
     753.90     754.50     755.20     755.60     755.90     756.00     755.80     755.00     753.60     751.80
     750.20     749.30     749.30     750.10     751.30     752.70     754.00     755.10     755.90     756.50
     756.70     757.00     757.20     757.30     757.10     756.20     755.10     754.00     752.90     751.60
     749.80     748.10     747.80
     762.50     762.90     762.90     762.70     762.50     762.30     761.80     761.10     760.70     761.00
     762.10     763.60     764.70     765.40     765.60     765.70     765.80     765.90     766.20     766.30
     766.20     765.80     765.20     764.70     764.20     763.70     762.80     761.60     760.70     760.10
     759.60     758.80     757.50     756.30     755.80     756.20     756.90     757.30     757.40     757.50
     757.80     758.10     758.00     757.70     757.50     757.60     758.00     758.40     758.40     757.90
     757.10     756.30     755.90     756.10     756.70     757.40     758.10     758.60     759.20     759.70
     760.10     760.60     760.90     761.10     760.80     760.10     759.30     758.80     758.50     758.20
     757.50     756.90     757.10
     764.50     764.80     764.60     764.00     763.60     763.50     763.70     763.90     764.10     764.50
     765.10     765.70     766.10     766.30     766.50     766.60     766.80     767.00     767.30     767.60
     767.70     767.50     767.20     766.90     766.70     766.30     765.50     764.50     763.70     763.20
     762.80     761.90     760.40     759.00     758.40     758.60     759.00     759.10     758.90     759.00
     759.20     759.40     759.30     759.00     759.10     759.70     760.60     761.40     761.70     761.50
     761.00     760.20     759.50     759.20     759.30     759.60     760.00     760.50     761.10     761.80
     762.30     762.70     763.00     763.30     763.30     762.90     762.40     762.10     762.20     762.30
     762.20     762.10     762.50
     765.70     765.60     765.00     764.20     763.70     763.80     764.40     765.10     765.60     765.90
     766.10     766.10     766.20     766.40     766.70     767.10     767.40     767.70     767.80     767.90
     768.00     767.90     767.70     767.50     767.40     767.00     766.30     765.30     764.40     763.60
     762.90     761.80     760.60     759.80     759.70     760.10     760.20     759.90     759.50     759.50
     759.90     760.40     760.50     760.70     761.10     762.00     762.80     763.20     763.10     762.70
     762.20     761.60     761.10     761.00     761.10     761.50     762.00     762.50     763.00     763.30
     763.10     762.70     762.70     763.10     763.70     764.10     764.10     764.10     764.20     764.40
     764.30     764.20     764.30
     765.80     765.10     764.10     763.30     762.90     763.10     763.70     764.40     764.90     765.10
     765.20     765.30     765.50     765.90     766.40     767.00     767.40     767.60     767.70     767.70
     767.60     767.50     767.20     767.00     766.60     766.10     765.40     764.60     763.60     762.60
     761.60     760.60     760.00     760.00     760.40     760.90     760.90     760.40     760.00     760.10
     760.80     761.60     762.00     762.30     762.70     763.30     763.60     763.50     763.10     762.70
     762.30     762.10     762.10     762.40     762.80     763.20     763.60     764.00     764.10     763.50
     762.20     760.70     760.20     760.90     762.40     763.70     764.40     764.60     764.80     764.70
     764.50     764.20     764.10
     764.90     764.10     763.10     762.40     762.00     761.90     762.20     762.50     762.80     763.10
     763.30     763.80     764.30     764.90     765.40     765.80     766.00     766.20     766.30     766.40
     766.50     766.40     766.20     765.70     765.00     764.20     763.60     762.90     762.30     761.50
     760.70     760.20     760.20     760.70     761.20     761.50     761.30     760.90     760.60     760.70
     761.30     762.10     762.50     762.70     762.80     763.10     763.20     763.10     762.90     762.70
     762.60     762.50     762.60     762.90     763.20     763.40     763.50     763.60     763.40     762.40
     760.40     758.40     757.80     758.90     761.00     762.80     763.80     764.10     764.10     764.00
     763.70     763.40     763.30
     764.30     763.80     763.00     762.20     761.60     761.10     760.90     760.90     761.00     761.20
     761.70     762.40     763.20     763.80     764.20     764.40     764.30     764.30     764.30     764.50
     764.70     764.90     764.70     764.10     763.20     762.10     761.40     761.00     760.80     760.40
     760.00     760.10     760.60     761.20     761.60     761.60     761.60     761.40     761.10     760.90
     761.00     761.30     761.70     761.90     762.10     762.30     762.50     762.70     762.80     762.80
     762.70     762.40     762.30     762.30     762.30     762.00     761.90     762.00     762.00     761.20
     759.40     757.60     757.30     758.70     760.90     762.60     763.40     763.50     763.30     763.00
     762.60     762.50     762.50
     764.00     763.80     763.30     762.50     761.60     760.80     760.40     760.20     760.30     760.40
     760.80     761.40     762.20     763.00     763.50     763.60     763.50     763.10     762.80     762.80
     763.00     763.10     762.90     762.20     761.20     760.20     759.60     759.50     759.40     759.20
     759.00     759.30     760.00     760.70     761.10     761.30     761.60     761.80     761.60     761.00
     760.50     760.40     760.80     761.20     761.40     761.70     762.00     762.30     762.60     762.60
     762.30     761.90     761.60     761.60     761.40     760.90     760.70     760.90     761.20     760.80
     759.50     758.30     758.30     759.60     761.50     762.70     763.20     763.20     762.80     762.20
     761.70     761.50     761.70
     763.10     763.00     762.60     762.00     761.20     760.50     760.10     760.00     760.10     760.20
     760.40     760.70     761.30     761.90     762.60     763.10     763.20     762.70     762.10     761.70
     761.50     761.20     760.70     760.10     759.40     758.80     758.50     758.70     758.80     758.50
     758.20     758.20     758.90     759.60     760.10     760.60     761.20     761.70     761.60     760.90
     760.20     760.10     760.40     760.70     760.90     761.10     761.50     761.80     761.90     761.90
     761.60     761.40     761.30     761.30     761.30     761.00     760.70     760.80     761.10     760.80
     760.00     759.20     759.50     760.60     761.80     762.60     762.80     762.80     762.50     761.80
     761.10     760.80     760.80
     761.70     761.40     761.10     760.80     760.50     760.00     759.70     759.60     759.60     759.70
     759.80     760.00     760.10     760.40     761.10     761.90     762.20     761.90     761.40     760.80
     760.30     759.60     758.90     758.40     758.20     758.10     758.30     758.60     758.80     758.60
     758.10     758.00     758.40     759.10     759.60     760.00     760.40     760.80     760.80     760.30
     760.00     760.00     760.00     760.00     760.00     760.20     760.60     761.00     761.20     761.30
     761.30     761.20     761.20     761.40     761.50     761.30     761.10     760.90     760.90     760.70
     760.20     760.00     760.40     761.20     761.80     762.10     762.20     762.30     762.10     761.50
     760.80     760.30     760.20
     760.60     760.20     760.10     760.20     760.10     759.80     759.50     759.20     759.00     759.00
     759.20     759.30     759.10     759.10     759.50     760.10     760.60     760.40     760.10     759.80
     759.50     758.80     758.10     757.90     758.10     758.30     758.40     758.50     758.70     758.70
     758.50     758.40     758.70     759.10     759.40     759.40     759.60     759.70     759.70     759.50
     759.50     759.50     759.40     759.20     759.10     759.40     759.90     760.30     760.60     760.90
     761.10     761.00     760.90     761.10     761.30     761.40     761.10     760.80     760.70     760.60
     760.60     760.80     761.20     761.70     761.90     761.80     761.80     761.80     761.70     761.30
     760.70     760.30     760.00
     760.50     760.10     760.10     760.10     760.10     759.80     759.50     759.20     758.80     758.70
     758.90     759.00     758.80     758.60     758.70     759.10     759.30     759.10     759.00     759.00
     759.00     758.60     758.20     758.30     758.70     758.80     758.30     757.90     757.80     758.00
     758.20     758.30     758.60     758.90     759.00     758.90     759.00     759.20     759.30     759.20
     759.00     758.90     758.80     758.80     759.00     759.30     759.60     759.80     760.00     760.40
     760.60     760.40     760.30     760.50     760.90     761.20     761.10     760.80     760.80     760.90
     761.00     761.30     761.60     761.80     761.80     761.60     761.50     761.50     761.30     760.90
     760.50     760.10     759.80
     760.80     760.40     760.20     760.00     759.70     759.60     759.60     759.50     759.20     758.90
     758.90     759.00     758.90     758.80     758.80     759.10     759.00     758.70     758.40     758.60
     758.90     758.80     758.60     758.70     758.90     758.70     757.90     757.10     756.90     757.10
     757.40     757.70     758.00     758.20     758.40     758.60     758.90     759.30     759.60     759.40
     759.00     758.70     758.60     759.00     759.50     759.70     759.50     759.20     759.30     759.60
     759.80     759.50     759.40     759.80     760.40     760.90     760.90     760.80     760.90     761.10
     761.20     761.20     761.30     761.40     761.40     761.30     761.10     761.00     760.80     760.40
     759.90     759.40     759.20
     760.80     760.40     760.00     759.50     759.10     759.00     759.30     759.50     759.30     759.00
     758.80     758.80     758.70     758.60     758.70     758.90     758.90     758.50     758.30     758.50
     758.80     758.80     758.70     758.60     758.50     758.10     757.30     756.70     756.70     756.90
     757.10     757.20     757.50     757.90     758.20     758.40     758.60     759.00     759.40     759.40
     759.00     758.70     758.80     759.30     759.80     759.70     759.20     758.70     758.80     759.20
     759.20     758.90     758.80     759.30     759.90     760.20     760.20     760.30     760.60     760.90
     760.90     760.90     760.90     761.10     761.20     761.10     760.80     760.60     760.30     760.00
     759.50     759.00     758.70
     760.70     760.30     759.90     759.40     759.00     758.80     758.90     759.00     758.90     758.70
     758.50     758.40     758.20     757.90     757.90     758.10     758.20     758.10     757.90     758.10
     758.50     758.70     758.70     758.50     758.20     757.60     757.10     756.90     757.10     757.30
     757.30     757.30     757.60     758.10     758.40     758.30     758.00     758.00     758.30     758.60
     758.70     758.60     758.70     759.20     759.50     759.40     758.90     758.80     759.10     759.50
     759.40     759.00     758.90     759.30     759.70     759.80     759.70     759.80     760.30     760.70
     760.90     761.10     761.30     761.60     761.60     761.30     760.80     760.40     760.20     760.00
     759.60     759.20     758.90
