diamond 4 20年06月28日8时400百帕高度场
20 06 28  8  400 
2.500 -2.500  .0  180.0   90.0  .0
73  37
     710.20     710.20     710.20     710.20     710.20     710.20     710.20     710.20     710.20     710.20
     710.20     710.20     710.20     710.20     710.20     710.20     710.20     710.20     710.20     710.20
     710.20     710.20     710.20     710.20     710.20     710.20     710.20     710.20     710.20     710.20
     710.20     710.20     710.20     710.20     710.20     710.20     710.20     710.20     710.20     710.20
     710.20     710.20     710.20     710.20     710.20     710.20     710.20     710.20     710.20     710.20
     710.20     710.20     710.20     710.20     710.20     710.20     710.20     710.20     710.20     710.20
     710.20     710.20     710.20     710.20     710.20     710.20     710.20     710.20     710.20     710.20
     710.20     710.20     710.20
     708.20     707.80     707.30     706.90     706.60     706.20     705.80     705.50     705.10     704.80
     704.50     704.30     704.00     703.80     703.50     703.30     703.10     702.90     702.70     702.60
     702.40     702.30     702.20     702.10     702.00     701.90     701.80     701.80     701.70     701.70
     701.60     701.60     701.60     701.60     701.60     701.60     701.60     701.60     701.60     701.70
     701.80     701.80     701.90     702.00     702.10     702.30     702.40     702.60     702.70     702.90
     703.10     703.30     703.60     703.80     704.10     704.40     704.70     705.00     705.40     705.70
     706.10     706.40     706.80     707.20     707.60     708.00     708.50     708.90     709.30     709.70
     710.20     710.60     711.00
     705.10     704.40     703.70     703.00     702.40     701.90     701.40     700.90     700.50     700.20
     699.90     699.60     699.40     699.20     699.10     699.00     698.90     698.90     698.90     698.90
     698.90     699.00     699.00     699.10     699.10     699.10     699.20     699.20     699.20     699.30
     699.30     699.30     699.20     699.20     699.20     699.10     699.10     699.00     698.90     698.90
     698.80     698.70     698.70     698.60     698.60     698.60     698.60     698.70     698.80     698.90
     699.00     699.20     699.50     699.80     700.10     700.50     701.00     701.50     702.00     702.60
     703.30     704.00     704.70     705.40     706.20     706.90     707.70     708.50     709.40     710.20
     710.90     711.70     712.50
     704.00     703.10     702.30     701.60     701.00     700.50     700.00     699.60     699.30     699.10
     699.00     699.00     699.00     699.10     699.20     699.40     699.60     699.90     700.20     700.50
     700.80     701.00     701.30     701.60     701.80     702.00     702.20     702.40     702.50     702.60
     702.70     702.70     702.80     702.80     702.80     702.70     702.60     702.50     702.40     702.20
     702.00     701.80     701.60     701.40     701.10     700.90     700.70     700.50     700.30     700.10
     700.10     700.00     700.10     700.20     700.50     700.80     701.20     701.70     702.30     703.00
     703.70     704.60     705.50     706.40     707.40     708.40     709.50     710.50     711.50     712.50
     713.50     714.40     715.20
     707.60     706.80     706.10     705.50     704.90     704.40     704.00     703.60     703.30     703.10
     703.10     703.00     703.10     703.30     703.50     703.70     704.00     704.30     704.60     704.90
     705.10     705.30     705.50     705.60     705.70     705.80     705.90     705.90     706.00     706.10
     706.20     706.30     706.50     706.70     707.00     707.20     707.50     707.70     707.90     708.10
     708.20     708.20     708.20     708.10     707.90     707.70     707.50     707.20     706.90     706.60
     706.30     706.10     705.90     705.80     705.80     705.90     706.10     706.40     706.80     707.30
     707.90     708.60     709.30     710.20     711.00     711.90     712.80     713.70     714.60     715.40
     716.20     716.90     717.50
     715.50     715.00     714.50     713.80     713.20     712.50     711.80     711.20     710.60     710.00
     709.60     709.20     709.00     708.80     708.70     708.70     708.70     708.70     708.70     708.60
     708.40     708.20     707.80     707.50     707.00     706.60     706.30     706.00     705.90     705.90
     706.10     706.40     707.00     707.70     708.50     709.50     710.50     711.50     712.50     713.40
     714.20     714.90     715.50     715.90     716.10     716.20     716.20     716.10     715.90     715.70
     715.40     715.10     714.80     714.60     714.40     714.20     714.10     714.10     714.10     714.20
     714.30     714.50     714.60     714.80     715.00     715.20     715.30     715.50     715.70     716.00
     716.20     716.50     716.70
     724.30     724.10     723.60     722.90     722.10     721.10     719.90     718.70     717.50     716.30
     715.20     714.20     713.30     712.60     712.10     711.70     711.30     710.90     710.50     710.00
     709.40     708.70     707.90     707.00     706.10     705.30     704.60     704.20     704.00     704.20
     704.80     705.70     707.00     708.50     710.20     712.00     713.90     715.80     717.60     719.20
     720.60     721.80     722.80     723.60     724.10     724.40     724.50     724.50     724.40     724.20
     723.90     723.70     723.40     723.10     722.80     722.50     722.20     721.90     721.50     721.10
     720.50     719.90     719.10     718.20     717.20     716.10     715.00     713.90     712.90     712.10
     711.50     711.20     711.10
     730.50     730.50     730.20     729.70     728.70     727.50     726.00     724.30     722.40     720.60
     718.70     717.00     715.50     714.20     713.20     712.30     711.60     711.00     710.30     709.70
     708.90     708.00     707.00     706.00     705.10     704.30     703.90     703.80     704.20     705.10
     706.50     708.40     710.60     713.10     715.70     718.30     720.90     723.20     725.30     727.00
     728.50     729.60     730.40     730.90     731.20     731.20     731.10     730.90     730.60     730.30
     729.90     729.60     729.30     729.00     728.70     728.40     728.00     727.50     726.90     726.00
     724.80     723.40     721.60     719.40     717.00     714.30     711.50     708.80     706.20     704.00
     702.30     701.30     701.00
     732.90     733.40     733.60     733.40     732.80     731.70     730.30     728.50     726.40     724.20
     721.80     719.50     717.30     715.30     713.50     712.00     710.70     709.60     708.70     707.80
     706.90     706.10     705.30     704.60     704.20     704.00     704.30     705.20     706.70     708.70
     711.30     714.30     717.50     720.70     723.90     726.80     729.40     731.50     733.30     734.70
     735.60     736.20     736.50     736.40     736.20     735.80     735.30     734.70     734.20     733.70
     733.20     732.90     732.60     732.40     732.10     731.90     731.50     731.00     730.20     729.10
     727.50     725.40     722.80     719.50     715.80     711.60     707.10     702.70     698.40     694.80
     691.90     690.10     689.60
     732.50     733.50     734.40     735.00     735.10     734.80     733.90     732.50     730.70     728.50
     726.00     723.30     720.50     717.60     714.80     712.10     709.70     707.50     705.70     704.20
     703.00     702.10     701.60     701.40     701.70     702.60     704.10     706.10     708.80     712.10
     715.70     719.40     723.20     726.70     729.80     732.50     734.70     736.40     737.60     738.40
     738.80     738.90     738.70     738.30     737.70     737.00     736.30     735.60     735.10     734.80
     734.50     734.40     734.40     734.30     734.30     734.10     733.90     733.40     732.70     731.50
     729.80     727.50     724.40     720.50     715.90     710.80     705.20     699.60     694.20     689.50
     685.90     683.50     682.70
     729.80     731.60     733.40     734.90     736.10     736.70     736.60     736.10     734.90     733.30
     731.20     728.50     725.40     721.90     718.10     714.10     710.10     706.40     703.10     700.40
     698.30     697.00     696.50     696.80     697.90     699.80     702.30     705.50     709.20     713.20
     717.30     721.40     725.30     728.70     731.60     733.90     735.60     736.80     737.60     738.00
     738.10     738.00     737.50     736.90     736.10     735.30     734.70     734.20     734.10     734.20
     734.40     734.70     735.00     735.20     735.30     735.20     735.00     734.70     734.10     733.20
     731.80     729.60     726.80     723.00     718.50     713.40     707.80     702.20     696.90     692.30
     688.60     686.30     685.50
     724.40     727.20     730.20     733.00     735.40     737.00     737.90     738.00     737.70     736.90
     735.60     733.80     731.20     727.90     723.80     719.00     713.90     708.80     703.90     699.70
     696.50     694.40     693.50     694.00     695.50     698.00     701.20     704.80     708.60     712.60
     716.70     720.70     724.60     728.00     731.00     733.30     734.90     736.00     736.60     736.80
     736.70     736.40     735.70     734.80     733.90     732.90     732.30     732.10     732.30     732.90
     733.60     734.30     734.60     734.60     734.30     733.80     733.30     732.90     732.60     732.20
     731.50     730.30     728.50     725.90     722.50     718.50     714.20     709.80     705.80     702.30
     699.70     698.00     697.40
     716.30     720.50     725.40     730.00     733.80     736.30     737.80     738.30     738.40     738.20
     737.90     737.30     736.10     734.00     730.80     726.60     721.50     715.90     710.30     705.00
     700.70     697.70     696.20     696.30     697.70     699.90     702.60     705.50     708.40     711.40
     714.60     718.30     722.30     726.30     730.00     733.00     735.10     736.30     736.80     736.70
     736.30     735.70     734.90     733.80     732.70     731.60     730.90     730.80     731.20     732.10
     732.90     733.50     733.30     732.50     731.30     729.80     728.60     727.90     727.70     727.90
     728.30     728.40     728.20     727.30     725.70     723.60     721.20     718.70     716.50     714.60
     713.30     712.30     711.70
     708.40     714.60     721.60     728.20     733.40     736.60     738.00     738.30     738.10     738.00
     738.20     738.60     738.80     738.30     736.80     734.20     730.40     725.80     720.60     715.40
     710.70     707.10     704.90     704.20     704.60     705.60     706.70     707.60     708.30     709.40
     711.30     714.50     718.90     724.00     729.00     733.00     735.60     736.80     736.80     736.20
     735.60     735.00     734.40     733.80     733.00     732.10     731.30     731.00     731.10     731.70
     732.30     732.50     731.80     730.30     728.10     725.90     724.00     722.90     722.70     723.40
     724.50     725.80     726.80     727.40     727.50     727.10     726.30     725.40     724.50     723.80
     723.20     722.40     721.20
     706.10     713.90     722.60     730.40     736.20     739.40     740.20     739.70     738.70     738.20
     738.40     739.10     740.10     740.70     740.60     739.60     737.60     734.70     731.00     726.80
     722.70     719.10     716.40     714.70     713.70     712.90     711.70     710.00     708.20     707.10
     707.80     710.80     715.80     722.00     728.10     732.90     735.60     736.40     735.80     734.70
     733.90     733.80     734.20     734.60     734.60     734.10     733.10     732.10     731.30     731.00
     731.10     731.00     730.50     729.20     727.30     725.10     723.30     722.30     722.10     722.80
     724.00     725.50     726.90     728.00     728.80     729.10     729.10     728.90     728.60     728.30
     727.80     726.50     724.30
     713.30     721.40     729.80     737.00     741.80     744.00     744.00     742.80     741.40     740.60
     740.60     741.20     742.00     742.70     742.90     742.70     741.90     740.40     738.40     735.70
     732.60     729.40     726.60     724.10     721.70     718.90     715.50     711.70     708.20     706.10
     706.50     709.70     715.40     722.40     728.90     733.70     736.20     736.40     735.30     733.90
     733.30     733.90     735.30     736.80     737.70     737.50     736.00     733.90     731.70     730.20
     729.50     729.50     729.80     729.70     729.10     728.10     727.00     726.30     726.10     726.50
     727.20     728.10     729.00     729.90     730.50     730.90     730.90     730.80     730.60     730.30
     729.50     727.80     724.70
     728.30     734.40     740.20     744.70     747.20     747.90     747.30     746.20     745.20     744.80
     744.90     745.30     745.60     745.60     745.20     744.60     743.90     743.10     742.00     740.50
     738.50     736.10     733.40     730.40     726.90     722.50     717.50     712.60     708.80     707.20
     708.60     712.80     719.10     725.90     731.90     736.10     738.00     738.00     736.90     735.80
     735.40     736.10     737.80     739.70     741.10     741.10     739.50     736.60     733.40     730.80
     729.40     729.50     730.40     731.40     731.90     731.70     731.10     730.50     730.20     730.20
     730.50     730.90     731.40     731.90     732.50     732.80     732.90     732.80     732.60     732.30
     731.40     729.50     726.10
     743.60     746.60     748.80     749.80     749.90     749.40     748.80     748.50     748.50     748.70
     749.00     749.20     748.90     748.20     747.00     745.70     744.60     743.70     742.90     742.10
     741.00     739.40     737.30     734.30     730.10     724.80     718.90     713.70     710.60     710.60
     713.70     719.10     725.30     731.20     735.70     738.70     740.00     740.20     739.70     738.90
     738.30     738.50     739.50     741.20     742.70     743.40     742.60     740.30     737.10     734.00
     732.00     731.50     732.00     732.90     733.30     733.00     732.20     731.40     731.00     731.00
     731.40     732.00     732.70     733.60     734.40     735.10     735.40     735.40     735.10     734.70
     733.80     731.90     728.60
     753.20     753.50     752.80     751.50     750.20     749.40     749.40     749.80     750.30     750.60
     750.80     750.60     750.00     749.00     747.50     745.90     744.50     743.40     742.80     742.40
     742.00     741.30     740.00     737.60     733.60     728.00     721.90     717.00     714.80     716.20
     720.60     726.40     732.00     736.30     739.00     740.60     741.50     741.90     741.70     741.00
     739.90     739.20     739.20     740.40     742.30     744.10     744.90     744.10     741.80     738.80
     736.00     734.10     733.10     732.70     732.30     731.60     730.70     730.20     730.20     730.90
     731.90     733.20     734.60     736.00     737.20     738.10     738.40     738.30     737.80     737.00
     735.80     733.90     731.20
     756.60     755.80     754.10     752.30     750.80     750.30     750.50     751.00     751.10     751.00
     750.60     750.30     749.90     749.10     747.90     746.40     745.20     744.40     744.00     743.80
     743.70     743.50     742.90     741.40     738.20     733.40     727.90     723.60     722.10     724.10
     728.60     733.80     738.10     740.60     741.90     742.50     743.10     743.50     743.30     742.20
     740.60     739.30     739.00     740.10     742.40     745.10     747.00     747.40     745.90     742.90
     739.30     735.70     733.00     731.20     730.40     730.20     730.50     731.20     732.40     734.00
     735.80     737.60     739.20     740.70     741.80     742.40     742.30     741.80     740.80     739.60
     738.10     736.20     734.20
     757.70     757.20     756.00     754.60     753.50     753.00     752.90     752.70     752.10     751.50
     751.10     751.20     751.40     751.30     750.60     749.50     748.70     748.20     748.10     747.90
     747.50     747.10     746.50     745.60     743.50     740.20     736.20     732.90     731.80     733.40
     736.80     740.50     743.20     744.60     745.20     745.70     746.30     746.50     745.90     744.50
     742.80     741.70     741.90     743.30     745.70     748.20     749.90     750.30     748.90     745.90
     741.70     737.20     733.50     731.40     731.10     732.30     734.40     736.80     739.20     741.40
     743.30     745.00     746.40     747.30     747.80     747.70     747.20     746.30     745.10     743.80
     742.30     740.70     739.50
     759.60     759.50     758.90     758.00     757.10     756.50     755.80     755.00     754.00     753.50
     753.70     754.60     755.70     756.20     756.00     755.40     754.80     754.60     754.50     754.10
     753.30     752.10     751.10     750.10     748.80     746.90     744.60     742.70     741.90     742.70
     744.40     746.30     747.60     748.30     748.90     749.70     750.50     750.70     750.00     748.60
     747.30     746.80     747.60     749.30     751.20     752.60     753.20     752.90     751.60     749.00
     745.40     741.30     737.90     736.10     736.60     738.80     741.90     745.00     747.60     749.60
     751.30     752.60     753.50     753.90     753.80     753.30     752.50     751.70     750.90     750.00
     748.90     747.80     747.10
     761.70     761.90     761.60     760.90     760.00     759.30     758.50     757.70     757.10     756.90
     757.70     759.10     760.60     761.50     761.60     761.40     761.00     760.90     760.70     760.10
     759.10     757.70     756.20     755.00     753.90     752.90     752.00     751.10     750.50     750.50
     750.80     751.20     751.50     751.70     752.30     753.20     754.10     754.40     753.90     753.00
     752.20     752.30     753.30     754.70     755.90     756.30     756.00     755.40     754.50     753.10
     751.00     748.30     746.00     744.90     745.60     747.60     750.10     752.30     754.10     755.60
     756.80     757.90     758.60     758.90     758.60     758.10     757.60     757.20     757.00     756.70
     756.10     755.40     755.00
     763.10     763.20     762.90     762.30     761.70     761.30     761.10     760.90     760.80     761.00
     761.70     762.80     763.90     764.60     765.00     765.00     764.80     764.50     764.10     763.60
     763.00     762.10     761.00     759.80     758.80     758.10     757.70     757.30     756.90     756.30
     755.80     755.40     755.20     755.10     755.30     755.80     756.40     756.70     756.70     756.40
     756.10     756.30     756.90     757.70     758.20     758.30     758.00     757.80     757.60     757.30
     756.50     755.30     754.20     753.70     754.10     755.10     756.20     757.20     758.00     759.00
     760.00     761.10     761.90     762.20     762.10     761.70     761.50     761.60     761.70     761.80
     761.50     761.00     760.70
     764.00     763.90     763.50     763.00     762.80     762.80     763.20     763.60     763.90     764.20
     764.50     764.90     765.40     765.80     766.20     766.30     766.20     765.70     765.10     764.60
     764.50     764.30     763.90     763.20     762.30     761.80     761.50     761.10     760.50     759.60
     758.90     758.40     758.10     758.00     757.90     757.80     757.90     758.10     758.40     758.70
     758.80     758.80     758.90     759.20     759.40     759.70     759.90     760.10     760.30     760.40
     760.10     759.50     759.00     758.90     759.10     759.40     759.60     759.90     760.30     761.00
     761.80     762.60     763.50     764.10     764.20     764.10     764.00     764.10     764.40     764.40
     764.20     763.90     763.70
     765.10     764.80     764.20     763.60     763.30     763.50     764.10     764.70     765.10     765.30
     765.50     765.80     766.10     766.30     766.50     766.60     766.50     766.00     765.30     764.80
     764.60     764.70     764.70     764.30     763.70     763.20     762.80     762.30     761.50     760.50
     759.70     759.40     759.30     759.30     759.20     759.10     759.10     759.30     759.70     760.20
     760.50     760.50     760.60     760.70     760.90     761.30     761.70     762.20     762.40     762.20
     761.70     761.10     760.80     760.80     761.00     761.10     761.20     761.50     761.80     761.90
     761.90     762.20     763.10     764.30     765.20     765.50     765.40     765.30     765.30     765.30
     765.10     764.90     764.80
     765.70     765.10     764.30     763.50     763.00     763.10     763.50     763.90     764.10     764.30
     764.70     765.40     766.00     766.20     766.20     766.10     766.10     766.00     765.70     765.10
     764.70     764.30     764.10     763.80     763.50     763.00     762.50     761.70     760.80     759.90
     759.20     759.00     759.00     759.10     759.30     759.50     759.80     760.10     760.50     760.80
     761.00     761.30     761.60     761.90     762.20     762.50     762.90     763.40     763.60     763.30
     762.60     761.90     761.70     761.70     761.80     761.90     762.10     762.40     762.50     761.70
     760.60     760.20     761.20     763.30     765.10     766.00     765.90     765.50     765.30     765.20
     765.10     764.90     764.80
     764.70     763.90     763.10     762.30     761.90     761.90     762.20     762.30     762.30     762.30
     762.80     763.70     764.50     764.90     764.80     764.60     764.70     765.10     765.40     765.10
     764.40     763.70     763.20     763.00     762.80     762.40     761.60     760.70     759.80     759.20
     758.80     758.70     758.80     758.90     759.10     759.50     760.00     760.40     760.50     760.50
     760.60     760.90     761.50     762.00     762.20     762.40     762.80     763.40     763.80     763.60
     763.00     762.50     762.40     762.60     762.50     762.40     762.50     762.70     762.40     761.00
     759.20     758.40     759.60     762.30     764.80     766.00     765.90     765.30     764.80     764.70
     764.60     764.40     764.30
     762.70     762.00     761.30     760.80     760.50     760.70     761.00     761.20     761.00     760.90
     761.00     761.60     762.40     762.80     762.80     762.60     762.80     763.30     763.80     763.70
     763.20     762.50     762.20     762.20     762.10     761.70     760.80     759.90     759.10     758.80
     758.80     759.00     759.20     759.30     759.40     759.60     759.90     760.20     760.20     760.00
     759.90     760.20     760.70     761.10     761.30     761.50     762.00     762.80     763.30     763.10
     762.50     762.00     762.10     762.50     762.50     762.30     762.10     762.20     761.80     760.50
     758.80     758.10     759.40     762.10     764.50     765.60     765.30     764.60     764.00     763.70
     763.50     763.40     763.30
     761.20     760.60     760.10     759.70     759.60     759.70     760.00     760.30     760.40     760.20
     760.10     760.20     760.60     761.00     761.30     761.30     761.40     761.50     761.60     761.50
     761.20     760.90     760.90     761.10     761.10     760.70     760.00     759.10     758.60     758.30
     758.50     758.90     759.50     759.80     759.80     759.60     759.50     759.60     759.70     759.80
     759.90     760.10     760.30     760.40     760.50     760.90     761.60     762.50     762.90     762.50
     761.50     760.90     760.90     761.40     761.60     761.50     761.30     761.30     761.10     760.40
     759.40     759.20     760.30     762.30     764.00     764.70     764.40     763.80     763.10     762.60
     762.30     762.20     762.20
     760.50     760.00     759.60     759.20     759.00     758.90     759.10     759.40     759.70     759.90
     759.80     759.70     759.70     760.00     760.50     760.80     760.70     760.40     760.00     759.80
     759.70     759.70     759.80     759.90     759.90     759.60     759.20     758.70     758.20     757.80
     757.60     758.00     758.60     759.20     759.40     759.10     758.90     758.90     759.30     759.80
     760.10     760.20     760.20     760.10     760.20     760.60     761.40     762.30     762.60     762.20
     761.20     760.30     760.20     760.50     760.90     760.90     760.90     760.80     760.60     760.30
     759.90     760.10     761.00     762.20     763.30     763.80     763.70     763.20     762.50     761.80
     761.40     761.30     761.30
     759.90     759.50     759.20     758.90     758.60     758.50     758.60     758.90     759.20     759.40
     759.50     759.30     759.20     759.30     759.70     760.10     760.00     759.60     759.20     759.00
     759.10     759.20     759.30     759.30     759.20     759.00     758.90     758.60     758.20     757.60
     757.10     757.10     757.70     758.30     758.70     758.60     758.40     758.50     759.00     759.50
     759.90     760.00     759.90     759.80     759.90     760.30     760.90     761.60     762.00     762.00
     761.40     760.80     760.40     760.50     760.80     761.10     761.20     761.00     760.60     760.20
     760.00     760.30     761.00     761.70     762.40     763.00     763.20     762.90     762.20     761.40
     761.00     760.80     760.70
     759.20     759.00     758.80     758.60     758.50     758.60     758.90     759.10     759.20     759.20
     759.10     758.90     758.60     758.50     758.60     758.90     758.90     758.80     758.60     758.60
     758.70     758.80     758.80     758.80     758.80     758.70     758.60     758.50     758.20     757.70
     757.40     757.30     757.60     758.10     758.40     758.50     758.50     758.50     758.80     759.10
     759.30     759.30     759.30     759.50     759.70     759.90     760.10     760.50     760.90     761.30
     761.30     761.00     760.60     760.50     760.80     761.20     761.50     761.30     760.80     760.20
     760.00     760.40     760.90     761.40     761.80     762.30     762.60     762.50     761.90     761.10
     760.60     760.50     760.30
     759.00     758.80     758.60     758.40     758.40     758.70     759.20     759.50     759.40     759.10
     758.80     758.50     758.20     757.90     757.90     758.00     758.10     758.00     757.90     757.80
     757.70     757.70     757.70     757.80     757.90     758.00     757.80     757.60     757.50     757.50
     757.70     757.90     758.10     758.30     758.60     758.80     758.80     758.80     758.80     758.90
     758.90     758.90     759.00     759.40     759.80     759.90     759.80     759.70     760.00     760.40
     760.50     760.30     760.00     759.90     760.10     760.60     760.90     761.00     760.60     760.20
     760.20     760.50     761.00     761.30     761.40     761.50     761.70     761.70     761.30     760.70
     760.30     760.10     759.90
     759.20     759.10     758.90     758.60     758.40     758.50     758.90     759.20     759.20     758.90
     758.40     758.10     757.90     757.80     757.90     757.90     757.90     757.60     757.30     756.90
     756.60     756.40     756.30     756.50     756.70     756.80     756.70     756.60     756.60     757.00
     757.50     757.90     758.20     758.40     758.60     758.80     758.80     758.80     758.90     759.10
     759.10     759.00     758.90     759.20     759.70     759.90     759.80     759.70     759.70     759.90
     759.80     759.50     759.30     759.40     759.50     759.70     759.90     760.10     760.10     760.10
     760.10     760.50     761.00     761.30     761.20     761.00     760.90     760.80     760.70     760.40
     759.90     759.60     759.40
     759.30     759.00     758.90     758.70     758.50     758.30     758.30     758.50     758.70     758.50
     758.00     757.60     757.50     757.70     757.90     758.00     757.80     757.40     756.90     756.50
     756.20     756.00     756.00     756.10     756.20     756.20     756.20     756.30     756.50     756.90
     757.40     757.80     758.00     758.20     758.40     758.50     758.60     758.60     758.90     759.40
     759.50     759.10     758.80     758.80     759.20     759.50     759.60     759.70     759.90     759.90
     759.70     759.30     759.30     759.50     759.60     759.40     759.30     759.50     759.80     759.90
     760.00     760.30     760.80     761.20     761.30     761.00     760.70     760.50     760.50     760.30
     759.90     759.40     759.20
     758.90     758.60     758.70     758.80     758.80     758.50     758.20     758.20     758.30     758.30
     757.90     757.40     757.20     757.40     757.70     757.60     757.30     756.90     756.60     756.50
     756.50     756.60     756.90     757.00     756.90     756.80     756.70     756.80     757.10     757.50
     757.80     758.10     758.30     758.30     758.40     758.40     758.40     758.50     758.90     759.40
     759.50     759.10     758.50     758.40     758.60     758.90     759.10     759.40     759.80     759.90
     759.80     759.60     759.80     760.10     760.20     759.80     759.40     759.50     759.90     760.20
     760.10     760.20     760.50     761.10     761.40     761.30     760.90     760.60     760.40     760.30
     760.00     759.80     759.60
