diamond 4 20年06月29日20时400百帕高度场
20 06 29  20  400 
2.500 -2.500  .0  180.0   90.0  .0
73  37
     714.00     714.00     714.00     714.00     714.00     714.00     714.00     714.00     714.00     714.00
     714.00     714.00     714.00     714.00     714.00     714.00     714.00     714.00     714.00     714.00
     714.00     714.00     714.00     714.00     714.00     714.00     714.00     714.00     714.00     714.00
     714.00     714.00     714.00     714.00     714.00     714.00     714.00     714.00     714.00     714.00
     714.00     714.00     714.00     714.00     714.00     714.00     714.00     714.00     714.00     714.00
     714.00     714.00     714.00     714.00     714.00     714.00     714.00     714.00     714.00     714.00
     714.00     714.00     714.00     714.00     714.00     714.00     714.00     714.00     714.00     714.00
     714.00     714.00     714.00
     715.90     715.60     715.30     715.00     714.70     714.40     714.10     713.80     713.50     713.20
     712.90     712.60     712.40     712.10     711.80     711.50     711.30     711.00     710.80     710.50
     710.30     710.10     709.80     709.60     709.40     709.20     709.00     708.80     708.60     708.40
     708.30     708.10     708.00     707.80     707.70     707.60     707.50     707.40     707.30     707.20
     707.10     707.10     707.00     707.00     707.00     706.90     707.00     707.00     707.00     707.10
     707.10     707.20     707.30     707.40     707.60     707.70     707.90     708.10     708.30     708.50
     708.80     709.00     709.30     709.60     709.90     710.20     710.50     710.80     711.20     711.50
     711.90     712.30     712.60
     716.80     716.30     715.80     715.40     714.90     714.40     714.00     713.60     713.10     712.70
     712.30     712.00     711.60     711.20     710.90     710.60     710.30     710.00     709.70     709.40
     709.20     708.90     708.70     708.50     708.30     708.10     707.90     707.70     707.60     707.40
     707.30     707.10     707.00     706.90     706.70     706.60     706.40     706.30     706.10     706.00
     705.80     705.70     705.50     705.30     705.20     705.00     704.90     704.80     704.70     704.60
     704.50     704.50     704.50     704.50     704.60     704.70     704.90     705.10     705.40     705.70
     706.00     706.40     706.90     707.30     707.90     708.40     709.00     709.60     710.20     710.80
     711.50     712.10     712.80
     715.50     714.80     714.10     713.50     712.90     712.30     711.80     711.30     710.90     710.50
     710.20     709.90     709.70     709.50     709.30     709.20     709.10     709.10     709.10     709.10
     709.20     709.30     709.40     709.50     709.70     709.90     710.10     710.30     710.60     710.80
     711.10     711.30     711.50     711.70     711.90     712.00     712.10     712.20     712.20     712.10
     712.00     711.80     711.60     711.30     710.90     710.50     710.10     709.60     709.20     708.70
     708.20     707.80     707.40     707.00     706.80     706.60     706.50     706.50     706.70     706.90
     707.20     707.60     708.10     708.70     709.30     709.90     710.60     711.40     712.10     712.80
     713.50     714.20     714.90
     711.60     710.50     709.50     708.50     707.70     707.00     706.30     705.80     705.40     705.10
     705.00     704.90     705.00     705.20     705.50     705.90     706.40     706.90     707.60     708.30
     709.00     709.80     710.60     711.50     712.30     713.20     714.00     714.90     715.80     716.60
     717.40     718.20     719.00     719.80     720.50     721.10     721.70     722.10     722.50     722.80
     722.90     722.90     722.70     722.40     721.90     721.30     720.60     719.70     718.80     717.80
     716.80     715.80     714.80     713.90     713.10     712.40     711.90     711.60     711.40     711.40
     711.60     711.90     712.30     712.90     713.50     714.10     714.70     715.40     716.00     716.50
     717.00     717.50     717.80
     707.40     705.80     704.30     703.00     701.80     700.80     700.00     699.30     698.90     698.60
     698.60     698.80     699.20     699.80     700.60     701.70     702.80     704.20     705.60     707.10
     708.70     710.20     711.80     713.30     714.80     716.20     717.60     718.90     720.20     721.50
     722.70     723.90     725.20     726.30     727.50     728.60     729.60     730.50     731.30     732.00
     732.50     732.80     733.00     732.90     732.60     732.10     731.40     730.50     729.30     728.10
     726.60     725.10     723.60     722.10     720.70     719.50     718.50     717.70     717.20     716.80
     716.70     716.80     717.10     717.40     717.70     718.10     718.40     718.60     718.80     719.00
     719.00     719.00     719.00
     707.10     705.20     703.50     701.90     700.50     699.30     698.20     697.40     696.80     696.40
     696.30     696.40     696.80     697.50     698.40     699.60     701.00     702.60     704.30     706.20
     708.10     710.00     711.80     713.50     715.10     716.60     718.00     719.40     720.70     722.00
     723.40     724.80     726.30     727.80     729.40     730.90     732.30     733.70     735.00     736.10
     737.10     738.00     738.60     739.10     739.40     739.40     739.10     738.60     737.70     736.50
     735.00     733.30     731.30     729.30     727.30     725.40     723.70     722.30     721.20     720.30
     719.70     719.30     719.10     718.90     718.70     718.40     718.10     717.60     717.20     716.70
     716.30     715.90     715.70
     712.90     711.20     709.60     708.10     706.70     705.60     704.60     703.70     703.00     702.50
     702.00     701.70     701.40     701.30     701.50     701.80     702.50     703.40     704.50     705.80
     707.30     708.70     710.00     711.30     712.30     713.30     714.20     715.10     716.10     717.30
     718.80     720.50     722.40     724.60     726.80     729.00     731.20     733.20     735.00     736.70
     738.10     739.40     740.60     741.60     742.40     743.10     743.50     743.60     743.30     742.50
     741.20     739.40     737.20     734.60     731.90     729.20     726.60     724.30     722.20     720.60
     719.20     718.00     717.00     716.00     714.90     713.70     712.30     711.00     709.70     708.50
     707.70     707.20     707.20
     721.30     720.00     718.80     717.70     716.80     716.10     715.60     715.10     714.70     714.20
     713.40     712.50     711.30     709.90     708.50     707.30     706.40     705.80     705.70     705.90
     706.40     707.00     707.60     708.00     708.30     708.40     708.60     708.80     709.40     710.50
     712.10     714.20     716.90     720.00     723.30     726.60     729.80     732.70     735.20     737.30
     739.10     740.50     741.70     742.90     743.90     744.80     745.60     746.10     746.30     745.90
     745.00     743.30     741.00     738.20     735.00     731.50     728.10     724.80     721.90     719.30
     717.00     714.90     713.00     711.00     708.90     706.70     704.20     701.80     699.60     697.70
     696.40     695.80     696.10
     724.90     724.20     723.60     723.20     723.00     723.10     723.40     723.80     724.20     724.20
     723.70     722.60     720.70     718.40     715.60     712.90     710.40     708.40     707.10     706.40
     706.20     706.30     706.40     706.40     706.20     705.80     705.30     705.00     705.10     705.90
     707.60     710.10     713.40     717.30     721.60     726.00     730.20     733.90     737.00     739.40
     741.20     742.50     743.30     743.90     744.50     745.00     745.60     746.20     746.50     746.50
     746.00     744.90     743.00     740.50     737.40     733.90     730.30     726.70     723.20     720.10
     717.20     714.50     711.80     709.10     706.30     703.20     699.90     696.60     693.40     690.70
     688.60     687.50     687.50
     719.80     719.90     720.20     720.70     721.50     722.60     724.00     725.50     727.00     728.10
     728.50     728.00     726.40     723.80     720.50     716.90     713.50     710.60     708.50     707.30
     706.80     706.80     706.90     706.90     706.60     705.90     705.10     704.50     704.20     704.80
     706.30     708.90     712.40     716.80     721.60     726.70     731.50     735.80     739.30     741.90
     743.50     744.30     744.50     744.20     743.90     743.70     743.80     744.00     744.40     744.70
     744.80     744.40     743.40     741.80     739.70     737.00     734.00     730.90     727.80     724.80
     721.90     719.10     716.30     713.40     710.40     707.10     703.60     700.00     696.30     692.90
     689.90     687.60     686.40
     709.50     710.80     712.60     714.50     716.50     718.60     721.00     723.50     726.10     728.40
     730.00     730.50     729.70     727.50     724.30     720.50     716.60     713.00     710.20     708.40
     707.40     707.00     706.90     706.80     706.40     705.70     704.80     704.00     703.70     704.30
     705.80     708.60     712.30     716.90     722.10     727.50     732.70     737.30     741.10     743.70
     745.10     745.40     744.80     743.80     742.70     741.80     741.40     741.40     741.70     742.20
     742.70     742.90     742.60     741.80     740.50     738.80     736.80     734.70     732.60     730.50
     728.40     726.20     724.00     721.60     719.20     716.50     713.60     710.50     707.20     703.70
     700.10     696.90     694.20
     701.90     704.50     707.80     711.10     714.20     717.20     720.30     723.60     726.90     730.00
     732.30     733.50     733.30     731.50     728.50     724.70     720.40     716.20     712.60     709.70
     707.60     706.30     705.50     704.90     704.20     703.30     702.40     701.70     701.70     702.70
     704.90     708.10     712.40     717.50     723.10     728.80     734.30     739.20     743.00     745.40
     746.40     746.10     744.90     743.20     741.60     740.40     739.80     739.80     740.20     740.70
     741.10     741.10     740.50     739.50     738.00     736.40     735.00     733.80     732.90     732.20
     731.50     730.80     729.80     728.50     727.00     725.40     723.70     721.80     719.60     717.00
     713.90     710.70     707.50
     702.30     705.50     709.10     712.80     716.30     719.60     723.20     726.90     730.70     734.10
     736.50     737.60     737.10     735.20     732.30     728.50     724.40     720.00     715.90     712.20
     709.20     707.00     705.40     704.30     703.40     702.40     701.50     701.10     701.60     703.20
     706.10     710.10     715.00     720.40     726.10     731.90     737.40     742.20     745.70     747.70
     748.00     746.90     744.90     742.70     740.80     739.60     739.10     739.20     739.60     740.00
     740.00     739.20     737.60     735.30     732.70     730.30     728.60     727.80     727.90     728.70
     729.70     730.50     730.90     730.80     730.40     729.90     729.30     728.60     727.80     726.60
     724.90     722.80     720.60
     710.50     712.60     715.00     717.50     720.00     723.00     726.60     730.90     735.10     738.50
     740.50     740.80     739.50     737.10     734.20     731.00     727.70     724.30     720.70     717.20
     714.10     711.80     710.30     709.40     708.60     707.90     707.20     707.00     707.70     709.80
     713.00     717.20     721.80     726.70     731.70     736.70     741.60     745.70     748.60     749.80
     749.20     747.40     744.80     742.30     740.30     739.10     738.60     738.60     738.90     739.10
     738.70     737.30     734.90     731.60     728.00     724.80     722.60     721.80     722.40     723.90
     725.80     727.60     728.90     729.70     730.20     730.60     730.90     731.20     731.40     731.30
     730.90     730.30     729.60
     722.90     723.00     723.00     723.10     723.90     726.00     729.50     734.10     738.60     742.00
     743.40     742.70     740.60     737.80     735.20     733.00     731.20     729.30     727.10     724.60
     722.30     720.70     719.90     719.60     719.50     719.20     718.70     718.60     719.50     721.40
     724.30     727.70     731.00     734.20     737.50     741.10     744.80     748.10     750.30     750.80
     749.70     747.50     744.90     742.50     740.80     739.60     738.90     738.60     738.40     738.30
     737.70     736.40     734.10     730.80     727.30     724.10     722.00     721.20     721.60     722.70
     724.00     725.20     726.40     727.70     729.20     730.80     732.40     733.50     734.20     734.50
     734.50     734.40     734.40
     736.00     734.70     732.70     730.90     730.10     731.10     734.10     738.20     742.30     745.10
     745.80     744.60     742.10     739.40     737.40     736.20     735.50     734.90     733.90     732.50
     731.00     730.00     729.80     730.10     730.50     730.50     730.20     730.20     730.90     732.50
     734.50     736.30     737.60     738.70     740.20     742.60     745.80     748.90     750.80     751.00
     749.70     747.60     745.40     743.80     742.70     741.70     740.80     739.90     739.20     738.70
     738.10     737.10     735.30     732.70     730.00     727.70     726.30     725.70     725.60     725.30
     724.70     724.30     724.70     726.40     729.30     732.70     735.90     738.10     739.10     739.00
     738.40     737.80     737.20
     747.40     746.00     743.70     741.40     740.00     740.20     741.80     744.30     746.60     747.80
     747.70     746.30     744.30     742.40     740.90     740.10     739.90     739.70     739.20     738.30
     737.20     736.30     736.20     736.50     736.90     737.00     736.80     736.80     737.40     738.50
     739.50     739.70     739.20     738.60     739.00     741.30     744.80     748.50     750.80     751.10
     749.70     747.70     746.10     745.20     744.60     744.00     743.10     741.90     740.90     740.30
     739.80     738.90     737.30     735.10     733.00     731.50     730.80     730.70     730.10     728.60
     726.40     724.60     724.50     726.90     731.40     736.70     741.40     744.30     745.20     744.60
     743.30     741.70     740.20
     755.50     754.90     753.50     752.10     751.00     750.60     750.60     750.50     750.00     749.10
     747.90     746.80     745.70     744.80     743.90     743.30     742.80     742.60     742.10     741.40
     740.30     739.30     738.70     738.70     738.90     739.00     739.00     739.20     739.80     740.70
     741.00     740.20     738.40     736.80     736.90     739.40     743.80     748.30     751.10     751.50
     750.10     748.00     746.30     745.40     744.80     744.10     743.10     742.00     741.30     741.00
     741.00     740.40     739.00     736.80     734.70     733.50     733.20     733.40     732.80     731.10
     728.60     726.80     727.30     730.70     736.40     742.60     747.50     750.20     750.70     749.60
     747.90     746.00     743.90
     759.80     759.80     759.50     759.10     758.80     758.20     756.80     754.50     751.60     748.80
     746.90     746.10     746.00     746.10     745.80     745.30     744.70     744.30     743.90     743.30
     742.20     741.00     740.00     739.70     739.90     740.20     740.50     741.10     742.00     742.90
     743.10     742.00     739.80     737.80     737.70     740.20     744.70     749.30     752.30     752.80
     751.30     749.00     746.80     745.10     743.70     742.30     740.80     739.80     739.40     739.80
     740.50     740.90     740.30     738.80     737.00     735.80     735.40     735.50     735.10     733.90
     732.50     732.10     734.00     738.30     744.10     749.70     753.60     755.20     754.90     753.60
     751.90     750.10     747.90
     761.50     761.40     761.50     761.70     761.80     761.20     759.40     756.40     752.60     749.20
     747.20     746.70     747.30     748.10     748.30     747.90     747.40     747.00     746.70     746.10
     745.00     743.60     742.60     742.20     742.50     743.10     743.70     744.40     745.40     746.60
     747.20     746.60     744.90     743.10     742.60     744.30     747.80     751.60     754.30     754.90
     753.90     751.80     749.30     746.80     744.20     741.80     739.70     738.20     737.70     738.20
     739.60     741.20     742.30     742.30     741.60     740.80     740.20     739.90     739.40     738.90
     738.70     739.90     743.00     747.50     752.40     756.30     758.60     759.20     758.60     757.40
     755.80     753.90     751.60
     762.20     761.90     761.80     761.90     762.10     761.60     760.20     757.70     754.70     752.10
     750.70     750.60     751.40     752.30     752.70     752.60     752.10     751.70     751.20     750.40
     749.30     748.00     747.10     746.90     747.30     748.00     748.50     749.00     749.70     750.70
     751.60     751.80     751.10     749.90     749.20     749.90     751.90     754.50     756.60     757.50
     757.20     755.90     753.70     751.10     748.30     745.60     743.10     741.10     739.80     739.70
     740.90     743.00     745.30     746.90     747.60     747.50     747.00     746.40     745.80     745.50
     746.00     748.00     751.30     755.10     758.50     760.80     761.90     762.10     761.80     761.00
     759.50     757.40     754.60
     762.80     762.30     762.00     761.90     761.90     761.70     761.00     759.70     758.10     756.80
     756.30     756.60     757.40     758.10     758.50     758.30     757.80     757.10     756.40     755.50
     754.50     753.50     752.90     752.80     753.20     753.70     754.00     754.00     754.10     754.40
     755.10     755.60     755.50     755.00     754.50     754.50     755.50     757.00     758.50     759.40
     759.70     759.10     757.90     756.20     754.30     752.40     750.40     748.40     746.60     745.50
     745.70     747.20     749.40     751.30     752.50     753.00     753.00     752.70     752.20     752.00
     752.60     754.50     757.30     760.10     762.10     763.20     763.70     763.90     764.00     763.50
     762.00     759.70     756.90
     762.90     762.50     762.20     762.00     762.10     762.30     762.20     762.00     761.60     761.50
     761.70     762.20     762.80     763.30     763.40     763.10     762.40     761.60     760.90     760.10
     759.30     758.60     758.20     758.10     758.40     758.80     758.90     758.70     758.40     758.00
     757.90     758.00     758.00     757.80     757.40     757.40     757.80     758.70     759.60     760.20
     760.50     760.40     760.10     759.60     759.00     758.30     757.40     756.00     754.40     753.10
     752.70     753.20     754.10     754.90     755.60     756.20     756.70     756.90     756.80     756.80
     757.40     759.00     761.20     763.10     764.20     764.70     764.80     764.90     764.90     764.30
     762.80     760.90     758.90
     762.40     762.20     762.10     762.10     762.40     763.10     763.70     764.10     764.50     764.90
     765.40     765.90     766.40     766.50     766.30     765.80     765.10     764.40     763.90     763.40
     762.80     762.20     761.60     761.40     761.50     761.80     762.10     762.10     761.70     761.10
     760.40     759.90     759.60     759.30     759.10     759.10     759.50     760.00     760.40     760.60
     760.60     760.70     761.00     761.20     761.40     761.30     761.00     760.40     759.70     759.10
     758.80     758.70     758.50     758.20     758.10     758.30     758.80     759.10     759.10     759.20
     759.90     761.50     763.40     764.90     765.60     765.80     765.70     765.60     765.10     764.20
     763.00     761.70     760.70
     762.10     762.10     762.10     762.20     762.70     763.70     764.80     765.60     766.30     766.80
     767.30     767.60     767.80     767.70     767.40     766.90     766.30     765.70     765.40     765.10
     764.50     763.70     763.00     762.50     762.50     762.70     763.00     763.20     763.00     762.50
     761.70     761.10     760.50     760.10     759.90     760.00     760.50     761.00     761.20     761.10
     761.00     761.20     761.90     762.40     762.60     762.40     762.00     761.80     761.70     761.90
     762.10     762.10     761.70     761.10     760.60     760.60     760.50     760.00     759.50     759.50
     760.50     762.30     764.10     765.40     765.90     766.10     766.00     765.70     765.10     764.30
     763.40     762.70     762.20
     762.70     762.60     762.50     762.50     763.00     763.90     765.00     765.80     766.50     767.00
     767.30     767.50     767.50     767.50     767.30     766.90     766.30     765.80     765.60     765.40
     764.90     764.10     763.20     762.70     762.60     762.50     762.40     762.30     762.10     761.70
     761.20     760.70     760.30     760.10     759.90     760.10     760.60     761.10     761.20     761.10
     761.10     761.70     762.60     763.30     763.30     762.90     762.50     762.30     762.30     762.60
     762.90     763.00     762.90     762.70     762.60     762.40     761.70     760.40     759.10     759.00
     760.30     762.30     764.10     764.90     765.20     765.20     765.10     764.90     764.60     764.20
     763.90     763.60     763.20
     763.50     763.20     762.90     762.80     763.10     763.70     764.30     764.80     765.20     765.60
     765.90     766.00     766.00     766.10     766.30     766.10     765.60     765.10     764.90     765.00
     764.70     764.10     763.40     762.90     762.50     762.00     761.40     760.80     760.50     760.10
     759.80     759.50     759.40     759.30     759.20     759.40     759.70     760.10     760.20     760.00
     760.20     760.90     761.90     762.70     763.00     763.00     763.00     763.00     762.80     762.60
     762.50     762.60     762.70     762.90     763.00     763.00     762.10     760.40     759.00     758.90
     760.40     762.60     764.10     764.50     764.30     764.00     763.70     763.50     763.30     763.40
     763.70     763.80     763.50
     763.80     763.30     762.90     762.90     763.20     763.50     763.50     763.40     763.50     763.80
     764.10     764.10     764.10     764.20     764.60     764.70     764.40     764.00     764.10     764.50
     764.60     764.20     763.60     763.00     762.40     761.60     760.60     759.80     759.30     758.90
     758.60     758.50     758.50     758.60     758.60     758.60     758.70     758.80     758.60     758.40
     758.50     759.10     760.00     760.80     761.30     761.90     762.60     763.00     762.90     762.40
     762.00     762.10     762.20     762.30     762.30     762.20     761.60     760.50     759.40     759.50
     761.00     762.90     764.00     764.10     763.70     763.10     762.60     762.00     761.70     762.00
     762.70     763.30     763.50
     763.60     763.00     762.80     763.00     763.40     763.50     763.20     762.70     762.40     762.50
     762.70     762.70     762.50     762.50     762.80     763.10     763.20     763.30     763.60     764.10
     764.20     763.90     763.20     762.60     762.00     761.20     760.20     759.30     758.60     758.20
     757.90     757.90     758.20     758.50     758.50     758.30     758.10     757.80     757.60     757.30
     757.40     757.90     758.50     759.00     759.50     760.30     761.30     762.00     762.00     761.60
     761.50     761.90     762.10     761.90     761.50     761.20     761.10     760.70     760.10     760.20
     761.20     762.40     763.20     763.20     762.80     762.30     761.60     760.80     760.40     760.70
     761.60     762.70     763.40
     763.30     762.90     762.90     763.10     763.30     763.30     762.90     762.30     761.90     761.80
     761.90     761.70     761.40     761.20     761.40     761.90     762.40     762.80     763.10     763.30
     763.10     762.50     762.00     761.80     761.50     760.90     759.90     758.90     758.10     757.60
     757.40     757.60     758.10     758.50     758.50     758.20     757.80     757.40     757.10     757.00
     757.10     757.60     758.20     758.50     758.80     759.40     760.30     760.90     761.00     760.70
     760.90     761.60     762.10     761.90     761.30     760.90     760.90     760.90     760.60     760.40
     760.80     761.40     761.80     761.70     761.40     760.90     760.30     759.60     759.40     759.90
     761.00     762.10     762.90
     762.90     762.80     762.80     762.80     762.60     762.20     761.90     761.60     761.20     760.90
     760.90     760.80     760.70     760.60     760.70     761.20     761.70     762.00     762.10     761.70
     761.00     760.40     760.10     760.30     760.60     760.40     759.70     758.80     758.00     757.50
     757.40     757.70     758.10     758.40     758.20     757.90     757.50     757.10     756.80     756.70
     756.90     757.50     758.20     758.70     759.10     759.50     760.20     760.70     760.60     760.30
     760.30     761.00     761.80     761.90     761.40     761.10     761.10     761.00     760.70     760.50
     760.60     760.90     761.00     760.70     760.30     759.60     758.90     758.40     758.50     759.30
     760.50     761.50     762.00
     762.20     762.20     762.20     761.90     761.30     760.80     760.50     760.40     760.10     759.80
     759.70     759.90     760.10     760.20     760.40     760.70     760.90     760.90     760.50     759.90
     759.00     758.30     758.10     758.50     759.00     759.30     759.10     758.80     758.40     758.20
     758.20     758.30     758.30     758.10     757.80     757.50     757.30     756.90     756.60     756.40
     756.60     757.20     758.10     759.00     759.60     760.00     760.50     760.80     760.70     760.30
     760.00     760.40     761.00     761.40     761.30     761.10     761.00     760.90     760.70     760.60
     760.80     761.00     761.00     760.60     760.00     759.20     758.40     757.90     758.00     758.80
     759.80     760.60     761.00
     761.50     761.40     761.30     761.00     760.40     759.90     759.70     759.60     759.40     759.10
     759.00     759.30     759.60     759.90     760.10     760.20     760.10     759.70     759.20     758.70
     758.10     757.50     757.10     757.00     757.30     757.70     758.20     758.60     758.90     759.10
     759.10     758.90     758.40     757.90     757.50     757.40     757.30     757.10     756.70     756.60
     756.80     757.30     758.10     759.10     759.80     760.10     760.30     760.40     760.40     760.20
     759.90     760.00     760.30     760.50     760.50     760.50     760.60     760.60     760.50     760.50
     760.70     760.90     760.90     760.60     760.20     759.60     758.90     758.40     758.40     758.80
     759.40     759.80     760.10
     761.10     760.90     760.80     760.70     760.40     760.00     759.80     759.50     759.20     758.90
     758.90     759.10     759.30     759.40     759.60     759.70     759.40     759.00     758.70     758.70
     758.60     758.20     757.50     756.90     756.70     757.00     757.60     758.30     758.80     759.10
     759.10     758.80     758.30     757.70     757.60     757.60     757.70     757.50     757.30     757.40
     757.70     758.00     758.50     759.10     759.60     759.70     759.50     759.40     759.60     759.80
     759.90     759.80     759.70     759.50     759.40     759.50     759.70     759.90     759.90     759.90
     760.00     760.20     760.30     760.30     760.20     760.10     759.70     759.40     759.20     759.20
     759.20     759.30     759.60
     761.10     760.80     760.70     760.70     760.60     760.40     760.10     759.70     759.30     759.10
     759.10     759.10     759.10     759.10     759.30     759.40     759.20     758.80     758.70     758.90
     759.20     759.10     758.50     757.90     757.60     757.60     757.90     758.10     758.20     758.30
     758.30     758.20     758.00     757.80     757.90     758.00     758.00     757.80     757.80     758.20
     758.60     758.80     758.70     758.80     759.10     759.20     759.00     759.00     759.30     759.70
     759.90     759.80     759.40     758.90     758.50     758.60     758.90     759.20     759.20     759.10
     759.20     759.60     759.80     760.00     760.10     760.10     760.00     759.80     759.70     759.30
     759.00     758.90     759.20
     760.90     760.70     760.50     760.50     760.50     760.40     760.20     759.80     759.50     759.30
     759.40     759.40     759.30     759.30     759.40     759.40     759.30     758.90     758.80     758.90
     759.10     759.10     759.00     758.90     758.80     758.70     758.50     758.20     758.00     757.90
     758.00     758.10     758.20     758.40     758.50     758.60     758.30     758.00     758.00     758.50
     759.00     758.90     758.50     758.30     758.50     758.80     759.10     759.30     759.70     760.00
     760.00     759.80     759.40     758.90     758.50     758.40     758.60     758.80     758.80     758.80
     759.20     759.70     760.10     760.20     760.00     759.70     759.50     759.40     759.30     759.00
     758.60     758.50     758.90
