diamond 4 20年06月24日8时400百帕高度场
20 06 24  8  400 
2.500 -2.500  .0  180.0   90.0  .0
73  37
     708.10     708.10     708.10     708.10     708.10     708.10     708.10     708.10     708.10     708.10
     708.10     708.10     708.10     708.10     708.10     708.10     708.10     708.10     708.10     708.10
     708.10     708.10     708.10     708.10     708.10     708.10     708.10     708.10     708.10     708.10
     708.10     708.10     708.10     708.10     708.10     708.10     708.10     708.10     708.10     708.10
     708.10     708.10     708.10     708.10     708.10     708.10     708.10     708.10     708.10     708.10
     708.10     708.10     708.10     708.10     708.10     708.10     708.10     708.10     708.10     708.10
     708.10     708.10     708.10     708.10     708.10     708.10     708.10     708.10     708.10     708.10
     708.10     708.10     708.10
     713.10     713.20     713.30     713.30     713.40     713.40     713.50     713.50     713.60     713.60
     713.60     713.60     713.60     713.60     713.60     713.60     713.60     713.60     713.60     713.50
     713.50     713.50     713.40     713.30     713.30     713.20     713.10     713.00     712.90     712.80
     712.70     712.60     712.50     712.30     712.20     712.00     711.90     711.70     711.50     711.30
     711.10     710.80     710.60     710.30     710.00     709.80     709.50     709.20     708.80     708.50
     708.20     707.80     707.40     707.10     706.70     706.30     705.90     705.50     705.20     704.80
     704.40     704.00     703.60     703.20     702.90     702.50     702.20     701.90     701.60     701.30
     701.00     700.80     700.60
     718.10     718.30     718.40     718.50     718.60     718.70     718.70     718.70     718.70     718.70
     718.60     718.60     718.50     718.40     718.30     718.20     718.00     717.90     717.80     717.60
     717.50     717.30     717.20     717.10     717.00     716.90     716.80     716.70     716.60     716.60
     716.50     716.50     716.40     716.40     716.30     716.20     716.20     716.10     715.90     715.80
     715.60     715.40     715.10     714.80     714.50     714.10     713.60     713.10     712.50     711.90
     711.20     710.50     709.70     708.90     708.10     707.20     706.20     705.30     704.30     703.30
     702.30     701.20     700.20     699.20     698.20     697.30     696.30     695.40     694.50     693.70
     692.90     692.20     691.50
     724.00     724.20     724.40     724.60     724.60     724.60     724.50     724.40     724.10     723.90
     723.50     723.10     722.60     722.10     721.60     721.00     720.50     719.90     719.40     718.80
     718.30     717.80     717.40     717.00     716.70     716.50     716.30     716.20     716.20     716.30
     716.50     716.70     717.00     717.30     717.70     718.10     718.50     719.00     719.40     719.70
     720.00     720.30     720.40     720.50     720.40     720.20     719.90     719.50     719.00     718.30
     717.50     716.50     715.40     714.20     712.90     711.50     710.00     708.40     706.80     705.10
     703.40     701.60     699.90     698.10     696.40     694.70     693.10     691.50     690.00     688.60
     687.30     686.00     684.90
     727.20     727.80     728.30     728.60     728.70     728.70     728.60     728.20     727.70     727.10
     726.30     725.30     724.30     723.20     722.10     720.90     719.70     718.50     717.30     716.20
     715.20     714.20     713.40     712.60     712.00     711.50     711.30     711.10     711.20     711.50
     712.00     712.60     713.50     714.50     715.60     716.80     718.10     719.50     720.80     722.10
     723.20     724.30     725.20     726.00     726.60     726.90     727.10     727.00     726.80     726.30
     725.60     724.70     723.60     722.20     720.70     719.00     717.10     715.10     712.90     710.60
     708.20     705.70     703.20     700.80     698.30     696.00     693.70     691.60     689.60     687.80
     686.00     684.50     683.10
     724.70     726.00     727.20     728.20     728.90     729.30     729.40     729.10     728.60     727.70
     726.50     725.10     723.60     721.90     720.10     718.30     716.50     714.80     713.20     711.70
     710.30     709.00     707.90     706.90     706.10     705.50     705.00     704.90     704.90     705.30
     706.00     707.00     708.30     710.00     711.80     713.90     716.10     718.40     720.60     722.80
     724.90     726.80     728.40     729.80     730.90     731.80     732.40     732.80     732.90     732.80
     732.50     732.00     731.20     730.20     728.90     727.40     725.60     723.50     721.10     718.50
     715.60     712.60     709.50     706.40     703.30     700.40     697.50     694.90     692.50     690.30
     688.30     686.60     685.00
     718.20     720.60     723.00     725.10     726.90     728.30     729.10     729.40     729.10     728.20
     726.80     725.00     722.90     720.60     718.20     715.90     713.60     711.60     709.80     708.20
     706.80     705.60     704.70     703.80     703.10     702.50     702.10     701.80     701.80     702.10
     702.80     703.80     705.30     707.20     709.40     712.00     714.70     717.60     720.50     723.20
     725.80     728.10     730.10     731.70     733.00     734.00     734.70     735.30     735.60     735.80
     736.00     736.00     735.80     735.50     735.00     734.10     732.90     731.30     729.30     726.80
     723.90     720.80     717.40     713.90     710.30     706.90     703.50     700.50     697.60     695.00
     692.70     690.50     688.60
     713.30     716.70     720.20     723.50     726.50     729.00     730.80     731.80     732.00     731.20
     729.70     727.40     724.70     721.60     718.40     715.40     712.50     710.10     708.10     706.50
     705.40     704.60     704.10     703.70     703.40     703.20     703.00     702.80     702.70     702.90
     703.40     704.30     705.70     707.50     709.90     712.60     715.60     718.80     721.90     724.80
     727.50     729.80     731.70     733.20     734.40     735.20     735.80     736.20     736.50     736.70
     737.00     737.30     737.70     738.00     738.10     738.00     737.60     736.80     735.40     733.50
     731.10     728.20     725.00     721.60     718.00     714.50     711.10     707.80     704.70     701.70
     698.80     696.00     693.30
     713.90     717.40     721.20     725.10     728.80     732.10     734.70     736.30     736.80     736.20
     734.50     731.90     728.60     724.70     720.70     716.80     713.20     710.00     707.40     705.50
     704.30     703.60     703.40     703.50     703.70     704.00     704.20     704.30     704.40     704.60
     705.20     706.10     707.60     709.70     712.30     715.30     718.60     721.90     725.00     727.80
     730.20     732.20     733.80     735.00     735.80     736.50     736.90     737.30     737.50     737.80
     738.00     738.30     738.70     739.10     739.50     739.70     739.80     739.50     738.80     737.50
     735.70     733.50     730.80     728.00     725.00     722.00     718.90     715.90     712.70     709.50
     706.10     702.70     699.20
     718.90     722.00     725.50     729.20     732.90     736.30     739.00     740.70     741.40     740.80
     739.10     736.40     732.90     728.90     724.60     720.10     715.70     711.60     708.00     705.00
     702.90     701.50     701.00     701.00     701.40     702.00     702.60     703.10     703.60     704.20
     705.10     706.60     708.70     711.50     714.90     718.60     722.30     725.70     728.60     730.90
     732.60     733.60     734.30     734.80     735.20     735.70     736.30     737.00     737.60     738.20
     738.60     738.90     739.10     739.30     739.60     739.80     740.00     740.00     739.70     739.00
     737.90     736.30     734.40     732.30     730.10     727.90     725.50     723.00     720.10     716.90
     713.20     709.30     705.40
     725.40     728.40     731.60     735.00     738.30     741.20     743.40     744.60     744.80     744.00
     742.40     740.00     737.00     733.60     729.70     725.40     720.70     715.80     711.00     706.60
     703.00     700.30     698.70     698.10     698.30     698.90     699.70     700.60     701.40     702.40
     703.90     706.10     709.10     712.90     717.20     721.60     725.80     729.20     731.60     732.90
     733.10     732.50     731.70     730.90     730.50     730.80     731.60     732.90     734.40     735.70
     736.70     737.20     737.50     737.60     737.70     738.00     738.40     738.90     739.10     739.10
     738.60     737.60     736.40     734.90     733.40     731.80     730.10     728.10     725.60     722.50
     718.80     714.80     710.80
     732.00     735.50     738.90     742.10     744.90     747.10     748.30     748.60     747.90     746.70
     744.90     743.00     740.80     738.40     735.40     731.80     727.40     722.30     716.80     711.30
     706.40     702.60     700.10     698.90     698.80     699.40     700.30     701.20     702.20     703.40
     705.10     707.60     711.10     715.30     720.00     724.70     728.80     731.80     733.50     733.60
     732.40     730.30     727.90     725.70     724.40     724.20     725.20     727.00     729.20     731.20
     732.70     733.50     733.80     733.70     733.80     734.20     735.00     736.10     737.20     738.10
     738.40     738.20     737.50     736.50     735.50     734.30     733.10     731.50     729.30     726.50
     723.00     719.20     715.40
     738.40     742.60     746.10     749.00     751.00     752.10     752.10     751.30     750.00     748.40
     746.80     745.20     743.60     741.90     739.60     736.70     733.00     728.40     723.30     718.10
     713.20     709.40     706.80     705.60     705.40     705.90     706.70     707.40     708.10     709.10
     710.70     713.00     716.10     719.90     723.90     727.80     731.10     733.40     734.40     734.00
     732.40     729.90     726.90     724.30     722.40     721.80     722.60     724.30     726.50     728.50
     729.90     730.40     730.20     729.70     729.40     729.70     730.60     732.20     734.10     735.70
     736.90     737.40     737.40     736.90     736.20     735.50     734.60     733.30     731.50     729.00
     725.90     722.50     719.20
     744.50     748.40     751.20     752.80     753.40     752.90     751.70     750.20     748.80     747.80
     747.00     746.10     745.00     743.40     741.30     738.70     735.80     732.50     729.00     725.40
     722.00     719.30     717.40     716.50     716.20     716.30     716.40     716.40     716.50     716.90
     718.00     719.90     722.40     725.30     728.10     730.60     732.60     734.00     734.70     734.60
     733.70     732.10     729.90     727.80     726.10     725.30     725.50     726.50     727.90     729.10
     729.80     729.70     729.00     728.00     727.20     727.00     727.60     729.00     730.70     732.40
     733.80     734.70     735.00     735.00     734.90     734.60     734.10     733.20     731.70     729.60
     726.90     724.00     721.20
     749.40     752.10     753.40     753.20     751.60     749.20     746.60     744.80     744.20     744.60
     745.40     745.90     745.40     743.80     741.60     739.30     737.20     735.40     734.00     732.60
     731.20     729.90     728.80     727.80     727.00     726.00     724.80     723.60     722.60     722.30
     723.00     724.70     726.90     729.20     731.20     732.60     733.60     734.30     734.80     735.10
     735.00     734.40     733.40     732.20     731.00     730.30     730.00     730.10     730.40     730.70
     730.70     730.40     729.80     729.00     728.40     728.00     728.00     728.30     728.90     729.60
     730.20     730.60     730.90     731.10     731.40     731.50     731.40     730.90     729.70     727.90
     725.70     723.30     721.10
     752.50     754.10     754.20     752.60     749.30     745.20     741.50     739.40     739.50     741.30
     743.70     745.50     745.80     744.60     742.60     740.60     739.30     738.90     739.00     739.20
     739.20     738.80     737.90     736.60     734.90     732.60     730.00     727.40     725.30     724.30
     724.80     726.40     728.80     731.20     733.10     734.20     734.80     735.00     735.00     734.80
     734.40     733.90     733.30     732.70     732.30     732.10     731.90     731.60     731.30     731.00
     730.80     730.90     731.20     731.60     731.90     731.90     731.50     730.80     730.00     729.10
     728.30     727.70     727.30     727.30     727.50     727.80     727.90     727.50     726.60     725.10
     723.30     721.40     719.50
     753.80     755.20     755.30     753.50     749.80     745.10     740.90     738.50     738.50     740.30
     742.90     744.90     745.60     745.10     743.90     742.90     742.40     742.70     743.30     744.00
     744.40     744.20     743.50     742.00     739.80     736.90     733.50     730.20     727.50     726.20
     726.50     728.10     730.50     732.90     734.90     736.20     736.70     736.40     735.40     733.80
     732.00     730.50     729.60     729.50     730.20     731.20     732.00     732.20     731.80     731.40
     731.20     731.80     733.00     734.60     735.90     736.50     736.20     735.00     733.40     731.50
     729.80     728.20     727.10     726.30     726.10     726.00     725.80     725.20     724.20     722.80
     721.20     719.50     717.70
     753.90     755.50     756.30     755.30     752.50     748.60     744.80     742.20     741.30     741.70
     742.60     743.20     743.50     743.60     743.80     744.20     744.80     745.50     746.00     746.50
     746.80     746.90     746.40     745.20     743.20     740.50     737.30     734.30     732.00     730.90
     731.10     732.30     734.20     736.10     737.80     738.90     739.20     738.30     736.20     733.20
     729.90     727.30     726.10     726.80     728.80     731.20     733.20     734.20     734.30     733.90
     733.90     734.60     736.10     738.00     739.70     740.60     740.50     739.50     738.00     736.20
     734.40     732.70     731.10     729.70     728.70     727.80     726.80     725.50     724.00     722.20
     720.50     718.50     716.10
     754.00     755.50     756.50     756.20     754.30     751.60     748.90     746.80     745.20     743.70
     742.00     740.40     739.60     740.20     742.00     744.20     746.00     747.10     747.60     748.00
     748.40     748.70     748.60     747.80     746.10     743.80     741.30     739.20     737.80     737.30
     737.60     738.50     739.60     740.70     741.70     742.40     742.40     741.10     738.40     734.60
     730.70     727.80     726.90     728.10     730.70     733.70     736.10     737.40     737.90     738.00
     738.30     739.30     740.80     742.50     744.00     744.80     744.90     744.30     743.30     742.10
     740.90     739.60     738.10     736.50     734.90     733.30     731.40     729.20     726.80     724.30
     721.80     719.10     715.80
     755.00     756.10     756.40     755.70     754.00     752.10     750.50     749.30     747.80     745.20
     741.80     738.40     736.90     737.90     740.90     744.60     747.60     749.30     750.20     750.70
     751.40     751.80     751.60     750.50     748.70     746.60     744.80     743.70     743.10     743.20
     743.60     744.10     744.70     745.40     746.10     746.50     746.30     745.00     742.40     738.90
     735.40     732.90     732.30     733.40     735.50     737.60     739.00     739.90     740.50     741.40
     742.80     744.50     746.30     748.00     749.20     750.00     750.20     749.90     749.20     748.40
     747.60     746.80     745.80     744.50     743.00     741.10     738.80     736.10     733.10     730.00
     726.80     723.30     719.30
     756.80     757.40     757.10     755.60     753.40     751.30     750.10     749.70     748.90     746.80
     743.30     739.80     738.30     739.70     743.50     748.00     751.50     753.70     754.80     755.60
     756.20     756.20     755.20     753.40     751.30     749.50     748.40     747.90     747.90     748.00
     748.20     748.40     748.90     749.50     750.30     750.80     750.70     749.60     747.50     744.80
     742.20     740.50     739.90     740.20     741.00     741.50     741.70     741.90     742.70     744.50
     746.90     749.50     751.70     753.30     754.50     755.40     755.80     755.70     755.10     754.30
     753.60     753.20     752.70     752.00     750.90     749.40     747.40     744.90     742.00     738.90
     735.70     732.10     728.10
     758.30     758.90     758.50     756.90     754.30     751.70     750.10     749.80     749.70     748.80
     746.80     744.60     744.00     746.00     749.90     754.10     757.50     759.50     760.60     761.20
     761.40     760.60     759.00     756.80     754.80     753.50     753.00     753.00     753.00     752.80
     752.60     752.50     752.90     753.60     754.30     754.80     754.60     753.70     752.10     750.30
     748.40     747.00     746.20     745.90     745.80     745.60     745.40     745.60     746.60     748.80
     751.60     754.30     756.20     757.40     758.10     758.90     759.70     760.00     759.90     759.40
     759.00     758.90     758.90     758.60     757.90     756.80     755.30     753.50     751.30     749.00
     746.40     743.40     740.20
     759.20     759.70     759.70     758.60     756.30     753.50     751.50     750.90     751.30     751.70
     751.40     751.10     751.80     754.10     757.50     760.80     763.20     764.40     765.10     765.30
     765.00     764.00     762.40     760.50     759.10     758.30     758.10     758.10     758.00     757.50
     757.00     756.80     757.00     757.50     757.90     758.00     757.50     756.50     755.40     754.10
     752.70     751.40     750.40     750.00     750.00     750.30     750.70     751.30     752.50     754.30
     756.60     758.40     759.40     759.50     759.50     760.00     761.00     762.20     763.00     763.40
     763.70     764.00     764.20     764.00     763.40     762.50     761.30     760.00     758.60     757.00
     755.20     753.10     750.90
     760.20     760.30     760.30     759.80     758.10     755.70     753.80     753.20     754.00     755.20
     756.20     757.20     758.80     761.10     763.60     765.50     766.60     767.00     767.00     766.90
     766.60     765.90     764.90     764.00     763.10     762.50     762.00     761.50     761.10     760.60
     760.10     759.90     760.00     760.30     760.40     760.10     759.40     758.60     757.90     757.20
     756.20     755.00     753.90     753.50     753.90     754.90     755.90     756.80     757.70     758.80
     760.10     761.10     761.20     760.50     759.80     759.90     761.20     763.10     764.90     766.30
     767.10     767.60     767.80     767.50     766.90     766.00     765.10     764.00     762.80     761.50
     760.30     759.00     757.60
     761.90     761.40     761.00     760.40     759.10     757.50     756.40     756.40     757.50     759.00
     760.40     761.80     763.40     765.20     766.60     767.30     767.40     767.20     766.90     766.80
     766.60     766.30     766.10     765.90     765.50     764.60     763.60     762.60     761.80     761.40
     761.10     761.00     761.10     761.40     761.50     761.30     760.90     760.70     760.50     760.30
     759.60     758.60     757.70     757.30     757.60     758.50     759.50     760.10     760.50     761.00
     761.70     762.20     762.20     761.40     760.60     760.70     762.00     764.10     766.20     767.70
     768.50     768.90     768.80     768.40     767.90     767.20     766.50     765.60     764.50     763.40
     762.50     761.80     761.00
     763.60     762.70     761.80     760.80     759.80     759.10     759.00     759.70     761.00     762.30
     763.40     764.50     765.60     766.60     767.10     767.10     766.70     766.40     766.20     766.10
     766.00     765.90     765.80     765.80     765.50     764.70     763.60     762.50     761.60     761.10
     760.90     760.90     761.20     761.60     761.90     762.00     762.10     762.30     762.60     762.50
     762.10     761.40     760.70     760.30     760.30     760.70     761.20     761.50     761.70     761.90
     762.30     762.80     762.80     762.40     761.90     762.10     763.30     765.00     766.60     767.60
     768.10     768.20     767.90     767.40     766.90     766.50     766.10     765.50     764.70     763.90
     763.40     763.20     763.00
     763.90     763.10     762.10     761.20     760.50     760.50     761.10     762.20     763.20     763.90
     764.50     765.10     765.70     766.20     766.30     766.10     765.70     765.50     765.40     765.40
     765.20     764.80     764.40     764.10     763.90     763.40     762.70     761.90     761.30     760.80
     760.60     760.80     761.30     761.90     762.30     762.40     762.60     762.90     763.20     763.00
     762.60     762.10     761.70     761.50     761.30     761.30     761.60     762.10     762.50     762.70
     762.80     763.00     763.00     762.70     762.50     762.90     763.90     765.10     766.00     766.50
     766.70     766.70     766.30     765.70     765.00     764.60     764.50     764.40     764.10     763.70
     763.70     763.90     764.00
     763.20     762.50     761.80     761.30     761.30     761.80     762.70     763.50     763.90     764.10
     764.10     764.20     764.40     764.60     764.70     764.60     764.40     764.20     764.10     764.00
     763.80     763.20     762.50     762.00     761.70     761.50     761.10     760.70     760.30     760.10
     760.20     760.80     761.60     762.30     762.60     762.40     762.40     762.60     762.70     762.40
     761.80     761.40     761.30     761.20     761.00     761.00     761.60     762.30     762.90     763.10
     763.00     762.80     762.50     762.20     762.00     762.40     763.30     764.20     764.70     764.90
     765.00     765.10     764.80     764.00     763.10     762.60     762.70     763.20     763.50     763.50
     763.60     763.80     763.90
     762.60     762.10     761.80     761.80     762.30     763.20     763.90     764.20     764.00     763.60
     763.30     762.90     762.60     762.30     762.40     762.40     762.30     762.00     761.70     761.60
     761.50     761.10     760.60     760.30     760.10     759.80     759.40     759.00     758.80     758.90
     759.40     760.30     761.20     761.90     762.00     761.70     761.60     761.80     762.10     761.90
     761.50     761.10     760.90     760.80     760.60     760.80     761.60     762.50     763.00     763.00
     762.70     762.40     762.10     761.60     761.40     761.70     762.40     763.20     763.50     763.50
     763.40     763.50     763.20     762.50     761.50     761.20     761.70     762.60     763.40     763.60
     763.60     763.50     763.30
     762.80     762.50     762.40     762.60     763.30     764.10     764.70     764.70     764.10     763.40
     762.70     761.80     760.80     760.10     759.90     760.00     759.80     759.40     759.10     759.00
     759.10     759.10     759.10     759.20     759.30     759.00     758.30     757.80     757.70     758.10
     758.60     759.20     759.80     760.40     760.60     760.60     760.70     761.10     761.60     761.80
     761.70     761.40     761.10     760.90     760.80     761.10     761.90     762.80     763.10     762.90
     762.70     762.60     762.30     761.80     761.30     761.50     762.10     762.70     762.80     762.50
     762.10     761.80     761.60     761.10     760.60     760.60     761.40     762.70     763.60     763.80
     763.60     763.40     763.10
     762.80     762.80     762.90     763.00     763.50     764.10     764.60     764.50     763.90     763.20
     762.40     761.20     759.80     758.70     758.30     758.20     758.00     757.70     757.60     757.70
     757.80     757.70     757.90     758.30     758.80     758.70     758.10     757.60     757.70     758.00
     758.20     758.10     758.20     758.70     759.20     759.60     759.90     760.40     760.90     761.30
     761.40     761.30     761.10     760.90     760.80     761.30     762.10     762.80     763.10     763.00
     763.10     763.20     763.00     762.30     761.80     761.70     762.10     762.40     762.30     761.90
     761.40     760.90     760.70     760.60     760.60     761.00     761.70     762.70     763.40     763.50
     763.40     763.30     763.20
     762.00     762.30     762.40     762.40     762.60     763.00     763.40     763.30     762.90     762.30
     761.50     760.50     759.40     758.40     757.80     757.50     757.20     757.20     757.30     757.50
     757.30     756.80     756.60     757.00     757.70     757.90     757.60     757.50     757.70     757.90
     757.80     757.40     757.20     757.60     758.40     759.00     759.40     759.80     760.10     760.30
     760.50     760.50     760.40     760.20     760.30     760.80     761.60     762.30     762.50     762.70
     763.00     763.20     763.00     762.40     761.90     761.80     761.80     761.80     761.70     761.60
     761.40     761.00     760.90     761.10     761.50     761.80     762.00     762.30     762.60     762.70
     762.70     762.70     762.80
     761.00     761.40     761.50     761.40     761.20     761.40     761.70     761.80     761.30     760.70
     760.10     759.50     758.90     758.40     757.90     757.50     757.10     757.00     757.20     757.20
     756.60     755.80     755.20     755.40     756.00     756.40     756.50     756.60     756.90     757.20
     757.10     756.80     756.70     757.20     758.00     758.70     759.10     759.40     759.60     759.80
     759.90     759.80     759.60     759.50     759.60     760.10     760.80     761.30     761.50     761.80
     762.10     762.30     762.10     761.80     761.70     761.60     761.30     761.00     760.90     761.30
     761.50     761.40     761.40     761.70     762.30     762.50     762.30     762.00     762.00     762.00
     762.00     762.00     762.00
     760.70     761.00     761.10     760.80     760.40     760.40     760.50     760.50     760.10     759.40
     758.80     758.30     758.00     757.80     757.60     757.30     757.00     756.70     756.50     756.20
     755.50     754.70     754.30     754.30     754.70     755.10     755.50     755.70     755.90     756.10
     756.20     756.30     756.50     756.90     757.50     758.10     758.70     759.20     759.50     759.70
     759.70     759.50     759.30     759.20     759.30     759.70     760.20     760.60     760.70     760.90
     761.10     761.20     761.20     761.20     761.50     761.60     761.20     760.60     760.50     761.00
     761.40     761.30     761.20     761.60     762.30     762.60     762.30     761.80     761.60     761.70
     761.60     761.40     761.20
     761.00     761.10     761.20     760.80     760.20     759.90     759.90     759.80     759.40     758.70
     758.10     757.50     757.20     757.00     757.10     757.10     756.90     756.60     756.20     755.60
     755.00     754.50     754.30     754.20     754.40     754.80     755.20     755.50     755.60     755.60
     755.90     756.20     756.50     756.70     757.00     757.50     758.20     758.70     759.10     759.30
     759.40     759.20     759.00     758.90     759.10     759.60     760.10     760.50     760.50     760.60
     760.70     760.80     760.90     761.10     761.50     761.70     761.40     760.90     760.80     761.10
     761.20     760.80     760.60     761.00     761.70     762.10     761.80     761.30     761.20     761.20
     761.20     761.10     760.90
     761.00     761.10     761.10     760.60     760.00     759.50     759.40     759.30     759.00     758.50
     758.00     757.50     757.10     756.90     756.90     757.10     757.10     757.00     756.60     756.10
     755.70     755.30     754.90     754.70     754.70     755.00     755.50     755.70     755.70     755.60
     755.90     756.30     756.60     756.70     756.90     757.30     757.80     758.10     758.20     758.40
     758.60     758.60     758.50     758.40     758.60     759.20     759.80     760.20     760.30     760.40
     760.60     760.80     761.00     761.20     761.40     761.60     761.50     761.30     761.30     761.30
     761.10     760.60     760.40     760.70     761.30     761.50     761.10     760.70     760.60     760.60
     760.60     760.70     760.70
     760.70     760.90     760.70     760.30     759.80     759.30     759.10     758.90     758.60     758.20
     758.00     757.70     757.50     757.40     757.30     757.30     757.30     757.20     757.10     756.90
     756.50     755.90     755.40     755.00     754.90     755.30     755.70     755.90     755.70     755.60
     755.90     756.30     756.60     756.80     757.00     757.40     757.60     757.60     757.50     757.70
     758.10     758.40     758.30     758.20     758.20     758.70     759.20     759.50     759.70     759.90
     760.20     760.60     760.80     760.90     761.00     761.10     761.20     761.20     761.30     761.30
     761.00     760.80     760.80     761.10     761.20     761.10     760.70     760.50     760.40     760.40
     760.30     760.40     760.60
