diamond 4 20年06月25日8时850百帕相对湿度
20 06 25  8  850 
2.500 -2.500  .0  180.0   90.0  .0
73  37
      63.00      63.00      63.00      63.00      63.00      63.00      63.00      63.00      63.00      63.00
      63.00      63.00      63.00      63.00      63.00      63.00      63.00      63.00      63.00      63.00
      63.00      63.00      63.00      63.00      63.00      63.00      63.00      63.00      63.00      63.00
      63.00      63.00      63.00      63.00      63.00      63.00      63.00      63.00      63.00      63.00
      63.00      63.00      63.00      63.00      63.00      63.00      63.00      63.00      63.00      63.00
      63.00      63.00      63.00      63.00      63.00      63.00      63.00      63.00      63.00      63.00
      63.00      63.00      63.00      63.00      63.00      63.00      63.00      63.00      63.00      63.00
      63.00      63.00      63.00
      46.00      47.00      48.00      49.00      49.00      50.00      51.00      51.00      52.00      52.00
      53.00      53.00      53.00      53.00      54.00      54.00      53.00      53.00      53.00      53.00
      53.00      53.00      52.00      52.00      52.00      52.00      52.00      52.00      52.00      52.00
      52.00      52.00      52.00      53.00      53.00      54.00      54.00      55.00      56.00      56.00
      57.00      58.00      59.00      60.00      61.00      62.00      63.00      64.00      65.00      66.00
      67.00      68.00      70.00      71.00      72.00      73.00      74.00      74.00      75.00      76.00
      77.00      77.00      78.00      78.00      79.00      79.00      79.00      79.00      79.00      80.00
      80.00      80.00      80.00
      76.00      78.00      80.00      82.00      84.00      86.00      87.00      88.00      89.00      90.00
      90.00      89.00      88.00      87.00      85.00      82.00      79.00      76.00      72.00      69.00
      65.00      62.00      58.00      55.00      52.00      49.00      46.00      44.00      42.00      40.00
      39.00      37.00      36.00      36.00      35.00      35.00      34.00      34.00      34.00      35.00
      35.00      36.00      36.00      37.00      38.00      40.00      41.00      43.00      45.00      46.00
      49.00      51.00      53.00      56.00      59.00      61.00      64.00      67.00      69.00      71.00
      73.00      75.00      76.00      77.00      78.00      78.00      78.00      77.00      77.00      75.00
      74.00      72.00      71.00
      91.00      92.00      92.00      93.00      93.00      94.00      94.00      93.00      93.00      92.00
      90.00      89.00      87.00      86.00      83.00      81.00      79.00      77.00      75.00      74.00
      73.00      72.00      72.00      72.00      71.00      71.00      70.00      69.00      68.00      67.00
      66.00      65.00      63.00      62.00      60.00      59.00      58.00      57.00      56.00      55.00
      54.00      53.00      52.00      51.00      50.00      49.00      48.00      47.00      46.00      46.00
      45.00      45.00      46.00      47.00      49.00      52.00      55.00      59.00      63.00      68.00
      73.00      78.00      82.00      86.00      90.00      92.00      94.00      95.00      95.00      94.00
      92.00      90.00      87.00
      86.00      88.00      88.00      88.00      87.00      84.00      80.00      75.00      69.00      62.00
      55.00      48.00      43.00      38.00      35.00      35.00      36.00      40.00      47.00      54.00
      63.00      72.00      80.00      87.00      93.00      97.00      98.00      98.00      97.00      95.00
      92.00      88.00      84.00      80.00      77.00      74.00      71.00      70.00      69.00      69.00
      70.00      70.00      71.00      72.00      73.00      74.00      73.00      72.00      70.00      68.00
      64.00      60.00      56.00      52.00      49.00      46.00      45.00      45.00      46.00      48.00
      52.00      57.00      62.00      69.00      75.00      81.00      88.00      93.00      98.00     100.00
     100.00     100.00     100.00
      64.00      71.00      79.00      88.00      97.00     100.00     100.00     100.00     100.00      96.00
      85.00      72.00      59.00      48.00      38.00      32.00      31.00      33.00      41.00      52.00
      65.00      79.00      90.00      98.00     100.00     100.00     100.00      95.00      89.00      82.00
      75.00      68.00      61.00      56.00      52.00      50.00      48.00      49.00      50.00      51.00
      54.00      56.00      59.00      61.00      63.00      65.00      66.00      67.00      67.00      68.00
      67.00      66.00      65.00      63.00      60.00      58.00      56.00      54.00      53.00      52.00
      52.00      52.00      53.00      55.00      58.00      63.00      69.00      77.00      86.00      95.00
     100.00     100.00     100.00
      37.00      36.00      38.00      43.00      51.00      60.00      71.00      83.00      95.00     100.00
     100.00     100.00     100.00      91.00      78.00      67.00      58.00      56.00      60.00      69.00
      82.00      94.00     100.00     100.00     100.00     100.00      98.00      90.00      81.00      73.00
      66.00      59.00      55.00      52.00      50.00      49.00      49.00      50.00      50.00      50.00
      50.00      50.00      50.00      49.00      47.00      46.00      45.00      45.00      46.00      47.00
      49.00      50.00      50.00      50.00      51.00      52.00      53.00      55.00      57.00      60.00
      62.00      64.00      65.00      65.00      63.00      62.00      61.00      62.00      65.00      71.00
      78.00      86.00      92.00
      67.00      60.00      52.00      44.00      36.00      30.00      28.00      32.00      42.00      56.00
      74.00      91.00     100.00     100.00      98.00      88.00      76.00      68.00      68.00      73.00
      82.00      91.00      97.00     100.00     100.00     100.00      94.00      84.00      72.00      60.00
      52.00      48.00      47.00      49.00      52.00      54.00      55.00      55.00      54.00      51.00
      47.00      42.00      39.00      36.00      34.00      33.00      32.00      32.00      33.00      33.00
      34.00      35.00      37.00      38.00      40.00      42.00      44.00      46.00      48.00      51.00
      54.00      57.00      60.00      63.00      66.00      68.00      70.00      73.00      75.00      78.00
      80.00      82.00      84.00
     100.00     100.00      99.00      95.00      87.00      73.00      58.00      45.00      38.00      39.00
      46.00      58.00      69.00      74.00      74.00      70.00      67.00      67.00      72.00      81.00
      90.00      95.00      97.00      99.00     100.00     100.00      97.00      86.00      72.00      58.00
      50.00      48.00      52.00      59.00      65.00      67.00      67.00      64.00      59.00      52.00
      45.00      38.00      32.00      29.00      27.00      27.00      28.00      30.00      31.00      32.00
      32.00      31.00      32.00      34.00      38.00      40.00      41.00      41.00      39.00      38.00
      37.00      38.00      41.00      45.00      52.00      60.00      68.00      76.00      82.00      86.00
      90.00      94.00      98.00
      72.00      79.00      91.00     100.00     100.00      98.00      80.00      64.00      56.00      54.00
      56.00      62.00      68.00      69.00      63.00      56.00      53.00      55.00      66.00      82.00
      94.00      97.00      95.00      91.00      89.00      87.00      85.00      80.00      72.00      64.00
      60.00      60.00      64.00      70.00      74.00      75.00      71.00      62.00      52.00      47.00
      43.00      40.00      38.00      36.00      35.00      34.00      35.00      36.00      36.00      36.00
      34.00      32.00      31.00      31.00      33.00      34.00      35.00      37.00      38.00      39.00
      40.00      40.00      41.00      41.00      42.00      43.00      45.00      50.00      58.00      65.00
      71.00      78.00      86.00
      53.00      59.00      71.00      79.00      81.00      75.00      63.00      54.00      50.00      51.00
      57.00      67.00      78.00      85.00      84.00      74.00      58.00      46.00      48.00      64.00
      84.00      96.00      98.00      93.00      84.00      74.00      69.00      69.00      71.00      75.00
      79.00      78.00      74.00      69.00      66.00      66.00      66.00      62.00      56.00      48.00
      43.00      43.00      47.00      50.00      49.00      48.00      45.00      44.00      44.00      43.00
      42.00      41.00      42.00      41.00      41.00      43.00      50.00      44.00      34.00      38.00
      41.00      39.00      33.00      25.00      17.00      15.00      21.00      33.00      49.00      66.00
      77.00      84.00      86.00
      62.00      63.00      62.00      62.00      56.00      50.00      43.00      35.00      31.00      31.00
      34.00      45.00      60.00      75.00      85.00      87.00      77.00      58.00      45.00      54.00
      76.00      97.00     100.00      96.00      85.00      80.00      80.00      81.00      85.00      93.00
      97.00      93.00      79.00      65.00      59.00      62.00      65.00      63.00      55.00      47.00
      41.00      42.00      52.00      62.00      65.00      62.00      56.00      52.00      50.00      49.00
      48.00      47.00      44.00      39.00      39.00      51.00      61.00      77.00      42.00      27.00
      23.00      19.00      17.00      18.00      18.00      17.00      18.00      27.00      41.00      60.00
      78.00      90.00      94.00
      59.00      59.00      56.00      54.00      50.00      45.00      34.00      25.00      17.00      15.00
      23.00      37.00      49.00      60.00      71.00      75.00      71.00      62.00      59.00      71.00
      93.00     100.00     100.00      86.00      76.00      78.00      83.00      86.00      90.00      92.00
      93.00      88.00      75.00      64.00      61.00      64.00      67.00      63.00      53.00      44.00
      41.00      45.00      58.00      72.00      80.00      75.00      65.00      58.00      53.00      49.00
      48.00      48.00      47.00      44.00      41.00      37.00      32.00      29.00      33.00      36.00
      35.00      31.00      27.00      25.00      23.00      20.00      20.00      26.00      41.00      64.00
      87.00      99.00     100.00
      58.00      54.00      50.00      47.00      43.00      35.00      24.00      17.00      17.00      28.00
      47.00      63.00      70.00      66.00      57.00      49.00      45.00      47.00      59.00      78.00
      97.00     100.00      89.00      76.00      72.00      74.00      75.00      76.00      75.00      76.00
      77.00      72.00      63.00      59.00      63.00      70.00      70.00      60.00      49.00      42.00
      41.00      45.00      52.00      54.00      56.00      59.00      62.00      60.00      57.00      56.00
      54.00      54.00      55.00      57.00      62.00      60.00      62.00      64.00      55.00      41.00
      28.00      20.00      17.00      22.00      27.00      32.00      37.00      44.00      59.00      80.00
      94.00      99.00      98.00
      48.00      45.00      49.00      56.00      58.00      50.00      41.00      42.00      50.00      61.00
      68.00      70.00      67.00      59.00      48.00      36.00      32.00      43.00      60.00      74.00
      79.00      76.00      71.00      68.00      70.00      71.00      62.00      51.00      46.00      50.00
      58.00      59.00      52.00      49.00      54.00      65.00      68.00      53.00      37.00      32.00
      36.00      46.00      52.00      56.00      77.00      93.00      84.00      64.00      58.00      58.00
      61.00      63.00      66.00      70.00      80.00      83.00      90.00      93.00      84.00      63.00
      44.00      30.00      21.00      23.00      29.00      42.00      53.00      60.00      66.00      69.00
      67.00      66.00      76.00
      39.00      32.00      40.00      63.00      77.00      74.00      69.00      72.00      78.00      74.00
      62.00      54.00      54.00      55.00      51.00      49.00      53.00      65.00      78.00      86.00
      86.00      85.00      84.00      78.00      72.00      68.00      58.00      44.00      36.00      43.00
      59.00      71.00      63.00      52.00      58.00      67.00      73.00      66.00      70.00      77.00
      79.00      58.00      53.00      61.00      73.00      75.00      67.00      52.00      45.00      56.00
      74.00      76.00      87.00      94.00      96.00      95.00      92.00      90.00      84.00      74.00
      62.00      49.00      39.00      41.00      55.00      69.00      64.00      53.00      46.00      41.00
      39.00      47.00      69.00
      54.00      45.00      44.00      54.00      67.00      76.00      78.00      78.00      77.00      74.00
      68.00      64.00      64.00      65.00      64.00      65.00      68.00      71.00      68.00      63.00
      58.00      56.00      55.00      52.00      46.00      41.00      38.00      36.00      39.00      53.00
      66.00      68.00      62.00      58.00      83.00      81.00      83.00      87.00      87.00      91.00
      91.00      94.00      80.00      83.00      92.00      85.00      72.00      53.00      44.00      57.00
      82.00      91.00      94.00      96.00      99.00     100.00      99.00      90.00      79.00      70.00
      63.00      56.00      51.00      55.00      71.00      81.00      73.00      53.00      38.00      35.00
      42.00      56.00      71.00
      64.00      65.00      61.00      63.00      68.00      74.00      77.00      73.00      66.00      68.00
      73.00      78.00      77.00      76.00      74.00      72.00      67.00      60.00      49.00      39.00
      30.00      25.00      24.00      25.00      26.00      27.00      25.00      24.00      30.00      46.00
      58.00      55.00      47.00      44.00      45.00      75.00      84.00      75.00      62.00      64.00
      82.00      96.00      96.00      84.00      71.00      74.00      74.00      80.00      83.00      84.00
      81.00      83.00      84.00      89.00      97.00     100.00     100.00      98.00      83.00      67.00
      61.00      59.00      53.00      48.00      52.00      64.00      72.00      71.00      67.00      67.00
      66.00      62.00      59.00
      54.00      57.00      58.00      61.00      68.00      72.00      73.00      68.00      66.00      68.00
      67.00      69.00      72.00      74.00      74.00      69.00      63.00      60.00      54.00      43.00
      31.00      26.00      25.00      25.00      25.00      24.00      25.00      27.00      27.00      34.00
      48.00      52.00      44.00      60.00      55.00      64.00      71.00      44.00      28.00      28.00
      48.00      72.00      83.00      81.00      56.00      37.00      50.00      79.00      97.00      85.00
      71.00      81.00      88.00     100.00     100.00      99.00      86.00      79.00      73.00      69.00
      70.00      70.00      60.00      43.00      32.00      40.00      57.00      68.00      75.00      83.00
      84.00      74.00      60.00
      50.00      42.00      44.00      53.00      62.00      64.00      60.00      63.00      80.00      82.00
      71.00      65.00      63.00      63.00      64.00      63.00      75.00      94.00      72.00      44.00
      28.00      23.00      24.00      25.00      18.00      12.00      19.00      27.00      32.00      63.00
      55.00      39.00      31.00      49.00      69.00      53.00      35.00      27.00      19.00      21.00
      25.00      39.00      51.00      61.00      52.00      44.00      53.00      77.00      75.00      71.00
      79.00      88.00      94.00     100.00      99.00      83.00      68.00      60.00      54.00      57.00
      68.00      80.00      79.00      73.00      65.00      59.00      53.00      44.00      40.00      48.00
      63.00      73.00      73.00
      30.00      30.00      35.00      45.00      53.00      54.00      48.00      51.00      71.00      85.00
      80.00      67.00      66.00      78.00      81.00      79.00      96.00     100.00      82.00      31.00
      24.00      20.00      19.00      24.00      23.00      13.00      12.00      21.00      80.00      66.00
      81.00      75.00      38.00      39.00      41.00      38.00      47.00      49.00      51.00      47.00
      37.00      25.00      19.00      14.00      27.00      59.00      79.00      76.00      69.00      68.00
      86.00      99.00     100.00      96.00      86.00      78.00      79.00      76.00      59.00      47.00
      53.00      69.00      80.00      93.00     100.00      97.00      91.00      81.00      67.00      53.00
      44.00      50.00      66.00
      19.00      22.00      28.00      38.00      47.00      46.00      44.00      54.00      72.00      87.00
      80.00      63.00      53.00      43.00      43.00      38.00      27.00      22.00      65.00      37.00
      19.00      18.00      15.00      15.00      19.00      18.00      19.00      33.00      77.00      33.00
      55.00      79.00      61.00      55.00      62.00      63.00      69.00      88.00      90.00      88.00
      74.00      47.00      32.00      29.00      40.00      66.00      75.00      88.00      67.00      60.00
      74.00      94.00     100.00      91.00      77.00      75.00      91.00     100.00      85.00      62.00
      54.00      56.00      65.00      79.00      86.00      91.00     100.00     100.00     100.00     100.00
      79.00      51.00      45.00
      17.00      20.00      22.00      30.00      38.00      37.00      42.00      56.00      66.00      68.00
      60.00      51.00      53.00      55.00      45.00      38.00      28.00      22.00      17.00      17.00
      20.00      19.00      15.00      13.00      15.00      23.00      42.00      80.00     100.00      80.00
      55.00      49.00      59.00      89.00      91.00      52.00      40.00      75.00      85.00     100.00
     100.00      84.00      74.00      76.00      57.00      54.00      68.00      62.00      50.00      50.00
      63.00      84.00      95.00      86.00      71.00      75.00      88.00      98.00      93.00      80.00
      70.00      65.00      67.00      71.00      70.00      71.00      74.00      71.00      80.00     100.00
      96.00      54.00      26.00
      13.00      19.00      22.00      27.00      30.00      33.00      38.00      46.00      47.00      47.00
      46.00      44.00      42.00      34.00      23.00      41.00      25.00      19.00      15.00      14.00
      22.00      16.00      23.00      17.00      17.00      20.00      43.00      56.00      67.00      43.00
      54.00      76.00      60.00      34.00      60.00      93.00     100.00     100.00      91.00      94.00
      88.00      92.00      89.00      83.00      59.00      47.00      51.00      57.00      69.00      85.00
      90.00      93.00      95.00      85.00      70.00      68.00      73.00      74.00      71.00      72.00
      75.00      73.00      70.00      67.00      62.00      60.00      58.00      56.00      68.00      80.00
      64.00      33.00      28.00
      15.00      18.00      20.00      22.00      24.00      31.00      37.00      36.00      35.00      39.00
      41.00      36.00      29.00      22.00      23.00      28.00      21.00      17.00      14.00      12.00
      13.00      12.00       7.00      12.00      12.00      11.00      13.00      31.00      35.00      37.00
      40.00      57.00      75.00      42.00      12.00      31.00      73.00      98.00     100.00     100.00
      93.00      99.00      68.00      59.00      64.00      64.00      75.00      90.00      94.00      91.00
      83.00      80.00      80.00      78.00      72.00      67.00      61.00      55.00      55.00      59.00
      64.00      64.00      60.00      58.00      59.00      62.00      63.00      63.00      64.00      58.00
      41.00      31.00      49.00
      13.00      15.00      16.00      18.00      19.00      21.00      24.00      23.00      25.00      30.00
      33.00      32.00      27.00      24.00      22.00      19.00      15.00      16.00      13.00      11.00
       9.00       7.00       9.00      18.00      28.00      34.00      29.00      27.00      43.00      42.00
      45.00      66.00      80.00      77.00      93.00      90.00      92.00      99.00      98.00     100.00
     100.00     100.00      85.00      83.00      88.00      95.00      97.00      93.00      76.00      65.00
      64.00      67.00      69.00      71.00      66.00      57.00      53.00      54.00      56.00      58.00
      60.00      60.00      59.00      60.00      64.00      70.00      72.00      65.00      55.00      48.00
      48.00      60.00      71.00
      10.00      11.00      12.00      15.00      14.00      14.00      15.00      18.00      21.00      23.00
      25.00      28.00      26.00      24.00      21.00      16.00      11.00      14.00      14.00      10.00
       8.00      11.00      17.00      25.00      31.00      36.00      38.00      40.00      55.00      64.00
      62.00      63.00      72.00      85.00      89.00      83.00      78.00      84.00      80.00      93.00
      96.00      97.00     100.00     100.00      98.00      92.00      79.00      70.00      60.00      63.00
      73.00      72.00      66.00      63.00      56.00      51.00      55.00      58.00      56.00      54.00
      53.00      55.00      57.00      60.00      62.00      66.00      70.00      69.00      64.00      63.00
      65.00      69.00      73.00
       8.00       8.00      10.00      12.00      13.00      13.00      13.00      17.00      20.00      19.00
      18.00      21.00      22.00      19.00      16.00      13.00       9.00       9.00      11.00       7.00
       9.00      16.00      28.00      38.00      33.00      34.00      41.00      47.00      59.00      69.00
      69.00      68.00      67.00      66.00      73.00      74.00      70.00      75.00      73.00      82.00
      88.00      85.00      85.00      81.00      83.00      79.00      69.00      61.00      60.00      68.00
      73.00      62.00      55.00      54.00      52.00      54.00      58.00      55.00      49.00      46.00
      45.00      45.00      47.00      49.00      48.00      49.00      57.00      64.00      65.00      63.00
      59.00      62.00      69.00
       8.00       7.00      11.00      12.00      13.00      14.00      15.00      17.00      19.00      16.00
      13.00      14.00      17.00      16.00      14.00      13.00      11.00      12.00      10.00      11.00
      11.00      21.00      33.00      42.00      41.00      47.00      58.00      60.00      64.00      68.00
      64.00      63.00      79.00      81.00      74.00      68.00      66.00      65.00      66.00      74.00
      83.00      71.00      58.00      60.00      69.00      68.00      64.00      65.00      67.00      64.00
      56.00      50.00      52.00      53.00      53.00      54.00      54.00      48.00      43.00      41.00
      40.00      41.00      40.00      40.00      38.00      37.00      43.00      47.00      44.00      46.00
      52.00      62.00      65.00
      17.00      13.00      14.00      14.00      12.00      11.00      12.00      14.00      13.00      11.00
      10.00      11.00      13.00      14.00      13.00      13.00      15.00      14.00      12.00      10.00
      10.00      20.00      31.00      36.00      40.00      51.00      65.00      72.00      74.00      76.00
      76.00      72.00      89.00      85.00      71.00      64.00      63.00      62.00      63.00      65.00
      65.00      61.00      58.00      60.00      67.00      63.00      59.00      65.00      64.00      51.00
      42.00      45.00      52.00      54.00      53.00      54.00      51.00      47.00      44.00      43.00
      42.00      40.00      37.00      37.00      38.00      42.00      49.00      47.00      39.00      38.00
      44.00      51.00      55.00
      37.00      32.00      30.00      29.00      25.00      20.00      19.00      20.00      20.00      25.00
      28.00      27.00      26.00      23.00      18.00      17.00      15.00      22.00      32.00      22.00
      15.00      22.00      29.00      37.00      46.00      61.00      63.00      72.00      81.00      85.00
      88.00      76.00      87.00      81.00      69.00      66.00      63.00      63.00      64.00      65.00
      64.00      67.00      68.00      66.00      66.00      63.00      61.00      62.00      60.00      50.00
      46.00      52.00      56.00      57.00      58.00      59.00      55.00      52.00      51.00      51.00
      48.00      44.00      43.00      43.00      45.00      54.00      64.00      62.00      52.00      45.00
      42.00      47.00      57.00
      54.00      49.00      50.00      49.00      47.00      45.00      43.00      42.00      44.00      51.00
      56.00      54.00      46.00      38.00      43.00      49.00      33.00      38.00      41.00      40.00
      31.00      38.00      51.00      57.00      54.00      68.00      66.00      65.00      75.00      83.00
      88.00      72.00      73.00      72.00      72.00      75.00      70.00      65.00      63.00      63.00
      64.00      66.00      70.00      72.00      69.00      64.00      62.00      64.00      66.00      61.00
      57.00      60.00      63.00      63.00      65.00      65.00      59.00      56.00      58.00      59.00
      57.00      53.00      51.00      50.00      50.00      58.00      69.00      71.00      66.00      61.00
      59.00      65.00      71.00
      51.00      49.00      53.00      58.00      58.00      56.00      50.00      46.00      48.00      54.00
      58.00      58.00      50.00      48.00      84.00     100.00      85.00      46.00      45.00      48.00
      51.00      57.00      63.00      67.00      65.00      68.00      64.00      64.00      70.00      72.00
      71.00      68.00      72.00      71.00      78.00      86.00      83.00      75.00      67.00      64.00
      67.00      68.00      70.00      75.00      74.00      71.00      70.00      71.00      76.00      75.00
      68.00      67.00      70.00      68.00      69.00      69.00      61.00      57.00      62.00      65.00
      67.00      66.00      61.00      59.00      59.00      62.00      67.00      71.00      70.00      67.00
      69.00      73.00      72.00
      53.00      57.00      60.00      60.00      57.00      57.00      53.00      45.00      50.00      58.00
      61.00      60.00      62.00      62.00      81.00      99.00      91.00      61.00      70.00      72.00
      60.00      50.00      51.00      56.00      59.00      57.00      56.00      59.00      59.00      55.00
      54.00      60.00      70.00      74.00      80.00      85.00      81.00      77.00      73.00      69.00
      71.00      72.00      72.00      76.00      77.00      80.00      84.00      81.00      81.00      81.00
      77.00      75.00      75.00      70.00      67.00      69.00      67.00      64.00      67.00      68.00
      68.00      69.00      66.00      66.00      68.00      65.00      62.00      63.00      61.00      58.00
      59.00      62.00      63.00
      72.00      78.00      75.00      70.00      70.00      73.00      65.00      60.00      68.00      72.00
      68.00      64.00      67.00      70.00      65.00      87.00      82.00      67.00      67.00      57.00
      46.00      47.00      59.00      66.00      60.00      53.00      55.00      56.00      53.00      52.00
      54.00      63.00      76.00      81.00      83.00      77.00      70.00      70.00      69.00      67.00
      69.00      71.00      71.00      73.00      76.00      82.00      90.00      86.00      80.00      80.00
      80.00      80.00      74.00      65.00      60.00      62.00      67.00      67.00      66.00      64.00
      63.00      63.00      61.00      60.00      60.00      58.00      55.00      55.00      53.00      49.00
      47.00      51.00      58.00
      90.00      97.00      90.00      85.00      82.00      73.00      61.00      63.00      70.00      66.00
      61.00      59.00      53.00      49.00      63.00      89.00      86.00      73.00      62.00      51.00
      46.00      54.00      68.00      68.00      58.00      53.00      56.00      56.00      51.00      50.00
      53.00      62.00      70.00      77.00      75.00      67.00      65.00      66.00      63.00      62.00
      67.00      67.00      66.00      66.00      71.00      82.00      93.00      91.00      83.00      80.00
      80.00      80.00      70.00      61.00      59.00      57.00      54.00      51.00      48.00      49.00
      55.00      58.00      54.00      51.00      51.00      51.00      50.00      52.00      53.00      48.00
      45.00      48.00      59.00
      88.00      97.00      97.00      93.00      92.00      77.00      64.00      63.00      66.00      61.00
      56.00      56.00      49.00      52.00      78.00      98.00      69.00      53.00      53.00      57.00
      66.00      69.00      67.00      59.00      52.00      50.00      51.00      49.00      47.00      45.00
      48.00      56.00      63.00      68.00      62.00      59.00      66.00      65.00      60.00      61.00
      66.00      65.00      64.00      66.00      74.00      84.00      94.00      88.00      78.00      72.00
      75.00      81.00      77.00      74.00      74.00      63.00      50.00      42.00      35.00      37.00
      47.00      51.00      48.00      49.00      49.00      46.00      47.00      53.00      56.00      55.00
      50.00      51.00      59.00
