diamond 4 20年06月25日20时850百帕相对湿度
20 06 25  20  850 
2.500 -2.500  .0  180.0   90.0  .0
73  37
      56.00      56.00      56.00      56.00      56.00      56.00      56.00      56.00      56.00      56.00
      56.00      56.00      56.00      56.00      56.00      56.00      56.00      56.00      56.00      56.00
      56.00      56.00      56.00      56.00      56.00      56.00      56.00      56.00      56.00      56.00
      56.00      56.00      56.00      56.00      56.00      56.00      56.00      56.00      56.00      56.00
      56.00      56.00      56.00      56.00      56.00      56.00      56.00      56.00      56.00      56.00
      56.00      56.00      56.00      56.00      56.00      56.00      56.00      56.00      56.00      56.00
      56.00      56.00      56.00      56.00      56.00      56.00      56.00      56.00      56.00      56.00
      56.00      56.00      56.00
      52.00      52.00      53.00      54.00      54.00      55.00      56.00      56.00      56.00      57.00
      57.00      57.00      57.00      57.00      57.00      57.00      57.00      57.00      56.00      56.00
      56.00      55.00      55.00      55.00      54.00      54.00      53.00      53.00      53.00      53.00
      53.00      53.00      53.00      53.00      54.00      54.00      55.00      55.00      56.00      57.00
      57.00      58.00      59.00      60.00      61.00      63.00      64.00      65.00      66.00      67.00
      68.00      69.00      70.00      72.00      73.00      74.00      75.00      76.00      77.00      78.00
      79.00      79.00      80.00      81.00      82.00      82.00      83.00      84.00      84.00      85.00
      85.00      86.00      86.00
      81.00      82.00      84.00      85.00      87.00      89.00      90.00      92.00      93.00      94.00
      95.00      96.00      96.00      96.00      96.00      95.00      94.00      93.00      91.00      89.00
      86.00      84.00      81.00      77.00      74.00      71.00      68.00      65.00      62.00      60.00
      58.00      56.00      54.00      53.00      52.00      52.00      52.00      52.00      52.00      52.00
      53.00      53.00      54.00      55.00      56.00      56.00      57.00      58.00      59.00      60.00
      60.00      61.00      62.00      63.00      63.00      64.00      64.00      65.00      65.00      65.00
      65.00      65.00      65.00      65.00      65.00      65.00      65.00      65.00      65.00      66.00
      66.00      66.00      67.00
      84.00      86.00      88.00      89.00      91.00      92.00      93.00      94.00      95.00      95.00
      95.00      94.00      94.00      93.00      91.00      90.00      88.00      87.00      86.00      85.00
      84.00      83.00      82.00      81.00      80.00      78.00      76.00      73.00      71.00      68.00
      65.00      62.00      59.00      57.00      55.00      53.00      52.00      51.00      50.00      49.00
      48.00      47.00      46.00      45.00      45.00      44.00      44.00      44.00      44.00      44.00
      45.00      46.00      48.00      49.00      51.00      53.00      55.00      57.00      59.00      61.00
      63.00      64.00      65.00      65.00      66.00      65.00      65.00      65.00      66.00      66.00
      67.00      69.00      71.00
      80.00      84.00      87.00      90.00      92.00      94.00      95.00      95.00      94.00      92.00
      88.00      83.00      78.00      72.00      67.00      62.00      59.00      57.00      58.00      60.00
      65.00      70.00      76.00      81.00      84.00      86.00      85.00      83.00      79.00      75.00
      71.00      68.00      66.00      65.00      65.00      66.00      67.00      67.00      67.00      66.00
      65.00      64.00      62.00      60.00      57.00      55.00      53.00      50.00      48.00      46.00
      45.00      43.00      42.00      42.00      42.00      44.00      47.00      51.00      56.00      62.00
      69.00      75.00      80.00      85.00      88.00      89.00      90.00      90.00      89.00      89.00
      89.00      90.00      92.00
      71.00      73.00      77.00      80.00      84.00      86.00      87.00      87.00      85.00      82.00
      78.00      73.00      68.00      62.00      57.00      52.00      49.00      47.00      48.00      51.00
      57.00      65.00      74.00      82.00      86.00      87.00      84.00      77.00      70.00      64.00
      60.00      60.00      62.00      66.00      72.00      77.00      81.00      83.00      83.00      82.00
      79.00      77.00      74.00      71.00      68.00      66.00      64.00      63.00      61.00      59.00
      56.00      53.00      48.00      43.00      38.00      33.00      29.00      29.00      31.00      36.00
      44.00      53.00      63.00      73.00      81.00      88.00      92.00      94.00      96.00      97.00
      98.00      99.00     100.00
      90.00      90.00      90.00      91.00      91.00      89.00      86.00      81.00      76.00      71.00
      68.00      66.00      66.00      65.00      64.00      63.00      61.00      60.00      60.00      63.00
      68.00      75.00      82.00      88.00      90.00      89.00      86.00      79.00      71.00      64.00
      60.00      58.00      59.00      61.00      65.00      68.00      70.00      70.00      68.00      65.00
      61.00      58.00      55.00      52.00      50.00      47.00      46.00      46.00      47.00      49.00
      50.00      51.00      50.00      49.00      47.00      45.00      44.00      43.00      44.00      46.00
      49.00      53.00      57.00      62.00      66.00      71.00      73.00      75.00      76.00      76.00
      77.00      81.00      85.00
     100.00     100.00     100.00     100.00     100.00     100.00     100.00     100.00      96.00      90.00
      85.00      81.00      78.00      76.00      74.00      73.00      72.00      72.00      72.00      72.00
      74.00      78.00      83.00      88.00      92.00      94.00      91.00      84.00      74.00      63.00
      54.00      49.00      47.00      48.00      50.00      53.00      55.00      56.00      55.00      52.00
      48.00      43.00      39.00      35.00      33.00      31.00      31.00      32.00      35.00      39.00
      42.00      44.00      45.00      45.00      45.00      47.00      50.00      53.00      56.00      59.00
      60.00      60.00      61.00      64.00      70.00      77.00      85.00      90.00      91.00      88.00
      84.00      80.00      78.00
      88.00      76.00      67.00      60.00      58.00      61.00      69.00      79.00      84.00      87.00
      86.00      83.00      77.00      68.00      59.00      53.00      52.00      56.00      64.00      71.00
      77.00      81.00      84.00      87.00      90.00      91.00      90.00      83.00      73.00      61.00
      51.00      44.00      43.00      44.00      47.00      49.00      52.00      52.00      51.00      49.00
      46.00      42.00      39.00      36.00      33.00      31.00      31.00      32.00      35.00      37.00
      39.00      40.00      40.00      40.00      40.00      41.00      43.00      45.00      47.00      47.00
      45.00      44.00      44.00      47.00      54.00      62.00      73.00      83.00      91.00      93.00
      93.00      93.00      93.00
      77.00      66.00      54.00      43.00      36.00      36.00      49.00      61.00      68.00      75.00
      82.00      84.00      78.00      65.00      50.00      39.00      37.00      44.00      55.00      66.00
      75.00      81.00      86.00      90.00      92.00      89.00      84.00      77.00      71.00      67.00
      64.00      63.00      63.00      62.00      61.00      59.00      57.00      56.00      56.00      53.00
      48.00      44.00      41.00      40.00      38.00      39.00      39.00      38.00      36.00      34.00
      32.00      30.00      29.00      31.00      32.00      33.00      34.00      35.00      39.00      41.00
      41.00      40.00      39.00      38.00      37.00      35.00      36.00      40.00      48.00      56.00
      63.00      70.00      78.00
      63.00      58.00      54.00      52.00      52.00      57.00      59.00      56.00      57.00      63.00
      69.00      71.00      67.00      61.00      52.00      46.00      45.00      47.00      49.00      53.00
      59.00      65.00      72.00      78.00      78.00      73.00      67.00      63.00      63.00      66.00
      69.00      71.00      69.00      63.00      57.00      52.00      48.00      43.00      44.00      47.00
      46.00      43.00      41.00      38.00      39.00      46.00      51.00      47.00      40.00      39.00
      38.00      35.00      35.00      37.00      39.00      40.00      51.00      43.00      30.00      35.00
      40.00      40.00      37.00      31.00      25.00      23.00      27.00      36.00      48.00      64.00
      79.00      89.00      93.00
      55.00      53.00      52.00      52.00      51.00      51.00      48.00      42.00      39.00      39.00
      40.00      45.00      53.00      60.00      62.00      62.00      63.00      62.00      62.00      64.00
      66.00      67.00      69.00      70.00      69.00      69.00      73.00      75.00      74.00      73.00
      72.00      70.00      66.00      60.00      55.00      52.00      50.00      46.00      46.00      52.00
      55.00      53.00      50.00      46.00      45.00      50.00      58.00      59.00      53.00      49.00
      46.00      42.00      38.00      36.00      40.00      54.00      75.00      89.00      49.00      26.00
      24.00      22.00      21.00      24.00      25.00      23.00      24.00      30.00      43.00      61.00
      79.00      92.00      98.00
      64.00      61.00      58.00      56.00      55.00      48.00      35.00      27.00      20.00      15.00
      21.00      35.00      48.00      57.00      64.00      69.00      69.00      65.00      62.00      63.00
      66.00      66.00      64.00      64.00      65.00      67.00      73.00      76.00      77.00      77.00
      73.00      69.00      68.00      69.00      69.00      68.00      66.00      62.00      56.00      54.00
      56.00      56.00      61.00      68.00      68.00      61.00      59.00      58.00      56.00      53.00
      49.00      46.00      43.00      41.00      45.00      55.00      58.00      53.00      54.00      51.00
      44.00      37.00      32.00      29.00      27.00      24.00      21.00      24.00      35.00      55.00
      76.00      92.00      98.00
      60.00      60.00      59.00      53.00      45.00      37.00      32.00      29.00      29.00      32.00
      42.00      53.00      61.00      66.00      69.00      76.00      81.00      77.00      68.00      63.00
      67.00      71.00      69.00      66.00      66.00      65.00      68.00      71.00      67.00      60.00
      57.00      58.00      60.00      60.00      60.00      63.00      68.00      68.00      58.00      50.00
      47.00      50.00      57.00      61.00      61.00      64.00      66.00      64.00      60.00      56.00
      52.00      51.00      52.00      54.00      59.00      70.00      82.00      90.00      83.00      68.00
      52.00      40.00      32.00      32.00      31.00      30.00      26.00      28.00      41.00      68.00
      91.00      99.00     100.00
      43.00      49.00      62.00      73.00      76.00      71.00      65.00      64.00      67.00      71.00
      74.00      72.00      67.00      62.00      62.00      67.00      71.00      68.00      60.00      59.00
      63.00      64.00      58.00      58.00      64.00      70.00      75.00      74.00      65.00      53.00
      49.00      49.00      49.00      44.00      39.00      44.00      62.00      72.00      58.00      45.00
      38.00      43.00      49.00      64.00      78.00      97.00      82.00      65.00      56.00      53.00
      56.00      58.00      62.00      68.00      76.00      89.00      99.00     100.00     100.00      82.00
      61.00      44.00      32.00      26.00      26.00      32.00      39.00      51.00      73.00      87.00
      87.00      84.00      88.00
      45.00      46.00      59.00      76.00      86.00      84.00      75.00      69.00      68.00      66.00
      59.00      52.00      48.00      45.00      39.00      34.00      36.00      41.00      48.00      60.00
      68.00      68.00      70.00      82.00      84.00      78.00      74.00      66.00      54.00      42.00
      42.00      52.00      56.00      48.00      42.00      57.00      82.00      70.00      72.00      89.00
      75.00      66.00      42.00      47.00      72.00      68.00      56.00      48.00      41.00      48.00
      66.00      68.00      85.00      96.00     100.00     100.00      99.00      97.00      84.00      66.00
      54.00      48.00      39.00      35.00      41.00      53.00      60.00      61.00      61.00      54.00
      46.00      44.00      56.00
      54.00      52.00      58.00      70.00      80.00      84.00      84.00      80.00      72.00      62.00
      53.00      51.00      51.00      53.00      48.00      42.00      46.00      59.00      67.00      70.00
      70.00      68.00      69.00      74.00      71.00      59.00      48.00      41.00      36.00      32.00
      34.00      48.00      63.00      61.00      90.00      89.00      93.00      97.00      83.00      69.00
      65.00      76.00      86.00      85.00      74.00      55.00      50.00      39.00      36.00      55.00
      78.00      83.00      92.00      99.00      99.00      98.00      99.00      97.00      84.00      62.00
      51.00      49.00      49.00      56.00      70.00      79.00      74.00      61.00      44.00      33.00
      30.00      35.00      46.00
      56.00      60.00      66.00      67.00      82.00      88.00      82.00      84.00      70.00      64.00
      65.00      74.00      75.00      70.00      62.00      61.00      70.00      75.00      68.00      57.00
      46.00      40.00      33.00      28.00      27.00      28.00      23.00      16.00      14.00      22.00
      35.00      44.00      52.00      56.00      61.00      80.00      83.00      87.00      66.00      36.00
      32.00      53.00      73.00      78.00      65.00      52.00      53.00      57.00      73.00      91.00
      92.00      88.00      85.00      86.00      90.00      95.00      99.00      98.00      85.00      65.00
      55.00      52.00      50.00      56.00      72.00      84.00      85.00      76.00      69.00      65.00
      66.00      65.00      60.00
      55.00      59.00      64.00      66.00      73.00      75.00      79.00      72.00      67.00      68.00
      69.00      79.00      83.00      79.00      71.00      66.00      73.00      70.00      63.00      50.00
      38.00      30.00      23.00      18.00      20.00      26.00      27.00      20.00      16.00      23.00
      34.00      37.00      35.00      62.00      74.00      61.00      57.00      63.00      57.00      30.00
      17.00      22.00      33.00      48.00      49.00      41.00      44.00      76.00      95.00      87.00
      95.00      94.00      91.00      91.00      92.00      93.00      95.00      89.00      74.00      64.00
      69.00      72.00      61.00      49.00      53.00      69.00      82.00      83.00      81.00      78.00
      75.00      71.00      61.00
      46.00      44.00      46.00      53.00      59.00      57.00      51.00      55.00      63.00      61.00
      69.00      76.00      74.00      71.00      71.00      65.00      65.00      95.00      78.00      70.00
      44.00      29.00      21.00      20.00      19.00      15.00      15.00      21.00      21.00      16.00
      21.00      20.00      21.00      40.00      49.00      29.00      20.00      20.00      21.00      19.00
      15.00      14.00      20.00      37.00      42.00      29.00      41.00      81.00      74.00      82.00
      96.00      98.00     100.00      99.00      95.00      91.00      93.00      95.00      79.00      62.00
      62.00      70.00      67.00      49.00      36.00      46.00      57.00      55.00      51.00      55.00
      61.00      65.00      67.00
      30.00      31.00      36.00      43.00      50.00      47.00      43.00      48.00      58.00      63.00
      65.00      64.00      67.00      68.00      74.00      68.00      65.00      74.00      47.00      46.00
      37.00      27.00      16.00      18.00      21.00      13.00       9.00      16.00      27.00      40.00
      40.00      27.00      27.00      40.00      48.00      39.00      30.00      24.00      18.00      18.00
      19.00      14.00      12.00      13.00      14.00      27.00      55.00      71.00      67.00      80.00
      99.00     100.00     100.00     100.00      98.00      95.00      99.00     100.00      96.00      72.00
      51.00      49.00      58.00      57.00      47.00      49.00      51.00      49.00      60.00      80.00
      89.00      91.00      91.00
      21.00      21.00      24.00      30.00      39.00      43.00      48.00      59.00      70.00      70.00
      65.00      58.00      43.00      34.00      39.00      34.00      29.00      26.00      17.00      21.00
      25.00      21.00      14.00      11.00      16.00      16.00      16.00      19.00      40.00      77.00
      92.00      64.00      55.00      73.00      88.00      88.00      92.00      81.00      70.00      78.00
      80.00      56.00      33.00      16.00      14.00      32.00      62.00      83.00      76.00      67.00
      74.00      90.00      94.00      95.00      93.00      93.00      92.00      87.00      90.00      85.00
      65.00      52.00      54.00      65.00      77.00      87.00      88.00      90.00     100.00     100.00
     100.00     100.00     100.00
      18.00      16.00      17.00      22.00      31.00      36.00      40.00      52.00      65.00      66.00
      56.00      49.00      48.00      48.00      43.00      35.00      26.00      23.00      14.00       9.00
      13.00      12.00      14.00       9.00       7.00       9.00      13.00      26.00      42.00      59.00
      85.00      99.00      96.00      98.00      88.00      77.00      73.00      72.00      89.00     100.00
     100.00     100.00      88.00      51.00      48.00      55.00      63.00      71.00      59.00      41.00
      45.00      73.00      92.00      91.00      85.00      83.00      74.00      62.00      67.00      76.00
      76.00      67.00      59.00      64.00      79.00      94.00      99.00      99.00      96.00      87.00
      86.00      94.00      84.00
      13.00      15.00      20.00      24.00      25.00      30.00      33.00      38.00      45.00      49.00
      44.00      39.00      39.00      33.00      35.00      31.00      21.00      20.00      17.00      12.00
       7.00       7.00      11.00      12.00      10.00      13.00      15.00      23.00      30.00      44.00
      41.00      88.00     100.00      63.00      52.00      69.00      77.00      72.00      85.00      91.00
      90.00     100.00      87.00      70.00      67.00      50.00      34.00      46.00      51.00      55.00
      67.00      78.00      83.00      82.00      78.00      74.00      66.00      58.00      55.00      58.00
      66.00      71.00      68.00      68.00      74.00      78.00      76.00      76.00      73.00      64.00
      64.00      67.00      51.00
      14.00      15.00      18.00      20.00      20.00      27.00      34.00      34.00      36.00      38.00
      40.00      36.00      31.00      33.00      35.00      20.00      18.00      16.00      13.00      12.00
      11.00       6.00       6.00       7.00       7.00       9.00      10.00      12.00      24.00      39.00
      41.00      42.00      78.00     100.00      84.00      80.00      91.00      92.00      95.00      91.00
      87.00      92.00      43.00      41.00      61.00      48.00      51.00      75.00      81.00      85.00
      88.00      79.00      69.00      67.00      70.00      67.00      61.00      59.00      57.00      55.00
      59.00      64.00      65.00      64.00      64.00      62.00      60.00      60.00      59.00      54.00
      50.00      49.00      41.00
      13.00      14.00      14.00      18.00      19.00      20.00      22.00      23.00      26.00      30.00
      33.00      33.00      30.00      31.00      27.00      15.00      11.00      13.00      10.00      12.00
      13.00      10.00      10.00      15.00      16.00      11.00      10.00      17.00      29.00      33.00
      34.00      45.00      58.00      76.00     100.00     100.00     100.00     100.00      98.00      96.00
      90.00      82.00      68.00      63.00      73.00      86.00      94.00      94.00      75.00      72.00
      71.00      66.00      61.00      61.00      61.00      58.00      55.00      56.00      58.00      57.00
      55.00      56.00      56.00      55.00      57.00      62.00      63.00      60.00      59.00      57.00
      54.00      56.00      58.00
      11.00      13.00      12.00      13.00      13.00      13.00      16.00      20.00      24.00      26.00
      28.00      30.00      25.00      21.00      15.00      14.00       9.00      11.00      11.00      11.00
      14.00      14.00      20.00      29.00      33.00      35.00      33.00      35.00      45.00      48.00
      44.00      46.00      57.00      74.00      77.00      80.00      83.00      82.00      72.00      94.00
      94.00      84.00      84.00      82.00      92.00      97.00      92.00      73.00      60.00      62.00
      68.00      66.00      61.00      57.00      53.00      53.00      54.00      53.00      53.00      52.00
      53.00      56.00      60.00      61.00      64.00      70.00      75.00      73.00      70.00      64.00
      62.00      65.00      70.00
       9.00       9.00      10.00      12.00      13.00      13.00      16.00      18.00      20.00      22.00
      22.00      25.00      24.00      18.00      17.00      13.00      10.00       5.00       9.00      11.00
      14.00      20.00      28.00      33.00      26.00      27.00      31.00      38.00      54.00      59.00
      57.00      55.00      56.00      60.00      70.00      67.00      66.00      68.00      64.00      85.00
      91.00      91.00      80.00      71.00      73.00      77.00      74.00      66.00      63.00      63.00
      63.00      59.00      53.00      48.00      49.00      53.00      53.00      49.00      46.00      46.00
      47.00      51.00      54.00      55.00      56.00      63.00      71.00      74.00      70.00      63.00
      64.00      66.00      65.00
      10.00       8.00      12.00      13.00      14.00      17.00      16.00      14.00      14.00      15.00
      16.00      18.00      18.00      14.00      15.00      15.00      11.00       8.00       7.00      11.00
      13.00      21.00      33.00      38.00      36.00      42.00      46.00      48.00      55.00      58.00
      58.00      60.00      70.00      79.00      71.00      59.00      63.00      70.00      69.00      72.00
      84.00      76.00      64.00      59.00      61.00      65.00      63.00      62.00      61.00      56.00
      52.00      52.00      49.00      47.00      50.00      53.00      51.00      45.00      41.00      40.00
      40.00      41.00      40.00      38.00      42.00      52.00      58.00      57.00      53.00      54.00
      62.00      64.00      56.00
      22.00      21.00      19.00      13.00       8.00      10.00      13.00      16.00      16.00      14.00
      15.00      18.00      15.00      14.00      13.00      13.00      15.00      15.00       4.00       7.00
      10.00      23.00      35.00      42.00      47.00      52.00      54.00      59.00      59.00      53.00
      61.00      67.00      73.00      71.00      59.00      57.00      63.00      64.00      63.00      65.00
      59.00      55.00      60.00      63.00      61.00      59.00      54.00      55.00      58.00      54.00
      51.00      53.00      52.00      52.00      54.00      53.00      49.00      44.00      42.00      41.00
      37.00      34.00      33.00      35.00      44.00      52.00      50.00      43.00      39.00      46.00
      57.00      58.00      52.00
      41.00      41.00      40.00      31.00      21.00      20.00      25.00      31.00      36.00      33.00
      30.00      32.00      31.00      36.00      29.00      17.00      21.00      24.00      14.00      21.00
      25.00      33.00      40.00      51.00      59.00      63.00      61.00      69.00      72.00      67.00
      66.00      68.00      71.00      69.00      65.00      67.00      68.00      65.00      62.00      64.00
      65.00      63.00      62.00      65.00      61.00      60.00      56.00      57.00      61.00      60.00
      55.00      55.00      57.00      60.00      59.00      54.00      51.00      48.00      46.00      46.00
      40.00      34.00      34.00      42.00      52.00      57.00      54.00      45.00      40.00      48.00
      58.00      59.00      54.00
      53.00      53.00      58.00      58.00      50.00      48.00      50.00      49.00      54.00      61.00
      54.00      53.00      59.00      59.00      59.00      38.00      25.00      37.00      40.00      45.00
      39.00      43.00      53.00      60.00      62.00      65.00      63.00      60.00      63.00      70.00
      77.00      77.00      72.00      70.00      74.00      76.00      71.00      68.00      65.00      67.00
      67.00      67.00      67.00      66.00      67.00      70.00      66.00      65.00      70.00      67.00
      61.00      64.00      68.00      69.00      63.00      56.00      56.00      57.00      55.00      54.00
      49.00      43.00      44.00      51.00      59.00      65.00      63.00      54.00      49.00      59.00
      67.00      66.00      61.00
      51.00      55.00      62.00      69.00      63.00      54.00      48.00      47.00      53.00      62.00
      64.00      62.00      64.00      64.00      83.00      94.00      41.00      41.00      39.00      39.00
      46.00      50.00      52.00      56.00      52.00      53.00      52.00      51.00      56.00      61.00
      67.00      69.00      70.00      67.00      75.00      76.00      69.00      64.00      63.00      67.00
      69.00      71.00      73.00      74.00      79.00      81.00      76.00      76.00      79.00      78.00
      73.00      71.00      74.00      74.00      70.00      63.00      63.00      65.00      64.00      61.00
      59.00      58.00      58.00      60.00      63.00      68.00      67.00      60.00      60.00      65.00
      67.00      67.00      65.00
      54.00      58.00      64.00      65.00      62.00      58.00      52.00      53.00      58.00      64.00
      66.00      61.00      68.00      70.00      82.00      73.00      49.00      47.00      44.00      46.00
      52.00      42.00      45.00      52.00      53.00      49.00      48.00      52.00      56.00      57.00
      55.00      58.00      64.00      69.00      78.00      76.00      63.00      59.00      62.00      69.00
      72.00      75.00      75.00      73.00      77.00      79.00      78.00      81.00      83.00      84.00
      81.00      76.00      71.00      71.00      71.00      68.00      67.00      67.00      66.00      64.00
      65.00      66.00      65.00      63.00      63.00      66.00      66.00      66.00      66.00      64.00
      63.00      65.00      70.00
      73.00      70.00      72.00      73.00      76.00      79.00      68.00      62.00      62.00      66.00
      67.00      67.00      74.00      75.00      69.00      61.00      65.00      63.00      62.00      60.00
      48.00      50.00      59.00      61.00      57.00      50.00      50.00      53.00      55.00      56.00
      53.00      55.00      63.00      68.00      76.00      74.00      62.00      56.00      57.00      61.00
      65.00      73.00      76.00      70.00      69.00      74.00      83.00      85.00      84.00      86.00
      86.00      78.00      67.00      63.00      63.00      63.00      62.00      59.00      57.00      60.00
      64.00      62.00      58.00      57.00      56.00      58.00      61.00      59.00      54.00      53.00
      57.00      64.00      72.00
      92.00      89.00      88.00      90.00      85.00      70.00      63.00      61.00      57.00      55.00
      54.00      62.00      66.00      58.00      54.00      66.00      82.00      76.00      64.00      58.00
      59.00      62.00      59.00      55.00      56.00      53.00      54.00      55.00      53.00      54.00
      52.00      54.00      61.00      67.00      71.00      70.00      65.00      63.00      60.00      55.00
      58.00      66.00      74.00      69.00      63.00      71.00      80.00      85.00      85.00      86.00
      86.00      79.00      67.00      62.00      58.00      55.00      50.00      42.00      41.00      51.00
      60.00      59.00      54.00      52.00      53.00      58.00      61.00      56.00      47.00      47.00
      54.00      61.00      71.00
      97.00      98.00      97.00      94.00      84.00      67.00      63.00      62.00      55.00      53.00
      50.00      58.00      47.00      55.00      49.00      52.00      79.00      65.00      56.00      66.00
      72.00      59.00      49.00      46.00      50.00      50.00      51.00      53.00      51.00      50.00
      52.00      57.00      60.00      64.00      65.00      60.00      64.00      74.00      68.00      58.00
      57.00      62.00      72.00      70.00      65.00      70.00      76.00      79.00      84.00      88.00
      81.00      78.00      73.00      69.00      61.00      50.00      43.00      38.00      37.00      45.00
      48.00      51.00      50.00      47.00      50.00      57.00      59.00      57.00      52.00      51.00
      54.00      58.00      65.00
