diamond 4 20年06月24日8时850百帕相对湿度
20 06 24  8  850 
2.500 -2.500  .0  180.0   90.0  .0
73  37
      51.00      51.00      51.00      51.00      51.00      51.00      51.00      51.00      51.00      51.00
      51.00      51.00      51.00      51.00      51.00      51.00      51.00      51.00      51.00      51.00
      51.00      51.00      51.00      51.00      51.00      51.00      51.00      51.00      51.00      51.00
      51.00      51.00      51.00      51.00      51.00      51.00      51.00      51.00      51.00      51.00
      51.00      51.00      51.00      51.00      51.00      51.00      51.00      51.00      51.00      51.00
      51.00      51.00      51.00      51.00      51.00      51.00      51.00      51.00      51.00      51.00
      51.00      51.00      51.00      51.00      51.00      51.00      51.00      51.00      51.00      51.00
      51.00      51.00      51.00
      33.00      32.00      32.00      31.00      31.00      30.00      30.00      30.00      30.00      30.00
      30.00      30.00      30.00      30.00      30.00      30.00      31.00      31.00      32.00      32.00
      33.00      34.00      34.00      35.00      36.00      37.00      38.00      39.00      40.00      40.00
      41.00      42.00      43.00      44.00      45.00      46.00      47.00      48.00      49.00      50.00
      51.00      52.00      53.00      53.00      54.00      55.00      56.00      57.00      58.00      59.00
      59.00      60.00      61.00      62.00      62.00      63.00      63.00      64.00      65.00      65.00
      66.00      66.00      66.00      67.00      67.00      67.00      68.00      68.00      68.00      68.00
      69.00      69.00      69.00
      39.00      37.00      35.00      33.00      31.00      29.00      27.00      26.00      24.00      23.00
      22.00      22.00      22.00      22.00      22.00      23.00      24.00      25.00      26.00      28.00
      29.00      31.00      32.00      34.00      35.00      36.00      37.00      38.00      39.00      40.00
      41.00      41.00      42.00      42.00      43.00      43.00      44.00      44.00      45.00      45.00
      46.00      47.00      47.00      48.00      49.00      50.00      50.00      51.00      52.00      53.00
      53.00      54.00      55.00      55.00      56.00      57.00      57.00      58.00      59.00      60.00
      61.00      63.00      64.00      66.00      69.00      71.00      73.00      76.00      78.00      81.00
      83.00      85.00      87.00
      61.00      55.00      50.00      44.00      38.00      32.00      27.00      23.00      19.00      17.00
      16.00      16.00      18.00      20.00      23.00      27.00      31.00      35.00      39.00      43.00
      46.00      48.00      51.00      53.00      54.00      55.00      56.00      57.00      57.00      57.00
      56.00      56.00      55.00      54.00      54.00      53.00      53.00      52.00      52.00      52.00
      53.00      53.00      53.00      53.00      54.00      54.00      54.00      54.00      53.00      53.00
      53.00      52.00      51.00      51.00      50.00      49.00      49.00      49.00      49.00      50.00
      52.00      54.00      56.00      60.00      64.00      68.00      73.00      78.00      84.00      89.00
      93.00      98.00     100.00
      77.00      68.00      59.00      51.00      42.00      33.00      26.00      20.00      16.00      14.00
      16.00      20.00      26.00      33.00      42.00      50.00      57.00      63.00      68.00      71.00
      73.00      73.00      74.00      74.00      74.00      74.00      74.00      74.00      74.00      73.00
      72.00      71.00      69.00      68.00      67.00      66.00      66.00      66.00      66.00      67.00
      68.00      69.00      69.00      69.00      69.00      68.00      67.00      66.00      65.00      65.00
      65.00      65.00      65.00      65.00      65.00      64.00      64.00      63.00      62.00      61.00
      61.00      61.00      62.00      64.00      65.00      68.00      71.00      74.00      78.00      82.00
      85.00      88.00      90.00
      90.00      85.00      79.00      72.00      64.00      55.00      45.00      37.00      30.00      25.00
      24.00      26.00      33.00      42.00      53.00      64.00      74.00      81.00      86.00      88.00
      89.00      88.00      87.00      87.00      87.00      88.00      90.00      91.00      92.00      91.00
      88.00      85.00      80.00      75.00      71.00      67.00      65.00      63.00      62.00      61.00
      59.00      57.00      55.00      53.00      51.00      49.00      47.00      47.00      47.00      48.00
      49.00      51.00      53.00      55.00      57.00      58.00      59.00      59.00      60.00      61.00
      63.00      65.00      67.00      69.00      71.00      73.00      74.00      76.00      77.00      79.00
      81.00      83.00      84.00
      95.00      94.00      92.00      87.00      81.00      72.00      62.00      51.00      40.00      31.00
      25.00      24.00      29.00      40.00      54.00      69.00      83.00      93.00      97.00      99.00
      98.00      97.00      96.00      95.00      95.00      95.00      96.00      98.00     100.00     100.00
      99.00      96.00      89.00      80.00      71.00      64.00      60.00      57.00      56.00      53.00
      50.00      47.00      44.00      41.00      38.00      37.00      35.00      34.00      36.00      37.00
      39.00      41.00      43.00      44.00      46.00      46.00      46.00      47.00      47.00      49.00
      51.00      54.00      57.00      61.00      64.00      67.00      69.00      71.00      74.00      78.00
      80.00      82.00      83.00
      90.00      92.00      94.00      94.00      91.00      84.00      75.00      64.00      53.00      44.00
      37.00      33.00      32.00      37.00      49.00      67.00      85.00      98.00     100.00     100.00
     100.00      97.00      93.00      89.00      85.00      80.00      76.00      74.00      74.00      75.00
      77.00      78.00      76.00      72.00      68.00      64.00      62.00      61.00      59.00      57.00
      55.00      51.00      48.00      45.00      41.00      39.00      36.00      35.00      35.00      36.00
      37.00      39.00      42.00      43.00      45.00      46.00      47.00      48.00      50.00      52.00
      54.00      56.00      57.00      57.00      57.00      57.00      59.00      63.00      68.00      73.00
      76.00      77.00      75.00
      65.00      72.00      82.00      91.00      98.00     100.00      94.00      79.00      64.00      53.00
      44.00      37.00      31.00      29.00      34.00      49.00      69.00      87.00      99.00     100.00
      99.00      93.00      88.00      82.00      76.00      70.00      65.00      62.00      59.00      59.00
      60.00      62.00      64.00      66.00      65.00      65.00      64.00      61.00      57.00      55.00
      53.00      51.00      47.00      43.00      39.00      34.00      31.00      29.00      29.00      31.00
      33.00      35.00      37.00      40.00      42.00      45.00      47.00      48.00      48.00      47.00
      47.00      46.00      45.00      42.00      39.00      36.00      35.00      39.00      46.00      56.00
      67.00      77.00      85.00
      23.00      28.00      42.00      60.00      78.00      90.00      85.00      76.00      71.00      67.00
      60.00      51.00      42.00      35.00      35.00      47.00      68.00      88.00     100.00     100.00
     100.00      95.00      90.00      87.00      84.00      80.00      77.00      73.00      67.00      60.00
      56.00      56.00      61.00      67.00      71.00      69.00      62.00      54.00      49.00      48.00
      47.00      46.00      42.00      37.00      32.00      28.00      27.00      28.00      29.00      29.00
      30.00      30.00      29.00      30.00      31.00      32.00      33.00      35.00      37.00      40.00
      38.00      33.00      24.00      15.00       8.00       6.00      10.00      17.00      25.00      34.00
      43.00      51.00      61.00
      25.00      33.00      46.00      62.00      72.00      66.00      61.00      59.00      55.00      47.00
      46.00      46.00      43.00      37.00      33.00      36.00      46.00      62.00      78.00      89.00
      95.00      97.00      95.00      91.00      85.00      79.00      78.00      77.00      72.00      62.00
      55.00      57.00      65.00      73.00      74.00      66.00      54.00      46.00      48.00      48.00
      48.00      47.00      45.00      43.00      43.00      44.00      47.00      46.00      41.00      35.00
      32.00      33.00      38.00      40.00      40.00      41.00      44.00      38.00      29.00      34.00
      37.00      33.00      25.00      18.00      15.00      18.00      26.00      36.00      42.00      44.00
      51.00      58.00      62.00
      63.00      75.00      82.00      67.00      53.00      50.00      46.00      30.00      21.00      22.00
      29.00      38.00      43.00      41.00      32.00      21.00      17.00      25.00      44.00      66.00
      83.00      90.00      86.00      77.00      70.00      69.00      73.00      76.00      77.00      71.00
      66.00      65.00      71.00      77.00      75.00      64.00      51.00      43.00      42.00      48.00
      51.00      53.00      55.00      58.00      67.00      77.00      81.00      74.00      57.00      42.00
      37.00      39.00      43.00      47.00      53.00      60.00      61.00      73.00      47.00      31.00
      28.00      25.00      24.00      27.00      34.00      39.00      45.00      53.00      57.00      60.00
      66.00      74.00      79.00
      86.00      97.00      87.00      60.00      46.00      43.00      32.00      20.00      12.00      17.00
      33.00      47.00      53.00      53.00      50.00      45.00      44.00      48.00      57.00      70.00
      83.00      91.00      89.00      82.00      77.00      75.00      75.00      78.00      79.00      75.00
      71.00      69.00      71.00      75.00      74.00      67.00      56.00      48.00      45.00      47.00
      51.00      53.00      55.00      59.00      67.00      79.00      85.00      80.00      67.00      54.00
      45.00      43.00      45.00      48.00      53.00      53.00      45.00      37.00      38.00      36.00
      31.00      28.00      30.00      37.00      46.00      51.00      50.00      48.00      49.00      53.00
      57.00      63.00      66.00
      83.00      81.00      77.00      70.00      59.00      47.00      37.00      31.00      35.00      46.00
      55.00      61.00      64.00      63.00      58.00      56.00      58.00      60.00      64.00      69.00
      75.00      79.00      81.00      80.00      81.00      82.00      83.00      85.00      86.00      84.00
      77.00      70.00      66.00      67.00      66.00      62.00      56.00      49.00      45.00      45.00
      48.00      49.00      44.00      38.00      42.00      55.00      68.00      67.00      59.00      53.00
      48.00      51.00      60.00      68.00      70.00      67.00      59.00      49.00      36.00      24.00
      16.00      18.00      26.00      37.00      45.00      51.00      55.00      56.00      54.00      53.00
      53.00      53.00      55.00
      57.00      54.00      58.00      63.00      64.00      58.00      55.00      58.00      65.00      69.00
      67.00      62.00      60.00      60.00      62.00      64.00      70.00      79.00      85.00      83.00
      75.00      67.00      62.00      57.00      57.00      62.00      67.00      71.00      74.00      74.00
      66.00      59.00      58.00      62.00      62.00      57.00      51.00      47.00      48.00      50.00
      51.00      54.00      53.00      45.00      58.00      86.00      88.00      81.00      63.00      50.00
      49.00      52.00      61.00      70.00      77.00      78.00      77.00      76.00      63.00      47.00
      39.00      37.00      37.00      43.00      48.00      58.00      61.00      53.00      46.00      44.00
      44.00      46.00      53.00
      29.00      27.00      30.00      38.00      53.00      66.00      77.00      85.00      86.00      80.00
      73.00      70.00      69.00      68.00      66.00      68.00      77.00      81.00      78.00      71.00
      55.00      46.00      50.00      47.00      42.00      42.00      46.00      55.00      65.00      64.00
      53.00      43.00      41.00      51.00      73.00      66.00      63.00      62.00      70.00      83.00
      86.00      81.00      72.00      71.00      75.00      88.00      95.00      80.00      58.00      49.00
      53.00      56.00      65.00      63.00      59.00      56.00      64.00      79.00      84.00      79.00
      70.00      62.00      53.00      53.00      61.00      70.00      64.00      52.00      45.00      47.00
      51.00      53.00      57.00
      22.00      24.00      19.00      20.00      39.00      58.00      70.00      79.00      85.00      85.00
      82.00      76.00      73.00      70.00      68.00      67.00      66.00      60.00      48.00      35.00
      23.00      26.00      36.00      41.00      37.00      35.00      36.00      52.00      72.00      64.00
      39.00      27.00      35.00      53.00      95.00      82.00      75.00      90.00      91.00      90.00
      92.00     100.00      94.00      90.00      88.00      86.00      73.00      71.00      67.00      72.00
      87.00      98.00     100.00     100.00      91.00      81.00      77.00      80.00      86.00      87.00
      82.00      71.00      58.00      52.00      58.00      68.00      69.00      61.00      55.00      60.00
      67.00      68.00      63.00
      46.00      60.00      63.00      64.00      63.00      59.00      59.00      69.00      74.00      77.00
      76.00      68.00      60.00      57.00      56.00      56.00      56.00      52.00      44.00      33.00
      22.00      21.00      30.00      34.00      33.00      33.00      32.00      44.00      47.00      35.00
      23.00      20.00      29.00      47.00      57.00      68.00      68.00      83.00      91.00      93.00
     100.00     100.00     100.00      76.00      50.00      49.00      50.00      67.00      84.00      92.00
      98.00      96.00      93.00      95.00     100.00     100.00      90.00      78.00      73.00      73.00
      71.00      62.00      47.00      36.00      36.00      50.00      66.00      67.00      58.00      56.00
      66.00      77.00      76.00
      52.00      59.00      58.00      58.00      57.00      58.00      62.00      68.00      81.00      88.00
      76.00      62.00      55.00      52.00      49.00      44.00      41.00      46.00      48.00      39.00
      28.00      25.00      30.00      33.00      34.00      34.00      30.00      27.00      24.00      23.00
      27.00      34.00      44.00      63.00      53.00      37.00      25.00      42.00      62.00      62.00
      74.00      80.00      64.00      34.00      15.00      19.00      36.00      65.00      69.00      82.00
      88.00      82.00      73.00      73.00      76.00      76.00      70.00      63.00      63.00      71.00
      76.00      75.00      69.00      53.00      32.00      25.00      36.00      48.00      51.00      56.00
      71.00      88.00      93.00
      57.00      51.00      47.00      51.00      57.00      56.00      51.00      64.00      92.00      96.00
      81.00      72.00      70.00      69.00      64.00      50.00      40.00      48.00      50.00      35.00
      25.00      22.00      28.00      34.00      32.00      23.00      20.00      24.00      29.00      43.00
      49.00      44.00      40.00      49.00      59.00      55.00      30.00      32.00      35.00      32.00
      26.00      28.00      26.00      17.00      16.00      29.00      45.00      66.00      74.00      88.00
      98.00      89.00      77.00      69.00      60.00      54.00      53.00      56.00      67.00      80.00
      90.00     100.00     100.00      99.00      82.00      54.00      31.00      23.00      31.00      46.00
      59.00      72.00      88.00
      48.00      38.00      42.00      46.00      47.00      46.00      49.00      60.00      78.00      81.00
      79.00      81.00      81.00      94.00      83.00      58.00      66.00      70.00      82.00      36.00
      23.00      18.00      22.00      31.00      30.00      16.00       9.00      17.00      50.00      72.00
      96.00      78.00      31.00      28.00      33.00      37.00      60.00      66.00      48.00      37.00
      35.00      32.00      30.00      29.00      33.00      54.00      66.00      74.00      84.00     100.00
     100.00      93.00      60.00      47.00      46.00      47.00      55.00      67.00      74.00      79.00
      87.00      92.00      88.00      86.00      98.00     100.00      66.00      24.00      22.00      36.00
      42.00      46.00      60.00
      25.00      29.00      33.00      37.00      45.00      49.00      56.00      67.00      72.00      71.00
      71.00      73.00      69.00      68.00      68.00      52.00      37.00      34.00      74.00      58.00
      19.00      15.00      14.00      18.00      25.00      21.00      16.00      30.00      62.00      73.00
      75.00      64.00      43.00      46.00      50.00      27.00      45.00      93.00      70.00      54.00
      57.00      59.00      61.00      57.00      49.00      56.00      64.00      66.00      74.00      87.00
      97.00      69.00      34.00      35.00      49.00      66.00      78.00      85.00      81.00      74.00
      72.00      70.00      59.00      51.00      64.00      85.00      71.00      32.00      22.00      34.00
      38.00      36.00      37.00
      20.00      24.00      29.00      39.00      49.00      53.00      59.00      65.00      64.00      57.00
      54.00      56.00      58.00      51.00      33.00      19.00      20.00      24.00      19.00      49.00
      31.00      25.00      12.00      11.00      19.00      25.00      36.00      64.00      84.00      83.00
      74.00      40.00      24.00      58.00      59.00       0.00       0.00      68.00      78.00      89.00
      92.00      87.00      91.00      69.00      52.00      60.00      68.00      69.00      70.00      80.00
      92.00      68.00      39.00      48.00      71.00      83.00      85.00      82.00      75.00      67.00
      62.00      60.00      56.00      48.00      57.00      77.00      75.00      44.00      23.00      21.00
      24.00      28.00      31.00
      15.00      21.00      29.00      37.00      45.00      54.00      58.00      55.00      49.00      44.00
      46.00      48.00      46.00      38.00      29.00      38.00      23.00      19.00      17.00      17.00
      40.00      24.00      24.00      18.00      14.00      13.00      30.00      47.00      54.00      44.00
      54.00      69.00       0.00       0.00      60.00     100.00     100.00      96.00      77.00      86.00
      91.00      84.00      86.00      56.00      63.00      69.00      67.00      71.00      76.00      88.00
      95.00      73.00      55.00      71.00      87.00      83.00      76.00      67.00      59.00      58.00
      56.00      53.00      57.00      65.00      75.00      86.00      76.00      46.00      19.00      14.00
      26.00      42.00      56.00
      16.00      20.00      23.00      26.00      29.00      38.00      45.00      44.00      40.00      38.00
      41.00      46.00      42.00      32.00      20.00      24.00      20.00      17.00      14.00      15.00
      14.00      23.00      15.00      17.00      11.00      11.00      14.00      32.00      32.00      32.00
      41.00      54.00      72.00      40.00      37.00      65.00      83.00      91.00      91.00      90.00
      90.00      92.00      85.00      82.00      91.00      92.00      89.00      95.00      86.00      83.00
      85.00      73.00      68.00      86.00      90.00      80.00      69.00      56.00      51.00      54.00
      54.00      50.00      54.00      65.00      74.00      73.00      59.00      39.00      30.00      42.00
      63.00      76.00      76.00
      15.00      17.00      16.00      18.00      19.00      20.00      24.00      27.00      29.00      28.00
      29.00      31.00      30.00      24.00      18.00      15.00      15.00      15.00      11.00      14.00
      15.00      12.00      12.00      16.00      25.00      36.00      36.00      39.00      43.00      36.00
      44.00      78.00      90.00      97.00      97.00      90.00      90.00      96.00      96.00      98.00
     100.00     100.00      99.00     100.00     100.00      94.00      92.00      92.00      78.00      69.00
      75.00      77.00      76.00      78.00      75.00      66.00      56.00      51.00      52.00      54.00
      53.00      53.00      54.00      60.00      66.00      66.00      61.00      58.00      61.00      71.00
      76.00      72.00      67.00
      13.00      12.00      11.00      13.00      14.00      15.00      18.00      21.00      21.00      20.00
      22.00      25.00      23.00      20.00      18.00      13.00      11.00      16.00      14.00      12.00
      16.00      10.00       7.00      16.00      29.00      43.00      47.00      49.00      55.00      58.00
      59.00      67.00      82.00      85.00      83.00      78.00      72.00      79.00      88.00      96.00
      98.00      98.00     100.00      99.00      87.00      77.00      68.00      67.00      62.00      55.00
      63.00      76.00      74.00      61.00      52.00      50.00      48.00      49.00      53.00      54.00
      51.00      51.00      52.00      54.00      57.00      59.00      64.00      66.00      66.00      62.00
      56.00      55.00      61.00
      10.00       8.00       9.00      12.00      13.00      14.00      15.00      18.00      20.00      20.00
      21.00      23.00      22.00      17.00      16.00      14.00      11.00      11.00      13.00      13.00
      14.00      12.00      15.00      34.00      36.00      34.00      37.00      43.00      53.00      60.00
      61.00      64.00      73.00      82.00      89.00      85.00      77.00      78.00      85.00      92.00
      91.00      89.00      80.00      70.00      71.00      67.00      58.00      58.00      59.00      54.00
      58.00      67.00      61.00      46.00      42.00      48.00      50.00      51.00      54.00      53.00
      48.00      44.00      45.00      45.00      44.00      46.00      50.00      52.00      51.00      47.00
      45.00      52.00      62.00
      10.00       9.00       8.00       9.00      11.00      13.00      14.00      16.00      20.00      21.00
      18.00      17.00      17.00      14.00      14.00      13.00      11.00      13.00      13.00      14.00
      10.00      10.00      16.00      28.00      36.00      42.00      48.00      48.00      49.00      56.00
      56.00      55.00      77.00      86.00      81.00      73.00      67.00      65.00      64.00      72.00
      80.00      74.00      63.00      64.00      65.00      64.00      62.00      65.00      65.00      63.00
      61.00      56.00      45.00      41.00      48.00      52.00      51.00      53.00      55.00      52.00
      45.00      41.00      41.00      39.00      37.00      38.00      44.00      50.00      47.00      39.00
      37.00      42.00      47.00
      19.00      14.00      10.00      10.00      12.00      14.00      15.00      15.00      13.00      11.00
      10.00      12.00      13.00      14.00      11.00      11.00      15.00      21.00      14.00      10.00
       7.00      14.00      20.00      27.00      36.00      52.00      67.00      71.00      69.00      74.00
      75.00      63.00      73.00      78.00      73.00      69.00      67.00      62.00      58.00      61.00
      66.00      66.00      63.00      63.00      65.00      67.00      67.00      68.00      65.00      61.00
      53.00      46.00      44.00      50.00      59.00      55.00      48.00      53.00      56.00      54.00
      50.00      46.00      45.00      40.00      36.00      38.00      48.00      57.00      56.00      47.00
      39.00      35.00      35.00
      39.00      33.00      31.00      32.00      30.00      27.00      24.00      20.00      16.00      15.00
      20.00      23.00      26.00      24.00      16.00      11.00      20.00      27.00      31.00      19.00
      16.00      23.00      23.00      25.00      27.00      37.00      54.00      80.00      90.00      87.00
      89.00      73.00      72.00      73.00      63.00      66.00      70.00      67.00      62.00      67.00
      74.00      73.00      69.00      67.00      68.00      69.00      64.00      58.00      53.00      47.00
      43.00      46.00      52.00      58.00      60.00      55.00      52.00      56.00      60.00      60.00
      57.00      55.00      53.00      46.00      39.00      41.00      53.00      64.00      70.00      71.00
      64.00      53.00      47.00
      57.00      54.00      55.00      58.00      54.00      50.00      44.00      40.00      41.00      50.00
      52.00      45.00      49.00      41.00      33.00      34.00      28.00      32.00      28.00      25.00
      27.00      35.00      33.00      27.00      27.00      31.00      44.00      72.00      80.00      72.00
      84.00      74.00      69.00      72.00      66.00      69.00      73.00      71.00      66.00      68.00
      70.00      70.00      70.00      68.00      67.00      67.00      62.00      57.00      52.00      49.00
      54.00      58.00      58.00      56.00      58.00      61.00      64.00      64.00      63.00      60.00
      61.00      65.00      62.00      54.00      46.00      45.00      53.00      62.00      71.00      78.00
      81.00      78.00      73.00
      55.00      55.00      53.00      55.00      59.00      60.00      58.00      54.00      54.00      61.00
      61.00      54.00      55.00      55.00      62.00      82.00      58.00      42.00      43.00      49.00
      57.00      61.00      54.00      45.00      45.00      48.00      53.00      68.00      68.00      59.00
      66.00      67.00      69.00      74.00      74.00      76.00      77.00      71.00      67.00      70.00
      69.00      67.00      72.00      71.00      70.00      69.00      66.00      67.00      68.00      68.00
      72.00      70.00      64.00      61.00      63.00      69.00      72.00      71.00      64.00      57.00
      61.00      68.00      65.00      60.00      58.00      55.00      56.00      61.00      65.00      67.00
      73.00      80.00      78.00
      60.00      62.00      60.00      54.00      55.00      58.00      58.00      57.00      59.00      65.00
      62.00      59.00      58.00      61.00      76.00     100.00     100.00      86.00      91.00      89.00
      68.00      58.00      53.00      52.00      50.00      50.00      50.00      56.00      57.00      54.00
      59.00      64.00      70.00      74.00      77.00      83.00      80.00      71.00      72.00      78.00
      73.00      69.00      73.00      77.00      74.00      75.00      75.00      76.00      78.00      75.00
      73.00      68.00      69.00      70.00      71.00      70.00      71.00      71.00      67.00      63.00
      67.00      70.00      67.00      65.00      64.00      62.00      59.00      59.00      58.00      57.00
      58.00      61.00      64.00
      75.00      75.00      79.00      74.00      73.00      69.00      67.00      67.00      74.00      70.00
      67.00      75.00      74.00      67.00      70.00      96.00     100.00      75.00      65.00      56.00
      54.00      53.00      52.00      53.00      50.00      46.00      47.00      50.00      52.00      53.00
      57.00      64.00      69.00      71.00      78.00      83.00      76.00      69.00      75.00      79.00
      76.00      74.00      78.00      79.00      79.00      81.00      85.00      85.00      81.00      77.00
      74.00      70.00      69.00      70.00      67.00      63.00      60.00      62.00      64.00      65.00
      71.00      74.00      72.00      65.00      60.00      60.00      58.00      54.00      52.00      54.00
      55.00      52.00      58.00
      73.00      72.00      83.00      92.00      87.00      75.00      64.00      66.00      71.00      63.00
      65.00      74.00      66.00      53.00      65.00      86.00      68.00      60.00      61.00      61.00
      66.00      70.00      67.00      64.00      55.00      46.00      46.00      47.00      47.00      48.00
      54.00      63.00      68.00      66.00      66.00      67.00      63.00      64.00      66.00      70.00
      75.00      79.00      84.00      80.00      83.00      88.00      91.00      92.00      87.00      83.00
      82.00      81.00      74.00      65.00      58.00      54.00      50.00      51.00      55.00      57.00
      61.00      68.00      70.00      63.00      55.00      55.00      54.00      52.00      53.00      58.00
      58.00      52.00      55.00
      74.00      69.00      77.00      90.00      88.00      81.00      68.00      68.00      69.00      62.00
      62.00      58.00      50.00      47.00      80.00      99.00      58.00      51.00      64.00      70.00
      71.00      73.00      79.00      78.00      67.00      52.00      46.00      46.00      44.00      46.00
      53.00      61.00      65.00      63.00      58.00      54.00      56.00      62.00      58.00      57.00
      70.00      82.00      84.00      74.00      83.00      96.00      95.00      92.00      88.00      82.00
      82.00      88.00      84.00      74.00      64.00      57.00      49.00      42.00      42.00      43.00
      46.00      55.00      68.00      66.00      54.00      50.00      51.00      51.00      52.00      57.00
      57.00      50.00      48.00
