diamond 4 20年06月26日20时850百帕相对湿度
20 06 26  20  850 
2.500 -2.500  .0  180.0   90.0  .0
73  37
      78.00      78.00      78.00      78.00      78.00      78.00      78.00      78.00      78.00      78.00
      78.00      78.00      78.00      78.00      78.00      78.00      78.00      78.00      78.00      78.00
      78.00      78.00      78.00      78.00      78.00      78.00      78.00      78.00      78.00      78.00
      78.00      78.00      78.00      78.00      78.00      78.00      78.00      78.00      78.00      78.00
      78.00      78.00      78.00      78.00      78.00      78.00      78.00      78.00      78.00      78.00
      78.00      78.00      78.00      78.00      78.00      78.00      78.00      78.00      78.00      78.00
      78.00      78.00      78.00      78.00      78.00      78.00      78.00      78.00      78.00      78.00
      78.00      78.00      78.00
      77.00      77.00      77.00      78.00      78.00      78.00      79.00      79.00      79.00      80.00
      80.00      80.00      81.00      81.00      81.00      81.00      81.00      82.00      82.00      82.00
      82.00      82.00      82.00      82.00      82.00      82.00      82.00      82.00      82.00      81.00
      81.00      81.00      81.00      81.00      81.00      81.00      81.00      81.00      81.00      81.00
      81.00      81.00      80.00      80.00      80.00      80.00      80.00      80.00      80.00      79.00
      79.00      79.00      79.00      79.00      78.00      78.00      78.00      77.00      77.00      76.00
      76.00      75.00      75.00      74.00      74.00      73.00      72.00      71.00      70.00      69.00
      68.00      67.00      66.00
      69.00      70.00      71.00      73.00      74.00      76.00      78.00      80.00      82.00      84.00
      86.00      88.00      90.00      91.00      93.00      93.00      94.00      94.00      93.00      92.00
      91.00      90.00      88.00      87.00      85.00      83.00      81.00      80.00      78.00      77.00
      75.00      74.00      74.00      73.00      73.00      72.00      72.00      72.00      72.00      72.00
      72.00      72.00      72.00      72.00      71.00      71.00      70.00      69.00      69.00      68.00
      67.00      66.00      66.00      65.00      64.00      64.00      64.00      64.00      65.00      65.00
      66.00      67.00      68.00      69.00      70.00      71.00      71.00      72.00      72.00      72.00
      72.00      72.00      71.00
      57.00      57.00      58.00      60.00      62.00      65.00      69.00      73.00      77.00      82.00
      87.00      91.00      95.00      99.00     100.00     100.00     100.00     100.00     100.00     100.00
      98.00      94.00      90.00      87.00      83.00      79.00      76.00      73.00      70.00      69.00
      68.00      67.00      67.00      68.00      70.00      71.00      74.00      76.00      79.00      82.00
      85.00      87.00      89.00      91.00      92.00      92.00      92.00      91.00      90.00      87.00
      85.00      82.00      78.00      75.00      71.00      67.00      64.00      61.00      58.00      56.00
      55.00      55.00      55.00      56.00      57.00      58.00      60.00      62.00      64.00      67.00
      69.00      71.00      74.00
      44.00      44.00      46.00      49.00      52.00      56.00      60.00      65.00      69.00      74.00
      79.00      83.00      87.00      90.00      92.00      93.00      93.00      92.00      90.00      88.00
      86.00      83.00      81.00      79.00      77.00      75.00      74.00      73.00      73.00      73.00
      74.00      75.00      77.00      79.00      80.00      82.00      83.00      86.00      88.00      91.00
      95.00      98.00     100.00     100.00     100.00     100.00     100.00     100.00     100.00     100.00
     100.00     100.00     100.00     100.00      95.00      89.00      82.00      76.00      70.00      65.00
      61.00      59.00      58.00      58.00      59.00      60.00      61.00      62.00      64.00      66.00
      70.00      73.00      78.00
      49.00      51.00      53.00      56.00      58.00      62.00      65.00      69.00      73.00      77.00
      80.00      82.00      83.00      82.00      80.00      77.00      74.00      72.00      70.00      69.00
      69.00      71.00      73.00      75.00      77.00      80.00      84.00      86.00      88.00      88.00
      88.00      87.00      85.00      82.00      78.00      75.00      71.00      69.00      68.00      68.00
      69.00      71.00      74.00      78.00      81.00      83.00      85.00      86.00      86.00      85.00
      85.00      84.00      83.00      80.00      77.00      72.00      67.00      64.00      62.00      62.00
      64.00      68.00      73.00      79.00      85.00      90.00      95.00      98.00     100.00     100.00
     100.00     100.00     100.00
      70.00      71.00      72.00      72.00      72.00      74.00      77.00      81.00      85.00      90.00
      93.00      95.00      94.00      92.00      88.00      84.00      81.00      79.00      78.00      78.00
      78.00      79.00      80.00      83.00      86.00      88.00      90.00      89.00      86.00      81.00
      76.00      70.00      65.00      59.00      54.00      50.00      46.00      43.00      41.00      41.00
      42.00      44.00      45.00      46.00      45.00      45.00      44.00      44.00      43.00      42.00
      42.00      41.00      40.00      39.00      37.00      36.00      35.00      37.00      41.00      48.00
      57.00      67.00      76.00      84.00      90.00      94.00      95.00      96.00      98.00     100.00
     100.00     100.00     100.00
      83.00      82.00      82.00      82.00      84.00      86.00      90.00      96.00     100.00     100.00
     100.00     100.00     100.00     100.00     100.00     100.00     100.00     100.00     100.00      99.00
      94.00      89.00      85.00      83.00      80.00      76.00      70.00      63.00      56.00      50.00
      47.00      47.00      48.00      51.00      54.00      55.00      55.00      54.00      52.00      49.00
      47.00      44.00      42.00      39.00      36.00      34.00      33.00      32.00      31.00      31.00
      31.00      31.00      30.00      29.00      27.00      28.00      29.00      31.00      35.00      41.00
      50.00      62.00      74.00      86.00      95.00      99.00      99.00     100.00     100.00     100.00
     100.00     100.00     100.00
      69.00      69.00      72.00      76.00      79.00      82.00      86.00      91.00      95.00      97.00
      94.00      89.00      83.00      79.00      81.00      88.00      96.00      99.00      96.00      86.00
      76.00      68.00      67.00      70.00      73.00      72.00      67.00      60.00      54.00      50.00
      50.00      52.00      56.00      59.00      61.00      60.00      56.00      49.00      45.00      44.00
      43.00      41.00      38.00      35.00      32.00      30.00      29.00      29.00      30.00      32.00
      34.00      38.00      42.00      44.00      42.00      38.00      34.00      30.00      27.00      24.00
      22.00      22.00      28.00      39.00      55.00      72.00      86.00      96.00      99.00     100.00
     100.00     100.00      99.00
      64.00      66.00      69.00      70.00      65.00      59.00      59.00      59.00      64.00      68.00
      66.00      58.00      49.00      43.00      43.00      53.00      69.00      80.00      81.00      73.00
      62.00      56.00      61.00      75.00      90.00      97.00      95.00      89.00      84.00      80.00
      76.00      71.00      65.00      59.00      56.00      54.00      53.00      53.00      51.00      49.00
      46.00      47.00      47.00      46.00      46.00      43.00      37.00      34.00      34.00      33.00
      30.00      29.00      33.00      40.00      46.00      50.00      50.00      48.00      46.00      41.00
      34.00      28.00      26.00      29.00      37.00      50.00      63.00      69.00      73.00      75.00
      77.00      81.00      87.00
      64.00      65.00      63.00      58.00      55.00      55.00      54.00      55.00      60.00      58.00
      52.00      44.00      34.00      28.00      29.00      38.00      54.00      69.00      76.00      71.00
      61.00      51.00      52.00      66.00      81.00      89.00      92.00      94.00      92.00      87.00
      80.00      70.00      62.00      56.00      52.00      49.00      48.00      48.00      53.00      48.00
      42.00      43.00      43.00      40.00      41.00      44.00      42.00      42.00      41.00      42.00
      38.00      29.00      31.00      37.00      41.00      53.00      84.00      85.00      69.00      49.00
      48.00      48.00      48.00      46.00      46.00      47.00      51.00      60.00      69.00      68.00
      65.00      65.00      71.00
      59.00      60.00      60.00      62.00      68.00      64.00      56.00      53.00      50.00      47.00
      46.00      45.00      44.00      41.00      41.00      47.00      58.00      70.00      76.00      74.00
      68.00      64.00      65.00      70.00      69.00      70.00      78.00      83.00      82.00      75.00
      64.00      58.00      60.00      63.00      62.00      58.00      53.00      49.00      47.00      48.00
      48.00      47.00      49.00      48.00      43.00      42.00      44.00      51.00      52.00      51.00
      48.00      41.00      38.00      42.00      53.00      64.00      89.00      90.00      91.00      57.00
      38.00      32.00      29.00      32.00      35.00      38.00      43.00      51.00      60.00      59.00
      52.00      45.00      45.00
      71.00      82.00      84.00      83.00      77.00      63.00      44.00      36.00      32.00      33.00
      37.00      45.00      50.00      54.00      59.00      65.00      71.00      73.00      71.00      68.00
      69.00      74.00      78.00      76.00      66.00      62.00      68.00      76.00      75.00      66.00
      60.00      67.00      74.00      72.00      63.00      54.00      49.00      47.00      43.00      39.00
      42.00      50.00      56.00      62.00      59.00      51.00      51.00      59.00      64.00      61.00
      51.00      41.00      37.00      41.00      56.00      79.00      88.00      79.00      69.00      59.00
      49.00      40.00      33.00      29.00      29.00      32.00      37.00      42.00      46.00      45.00
      42.00      40.00      46.00
      85.00      94.00      98.00      94.00      84.00      72.00      60.00      52.00      50.00      54.00
      61.00      65.00      65.00      64.00      65.00      70.00      73.00      69.00      61.00      57.00
      61.00      67.00      69.00      68.00      61.00      56.00      61.00      67.00      66.00      61.00
      63.00      71.00      73.00      63.00      50.00      45.00      51.00      57.00      54.00      45.00
      43.00      52.00      62.00      58.00      44.00      34.00      46.00      62.00      70.00      69.00
      61.00      53.00      52.00      55.00      58.00      72.00      84.00      96.00     100.00      94.00
      79.00      61.00      45.00      37.00      35.00      34.00      30.00      27.00      27.00      29.00
      39.00      55.00      72.00
      73.00      73.00      73.00      77.00      82.00      81.00      73.00      66.00      65.00      70.00
      77.00      77.00      72.00      69.00      70.00      67.00      58.00      56.00      57.00      60.00
      66.00      68.00      73.00      76.00      67.00      62.00      65.00      72.00      73.00      66.00
      60.00      59.00      55.00      47.00      37.00      40.00      60.00      71.00      66.00      58.00
      53.00      60.00      65.00      63.00      58.00      74.00      82.00      82.00      72.00      70.00
      76.00      69.00      67.00      65.00      61.00      77.00      89.00      99.00     100.00      90.00
      74.00      55.00      44.00      45.00      45.00      44.00      30.00      25.00      25.00      39.00
      58.00      70.00      77.00
      67.00      64.00      61.00      64.00      70.00      73.00      68.00      62.00      60.00      60.00
      57.00      55.00      59.00      67.00      72.00      71.00      68.00      67.00      69.00      75.00
      77.00      69.00      66.00      62.00      57.00      60.00      69.00      77.00      66.00      49.00
      42.00      47.00      54.00      48.00      37.00      59.00      78.00      73.00      73.00     100.00
     100.00      69.00      45.00      46.00      71.00      71.00      67.00      59.00      54.00      61.00
      69.00      61.00      59.00      67.00      76.00      89.00      92.00     100.00      97.00      78.00
      56.00      40.00      33.00      34.00      38.00      43.00      43.00      42.00      53.00      67.00
      72.00      66.00      58.00
      71.00      65.00      57.00      62.00      76.00      85.00      82.00      74.00      66.00      60.00
      55.00      44.00      45.00      58.00      65.00      68.00      68.00      68.00      69.00      67.00
      61.00      58.00      60.00      60.00      60.00      70.00      79.00      70.00      42.00      25.00
      22.00      32.00      48.00      54.00      74.00      99.00     100.00     100.00      98.00      91.00
      86.00      87.00      72.00      73.00      61.00      48.00      52.00      44.00      35.00      48.00
      62.00      62.00      64.00      71.00      78.00      86.00      90.00      93.00      91.00      74.00
      55.00      44.00      38.00      39.00      47.00      55.00      57.00      60.00      67.00      70.00
      63.00      47.00      38.00
      78.00      64.00      58.00      70.00      91.00     100.00      91.00      75.00      61.00      58.00
      60.00      56.00      44.00      47.00      54.00      56.00      54.00      52.00      54.00      57.00
      54.00      56.00      57.00      55.00      60.00      72.00      67.00      35.00      16.00      15.00
      22.00      30.00      41.00      52.00      64.00      89.00      91.00      83.00      69.00      49.00
      35.00      35.00      41.00      42.00      37.00      38.00      41.00      34.00      36.00      56.00
      65.00      69.00      73.00      78.00      79.00      82.00      84.00      83.00      77.00      69.00
      63.00      58.00      52.00      49.00      54.00      62.00      67.00      70.00      70.00      64.00
      54.00      49.00      52.00
      75.00      61.00      63.00      71.00      71.00      68.00      69.00      63.00      61.00      64.00
      67.00      66.00      49.00      41.00      42.00      45.00      48.00      46.00      54.00      58.00
      50.00      55.00      55.00      51.00      57.00      59.00      44.00      22.00      13.00      19.00
      28.00      27.00      22.00      31.00      47.00      41.00      35.00      37.00      37.00      28.00
      17.00      15.00      22.00      36.00      45.00      42.00      42.00      50.00      66.00      83.00
      88.00     100.00     100.00     100.00      98.00      95.00      95.00      89.00      79.00      72.00
      67.00      58.00      51.00      54.00      62.00      70.00      75.00      76.00      66.00      51.00
      49.00      70.00      93.00
      54.00      39.00      41.00      55.00      61.00      57.00      52.00      54.00      62.00      74.00
      75.00      72.00      58.00      51.00      50.00      51.00      59.00      82.00      76.00      73.00
      73.00      63.00      56.00      56.00      51.00      30.00      16.00      13.00      17.00      23.00
      47.00      46.00      24.00      25.00      36.00      30.00      26.00      32.00      29.00      20.00
      13.00      12.00      17.00      30.00      37.00      34.00      46.00      80.00      69.00      73.00
      86.00     100.00     100.00     100.00     100.00     100.00     100.00     100.00      96.00      82.00
      65.00      42.00      28.00      34.00      51.00      69.00      80.00      82.00      71.00      59.00
      66.00      86.00      98.00
      45.00      31.00      27.00      35.00      45.00      46.00      43.00      42.00      50.00      62.00
      68.00      66.00      65.00      67.00      69.00      58.00      52.00      66.00      57.00      66.00
      62.00      53.00      47.00      47.00      49.00      30.00      13.00      13.00      28.00      76.00
     100.00      46.00      23.00      34.00      43.00      59.00      71.00      80.00      53.00      22.00
      13.00      11.00      12.00      15.00      17.00      27.00      50.00      53.00      57.00      64.00
      71.00      81.00      86.00      96.00      94.00      91.00      96.00     100.00     100.00      93.00
      81.00      61.00      42.00      30.00      29.00      38.00      48.00      52.00      50.00      54.00
      67.00      73.00      76.00
      43.00      27.00      24.00      27.00      32.00      37.00      44.00      50.00      56.00      59.00
      57.00      57.00      42.00      34.00      38.00      32.00      29.00      30.00      27.00      41.00
      75.00      51.00      37.00      20.00      27.00      28.00      20.00      20.00      45.00      87.00
      82.00      35.00      23.00      47.00      89.00      89.00      94.00     100.00     100.00      81.00
      60.00      43.00      34.00      30.00      31.00      39.00      57.00      63.00      65.00      71.00
      73.00      66.00      64.00      61.00      66.00      78.00      77.00      82.00      87.00      89.00
      91.00      89.00      82.00      69.00      47.00      29.00      25.00      26.00      23.00      24.00
      37.00      54.00      77.00
      23.00      14.00      15.00      18.00      22.00      29.00      37.00      45.00      54.00      58.00
      52.00      47.00      41.00      40.00      38.00      31.00      27.00      27.00      18.00      17.00
      28.00      28.00      19.00       8.00       7.00       9.00       9.00      18.00      34.00      46.00
      63.00      63.00      49.00      72.00      87.00      61.00      55.00      79.00      99.00     100.00
     100.00      97.00      80.00      64.00      71.00      68.00      62.00      59.00      52.00      49.00
      51.00      49.00      45.00      45.00      59.00      72.00      69.00      70.00      76.00      80.00
      86.00      89.00      91.00      96.00      89.00      63.00      51.00      57.00      60.00      61.00
      73.00      89.00      98.00
      10.00      12.00      17.00      19.00      21.00      28.00      33.00      34.00      45.00      61.00
      64.00      49.00      36.00      32.00      33.00      25.00      20.00      23.00      19.00      13.00
       9.00       8.00       8.00       8.00       8.00      10.00       9.00      13.00      21.00      39.00
      33.00      83.00     100.00      70.00      54.00      59.00      72.00      80.00      89.00      95.00
      97.00     100.00      94.00      75.00      76.00      68.00      59.00      64.00      57.00      54.00
      60.00      66.00      67.00      66.00      72.00      77.00      73.00      70.00      70.00      71.00
      76.00      74.00      72.00      85.00      97.00      87.00      77.00      80.00      91.00     100.00
     100.00      98.00      83.00
      11.00      13.00      16.00      18.00      20.00      23.00      27.00      31.00      41.00      52.00
      56.00      46.00      34.00      38.00      33.00      16.00      13.00      15.00      14.00      12.00
      11.00       5.00       6.00       7.00       7.00       9.00       8.00       8.00      17.00      31.00
      36.00      35.00      63.00      97.00      87.00      63.00      69.00      83.00      94.00      96.00
      95.00      97.00      83.00      78.00      85.00      81.00      90.00     100.00      91.00      84.00
      82.00      81.00      82.00      78.00      76.00      72.00      65.00      60.00      59.00      59.00
      61.00      59.00      57.00      69.00      83.00      81.00      74.00      69.00      73.00      79.00
      77.00      68.00      63.00
      11.00      12.00      12.00      16.00      18.00      20.00      23.00      26.00      29.00      34.00
      39.00      40.00      37.00      36.00      25.00      12.00       8.00      10.00       9.00      10.00
       8.00      13.00      16.00      17.00      12.00       9.00      12.00      19.00      30.00      35.00
      35.00      39.00      44.00      58.00     100.00     100.00      95.00      97.00      97.00      98.00
      91.00      82.00      72.00      78.00      89.00      89.00      95.00     100.00      85.00      81.00
      75.00      68.00      65.00      61.00      57.00      55.00      54.00      55.00      56.00      56.00
      55.00      55.00      57.00      65.00      73.00      73.00      73.00      70.00      66.00      65.00
      62.00      62.00      68.00
      12.00      13.00      10.00      11.00      14.00      18.00      22.00      22.00      21.00      24.00
      26.00      29.00      28.00      25.00      17.00      11.00       8.00      10.00      10.00       9.00
      10.00      11.00      19.00      27.00      30.00      35.00      40.00      41.00      49.00      57.00
      50.00      43.00      42.00      55.00      61.00      66.00      77.00      87.00      86.00      96.00
      92.00      81.00      79.00      80.00      77.00      77.00      70.00      63.00      59.00      63.00
      66.00      61.00      55.00      51.00      50.00      53.00      55.00      55.00      55.00      54.00
      52.00      54.00      58.00      62.00      66.00      68.00      69.00      68.00      65.00      64.00
      66.00      71.00      70.00
      12.00      13.00      12.00      12.00      14.00      16.00      18.00      18.00      20.00      22.00
      20.00      22.00      22.00      20.00      15.00      11.00       9.00       7.00      11.00      11.00
      13.00      16.00      24.00      31.00      28.00      32.00      36.00      39.00      52.00      61.00
      70.00      75.00      66.00      60.00      67.00      62.00      59.00      65.00      76.00      87.00
      89.00      87.00      76.00      59.00      65.00      68.00      63.00      58.00      57.00      58.00
      57.00      53.00      50.00      50.00      52.00      54.00      54.00      51.00      50.00      51.00
      51.00      53.00      55.00      58.00      64.00      69.00      69.00      68.00      67.00      69.00
      71.00      68.00      61.00
       8.00      10.00      14.00      15.00      15.00      16.00      16.00      16.00      20.00      21.00
      19.00      22.00      21.00      17.00      17.00      13.00      10.00      11.00      11.00      16.00
      15.00      22.00      33.00      34.00      28.00      39.00      46.00      47.00      53.00      64.00
      76.00      84.00      81.00      79.00      69.00      54.00      51.00      56.00      61.00      64.00
      76.00      70.00      59.00      57.00      61.00      63.00      60.00      58.00      56.00      56.00
      55.00      53.00      53.00      54.00      54.00      52.00      49.00      46.00      46.00      50.00
      49.00      46.00      46.00      48.00      56.00      63.00      63.00      64.00      66.00      69.00
      68.00      62.00      60.00
       9.00       9.00      10.00      11.00      11.00      15.00      17.00      20.00      21.00      17.00
      17.00      17.00      14.00      19.00      23.00      20.00      12.00      15.00       8.00      13.00
      15.00      25.00      42.00      45.00      44.00      51.00      53.00      56.00      58.00      64.00
      73.00      68.00      67.00      69.00      62.00      58.00      59.00      62.00      62.00      58.00
      51.00      50.00      58.00      61.00      61.00      61.00      58.00      57.00      58.00      61.00
      61.00      58.00      56.00      54.00      50.00      49.00      48.00      46.00      44.00      44.00
      40.00      38.00      38.00      40.00      48.00      53.00      50.00      56.00      66.00      67.00
      61.00      59.00      65.00
      24.00      25.00      25.00      28.00      28.00      28.00      32.00      38.00      40.00      34.00
      30.00      27.00      25.00      37.00      39.00      24.00      20.00      21.00      17.00      27.00
      28.00      34.00      45.00      58.00      64.00      64.00      60.00      65.00      68.00      71.00
      75.00      63.00      68.00      73.00      70.00      69.00      70.00      70.00      64.00      57.00
      56.00      58.00      58.00      61.00      64.00      67.00      65.00      67.00      71.00      73.00
      71.00      65.00      57.00      52.00      50.00      52.00      53.00      50.00      44.00      39.00
      36.00      38.00      44.00      49.00      52.00      51.00      49.00      58.00      70.00      69.00
      59.00      57.00      64.00
      52.00      54.00      56.00      61.00      57.00      55.00      58.00      60.00      61.00      63.00
      61.00      54.00      53.00      55.00      55.00      45.00      25.00      36.00      40.00      40.00
      37.00      39.00      46.00      55.00      63.00      71.00      73.00      71.00      68.00      72.00
      86.00      70.00      65.00      67.00      67.00      68.00      71.00      72.00      64.00      59.00
      62.00      67.00      70.00      69.00      71.00      74.00      73.00      75.00      78.00      77.00
      78.00      75.00      67.00      60.00      58.00      60.00      60.00      54.00      47.00      45.00
      47.00      50.00      57.00      59.00      53.00      51.00      55.00      65.00      73.00      70.00
      59.00      54.00      63.00
      65.00      68.00      71.00      71.00      67.00      69.00      71.00      66.00      58.00      53.00
      57.00      59.00      62.00      58.00      78.00      99.00      44.00      41.00      36.00      33.00
      43.00      45.00      42.00      49.00      54.00      66.00      69.00      63.00      62.00      62.00
      70.00      72.00      66.00      62.00      62.00      61.00      67.00      70.00      62.00      61.00
      68.00      76.00      80.00      78.00      75.00      75.00      77.00      80.00      81.00      78.00
      76.00      76.00      74.00      70.00      68.00      67.00      67.00      64.00      58.00      58.00
      62.00      64.00      65.00      63.00      56.00      55.00      62.00      71.00      76.00      72.00
      63.00      58.00      64.00
      67.00      69.00      72.00      68.00      62.00      63.00      65.00      67.00      62.00      60.00
      65.00      53.00      60.00      65.00      82.00      75.00      52.00      45.00      37.00      42.00
      52.00      37.00      37.00      44.00      47.00      47.00      48.00      51.00      53.00      53.00
      56.00      66.00      71.00      65.00      63.00      63.00      73.00      76.00      69.00      67.00
      73.00      78.00      78.00      79.00      78.00      74.00      77.00      79.00      79.00      80.00
      76.00      71.00      70.00      70.00      66.00      64.00      65.00      66.00      68.00      69.00
      68.00      66.00      66.00      67.00      65.00      63.00      64.00      67.00      68.00      65.00
      64.00      65.00      66.00
      78.00      79.00      81.00      77.00      76.00      84.00      72.00      71.00      70.00      68.00
      65.00      58.00      69.00      74.00      68.00      60.00      60.00      55.00      59.00      65.00
      49.00      44.00      46.00      44.00      43.00      40.00      40.00      46.00      48.00      49.00
      50.00      59.00      76.00      76.00      72.00      71.00      74.00      73.00      69.00      72.00
      73.00      71.00      69.00      71.00      75.00      76.00      80.00      79.00      76.00      82.00
      82.00      72.00      67.00      67.00      65.00      67.00      70.00      66.00      67.00      67.00
      61.00      59.00      61.00      64.00      64.00      62.00      60.00      57.00      55.00      56.00
      60.00      65.00      65.00
      88.00      93.00     100.00      94.00      83.00      74.00      74.00      72.00      68.00      60.00
      50.00      57.00      77.00      59.00      54.00      62.00      68.00      75.00      83.00      77.00
      65.00      57.00      52.00      47.00      54.00      52.00      47.00      49.00      48.00      50.00
      50.00      54.00      65.00      67.00      64.00      65.00      67.00      68.00      67.00      68.00
      67.00      62.00      63.00      66.00      71.00      76.00      79.00      83.00      82.00      88.00
      92.00      81.00      72.00      75.00      70.00      70.00      75.00      64.00      55.00      54.00
      49.00      49.00      55.00      58.00      55.00      54.00      52.00      49.00      50.00      58.00
      62.00      62.00      62.00
      90.00      91.00      93.00      86.00      71.00      63.00      62.00      63.00      59.00      57.00
      53.00      66.00      59.00      54.00      45.00      46.00      72.00      77.00      73.00      77.00
      87.00      73.00      62.00      63.00      67.00      56.00      47.00      50.00      51.00      53.00
      54.00      53.00      56.00      54.00      54.00      57.00      56.00      62.00      62.00      57.00
      57.00      64.00      67.00      66.00      66.00      69.00      75.00      82.00      84.00      90.00
      93.00      84.00      76.00      78.00      63.00      46.00      49.00      48.00      44.00      48.00
      49.00      49.00      55.00      58.00      55.00      52.00      49.00      47.00      52.00      57.00
      59.00      58.00      59.00
