diamond 4 20年06月29日8时850百帕相对湿度
20 06 29  8  850 
2.500 -2.500  .0  180.0   90.0  .0
73  37
      73.00      73.00      73.00      73.00      73.00      73.00      73.00      73.00      73.00      73.00
      73.00      73.00      73.00      73.00      73.00      73.00      73.00      73.00      73.00      73.00
      73.00      73.00      73.00      73.00      73.00      73.00      73.00      73.00      73.00      73.00
      73.00      73.00      73.00      73.00      73.00      73.00      73.00      73.00      73.00      73.00
      73.00      73.00      73.00      73.00      73.00      73.00      73.00      73.00      73.00      73.00
      73.00      73.00      73.00      73.00      73.00      73.00      73.00      73.00      73.00      73.00
      73.00      73.00      73.00      73.00      73.00      73.00      73.00      73.00      73.00      73.00
      73.00      73.00      73.00
      59.00      60.00      62.00      63.00      64.00      65.00      67.00      68.00      70.00      71.00
      72.00      74.00      75.00      76.00      78.00      79.00      80.00      82.00      83.00      84.00
      85.00      87.00      88.00      89.00      90.00      91.00      92.00      92.00      93.00      94.00
      94.00      95.00      96.00      96.00      96.00      97.00      97.00      97.00      97.00      97.00
      97.00      97.00      97.00      97.00      97.00      97.00      97.00      97.00      96.00      96.00
      96.00      96.00      95.00      95.00      95.00      94.00      94.00      94.00      93.00      93.00
      93.00      92.00      92.00      91.00      90.00      90.00      89.00      88.00      87.00      86.00
      85.00      84.00      83.00
      41.00      43.00      47.00      50.00      53.00      57.00      60.00      64.00      67.00      71.00
      74.00      77.00      80.00      83.00      85.00      87.00      90.00      92.00      94.00      95.00
      97.00      99.00     100.00     100.00     100.00     100.00     100.00     100.00     100.00     100.00
     100.00     100.00     100.00     100.00     100.00     100.00     100.00     100.00     100.00     100.00
     100.00     100.00     100.00     100.00     100.00     100.00     100.00     100.00     100.00     100.00
     100.00     100.00     100.00     100.00     100.00     100.00     100.00     100.00     100.00     100.00
     100.00     100.00     100.00     100.00     100.00     100.00      99.00      99.00      98.00      96.00
      94.00      92.00      89.00
      36.00      40.00      46.00      51.00      57.00      63.00      68.00      74.00      78.00      82.00
      85.00      88.00      89.00      90.00      91.00      91.00      91.00      90.00      90.00      90.00
      90.00      90.00      91.00      92.00      93.00      93.00      94.00      95.00      95.00      95.00
      93.00      92.00      89.00      86.00      82.00      79.00      75.00      72.00      70.00      67.00
      66.00      65.00      64.00      64.00      64.00      64.00      64.00      65.00      65.00      66.00
      67.00      68.00      69.00      70.00      72.00      73.00      75.00      77.00      79.00      81.00
      82.00      84.00      85.00      86.00      87.00      87.00      87.00      87.00      86.00      84.00
      83.00      81.00      78.00
      58.00      60.00      64.00      68.00      74.00      80.00      85.00      89.00      93.00      94.00
      94.00      93.00      91.00      89.00      87.00      84.00      82.00      81.00      80.00      79.00
      79.00      80.00      81.00      83.00      86.00      88.00      91.00      94.00      95.00      96.00
      95.00      93.00      90.00      87.00      82.00      78.00      74.00      72.00      70.00      69.00
      68.00      68.00      68.00      67.00      65.00      63.00      60.00      56.00      51.00      47.00
      43.00      40.00      39.00      39.00      42.00      45.00      49.00      54.00      59.00      63.00
      67.00      70.00      73.00      74.00      74.00      74.00      72.00      70.00      68.00      65.00
      63.00      60.00      57.00
      60.00      60.00      62.00      68.00      75.00      83.00      90.00      96.00     100.00     100.00
     100.00      99.00      95.00      91.00      86.00      81.00      76.00      72.00      70.00      69.00
      69.00      71.00      74.00      78.00      83.00      88.00      93.00      96.00      98.00      98.00
      97.00      94.00      90.00      85.00      80.00      77.00      75.00      74.00      74.00      76.00
      78.00      80.00      81.00      81.00      80.00      77.00      74.00      69.00      63.00      57.00
      49.00      42.00      37.00      34.00      35.00      38.00      43.00      49.00      55.00      61.00
      65.00      68.00      70.00      69.00      68.00      66.00      64.00      64.00      65.00      66.00
      67.00      68.00      68.00
      63.00      61.00      61.00      64.00      69.00      76.00      83.00      90.00      96.00      99.00
     100.00     100.00     100.00     100.00      96.00      89.00      80.00      71.00      65.00      63.00
      64.00      71.00      79.00      89.00      98.00     100.00     100.00     100.00     100.00      94.00
      87.00      80.00      72.00      65.00      58.00      53.00      50.00      48.00      47.00      47.00
      48.00      49.00      49.00      50.00      51.00      51.00      51.00      51.00      52.00      52.00
      51.00      47.00      43.00      41.00      42.00      45.00      50.00      55.00      60.00      64.00
      65.00      62.00      58.00      53.00      50.00      49.00      52.00      58.00      66.00      75.00
      83.00      90.00      95.00
      34.00      32.00      33.00      35.00      39.00      44.00      49.00      53.00      56.00      57.00
      58.00      61.00      66.00      72.00      78.00      79.00      75.00      66.00      58.00      55.00
      60.00      70.00      83.00      94.00     100.00      99.00      92.00      83.00      74.00      67.00
      63.00      59.00      55.00      51.00      47.00      43.00      39.00      36.00      34.00      33.00
      33.00      33.00      33.00      34.00      34.00      36.00      37.00      40.00      42.00      43.00
      42.00      40.00      39.00      41.00      45.00      52.00      58.00      63.00      65.00      64.00
      60.00      56.00      54.00      57.00      63.00      71.00      80.00      87.00      93.00      97.00
     100.00     100.00     100.00
      23.00      25.00      28.00      32.00      38.00      46.00      57.00      66.00      69.00      66.00
      60.00      54.00      52.00      55.00      62.00      72.00      77.00      75.00      70.00      67.00
      70.00      78.00      88.00      95.00      95.00      87.00      77.00      69.00      65.00      64.00
      63.00      62.00      60.00      58.00      55.00      53.00      49.00      43.00      36.00      30.00
      26.00      25.00      26.00      27.00      29.00      31.00      32.00      33.00      34.00      34.00
      34.00      34.00      36.00      40.00      47.00      54.00      58.00      58.00      55.00      50.00
      43.00      37.00      37.00      47.00      64.00      83.00      96.00     100.00     100.00     100.00
      99.00      98.00      98.00
      77.00      77.00      74.00      71.00      71.00      76.00      78.00      73.00      70.00      68.00
      65.00      62.00      60.00      63.00      70.00      79.00      87.00      89.00      88.00      87.00
      88.00      92.00      98.00     100.00      99.00      94.00      90.00      92.00      95.00      96.00
      93.00      86.00      77.00      69.00      65.00      65.00      62.00      53.00      43.00      34.00
      31.00      31.00      31.00      32.00      34.00      34.00      34.00      33.00      31.00      31.00
      33.00      38.00      43.00      48.00      54.00      58.00      59.00      57.00      54.00      52.00
      49.00      43.00      42.00      52.00      68.00      77.00      82.00      86.00      91.00      92.00
      90.00      87.00      87.00
      96.00      96.00      90.00      83.00      78.00      75.00      71.00      64.00      60.00      59.00
      56.00      58.00      70.00      83.00      93.00      98.00      95.00      89.00      83.00      82.00
      86.00      92.00      96.00      94.00      87.00      82.00      85.00      91.00      98.00     100.00
      99.00      92.00      75.00      59.00      55.00      63.00      68.00      63.00      53.00      44.00
      38.00      35.00      36.00      39.00      41.00      41.00      40.00      38.00      35.00      32.00
      29.00      29.00      34.00      41.00      44.00      51.00      77.00      77.00      57.00      54.00
      56.00      56.00      52.00      45.00      42.00      46.00      58.00      75.00      91.00     100.00
     100.00      99.00      99.00
      75.00      73.00      70.00      68.00      67.00      69.00      68.00      62.00      55.00      49.00
      50.00      60.00      74.00      91.00     100.00      99.00      98.00      89.00      86.00      90.00
      96.00      99.00      97.00      88.00      79.00      75.00      77.00      81.00      86.00      90.00
      90.00      87.00      77.00      62.00      51.00      53.00      63.00      70.00      64.00      53.00
      46.00      43.00      45.00      49.00      50.00      48.00      46.00      45.00      43.00      39.00
      35.00      34.00      38.00      42.00      42.00      44.00      77.00      90.00      66.00      41.00
      34.00      31.00      27.00      26.00      26.00      27.00      36.00      49.00      63.00      74.00
      79.00      80.00      83.00
      92.00      85.00      78.00      73.00      70.00      77.00      80.00      76.00      68.00      63.00
      64.00      68.00      70.00      76.00      84.00      89.00      88.00      82.00      79.00      84.00
      93.00      95.00      88.00      78.00      72.00      76.00      83.00      86.00      84.00      79.00
      75.00      72.00      68.00      57.00      41.00      32.00      38.00      52.00      59.00      56.00
      49.00      48.00      53.00      59.00      61.00      57.00      50.00      47.00      47.00      46.00
      43.00      41.00      40.00      39.00      37.00      36.00      40.00      40.00      47.00      53.00
      51.00      45.00      40.00      35.00      32.00      30.00      33.00      41.00      52.00      61.00
      66.00      70.00      74.00
     100.00      98.00      85.00      73.00      72.00      81.00      85.00      78.00      68.00      64.00
      66.00      69.00      69.00      70.00      74.00      81.00      83.00      71.00      60.00      61.00
      71.00      76.00      78.00      82.00      89.00      98.00     100.00     100.00     100.00     100.00
      88.00      74.00      62.00      50.00      34.00      22.00      26.00      44.00      61.00      65.00
      59.00      50.00      43.00      42.00      46.00      48.00      49.00      46.00      45.00      48.00
      51.00      53.00      56.00      59.00      49.00      45.00      53.00      65.00      75.00      79.00
      76.00      67.00      56.00      47.00      40.00      38.00      39.00      43.00      51.00      58.00
      65.00      71.00      76.00
      95.00      88.00      79.00      70.00      68.00      77.00      84.00      80.00      71.00      65.00
      67.00      72.00      73.00      71.00      72.00      76.00      80.00      79.00      73.00      69.00
      66.00      63.00      65.00      77.00      92.00      96.00      92.00      93.00      99.00     100.00
      92.00      70.00      47.00      37.00      41.00      50.00      57.00      59.00      66.00      79.00
      72.00      62.00      52.00      45.00      58.00      83.00      71.00      61.00      53.00      48.00
      51.00      57.00      63.00      70.00      72.00      69.00      76.00      85.00      89.00      90.00
      86.00      75.00      60.00      47.00      38.00      36.00      38.00      43.00      47.00      49.00
      53.00      59.00      63.00
      70.00      64.00      64.00      66.00      70.00      77.00      82.00      80.00      75.00      69.00
      65.00      67.00      70.00      71.00      70.00      73.00      80.00      86.00      84.00      78.00
      73.00      65.00      59.00      60.00      62.00      56.00      54.00      67.00      82.00      81.00
      67.00      51.00      41.00      41.00      75.00      96.00      90.00      74.00      77.00      86.00
      90.00      83.00      66.00      64.00      74.00      72.00      77.00      69.00      59.00      56.00
      59.00      60.00      59.00      65.00      74.00      82.00      84.00      81.00      70.00      62.00
      58.00      50.00      41.00      37.00      36.00      34.00      31.00      28.00      29.00      36.00
      46.00      54.00      53.00
      64.00      68.00      76.00      78.00      80.00      79.00      75.00      71.00      69.00      66.00
      63.00      62.00      65.00      69.00      67.00      65.00      67.00      68.00      63.00      59.00
      59.00      63.00      67.00      68.00      64.00      59.00      61.00      71.00      79.00      70.00
      46.00      25.00      18.00      26.00      85.00      98.00      95.00      93.00      84.00      97.00
     100.00     100.00      91.00      89.00      84.00      55.00      56.00      46.00      48.00      62.00
      72.00      70.00      63.00      61.00      64.00      70.00      71.00      59.00      43.00      36.00
      41.00      46.00      48.00      53.00      60.00      65.00      61.00      50.00      40.00      42.00
      52.00      56.00      45.00
      90.00      97.00      93.00      88.00      92.00      85.00      75.00      67.00      65.00      64.00
      62.00      63.00      65.00      65.00      59.00      53.00      48.00      45.00      43.00      42.00
      42.00      44.00      46.00      49.00      53.00      57.00      57.00      54.00      47.00      43.00
      38.00      32.00      26.00      25.00      29.00      86.00     100.00      85.00      63.00      55.00
      66.00      82.00      79.00      70.00      53.00      35.00      34.00      29.00      35.00      51.00
      72.00      82.00      83.00      80.00      76.00      75.00      73.00      57.00      43.00      48.00
      73.00      94.00      98.00      94.00      92.00      96.00      99.00      92.00      69.00      55.00
      63.00      69.00      51.00
     100.00      94.00      81.00      72.00      68.00      60.00      59.00      63.00      63.00      64.00
      63.00      61.00      57.00      52.00      49.00      48.00      44.00      37.00      35.00      33.00
      31.00      31.00      33.00      38.00      43.00      48.00      48.00      42.00      34.00      32.00
      40.00      55.00      74.00      78.00      89.00      77.00      51.00      48.00      37.00      30.00
      38.00      48.00      45.00      37.00      48.00      52.00      51.00      41.00      37.00      43.00
      56.00      65.00      83.00      97.00      97.00      92.00      87.00      82.00      79.00      91.00
     100.00     100.00     100.00      98.00      88.00      85.00      95.00      96.00      67.00      40.00
      55.00      82.00      76.00
      78.00      65.00      57.00      49.00      41.00      41.00      49.00      55.00      61.00      67.00
      63.00      45.00      41.00      34.00      28.00      31.00      49.00      71.00      55.00      41.00
      28.00      28.00      33.00      37.00      31.00      19.00      16.00      25.00      36.00      71.00
      68.00      69.00      72.00      98.00     100.00      70.00      46.00      32.00      32.00      37.00
      43.00      37.00      31.00      40.00      74.00     100.00     100.00      74.00      51.00      47.00
      48.00      53.00      70.00      87.00      91.00      91.00      90.00      87.00      87.00      98.00
     100.00     100.00      97.00      98.00      88.00      82.00      96.00      97.00      55.00      13.00
      21.00      55.00      64.00
      46.00      40.00      36.00      34.00      34.00      36.00      38.00      44.00      55.00      60.00
      54.00      41.00      44.00      69.00      79.00      76.00      81.00      86.00      85.00      68.00
      47.00      35.00      21.00      23.00      16.00      10.00       8.00      22.00      86.00      57.00
      68.00      86.00      58.00      74.00      92.00      61.00      59.00      60.00      60.00      54.00
      49.00      41.00      32.00      52.00      84.00     100.00      71.00      64.00      48.00      41.00
      47.00      61.00      76.00      87.00      89.00      93.00      93.00      78.00      67.00      82.00
     100.00     100.00      94.00      90.00      82.00      79.00      94.00      93.00      47.00       4.00
       0.00      12.00      21.00
      30.00      25.00      25.00      30.00      33.00      34.00      32.00      32.00      44.00      60.00
      54.00      37.00      33.00      37.00      44.00      42.00      38.00      46.00      74.00      89.00
      59.00      28.00      11.00      12.00      24.00      19.00      15.00      32.00      76.00       6.00
      35.00      59.00      50.00      63.00      88.00      98.00      93.00      93.00      64.00      48.00
      51.00      58.00      69.00      83.00      91.00      74.00      70.00      68.00      63.00      54.00
      44.00      47.00      62.00      85.00      99.00      95.00      85.00      67.00      66.00      90.00
     100.00      96.00      75.00      68.00      68.00      73.00      89.00      92.00      65.00      37.00
      16.00       1.00       0.00
      20.00      16.00      19.00      26.00      29.00      32.00      32.00      28.00      29.00      36.00
      35.00      28.00      27.00      35.00      43.00      36.00      33.00      34.00      26.00      59.00
      64.00      32.00      14.00      10.00      21.00      21.00      37.00      54.00      58.00      50.00
      47.00      40.00      36.00      74.00      74.00      13.00       0.00      58.00      77.00      81.00
      84.00      90.00      98.00      97.00      75.00      77.00      80.00      94.00     100.00     100.00
      82.00      60.00      54.00      62.00      72.00      67.00      61.00      65.00      84.00     100.00
      99.00      75.00      61.00      63.00      70.00      76.00      89.00      97.00      94.00      92.00
      71.00      31.00      12.00
      11.00      11.00      15.00      20.00      22.00      27.00      30.00      25.00      16.00      21.00
      28.00      20.00      15.00      20.00      31.00      34.00      28.00      26.00      22.00      18.00
      26.00      20.00      20.00      15.00      16.00      15.00      29.00      36.00      48.00      43.00
      53.00      70.00      94.00      69.00      81.00     100.00     100.00      74.00      84.00      91.00
      87.00      93.00      98.00      95.00      90.00      96.00      95.00      99.00      97.00      90.00
      83.00      76.00      67.00      58.00      56.00      61.00      68.00      80.00      89.00      84.00
      68.00      58.00      63.00      74.00      79.00      82.00      89.00      94.00      99.00     100.00
     100.00      92.00      82.00
      10.00      12.00      15.00      17.00      17.00      19.00      21.00      18.00      22.00      34.00
      45.00      41.00      31.00      30.00      33.00      33.00      29.00      23.00      15.00      14.00
      15.00      20.00      21.00      27.00      25.00      23.00       8.00      20.00      39.00      39.00
      39.00      37.00      58.00      52.00       7.00      46.00      97.00     100.00     100.00      97.00
      91.00     100.00      99.00      99.00      97.00     100.00     100.00      94.00      71.00      54.00
      53.00      68.00      78.00      73.00      67.00      71.00      80.00      78.00      65.00      54.00
      53.00      61.00      72.00      80.00      84.00      87.00      91.00      92.00      93.00      98.00
     100.00     100.00     100.00
      10.00      14.00      18.00      21.00      19.00      19.00      20.00      23.00      35.00      47.00
      47.00      43.00      36.00      31.00      28.00      23.00      20.00      16.00      11.00      11.00
      13.00      12.00       9.00      16.00      39.00      37.00      13.00      17.00      24.00      38.00
      42.00      43.00      44.00      58.00     100.00     100.00     100.00     100.00     100.00     100.00
     100.00     100.00      87.00      86.00      92.00      84.00      72.00      67.00      59.00      53.00
      55.00      63.00      69.00      71.00      69.00      68.00      67.00      54.00      43.00      47.00
      59.00      68.00      73.00      76.00      79.00      79.00      78.00      78.00      79.00      82.00
      82.00      76.00      69.00
      10.00      14.00      14.00      16.00      16.00      17.00      23.00      28.00      34.00      36.00
      32.00      30.00      27.00      23.00      20.00      16.00      14.00      13.00      11.00      11.00
      11.00      13.00      16.00      19.00      24.00      31.00      31.00      30.00      29.00      44.00
      60.00      53.00      49.00      68.00      93.00      96.00      92.00      90.00      87.00     100.00
      95.00      88.00      90.00      89.00      90.00      75.00      64.00      63.00      64.00      66.00
      66.00      59.00      54.00      55.00      55.00      53.00      49.00      44.00      47.00      57.00
      61.00      62.00      66.00      70.00      69.00      64.00      62.00      64.00      67.00      67.00
      62.00      55.00      50.00
      11.00      13.00      12.00      11.00      11.00      14.00      18.00      21.00      26.00      28.00
      23.00      21.00      22.00      19.00      17.00      15.00      13.00      10.00       7.00       7.00
       8.00      16.00      27.00      32.00      23.00      22.00      30.00      42.00      46.00      52.00
      74.00      82.00      70.00      70.00      75.00      85.00      81.00      86.00      88.00      97.00
      92.00      85.00      81.00      76.00      72.00      70.00      74.00      75.00      67.00      60.00
      55.00      51.00      48.00      48.00      49.00      47.00      44.00      44.00      50.00      54.00
      53.00      54.00      59.00      61.00      59.00      56.00      55.00      57.00      59.00      56.00
      52.00      52.00      52.00
       9.00      13.00      17.00      18.00      19.00      19.00      17.00      15.00      19.00      20.00
      16.00      16.00      21.00      21.00      18.00      15.00      14.00      17.00       7.00       9.00
      13.00      27.00      35.00      33.00      29.00      37.00      47.00      53.00      53.00      61.00
      73.00      78.00      72.00      73.00      80.00      81.00      77.00      79.00      80.00      83.00
      80.00      69.00      64.00      67.00      64.00      68.00      76.00      71.00      59.00      54.00
      53.00      50.00      46.00      47.00      49.00      48.00      44.00      44.00      45.00      45.00
      46.00      48.00      49.00      49.00      48.00      46.00      48.00      48.00      46.00      48.00
      59.00      68.00      66.00
      11.00      13.00      20.00      30.00      39.00      43.00      39.00      32.00      21.00      13.00
      12.00      19.00      24.00      24.00      19.00      12.00      15.00      27.00      17.00      17.00
      25.00      42.00      49.00      42.00      40.00      46.00      55.00      63.00      59.00      64.00
      72.00      66.00      68.00      69.00      69.00      67.00      64.00      69.00      74.00      73.00
      70.00      70.00      72.00      72.00      71.00      74.00      74.00      69.00      65.00      63.00
      62.00      56.00      47.00      46.00      49.00      49.00      48.00      47.00      45.00      43.00
      43.00      45.00      47.00      48.00      45.00      42.00      45.00      47.00      42.00      45.00
      62.00      75.00      73.00
      31.00      31.00      36.00      48.00      61.00      65.00      60.00      53.00      38.00      25.00
      24.00      32.00      37.00      35.00      26.00      19.00      16.00      28.00      39.00      31.00
      34.00      44.00      50.00      52.00      52.00      53.00      48.00      56.00      64.00      65.00
      77.00      70.00      74.00      70.00      63.00      58.00      59.00      71.00      73.00      70.00
      71.00      73.00      79.00      80.00      76.00      73.00      69.00      71.00      73.00      70.00
      68.00      61.00      49.00      47.00      52.00      55.00      56.00      55.00      51.00      47.00
      44.00      44.00      49.00      52.00      49.00      44.00      47.00      52.00      48.00      45.00
      53.00      61.00      64.00
      57.00      59.00      61.00      63.00      62.00      54.00      53.00      59.00      60.00      54.00
      48.00      50.00      54.00      53.00      53.00      50.00      31.00      38.00      37.00      37.00
      36.00      39.00      44.00      47.00      48.00      49.00      41.00      42.00      56.00      66.00
      74.00      71.00      71.00      64.00      63.00      60.00      62.00      74.00      73.00      70.00
      70.00      69.00      75.00      79.00      76.00      73.00      70.00      74.00      72.00      67.00
      69.00      65.00      55.00      52.00      56.00      61.00      64.00      63.00      61.00      59.00
      54.00      48.00      47.00      52.00      51.00      46.00      48.00      52.00      50.00      45.00
      46.00      50.00      53.00
      65.00      67.00      70.00      71.00      68.00      58.00      54.00      60.00      64.00      59.00
      54.00      55.00      57.00      59.00      82.00     100.00      87.00      40.00      37.00      39.00
      45.00      45.00      40.00      37.00      39.00      44.00      41.00      39.00      54.00      65.00
      70.00      72.00      74.00      71.00      73.00      70.00      72.00      77.00      76.00      76.00
      75.00      72.00      73.00      72.00      70.00      70.00      71.00      74.00      72.00      67.00
      67.00      70.00      70.00      69.00      70.00      73.00      76.00      77.00      78.00      75.00
      69.00      58.00      52.00      56.00      58.00      53.00      51.00      51.00      50.00      51.00
      51.00      52.00      51.00
      78.00      77.00      79.00      82.00      81.00      76.00      66.00      66.00      69.00      70.00
      67.00      59.00      60.00      59.00      70.00      92.00      88.00      68.00      73.00      75.00
      61.00      46.00      38.00      35.00      43.00      49.00      44.00      44.00      53.00      66.00
      71.00      72.00      78.00      80.00      78.00      77.00      77.00      71.00      71.00      78.00
      80.00      76.00      69.00      68.00      67.00      66.00      66.00      70.00      69.00      64.00
      65.00      70.00      74.00      77.00      81.00      82.00      82.00      85.00      87.00      84.00
      76.00      66.00      59.00      63.00      66.00      64.00      61.00      57.00      56.00      57.00
      56.00      56.00      58.00
      87.00      85.00      91.00      97.00      96.00      87.00      74.00      67.00      70.00      74.00
      71.00      69.00      70.00      65.00      56.00      87.00      97.00      84.00      86.00      79.00
      62.00      53.00      49.00      43.00      51.00      56.00      50.00      51.00      55.00      62.00
      65.00      66.00      70.00      76.00      77.00      73.00      67.00      59.00      60.00      72.00
      75.00      71.00      66.00      70.00      72.00      68.00      69.00      72.00      66.00      63.00
      70.00      73.00      70.00      74.00      75.00      71.00      71.00      74.00      76.00      74.00
      67.00      61.00      60.00      63.00      67.00      70.00      68.00      65.00      59.00      55.00
      53.00      56.00      63.00
      86.00      90.00      94.00      92.00      98.00      85.00      70.00      65.00      69.00      66.00
      65.00      70.00      76.00      59.00      58.00      78.00      74.00      87.00      91.00      82.00
      69.00      69.00      76.00      70.00      70.00      65.00      55.00      54.00      55.00      55.00
      56.00      60.00      65.00      71.00      71.00      66.00      62.00      58.00      57.00      63.00
      66.00      67.00      65.00      65.00      64.00      67.00      74.00      74.00      71.00      76.00
      88.00      88.00      76.00      71.00      63.00      54.00      54.00      59.00      63.00      65.00
      61.00      54.00      52.00      56.00      60.00      60.00      58.00      56.00      55.00      54.00
      52.00      52.00      58.00
      84.00      89.00      78.00      61.00      74.00      79.00      70.00      68.00      71.00      67.00
      64.00      71.00      59.00      49.00      78.00     100.00      61.00      72.00      81.00      80.00
      81.00      91.00      97.00      90.00      85.00      75.00      62.00      58.00      56.00      55.00
      57.00      60.00      61.00      62.00      60.00      59.00      61.00      58.00      55.00      58.00
      67.00      72.00      63.00      55.00      55.00      62.00      70.00      68.00      72.00      84.00
      96.00      99.00      86.00      77.00      72.00      66.00      59.00      56.00      57.00      60.00
      57.00      47.00      44.00      48.00      51.00      50.00      48.00      48.00      53.00      58.00
      55.00      54.00      57.00
