diamond 4 20年06月26日8时850百帕相对湿度
20 06 26  8  850 
2.500 -2.500  .0  180.0   90.0  .0
73  37
      70.00      70.00      70.00      70.00      70.00      70.00      70.00      70.00      70.00      70.00
      70.00      70.00      70.00      70.00      70.00      70.00      70.00      70.00      70.00      70.00
      70.00      70.00      70.00      70.00      70.00      70.00      70.00      70.00      70.00      70.00
      70.00      70.00      70.00      70.00      70.00      70.00      70.00      70.00      70.00      70.00
      70.00      70.00      70.00      70.00      70.00      70.00      70.00      70.00      70.00      70.00
      70.00      70.00      70.00      70.00      70.00      70.00      70.00      70.00      70.00      70.00
      70.00      70.00      70.00      70.00      70.00      70.00      70.00      70.00      70.00      70.00
      70.00      70.00      70.00
      63.00      64.00      64.00      65.00      65.00      66.00      67.00      67.00      68.00      68.00
      69.00      69.00      70.00      70.00      70.00      71.00      71.00      71.00      72.00      72.00
      72.00      72.00      72.00      72.00      73.00      73.00      72.00      72.00      72.00      72.00
      72.00      72.00      72.00      73.00      73.00      73.00      73.00      73.00      74.00      74.00
      74.00      75.00      75.00      76.00      76.00      77.00      77.00      78.00      78.00      79.00
      79.00      80.00      80.00      81.00      81.00      81.00      82.00      82.00      82.00      82.00
      82.00      83.00      83.00      83.00      83.00      83.00      83.00      83.00      83.00      84.00
      84.00      84.00      84.00
      72.00      72.00      73.00      74.00      75.00      77.00      78.00      80.00      81.00      83.00
      85.00      86.00      88.00      89.00      90.00      91.00      92.00      92.00      92.00      91.00
      90.00      89.00      88.00      86.00      84.00      82.00      79.00      77.00      75.00      73.00
      70.00      68.00      66.00      65.00      63.00      62.00      61.00      60.00      60.00      60.00
      60.00      61.00      62.00      63.00      64.00      65.00      67.00      69.00      71.00      72.00
      74.00      76.00      77.00      78.00      79.00      80.00      81.00      81.00      81.00      80.00
      80.00      79.00      79.00      78.00      77.00      76.00      76.00      75.00      74.00      74.00
      74.00      74.00      74.00
      63.00      63.00      64.00      65.00      66.00      69.00      71.00      75.00      78.00      82.00
      86.00      89.00      93.00      95.00      97.00      99.00      99.00      99.00      98.00      96.00
      94.00      91.00      88.00      85.00      82.00      79.00      76.00      73.00      70.00      67.00
      64.00      61.00      59.00      56.00      53.00      51.00      49.00      48.00      46.00      46.00
      45.00      45.00      46.00      46.00      47.00      48.00      49.00      50.00      52.00      54.00
      55.00      57.00      59.00      61.00      63.00      65.00      67.00      68.00      70.00      71.00
      72.00      73.00      74.00      75.00      75.00      75.00      75.00      75.00      75.00      76.00
      76.00      77.00      78.00
      55.00      56.00      58.00      61.00      63.00      66.00      69.00      72.00      76.00      79.00
      81.00      83.00      84.00      83.00      81.00      79.00      76.00      74.00      71.00      69.00
      68.00      68.00      68.00      70.00      72.00      74.00      76.00      78.00      80.00      81.00
      83.00      85.00      86.00      88.00      88.00      89.00      89.00      89.00      89.00      88.00
      88.00      87.00      85.00      84.00      82.00      80.00      77.00      74.00      70.00      66.00
      61.00      57.00      53.00      49.00      47.00      47.00      48.00      50.00      54.00      58.00
      63.00      68.00      73.00      77.00      81.00      84.00      86.00      87.00      88.00      88.00
      88.00      87.00      86.00
      70.00      73.00      76.00      78.00      81.00      83.00      84.00      86.00      86.00      85.00
      83.00      79.00      75.00      70.00      66.00      62.00      59.00      58.00      58.00      60.00
      65.00      71.00      79.00      86.00      91.00      95.00      98.00      99.00      99.00      99.00
      99.00     100.00     100.00     100.00     100.00     100.00     100.00     100.00     100.00     100.00
     100.00     100.00      98.00      92.00      87.00      82.00      78.00      75.00      73.00      70.00
      66.00      61.00      56.00      51.00      46.00      42.00      42.00      44.00      49.00      56.00
      64.00      73.00      81.00      88.00      94.00      97.00      99.00     100.00     100.00     100.00
      99.00      97.00      94.00
      85.00      87.00      88.00      88.00      88.00      89.00      91.00      93.00      95.00      96.00
      97.00      95.00      92.00      89.00      84.00      80.00      76.00      74.00      73.00      76.00
      81.00      87.00      94.00      98.00      98.00      98.00      99.00      99.00      94.00      88.00
      84.00      81.00      80.00      81.00      82.00      83.00      84.00      83.00      81.00      77.00
      72.00      66.00      60.00      55.00      50.00      47.00      45.00      43.00      43.00      44.00
      44.00      44.00      42.00      39.00      35.00      32.00      30.00      29.00      32.00      37.00
      44.00      54.00      64.00      74.00      81.00      85.00      87.00      88.00      88.00      90.00
      92.00      94.00      96.00
      97.00      96.00      95.00      95.00      97.00      99.00     100.00     100.00     100.00      99.00
      99.00      98.00      99.00      99.00     100.00      99.00      98.00      92.00      85.00      81.00
      82.00      86.00      93.00     100.00     100.00     100.00      94.00      84.00      72.00      61.00
      51.00      46.00      44.00      45.00      48.00      51.00      54.00      56.00      56.00      54.00
      51.00      47.00      42.00      38.00      35.00      33.00      32.00      32.00      33.00      35.00
      37.00      39.00      39.00      38.00      37.00      36.00      34.00      31.00      28.00      24.00
      23.00      25.00      32.00      44.00      58.00      72.00      83.00      91.00      94.00      96.00
      97.00      98.00      98.00
      91.00      89.00      88.00      91.00      96.00      99.00     100.00      92.00      77.00      63.00
      58.00      61.00      71.00      81.00      87.00      87.00      81.00      72.00      64.00      61.00
      67.00      80.00      95.00     100.00     100.00     100.00      94.00      80.00      65.00      52.00
      44.00      40.00      42.00      48.00      54.00      58.00      58.00      55.00      51.00      48.00
      45.00      43.00      41.00      38.00      36.00      35.00      35.00      35.00      36.00      37.00
      40.00      43.00      47.00      50.00      52.00      52.00      51.00      49.00      46.00      43.00
      41.00      40.00      45.00      54.00      66.00      78.00      86.00      90.00      92.00      95.00
     100.00     100.00     100.00
      64.00      61.00      60.00      60.00      63.00      65.00      62.00      48.00      33.00      27.00
      31.00      40.00      52.00      63.00      71.00      72.00      66.00      53.00      41.00      38.00
      48.00      68.00      88.00     100.00     100.00      98.00      92.00      87.00      81.00      75.00
      68.00      64.00      63.00      65.00      65.00      61.00      55.00      51.00      49.00      49.00
      50.00      49.00      47.00      45.00      44.00      43.00      43.00      42.00      39.00      36.00
      33.00      32.00      34.00      38.00      42.00      44.00      45.00      45.00      46.00      47.00
      47.00      49.00      54.00      58.00      61.00      60.00      56.00      54.00      56.00      64.00
      76.00      87.00      92.00
      66.00      61.00      55.00      53.00      56.00      61.00      58.00      51.00      43.00      38.00
      39.00      46.00      58.00      69.00      77.00      80.00      73.00      59.00      43.00      38.00
      48.00      70.00      91.00      98.00      94.00      87.00      87.00      92.00      97.00      99.00
      95.00      87.00      79.00      71.00      64.00      58.00      53.00      52.00      55.00      57.00
      57.00      54.00      50.00      46.00      45.00      47.00      49.00      47.00      42.00      36.00
      30.00      29.00      32.00      38.00      42.00      46.00      71.00      72.00      44.00      38.00
      41.00      42.00      44.00      44.00      42.00      39.00      35.00      33.00      36.00      45.00
      60.00      77.00      90.00
      65.00      55.00      47.00      51.00      58.00      60.00      55.00      45.00      37.00      34.00
      35.00      43.00      54.00      65.00      74.00      77.00      72.00      61.00      53.00      55.00
      69.00      89.00     100.00     100.00      87.00      79.00      82.00      89.00      95.00      96.00
      94.00      85.00      76.00      67.00      61.00      56.00      53.00      53.00      56.00      56.00
      55.00      51.00      46.00      44.00      44.00      47.00      52.00      54.00      52.00      46.00
      38.00      36.00      37.00      42.00      53.00      69.00      79.00      87.00      62.00      35.00
      31.00      27.00      27.00      31.00      36.00      37.00      34.00      30.00      27.00      29.00
      41.00      59.00      81.00
      53.00      51.00      55.00      61.00      61.00      54.00      34.00      25.00      19.00      17.00
      24.00      37.00      49.00      58.00      61.00      58.00      52.00      51.00      57.00      72.00
      88.00      99.00      98.00      87.00      75.00      74.00      82.00      88.00      90.00      86.00
      76.00      66.00      61.00      57.00      53.00      50.00      50.00      53.00      57.00      58.00
      56.00      53.00      52.00      55.00      58.00      59.00      61.00      62.00      62.00      58.00
      51.00      45.00      43.00      44.00      54.00      69.00      71.00      63.00      55.00      48.00
      40.00      35.00      32.00      31.00      33.00      35.00      33.00      31.00      31.00      38.00
      50.00      65.00      79.00
      49.00      60.00      70.00      70.00      63.00      55.00      47.00      40.00      36.00      39.00
      48.00      59.00      65.00      66.00      63.00      59.00      55.00      58.00      69.00      80.00
      90.00      95.00      93.00      88.00      82.00      78.00      79.00      81.00      80.00      75.00
      69.00      62.00      54.00      46.00      43.00      42.00      47.00      55.00      62.00      66.00
      66.00      62.00      55.00      51.00      56.00      67.00      75.00      71.00      64.00      62.00
      59.00      57.00      56.00      56.00      61.00      69.00      78.00      84.00      82.00      73.00
      59.00      44.00      35.00      33.00      31.00      28.00      21.00      18.00      25.00      44.00
      70.00      88.00      95.00
      50.00      66.00      84.00      91.00      89.00      85.00      78.00      70.00      66.00      67.00
      72.00      74.00      70.00      66.00      69.00      76.00      84.00      88.00      85.00      79.00
      79.00      82.00      86.00      87.00      82.00      79.00      82.00      88.00      88.00      83.00
      75.00      67.00      54.00      44.00      40.00      45.00      59.00      70.00      72.00      69.00
      63.00      56.00      52.00      50.00      62.00      87.00      92.00      72.00      59.00      57.00
      60.00      64.00      71.00      73.00      73.00      76.00      85.00      93.00      90.00      78.00
      62.00      45.00      34.00      35.00      32.00      32.00      28.00      30.00      45.00      72.00
      93.00      94.00      86.00
      59.00      67.00      78.00      83.00      77.00      70.00      64.00      61.00      60.00      60.00
      58.00      54.00      53.00      55.00      61.00      73.00      85.00      89.00      84.00      76.00
      76.00      74.00      72.00      69.00      77.00      95.00     100.00     100.00      89.00      70.00
      60.00      56.00      51.00      41.00      39.00      55.00      77.00      80.00      84.00     100.00
      98.00      75.00      47.00      52.00      64.00      72.00      59.00      50.00      47.00      56.00
      68.00      71.00      85.00      90.00      89.00      86.00      85.00      86.00      83.00      69.00
      53.00      40.00      32.00      30.00      33.00      42.00      48.00      56.00      72.00      86.00
      84.00      70.00      58.00
      60.00      60.00      64.00      69.00      70.00      68.00      67.00      70.00      71.00      70.00
      65.00      57.00      48.00      42.00      41.00      48.00      60.00      65.00      57.00      49.00
      52.00      62.00      66.00      69.00      75.00      81.00      78.00      63.00      43.00      32.00
      33.00      41.00      46.00      45.00      96.00      80.00      91.00     100.00      99.00     100.00
     100.00     100.00      70.00      74.00      94.00      63.00      53.00      45.00      43.00      56.00
      71.00      80.00      90.00      93.00      92.00      91.00      90.00      88.00      85.00      71.00
      52.00      42.00      40.00      44.00      56.00      65.00      65.00      64.00      64.00      66.00
      60.00      48.00      41.00
      58.00      56.00      65.00      72.00      79.00      78.00      85.00      86.00      75.00      71.00
      73.00      73.00      65.00      47.00      36.00      36.00      44.00      51.00      48.00      45.00
      52.00      64.00      63.00      51.00      43.00      39.00      29.00      16.00      11.00      20.00
      36.00      51.00      58.00      58.00      65.00      97.00      95.00      92.00      81.00      69.00
      74.00      91.00      88.00      94.00      83.00      64.00      63.00      60.00      61.00      66.00
      71.00      79.00      89.00      93.00      90.00      91.00      88.00      81.00      75.00      66.00
      59.00      54.00      51.00      54.00      68.00      82.00      84.00      73.00      65.00      65.00
      61.00      55.00      52.00
      59.00      61.00      71.00      74.00      72.00      72.00      76.00      72.00      64.00      66.00
      78.00      86.00      78.00      63.00      58.00      57.00      61.00      62.00      68.00      68.00
      65.00      63.00      49.00      30.00      22.00      20.00      17.00      15.00      17.00      25.00
      35.00      38.00      50.00      73.00      60.00      58.00      69.00      71.00      53.00      31.00
      28.00      41.00      63.00      80.00      78.00      68.00      67.00      79.00      85.00      87.00
      84.00      88.00      98.00      99.00      97.00      96.00      92.00      80.00      69.00      68.00
      72.00      69.00      60.00      54.00      61.00      78.00      89.00      85.00      76.00      66.00
      59.00      60.00      64.00
      53.00      43.00      49.00      59.00      59.00      56.00      54.00      53.00      59.00      71.00
      82.00      81.00      72.00      64.00      65.00      60.00      55.00      78.00      82.00      66.00
      59.00      52.00      37.00      25.00      18.00      12.00      12.00      20.00      26.00      48.00
      59.00      47.00      37.00      51.00      64.00      54.00      48.00      36.00      26.00      21.00
      17.00      18.00      30.00      45.00      57.00      55.00      65.00      81.00      77.00      77.00
      85.00      98.00     100.00     100.00     100.00     100.00     100.00      95.00      86.00      82.00
      80.00      67.00      50.00      45.00      54.00      69.00      78.00      78.00      71.00      65.00
      71.00      84.00      90.00
      35.00      27.00      31.00      41.00      47.00      47.00      48.00      48.00      54.00      65.00
      69.00      69.00      67.00      87.00      99.00      82.00      76.00      79.00      81.00      81.00
      52.00      44.00      32.00      24.00      22.00      14.00       8.00      20.00      49.00      54.00
      82.00      88.00      39.00      61.00      72.00      72.00      69.00      59.00      47.00      42.00
      47.00      36.00      20.00      14.00      17.00      43.00      69.00      77.00      70.00      66.00
      79.00      96.00     100.00      99.00      98.00      99.00     100.00     100.00      96.00      92.00
      90.00      77.00      53.00      35.00      36.00      45.00      43.00      40.00      43.00      59.00
      86.00     100.00     100.00
      32.00      23.00      25.00      30.00      33.00      37.00      43.00      49.00      55.00      61.00
      59.00      57.00      49.00      44.00      49.00      38.00      28.00      32.00      66.00      81.00
      54.00      36.00      22.00      12.00      18.00      17.00      16.00      35.00      65.00      14.00
      22.00      85.00      69.00      64.00      76.00      85.00      99.00     100.00      80.00      73.00
      85.00      77.00      56.00      37.00      34.00      48.00      64.00      75.00      82.00      81.00
      80.00      80.00      81.00      84.00      92.00      94.00      93.00      93.00      91.00      87.00
      92.00      96.00      81.00      53.00      42.00      49.00      48.00      42.00      49.00      67.00
      83.00      88.00      88.00
      22.00      17.00      17.00      21.00      25.00      29.00      34.00      44.00      58.00      64.00
      59.00      54.00      47.00      45.00      43.00      37.00      29.00      27.00      18.00      50.00
      77.00      52.00      17.00       8.00      12.00      20.00      34.00      56.00      76.00      72.00
      49.00      60.00      69.00      72.00      60.00      45.00      63.00      91.00      98.00     100.00
     100.00     100.00     100.00      94.00      58.00      48.00      44.00      45.00      54.00      56.00
      48.00      46.00      61.00      79.00      89.00      87.00      84.00      85.00      84.00      76.00
      76.00      89.00      91.00      71.00      59.00      70.00      85.00      91.00      98.00     100.00
     100.00      89.00      77.00
      11.00      15.00      18.00      20.00      23.00      26.00      28.00      32.00      43.00      52.00
      55.00      47.00      35.00      28.00      31.00      36.00      24.00      24.00      19.00      14.00
      30.00      18.00      17.00      11.00      10.00      15.00      34.00      37.00      45.00      39.00
      66.00      94.00     100.00      96.00      86.00     100.00     100.00      89.00      90.00     100.00
      97.00     100.00      98.00      84.00      57.00      41.00      36.00      42.00      51.00      55.00
      56.00      58.00      68.00      78.00      82.00      79.00      75.00      73.00      71.00      66.00
      60.00      71.00      84.00      78.00      67.00      73.00      86.00      93.00      96.00      93.00
      88.00      79.00      62.00
      12.00      15.00      17.00      18.00      20.00      23.00      25.00      28.00      31.00      37.00
      43.00      34.00      21.00      26.00      32.00      27.00      19.00      17.00      12.00       9.00
      12.00      10.00       6.00      13.00      11.00      14.00      11.00      20.00      23.00      36.00
      40.00      47.00      78.00      99.00      77.00      72.00      82.00      82.00      91.00     100.00
      93.00      97.00      73.00      56.00      62.00      68.00      77.00      87.00      86.00      77.00
      77.00      81.00      78.00      73.00      69.00      65.00      61.00      58.00      60.00      60.00
      57.00      62.00      75.00      78.00      73.00      72.00      73.00      76.00      75.00      69.00
      63.00      58.00      52.00
      11.00      13.00      14.00      16.00      17.00      19.00      23.00      25.00      26.00      35.00
      42.00      36.00      30.00      32.00      28.00      17.00      13.00      13.00       9.00      10.00
      11.00       7.00      11.00      25.00      35.00      36.00      23.00      18.00      31.00      42.00
      41.00      45.00      54.00      71.00      98.00     100.00      99.00      94.00      96.00     100.00
      94.00      95.00      82.00      86.00      89.00      96.00      97.00      95.00      81.00      66.00
      65.00      67.00      65.00      62.00      58.00      55.00      56.00      58.00      59.00      58.00
      57.00      60.00      63.00      65.00      66.00      66.00      65.00      65.00      64.00      60.00
      58.00      59.00      65.00
      10.00      12.00      11.00      11.00      12.00      12.00      17.00      22.00      23.00      24.00
      28.00      34.00      33.00      30.00      20.00      12.00      12.00      13.00      13.00      12.00
      12.00      15.00      19.00      26.00      30.00      33.00      35.00      36.00      51.00      64.00
      60.00      48.00      46.00      65.00      85.00      87.00      85.00      94.00      92.00      95.00
      97.00      97.00      99.00     100.00      96.00      92.00      85.00      78.00      69.00      61.00
      61.00      59.00      54.00      52.00      51.00      51.00      54.00      56.00      57.00      54.00
      54.00      57.00      58.00      58.00      59.00      64.00      70.00      69.00      64.00      60.00
      62.00      70.00      77.00
       8.00       9.00      11.00      11.00      11.00      12.00      15.00      19.00      23.00      23.00
      22.00      24.00      25.00      18.00      11.00       9.00      10.00      11.00      12.00      12.00
      14.00      22.00      27.00      27.00      25.00      31.00      40.00      48.00      56.00      64.00
      70.00      73.00      67.00      61.00      65.00      68.00      67.00      70.00      75.00      86.00
      93.00      93.00      87.00      77.00      81.00      76.00      67.00      63.00      61.00      60.00
      59.00      53.00      47.00      48.00      50.00      53.00      51.00      48.00      48.00      47.00
      49.00      53.00      54.00      56.00      59.00      65.00      71.00      69.00      63.00      61.00
      66.00      72.00      68.00
       7.00       8.00      11.00      12.00      13.00      15.00      16.00      16.00      19.00      22.00
      22.00      20.00      19.00      14.00      10.00       9.00      11.00      16.00      12.00      15.00
      15.00      25.00      36.00      38.00      33.00      41.00      54.00      57.00      57.00      67.00
      73.00      77.00      82.00      74.00      64.00      57.00      56.00      57.00      64.00      80.00
      96.00      82.00      63.00      63.00      67.00      61.00      54.00      57.00      57.00      52.00
      50.00      47.00      48.00      53.00      56.00      53.00      47.00      42.00      41.00      42.00
      44.00      44.00      41.00      41.00      46.00      53.00      54.00      52.00      54.00      59.00
      65.00      64.00      57.00
      14.00      13.00      10.00       7.00       9.00      12.00      13.00      13.00      14.00      14.00
      15.00      15.00      13.00      15.00      17.00      12.00      10.00      14.00      22.00      15.00
      14.00      22.00      41.00      49.00      45.00      48.00      61.00      72.00      68.00      74.00
      85.00      77.00      75.00      68.00      60.00      57.00      55.00      54.00      60.00      69.00
      69.00      65.00      66.00      64.00      61.00      55.00      54.00      59.00      54.00      47.00
      47.00      50.00      54.00      58.00      57.00      52.00      45.00      42.00      41.00      39.00
      37.00      34.00      32.00      35.00      42.00      48.00      43.00      41.00      51.00      59.00
      61.00      56.00      53.00
      32.00      29.00      23.00      17.00      17.00      21.00      23.00      27.00      30.00      30.00
      31.00      29.00      25.00      26.00      33.00      31.00      14.00      20.00      38.00      30.00
      21.00      21.00      34.00      51.00      65.00      66.00      63.00      77.00      81.00      81.00
      93.00      87.00      79.00      70.00      64.00      61.00      57.00      58.00      60.00      64.00
      67.00      70.00      73.00      69.00      63.00      60.00      60.00      62.00      56.00      52.00
      56.00      62.00      63.00      62.00      58.00      54.00      49.00      49.00      48.00      42.00
      37.00      34.00      36.00      46.00      54.00      53.00      45.00      44.00      54.00      62.00
      60.00      53.00      51.00
      53.00      55.00      51.00      43.00      41.00      46.00      51.00      53.00      57.00      59.00
      59.00      57.00      50.00      42.00      57.00      74.00      38.00      40.00      41.00      42.00
      34.00      36.00      50.00      68.00      79.00      75.00      58.00      65.00      75.00      83.00
      97.00      85.00      77.00      70.00      63.00      64.00      65.00      66.00      65.00      66.00
      69.00      72.00      73.00      74.00      69.00      69.00      71.00      72.00      67.00      64.00
      69.00      71.00      70.00      66.00      60.00      59.00      58.00      59.00      57.00      51.00
      49.00      48.00      48.00      57.00      63.00      62.00      55.00      52.00      60.00      66.00
      63.00      54.00      50.00
      56.00      63.00      65.00      61.00      55.00      55.00      60.00      62.00      58.00      57.00
      59.00      60.00      54.00      47.00      73.00     100.00      90.00      47.00      40.00      43.00
      52.00      61.00      65.00      63.00      64.00      63.00      58.00      62.00      69.00      75.00
      85.00      81.00      74.00      68.00      67.00      72.00      72.00      66.00      62.00      64.00
      68.00      73.00      75.00      76.00      75.00      73.00      75.00      77.00      75.00      79.00
      78.00      69.00      71.00      73.00      68.00      68.00      71.00      70.00      67.00      61.00
      61.00      62.00      62.00      64.00      65.00      65.00      64.00      62.00      66.00      68.00
      64.00      59.00      55.00
      66.00      70.00      70.00      62.00      53.00      49.00      49.00      56.00      60.00      59.00
      61.00      65.00      59.00      56.00      75.00      94.00      96.00      73.00      67.00      69.00
      58.00      43.00      39.00      39.00      47.00      58.00      62.00      62.00      61.00      64.00
      70.00      73.00      73.00      68.00      71.00      80.00      76.00      65.00      59.00      63.00
      73.00      79.00      78.00      79.00      78.00      74.00      76.00      80.00      81.00      87.00
      85.00      73.00      70.00      73.00      70.00      67.00      67.00      66.00      66.00      68.00
      68.00      67.00      66.00      64.00      63.00      64.00      67.00      67.00      65.00      62.00
      61.00      64.00      66.00
      96.00      91.00      82.00      75.00      74.00      69.00      63.00      64.00      69.00      61.00
      54.00      66.00      71.00      69.00      71.00      93.00      91.00      67.00      67.00      65.00
      49.00      41.00      44.00      50.00      62.00      69.00      65.00      58.00      57.00      58.00
      59.00      66.00      71.00      71.00      77.00      82.00      78.00      70.00      66.00      66.00
      76.00      81.00      77.00      76.00      75.00      73.00      82.00      86.00      83.00      85.00
      89.00      79.00      65.00      64.00      66.00      57.00      50.00      50.00      55.00      64.00
      67.00      60.00      54.00      54.00      58.00      61.00      62.00      60.00      56.00      55.00
      63.00      70.00      72.00
     100.00      99.00      91.00      88.00      93.00      85.00      73.00      62.00      59.00      52.00
      48.00      59.00      65.00      52.00      59.00      80.00      67.00      59.00      65.00      61.00
      57.00      61.00      62.00      59.00      64.00      68.00      64.00      56.00      53.00      54.00
      57.00      61.00      64.00      68.00      76.00      77.00      70.00      67.00      69.00      67.00
      70.00      74.00      74.00      74.00      76.00      76.00      85.00      91.00      86.00      85.00
      90.00      82.00      65.00      66.00      71.00      55.00      40.00      41.00      48.00      57.00
      56.00      46.00      42.00      46.00      53.00      56.00      53.00      51.00      49.00      49.00
      60.00      66.00      64.00
      98.00      99.00      94.00      85.00      81.00      81.00      71.00      57.00      52.00      53.00
      55.00      63.00      58.00      49.00      78.00      93.00      56.00      51.00      67.00      66.00
      66.00      69.00      66.00      55.00      57.00      60.00      53.00      48.00      47.00      50.00
      54.00      55.00      57.00      61.00      66.00      68.00      64.00      65.00      68.00      66.00
      66.00      70.00      70.00      73.00      79.00      81.00      90.00      90.00      87.00      88.00
      88.00      82.00      72.00      77.00      78.00      58.00      45.00      43.00      47.00      53.00
      49.00      41.00      41.00      47.00      50.00      50.00      48.00      49.00      50.00      48.00
      52.00      55.00      54.00
